Crime ID,Month,Reported by,Falls within,Longitude,Latitude,Location,LSOA code,LSOA name,Crime type,Last outcome category,Context
cb3941bbf5656c99da2745de90bede5e7f70555a02b3ceee3aaf39d5943101e8,2021-12,Cheshire Constabulary,Cheshire Constabulary,-2.027684,53.361700,On or near Cloughside,E01018586,Cheshire East 001B,Burglary,Unable to prosecute suspect,
f2bf1d22b83c2ed050fd8ae9b1fa78564d11c642dfb4f2991ad97e241e4a4b16,2021-12,Cheshire Constabulary,Cheshire Constabulary,-2.027684,53.361700,On or near Cloughside,E01018586,Cheshire East 001B,Criminal damage and arson,Investigation complete; no suspect identified,
30a6a1076b8f15985532d626acec6092b1c383001b4c8412e788b67e04804ec6,2021-12,Cheshire Constabulary,Cheshire Constabulary,-2.012417,53.359096,On or near Maple Avenue,E01018586,Cheshire East 001B,Criminal damage and arson,Unable to prosecute suspect,
08d7b24565a3c608113e7962ad4a35dadae2d862c7d0e0b6c3bac6d1ab20229b,2021-12,Cheshire Constabulary,Cheshire Constabulary,-2.024887,53.358258,On or near Buxton Road,E01018586,Cheshire East 001B,Violence and sexual offences,Unable to prosecute suspect,
ef7c552d20f29ea87ae4d06d2542674877a2d5ac9fe8550c2281aa43fafdce53,2021-12,Cheshire Constabulary,Cheshire Constabulary,-2.036888,53.371064,On or near Strines Road,E01018586,Cheshire East 001B,Violence and sexual offences,Investigation complete; no suspect identified,
45f263d18f1bf47ad70700c8ad059bd7ba91d0c1fe6ed416246f9b14a3ed6fbb,2021-12,Cheshire Constabulary,Cheshire Constabulary,-2.054802,53.357924,On or near Coppice Close,E01018587,Cheshire East 001C,Other theft,Unable to prosecute suspect,
184e35cfb1617807700a9696b4f249f6cf5324b9658566e10cc8c6be033406ad,2021-12,Cheshire Constabulary,Cheshire Constabulary,-2.031785,53.360009,On or near Meadow Lane,E01018587,Cheshire East 001C,Vehicle crime,Investigation complete; no suspect identified,
,2021-12,Cheshire Constabulary,Cheshire Constabulary,-2.125837,53.341709,On or near Lawrence Place,E01018657,Cheshire East 002A,Anti-social behaviour,,
886c220335035293b9936192b37f764f91197148ae435eaba8f7f3bb37934e00,2021-12,Cheshire Constabulary,Cheshire Constabulary,-2.125320,53.344622,On or near London Road South,E01018657,Cheshire East 002A,Burglary,Investigation complete; no suspect identified,
40e177df0d8f96d38d64ce416bd9c4a7e4ac8cd0450f39714c3815f2ca63e2da,2021-12,Cheshire Constabulary,Cheshire Constabulary,-2.122628,53.343510,On or near Dombey Road,E01018657,Cheshire East 002A,Other theft,Unable to prosecute suspect,
723878f2dab4f5dbe1513bf15263f4609b8f93903fa165efa0b1713106bfa1cc,2021-12,Cheshire Constabulary,Cheshire Constabulary,-2.123688,53.341217,On or near Hale Avenue,E01018657,Cheshire East 002A,Violence and sexual offences,Further action is not in the public interest,
9d1b8876a9242ce86646632a20502a5be61b2b63c151d8099ed82287f3ecc3d9,2021-12,Cheshire Constabulary,Cheshire Constabulary,-2.147521,53.349315,On or near West Park Avenue,E01018662,Cheshire East 002B,Violence and sexual offences,Investigation complete; no suspect identified,
794f93e48e0ac59c0787cca01bae357916edafc65e1943a905995adc02b44a11,2021-12,Cheshire Constabulary,Cheshire Constabulary,-2.123616,53.347509,On or near Petrol Station,E01018663,Cheshire East 002C,Other theft,Unable to prosecute suspect,
7472f42dc77d9b2475999e7924c657e68128c91d4c4e9f6430b16c7cc05383ae,2021-12,Cheshire Constabulary,Cheshire Constabulary,-2.127484,53.344979,On or near Arlington Drive,E01018663,Cheshire East 002C,Vehicle crime,Investigation complete; no suspect identified,
5eadd30b8fbc6fc95c425f776e2cf8316e643c975f375a1d369ff60c5c7d6f1c,2021-12,Cheshire Constabulary,Cheshire Constabulary,-2.131809,53.349505,On or near Wigwam Close,E01018663,Cheshire East 002C,Violence and sexual offences,Unable to prosecute suspect,
61604c9c206ce7dcb672272f34ef58d4984254f3c4aa2a8c141d070d385b795f,2021-12,Cheshire Constabulary,Cheshire Constabulary,-2.131809,53.349505,On or near Wigwam Close,E01018663,Cheshire East 002C,Violence and sexual offences,Unable to prosecute suspect,
,2021-12,Cheshire Constabulary,Cheshire Constabulary,-2.115691,53.349962,On or near Parklands Way,E01018655,Cheshire East 003A,Anti-social behaviour,,
,2021-12,Cheshire Constabulary,Cheshire Constabulary,-2.117788,53.347811,On or near Bulkeley Road,E01018655,Cheshire East 003A,Anti-social behaviour,,
,2021-12,Cheshire Constabulary,Cheshire Constabulary,-2.115691,53.349962,On or near Parklands Way,E01018655,Cheshire East 003A,Anti-social behaviour,,
5d836c52ae08790491508c42cde2746cd168f17a07e90cb8bb8868bb734457c6,2021-12,Cheshire Constabulary,Cheshire Constabulary,-2.122470,53.346036,On or near Nickleby Road,E01018655,Cheshire East 003A,Burglary,Investigation complete; no suspect identified,
8cdcb5b3a083fedf240df3bd92b3661a6d9dd525454144549d89da686620b978,2021-12,Cheshire Constabulary,Cheshire Constabulary,-2.116641,53.351264,On or near Ladys Close,E01018655,Cheshire East 003A,Burglary,Investigation complete; no suspect identified,
5b78f71457280b454178aca1ab1bf2707fc108f871b2191791f8c12c62516642,2021-12,Cheshire Constabulary,Cheshire Constabulary,-2.122395,53.346153,On or near Pickwick Road,E01018655,Cheshire East 003A,Burglary,Investigation complete; no suspect identified,
1cd8691a82c33a66456d2df490a5f914edc51ee6a4b4e5e3f4271b750e4cdad4,2021-12,Cheshire Constabulary,Cheshire Constabulary,-2.118947,53.348520,On or near Supermarket,E01018655,Cheshire East 003A,Other theft,Investigation complete; no suspect identified,
64d2d594be91ba2f44408b004e8b37a394cf31f0e9d2dc9309461b3e3b1756b4,2021-12,Cheshire Constabulary,Cheshire Constabulary,-2.117788,53.347811,On or near Bulkeley Road,E01018655,Cheshire East 003A,Public order,Investigation complete; no suspect identified,
92a0fbd773f998e982d5af3c8ca9145cb604334de8f71874e67545172438dec8,2021-12,Cheshire Constabulary,Cheshire Constabulary,-2.114320,53.348408,On or near Supermarket,E01018655,Cheshire East 003A,Shoplifting,Investigation complete; no suspect identified,
adbd8189e9271202f5d49ad08d982dd91f947ce0d8318c396eaff228d679bfda,2021-12,Cheshire Constabulary,Cheshire Constabulary,-2.117788,53.347811,On or near Bulkeley Road,E01018655,Cheshire East 003A,Shoplifting,Investigation complete; no suspect identified,
4ea88b2cf484e9f435c274bc7ac669f791a1e8060bf52580fcd905ebd93b6459,2021-12,Cheshire Constabulary,Cheshire Constabulary,-2.117788,53.347811,On or near Bulkeley Road,E01018655,Cheshire East 003A,Shoplifting,Investigation complete; no suspect identified,
610afa8464df2da4d5215ae0a02c445d27a257a9e73222cd8135205c69a6e8d5,2021-12,Cheshire Constabulary,Cheshire Constabulary,-2.112288,53.346801,On or near Maple Avenue,E01018655,Cheshire East 003A,Violence and sexual offences,Unable to prosecute suspect,
196d93f4a594e692a1ce86c304b32c493808ea61f23bf1fcc11634408a1048cf,2021-12,Cheshire Constabulary,Cheshire Constabulary,-2.116315,53.347489,On or near Orchard Close,E01018655,Cheshire East 003A,Violence and sexual offences,Further action is not in the public interest,
f09297668733016d171626fdf88892fc4243cc15516c4164e87b08f763f7f96c,2021-12,Cheshire Constabulary,Cheshire Constabulary,-2.114320,53.348408,On or near Supermarket,E01018655,Cheshire East 003A,Violence and sexual offences,Investigation complete; no suspect identified,
9b5ec3d58f6bc6622e61657f9085ae1577379a0428d7e47e56c724043be91665,2021-12,Cheshire Constabulary,Cheshire Constabulary,-2.114930,53.346205,On or near Cedar Close,E01018656,Cheshire East 003B,Other theft,Investigation complete; no suspect identified,
3295b3e7280cae125599076624267b4c0328891cdd6de4ee4a343ddf53fd0e4b,2021-12,Cheshire Constabulary,Cheshire Constabulary,-2.105571,53.339580,On or near Moggie Lane,E01018656,Cheshire East 003B,Vehicle crime,Investigation complete; no suspect identified,
0cf57e5ca1b6c31556e6d8e6e512a2ebf3abc25322b57cefc4a7746e6b283908,2021-12,Cheshire Constabulary,Cheshire Constabulary,-2.107137,53.347282,On or near Venture Way,E01018656,Cheshire East 003B,Violence and sexual offences,Investigation complete; no suspect identified,
,2021-12,Cheshire Constabulary,Cheshire Constabulary,-2.117572,53.340279,On or near Graymarsh Drive,E01018658,Cheshire East 003C,Anti-social behaviour,,
86f4618db188c77c1718413f7240e4e2c0ac3dbfeaffd85fb843de51e7882356,2021-12,Cheshire Constabulary,Cheshire Constabulary,-2.121720,53.341255,On or near Vernon Close,E01018658,Cheshire East 003C,Violence and sexual offences,Unable to prosecute suspect,
cef088fdba2a758cedd23374b569f007a454924164237ec8b3a9581a3fc0923f,2021-12,Cheshire Constabulary,Cheshire Constabulary,-2.112709,53.358198,On or near Anglesey Drive,E01018659,Cheshire East 003D,Violence and sexual offences,Unable to prosecute suspect,
55d84f9bb73c3e528d55455839aba3a92b45b55f2699cb45466f503f8c8e1b1f,2021-12,Cheshire Constabulary,Cheshire Constabulary,-2.112709,53.358198,On or near Anglesey Drive,E01018659,Cheshire East 003D,Violence and sexual offences,Unable to prosecute suspect,
75c11efd60d46ec6fdb914167c54baff917f3ad2295b540f71fa032bc33e60a6,2021-12,Cheshire Constabulary,Cheshire Constabulary,-2.109121,53.353833,On or near Millstone Close,E01018659,Cheshire East 003D,Violence and sexual offences,Unable to prosecute suspect,
,2021-12,Cheshire Constabulary,Cheshire Constabulary,-2.208844,53.331588,On or near Beechwood Drive,E01018582,Cheshire East 004A,Anti-social behaviour,,
0c648b331dcf4f7bf5df3c4051976354c5b19068fd41c6fd4e621a905e084289,2021-12,Cheshire Constabulary,Cheshire Constabulary,-2.200723,53.329049,On or near Ridgeway,E01018582,Cheshire East 004A,Burglary,Investigation complete; no suspect identified,
b42075f20e892d3e88ef47bbe8d442d8f7b4df7626681ef40030aad0d75436ea,2021-12,Cheshire Constabulary,Cheshire Constabulary,-2.203270,53.327867,On or near One Oak Lane,E01018582,Cheshire East 004A,Burglary,Investigation complete; no suspect identified,
a0293c7fe36a1b4c3bf7d42d8360f2980be05cbf0225b85a721aae5fd8cd8ddd,2021-12,Cheshire Constabulary,Cheshire Constabulary,-2.201550,53.329281,On or near Adlington Road,E01018582,Cheshire East 004A,Burglary,Investigation complete; no suspect identified,
5163e5fa5d0f08c42449ea27e19be5bbb51964f7edec890a50cf126777263539,2021-12,Cheshire Constabulary,Cheshire Constabulary,-2.203676,53.331093,On or near Sports/Recreation Area,E01018582,Cheshire East 004A,Burglary,Investigation complete; no suspect identified,
643c754cb87a7f62edeacfb3b5b28dfa706286e23dc78ed5b6709c2340275543,2021-12,Cheshire Constabulary,Cheshire Constabulary,-2.192547,53.330447,On or near Petrol Station,E01018582,Cheshire East 004A,Other theft,Investigation complete; no suspect identified,
aaa83a468df7aa66fe8529cbf4cf3def87b8710f889e77ffc86e88d5c9947614,2021-12,Cheshire Constabulary,Cheshire Constabulary,-2.188219,53.329663,On or near Lees Lane,E01018582,Cheshire East 004A,Vehicle crime,Unable to prosecute suspect,
aa98397256dfa21e48086a26b87554b526a1717c992136a997ad9331a81abaa9,2021-12,Cheshire Constabulary,Cheshire Constabulary,-2.202399,53.337199,On or near Swinley Chase,E01018582,Cheshire East 004A,Violence and sexual offences,Unable to prosecute suspect,
,2021-12,Cheshire Constabulary,Cheshire Constabulary,-2.214862,53.354759,On or near Redesmere Road,E01018592,Cheshire East 004B,Anti-social behaviour,,
b86f2e1fdf136684a0c879786a4f0cbf38009d3b0079eb192857b6abc6f0f48c,2021-12,Cheshire Constabulary,Cheshire Constabulary,-2.214862,53.354759,On or near Redesmere Road,E01018592,Cheshire East 004B,Other theft,Local resolution,
a9367a1b822fedc9e27dd115ae3de9c2d973699b6cb6e7e43d36f0412e45aa96,2021-12,Cheshire Constabulary,Cheshire Constabulary,-2.216004,53.354811,On or near Plumley Road,E01018592,Cheshire East 004B,Public order,Unable to prosecute suspect,
cc8629f7bc3e7173b155c14b57cef0fdb3bda99896c2ae6f039aeb1b86367914,2021-12,Cheshire Constabulary,Cheshire Constabulary,-2.222086,53.351393,On or near Ullswater Road,E01018592,Cheshire East 004B,Vehicle crime,Investigation complete; no suspect identified,
,2021-12,Cheshire Constabulary,Cheshire Constabulary,-2.207196,53.338620,On or near Goosetrey Close,E01018593,Cheshire East 004C,Anti-social behaviour,,
2864dbb660f85065af6875187ab27a09c997e82e172c684cbbd545bcf3398579,2021-12,Cheshire Constabulary,Cheshire Constabulary,-2.213304,53.346654,On or near Station Road,E01018593,Cheshire East 004C,Other theft,Investigation complete; no suspect identified,
ef379c49698a1dfe8541d4f091d81a2cd4ae5e8aa13af5db162a132aca9308e9,2021-12,Cheshire Constabulary,Cheshire Constabulary,-2.205463,53.349841,On or near Supermarket,E01018593,Cheshire East 004C,Other theft,Unable to prosecute suspect,
23c7ca6131e9383adfeca1a2e54264269837eb6e4282abd20ebe67f053540f03,2021-12,Cheshire Constabulary,Cheshire Constabulary,-2.213685,53.347804,On or near Church Close,E01018593,Cheshire East 004C,Other theft,Investigation complete; no suspect identified,
72c63c2a71f4e60368a2a84c7b632a3f2c737045e5d977b196b7a35a291dd1e9,2021-12,Cheshire Constabulary,Cheshire Constabulary,-2.201637,53.347645,On or near A34,E01018593,Cheshire East 004C,Other theft,Investigation complete; no suspect identified,
371d70c311e9b55b4f8b6f7760a5a9cfa5124a3672bea33aa4532af873cb1ec8,2021-12,Cheshire Constabulary,Cheshire Constabulary,-2.216040,53.344213,On or near Shopping Area,E01018593,Cheshire East 004C,Other theft,Investigation complete; no suspect identified,
f56dd757738ae3e6df719756911ed1dd3abbdc0cfe0f01487b75757af01dc467,2021-12,Cheshire Constabulary,Cheshire Constabulary,-2.205463,53.349841,On or near Supermarket,E01018593,Cheshire East 004C,Public order,Unable to prosecute suspect,
e17ad3b36bf70574da49d8d95d5d4d4b136d4e7ec6e632380f94425c58e0c0e0,2021-12,Cheshire Constabulary,Cheshire Constabulary,-2.206959,53.339223,On or near Arclid Close,E01018593,Cheshire East 004C,Public order,Unable to prosecute suspect,
b669ba7e928ad028785df7d0de4fec773a16b1d2046628441955150ba23dd611,2021-12,Cheshire Constabulary,Cheshire Constabulary,-2.205463,53.349841,On or near Supermarket,E01018593,Cheshire East 004C,Shoplifting,Investigation complete; no suspect identified,
79e16a401337aa84be4ccd368f23e6ffcea143de702ca0d88da197ea748825c0,2021-12,Cheshire Constabulary,Cheshire Constabulary,-2.205443,53.348852,On or near Shopping Area,E01018593,Cheshire East 004C,Shoplifting,Investigation complete; no suspect identified,
960244adc0a275d3b53259d6235b87d063f9e66a2b0afcac384e056b4eb1c9d1,2021-12,Cheshire Constabulary,Cheshire Constabulary,-2.205443,53.348852,On or near Shopping Area,E01018593,Cheshire East 004C,Shoplifting,Investigation complete; no suspect identified,
cbda9d5e5b749e5f69be4594ee352960206a81d6039d638d6f3d3f03b312a1fc,2021-12,Cheshire Constabulary,Cheshire Constabulary,-2.205463,53.349841,On or near Supermarket,E01018593,Cheshire East 004C,Shoplifting,Court result unavailable,
125872de25c1863dbc8773646b4411712d8995c42819324bbfab0bde6c8815d1,2021-12,Cheshire Constabulary,Cheshire Constabulary,-2.205463,53.349841,On or near Supermarket,E01018593,Cheshire East 004C,Shoplifting,Unable to prosecute suspect,
8f71bc85602f3cf2882948ae5fd3827107227fdde57bd4ec764f586daff91d4a,2021-12,Cheshire Constabulary,Cheshire Constabulary,-2.201637,53.347645,On or near A34,E01018593,Cheshire East 004C,Vehicle crime,Investigation complete; no suspect identified,
,2021-12,Cheshire Constabulary,Cheshire Constabulary,-2.210277,53.354273,On or near Peover Road,E01018594,Cheshire East 004D,Anti-social behaviour,,
,2021-12,Cheshire Constabulary,Cheshire Constabulary,-2.210277,53.354273,On or near Peover Road,E01018594,Cheshire East 004D,Anti-social behaviour,,
,2021-12,Cheshire Constabulary,Cheshire Constabulary,-2.210277,53.354273,On or near Peover Road,E01018594,Cheshire East 004D,Anti-social behaviour,,
,2021-12,Cheshire Constabulary,Cheshire Constabulary,-2.212608,53.354826,On or near Beeston Road,E01018594,Cheshire East 004D,Anti-social behaviour,,
,2021-12,Cheshire Constabulary,Cheshire Constabulary,-2.210277,53.354273,On or near Peover Road,E01018594,Cheshire East 004D,Anti-social behaviour,,
3d4cccc3345a3dbc9fc76f2be36ae4cc11ae4ec9b7e5c3497d87e8cd777bfc2f,2021-12,Cheshire Constabulary,Cheshire Constabulary,-2.211200,53.352509,On or near Harefield Road,E01018594,Cheshire East 004D,Bicycle theft,Investigation complete; no suspect identified,
37cf791d67aef57082daa9cfa5521c5ead3b1da8c075e25a183c258203763fe6,2021-12,Cheshire Constabulary,Cheshire Constabulary,-2.213172,53.353432,On or near Hurlbote Close,E01018594,Cheshire East 004D,Other theft,Investigation complete; no suspect identified,
672eb0c21aaece4c9249f44c1d52798f15cbc6265b1773893a3407acc458c1f3,2021-12,Cheshire Constabulary,Cheshire Constabulary,-2.212329,53.355968,On or near Chelford Road,E01018594,Cheshire East 004D,Public order,Unable to prosecute suspect,
409d6d90dd8621c7f29c3f6aa42d3b92eb4cfda6a32b3c757b599b953de79ffb,2021-12,Cheshire Constabulary,Cheshire Constabulary,-2.215633,53.355809,On or near Siddington Road,E01018594,Cheshire East 004D,Violence and sexual offences,Unable to prosecute suspect,
077aae14426d762485dca9c554836864db26ca5b3ee6fe87615ee098488fc2b4,2021-12,Cheshire Constabulary,Cheshire Constabulary,-2.212329,53.355968,On or near Chelford Road,E01018594,Cheshire East 004D,Violence and sexual offences,Unable to prosecute suspect,
58a6904eef499ffb3a033734b9fbc626d8cce85eebc7a410aea6b36bf99d718d,2021-12,Cheshire Constabulary,Cheshire Constabulary,-2.211791,53.353677,On or near Ollerton Road,E01018594,Cheshire East 004D,Violence and sexual offences,Unable to prosecute suspect,
346526f7a1c9256c03dc53edda7e06dbf6579b0f3eb8399c35e775a0973a2fa2,2021-12,Cheshire Constabulary,Cheshire Constabulary,-2.212608,53.354826,On or near Beeston Road,E01018594,Cheshire East 004D,Violence and sexual offences,Investigation complete; no suspect identified,
ab19a805a81a2a0fa57147676c97c604ec8c20bbe7ea3a54d2d126b70e6b8bac,2021-12,Cheshire Constabulary,Cheshire Constabulary,-2.212329,53.355968,On or near Chelford Road,E01018594,Cheshire East 004D,Violence and sexual offences,Unable to prosecute suspect,
c996249513d328d7f6497edd32c5349d1292388878b68bad2e385a6c15c7bfc4,2021-12,Cheshire Constabulary,Cheshire Constabulary,-2.212329,53.355968,On or near Chelford Road,E01018594,Cheshire East 004D,Violence and sexual offences,Investigation complete; no suspect identified,
bdffbdf67a110521306296830273f439da5d36527cde412bc15dd5ba6887ee73,2021-12,Cheshire Constabulary,Cheshire Constabulary,-2.213981,53.356001,On or near Dunham Road,E01018594,Cheshire East 004D,Other crime,Investigation complete; no suspect identified,
59f582b7ef49642ad21a95743a4d354d05816297c726d5c684a5ceefa2b8e153,2021-12,Cheshire Constabulary,Cheshire Constabulary,-2.216256,53.348321,On or near Parking Area,E01018595,Cheshire East 004E,Burglary,Investigation complete; no suspect identified,
653ab879a5833ae5c0616002f38edd68cb60e43ff9db997ea8e4b37da30260b3,2021-12,Cheshire Constabulary,Cheshire Constabulary,-2.217181,53.350009,On or near Parking Area,E01018595,Cheshire East 004E,Shoplifting,Investigation complete; no suspect identified,
a2d117e8f0d1f29d2b1e9e8888cd918f1fbeeab0aee054d6c2fa16262ba9c0d7,2021-12,Cheshire Constabulary,Cheshire Constabulary,-2.220035,53.346983,On or near Clare Avenue,E01018595,Cheshire East 004E,Violence and sexual offences,Unable to prosecute suspect,
7aeb69cc25a266ab07f41e6f7afd48289df68ba78d3433938c398aa57452fed7,2021-12,Cheshire Constabulary,Cheshire Constabulary,-2.213424,53.349764,On or near Warburton Road,E01018595,Cheshire East 004E,Violence and sexual offences,Unable to prosecute suspect,
f9bc894c439d9a7dfeefa19771b7e0f4fd0246f3e8748ac21e968eda5a73fc43,2021-12,Cheshire Constabulary,Cheshire Constabulary,-2.222735,53.349261,On or near Hampson Crescent,E01018595,Cheshire East 004E,Violence and sexual offences,Investigation complete; no suspect identified,
aed7c42648e61e740bbb4c2e2f328aad6b5717f0582fb3bff9f684e71502667a,2021-12,Cheshire Constabulary,Cheshire Constabulary,-2.222735,53.349261,On or near Hampson Crescent,E01018595,Cheshire East 004E,Violence and sexual offences,Unable to prosecute suspect,
a7957648ae0417de7a64bd5b9f6e2fe093e4dd5dc763a3567c6733b2467cfa75,2021-12,Cheshire Constabulary,Cheshire Constabulary,-2.220035,53.346983,On or near Clare Avenue,E01018595,Cheshire East 004E,Violence and sexual offences,Unable to prosecute suspect,
,2021-12,Cheshire Constabulary,Cheshire Constabulary,-2.210759,53.339369,On or near Peckmill Close,E01018596,Cheshire East 004F,Anti-social behaviour,,
,2021-12,Cheshire Constabulary,Cheshire Constabulary,-2.209177,53.338239,On or near Elton Close,E01018596,Cheshire East 004F,Anti-social behaviour,,
56749426c4e89cf40e400049bd84e757a003e5e2a8153a70a89e57da06b30c71,2021-12,Cheshire Constabulary,Cheshire Constabulary,-2.215643,53.337050,On or near Supermarket,E01018596,Cheshire East 004F,Bicycle theft,Investigation complete; no suspect identified,
c9c497ba35d35ad17f8a0980873ba150f6c3276824cd90e0f8ab2c0f852f8c88,2021-12,Cheshire Constabulary,Cheshire Constabulary,-2.210603,53.338120,On or near Lyngard Close,E01018596,Cheshire East 004F,Criminal damage and arson,Investigation complete; no suspect identified,
ed92dcfd95b392e5c729eb422018035c9b4074c73238c257699f4ba13917b4bd,2021-12,Cheshire Constabulary,Cheshire Constabulary,-2.210603,53.338120,On or near Lyngard Close,E01018596,Cheshire East 004F,Criminal damage and arson,Investigation complete; no suspect identified,
88784e0026dd267593b16b929982dd49c0fee094bc3b0d96980e36c25e733044,2021-12,Cheshire Constabulary,Cheshire Constabulary,-2.217542,53.338296,On or near Shrigley Close,E01018596,Cheshire East 004F,Criminal damage and arson,Investigation complete; no suspect identified,
6b24b83b8e2e2b2b986af0746eb7a8bf863099f9585fa055b8858a57736d74c3,2021-12,Cheshire Constabulary,Cheshire Constabulary,-2.210603,53.338120,On or near Lyngard Close,E01018596,Cheshire East 004F,Criminal damage and arson,Investigation complete; no suspect identified,
ca357d70b5b37f9c698ce7e91cab57e09487bf91cd1f73f2a7127d63610b7e47,2021-12,Cheshire Constabulary,Cheshire Constabulary,-2.214699,53.340431,On or near Rodepool Close,E01018596,Cheshire East 004F,Public order,Investigation complete; no suspect identified,
194cb866f68ec247c66c281346008a0038aed395420bfa5102234f6425604790,2021-12,Cheshire Constabulary,Cheshire Constabulary,-2.211304,53.337148,On or near Malpas Close,E01018596,Cheshire East 004F,Vehicle crime,Investigation complete; no suspect identified,
a72c97817cea63d92a998e8f6a904206901d3dd3251cc5e18584f8e1a2ab53c3,2021-12,Cheshire Constabulary,Cheshire Constabulary,-2.213358,53.339499,On or near Oakenclough Close,E01018596,Cheshire East 004F,Violence and sexual offences,Unable to prosecute suspect,
0d56310fd8dd7f58d9e5bf290446d3fa2d4d0a1c30f5b91e5aef7eb8f01e7b7a,2021-12,Cheshire Constabulary,Cheshire Constabulary,-2.210603,53.338120,On or near Lyngard Close,E01018596,Cheshire East 004F,Violence and sexual offences,Court result unavailable,
af3c7c9768b9709d4f3395b36e4f3065b4f784c68d182daaefe587cf1e6f490d,2021-12,Cheshire Constabulary,Cheshire Constabulary,-2.212191,53.340418,On or near Barton Close,E01018596,Cheshire East 004F,Violence and sexual offences,Unable to prosecute suspect,
714e61b5c14c57a75575f610e7df069be21124abf67d071d9308fd5c56713ac1,2021-12,Cheshire Constabulary,Cheshire Constabulary,-2.212191,53.340418,On or near Barton Close,E01018596,Cheshire East 004F,Violence and sexual offences,Unable to prosecute suspect,
dfd0f41783a8986fdca37ae4b9e0f49f4a83294e35dc7fd0ce2ee7545faf2792,2021-12,Cheshire Constabulary,Cheshire Constabulary,-2.210603,53.338120,On or near Lyngard Close,E01018596,Cheshire East 004F,Other crime,Status update unavailable,
ba375298361612004f0134966c37e8115096bf4ca1e1df1554d91b5d0e4cc49c,2021-12,Cheshire Constabulary,Cheshire Constabulary,-2.221716,53.338162,On or near Highfield Estate,E01018583,Cheshire East 005A,Burglary,Investigation complete; no suspect identified,
968bb5af5986c58687dde8673c68aea41a518bf62137a41638fc72ce9fc81dab,2021-12,Cheshire Constabulary,Cheshire Constabulary,-2.221164,53.333031,On or near Holmeswood Close,E01018583,Cheshire East 005A,Burglary,Investigation complete; no suspect identified,
6ce299308d1aed45ffc2ea2e5e011dc504584e2c5c408f3963e00630ce963bab,2021-12,Cheshire Constabulary,Cheshire Constabulary,-2.219075,53.341448,On or near Green Drive,E01018583,Cheshire East 005A,Drugs,Offender given a caution,
ecfac6ad33c59fa830954764b55862200f2335cbd4b0c6fcb93a2bc513214178,2021-12,Cheshire Constabulary,Cheshire Constabulary,-2.221164,53.333031,On or near Holmeswood Close,E01018583,Cheshire East 005A,Public order,Investigation complete; no suspect identified,
f3d76898e1bc41b36e28cee16021b8ac4e1ad4821f76e4da01f509e9aaf1b6a1,2021-12,Cheshire Constabulary,Cheshire Constabulary,-2.216774,53.331942,On or near Turnberry Drive,E01018583,Cheshire East 005A,Violence and sexual offences,Unable to prosecute suspect,
c8c61d632817a82c7e53d310a346f1e8de76311eeab987817afd90a878bb716d,2021-12,Cheshire Constabulary,Cheshire Constabulary,-2.216774,53.331942,On or near Turnberry Drive,E01018583,Cheshire East 005A,Violence and sexual offences,Unable to prosecute suspect,
cf452969cd7be9750fa4c4bb5f7d5cb11e5080eb61c2b26b52e9f196f9e38451,2021-12,Cheshire Constabulary,Cheshire Constabulary,-2.214924,53.331325,On or near Hazelwood Road,E01018584,Cheshire East 005B,Burglary,Investigation complete; no suspect identified,
debdef3633158ca4b68a67de0264e0bf6aa17bd5973f9d5a6a309d84028801f1,2021-12,Cheshire Constabulary,Cheshire Constabulary,-2.210772,53.329859,On or near Overhill Lane,E01018584,Cheshire East 005B,Other crime,Action to be taken by another organisation,
4e8578bc9833f7ffc5b5364f133e29f7f14d649fa5b42fa13f7058c5800292b9,2021-12,Cheshire Constabulary,Cheshire Constabulary,-2.226500,53.336895,On or near Lacey Grove,E01018612,Cheshire East 005C,Burglary,Investigation complete; no suspect identified,
c477f87b660c3a421106e453fdec9f4cb7fad988f4de2ad5f93d638e2bb52cee,2021-12,Cheshire Constabulary,Cheshire Constabulary,-2.231196,53.338729,On or near Car Mill Mews,E01018612,Cheshire East 005C,Violence and sexual offences,Unable to prosecute suspect,
2edcf5ec42133819b359272f450777c68b21ecfb97d7392c2f50e162df78784f,2021-12,Cheshire Constabulary,Cheshire Constabulary,-2.231196,53.338729,On or near Car Mill Mews,E01018612,Cheshire East 005C,Violence and sexual offences,Court result unavailable,
9958ec05d9a855d11af50d4dfa7e1c1b3f46cf2faa4ddfc3def0fa4c1f1c2222,2021-12,Cheshire Constabulary,Cheshire Constabulary,-2.231002,53.338981,On or near Carr Mill Mews,E01018612,Cheshire East 005C,Violence and sexual offences,Unable to prosecute suspect,
c70d92743f7dbff0a7df257270507b2f75d0a478cdbf0b4b940eec010ef4c20f,2021-12,Cheshire Constabulary,Cheshire Constabulary,-2.231196,53.338729,On or near Car Mill Mews,E01018612,Cheshire East 005C,Violence and sexual offences,Unable to prosecute suspect,
063f5f336c7b7827e9f171bd11d9689ba453858b42f26b13754b11d096b993f5,2021-12,Cheshire Constabulary,Cheshire Constabulary,-2.231002,53.338981,On or near Carr Mill Mews,E01018612,Cheshire East 005C,Violence and sexual offences,Court result unavailable,
,2021-12,Cheshire Constabulary,Cheshire Constabulary,-2.227580,53.336641,On or near Lacey Green,E01018613,Cheshire East 005D,Anti-social behaviour,,
bd3b2b73e5e35f6b0c4ae78d8e9dc6d15a198d5a56f2c1c1ad9d2a84c5c262bd,2021-12,Cheshire Constabulary,Cheshire Constabulary,-2.230380,53.335063,On or near Nightingale Close,E01018613,Cheshire East 005D,Criminal damage and arson,Unable to prosecute suspect,
614d234ed6ed09d52d8a16b7a2f56e6ac2834cf35e8696335e535ac3a7f6feef,2021-12,Cheshire Constabulary,Cheshire Constabulary,-2.233521,53.335587,On or near Trafford Road,E01018613,Cheshire East 005D,Violence and sexual offences,Unable to prosecute suspect,
c6fe3ea3d2ddf28e454d0d62b19fa573912315e824257bf05b3368b979b9a36f,2021-12,Cheshire Constabulary,Cheshire Constabulary,-2.230469,53.323629,On or near Broadway,E01018600,Cheshire East 006A,Bicycle theft,Investigation complete; no suspect identified,
4583f8f83011761f8d2e5b7fcf7c64f929d54d9adab2dc4d522e733432d7378e,2021-12,Cheshire Constabulary,Cheshire Constabulary,-2.230469,53.323629,On or near Broadway,E01018600,Cheshire East 006A,Bicycle theft,Investigation complete; no suspect identified,
c27849a8db1c9d16ec32682159d45bedf726a896d96fa7647717b4a43cb0a0b4,2021-12,Cheshire Constabulary,Cheshire Constabulary,-2.233056,53.321808,On or near Holly Road North,E01018600,Cheshire East 006A,Burglary,Investigation complete; no suspect identified,
13b258a6f0eee0946dd667294e681246db9163720f2866795f5a3d32d8375c11,2021-12,Cheshire Constabulary,Cheshire Constabulary,-2.220707,53.325877,On or near Hunters Mews,E01018600,Cheshire East 006A,Criminal damage and arson,Investigation complete; no suspect identified,
801e3c82ed6fb230df39cf7465ff50a820345ce56b010bec1c48f17cc5e72f35,2021-12,Cheshire Constabulary,Cheshire Constabulary,-2.235201,53.318820,On or near Whitehall Close,E01018600,Cheshire East 006A,Violence and sexual offences,Unable to prosecute suspect,
d1ffa54e6624352fdde2a2aab33076e45cdb9d078aa645d346f4df7840a87b99,2021-12,Cheshire Constabulary,Cheshire Constabulary,-2.230469,53.323629,On or near Broadway,E01018600,Cheshire East 006A,Violence and sexual offences,Unable to prosecute suspect,
873212c99ea10ada7fc38cb2cc5ca6bd475f3d7c1e3538481a6df3ed8f002eaa,2021-12,Cheshire Constabulary,Cheshire Constabulary,-2.235201,53.318820,On or near Whitehall Close,E01018600,Cheshire East 006A,Violence and sexual offences,Unable to prosecute suspect,
79cffe03992e212cd2b58bdd62e22feb4da749894395626606c132503af7de29,2021-12,Cheshire Constabulary,Cheshire Constabulary,-2.230469,53.323629,On or near Broadway,E01018600,Cheshire East 006A,Other crime,Further investigation is not in the public interest,
,2021-12,Cheshire Constabulary,Cheshire Constabulary,-2.234359,53.324089,On or near Supermarket,E01018601,Cheshire East 006B,Anti-social behaviour,,
6aa0c32c5109395c08c00ad78e7f9a4d547afe6983427d99ae4716b03c1894ec,2021-12,Cheshire Constabulary,Cheshire Constabulary,-2.238370,53.321753,On or near Bedells Lane,E01018601,Cheshire East 006B,Criminal damage and arson,Investigation complete; no suspect identified,
7b8d962b13e2abd7db62fba81f7c83c11c1b1b486324106a3f5cd1347d9bc79f,2021-12,Cheshire Constabulary,Cheshire Constabulary,-2.238050,53.326320,On or near Petrol Station,E01018601,Cheshire East 006B,Other theft,Investigation complete; no suspect identified,
ae282b671437aeda1d3c3334c1b8755eae359c765a204b036b35f21c50a04801,2021-12,Cheshire Constabulary,Cheshire Constabulary,-2.240064,53.324042,On or near Parking Area,E01018601,Cheshire East 006B,Other theft,Investigation complete; no suspect identified,
447f46cfddd60670be4d550df47b41f0ed6b5b948d296030f92fb14af90f459c,2021-12,Cheshire Constabulary,Cheshire Constabulary,-2.234359,53.324089,On or near Supermarket,E01018601,Cheshire East 006B,Other theft,Investigation complete; no suspect identified,
ad538cfa5af3a8575691eb2b24e612e9d4e7891a3ae9177f73ba858f46fb2063,2021-12,Cheshire Constabulary,Cheshire Constabulary,-2.238668,53.326813,On or near Hawthorn Walk,E01018601,Cheshire East 006B,Vehicle crime,Investigation complete; no suspect identified,
7ecd80d9466b206858e325ea67f66ca51d45af3d2f88e9cc129f777e803677e9,2021-12,Cheshire Constabulary,Cheshire Constabulary,-2.241081,53.323302,On or near Lindfield Estate South,E01018601,Cheshire East 006B,Violence and sexual offences,Unable to prosecute suspect,
9a4e3cc181b2cce1488fa89f7a9af23496a6e2155150de519020b8b9b245141b,2021-12,Cheshire Constabulary,Cheshire Constabulary,-2.241041,53.324147,On or near Lindfield Estate North,E01018601,Cheshire East 006B,Violence and sexual offences,Court result unavailable,
f3bc5b3a1cded466fbcd422a1a825e0875b6adce51919dca2524c8fc54852391,2021-12,Cheshire Constabulary,Cheshire Constabulary,-2.241081,53.323302,On or near Lindfield Estate South,E01018601,Cheshire East 006B,Violence and sexual offences,Unable to prosecute suspect,
,2021-12,Cheshire Constabulary,Cheshire Constabulary,-2.228627,53.327354,On or near Warham Street,E01018602,Cheshire East 006C,Anti-social behaviour,,
,2021-12,Cheshire Constabulary,Cheshire Constabulary,-2.230961,53.325938,On or near Alderley Road,E01018602,Cheshire East 006C,Anti-social behaviour,,
,2021-12,Cheshire Constabulary,Cheshire Constabulary,-2.229574,53.327550,On or near Swan Street,E01018602,Cheshire East 006C,Anti-social behaviour,,
,2021-12,Cheshire Constabulary,Cheshire Constabulary,-2.230961,53.325938,On or near Alderley Road,E01018602,Cheshire East 006C,Anti-social behaviour,,
,2021-12,Cheshire Constabulary,Cheshire Constabulary,-2.229474,53.328503,On or near Parking Area,E01018602,Cheshire East 006C,Anti-social behaviour,,
,2021-12,Cheshire Constabulary,Cheshire Constabulary,-2.229474,53.328503,On or near Parking Area,E01018602,Cheshire East 006C,Anti-social behaviour,,
,2021-12,Cheshire Constabulary,Cheshire Constabulary,-2.232764,53.326168,On or near Shopping Area,E01018602,Cheshire East 006C,Anti-social behaviour,,
0ae5671ef98559bd7c3128212560513f7af7e899f9332ff3b42da1d00d6e749d,2021-12,Cheshire Constabulary,Cheshire Constabulary,-2.229574,53.327550,On or near Swan Street,E01018602,Cheshire East 006C,Burglary,Investigation complete; no suspect identified,
ea986792d415ad5d8060ef5db47bc8692fea783081909cc824796e31622e9ab6,2021-12,Cheshire Constabulary,Cheshire Constabulary,-2.230845,53.326702,On or near Green Lane,E01018602,Cheshire East 006C,Criminal damage and arson,Investigation complete; no suspect identified,
b1fd186af95cab1a08282c459eed79dd3416123d141f1d7012b097b269f082fe,2021-12,Cheshire Constabulary,Cheshire Constabulary,-2.232954,53.325125,On or near Shopping Area,E01018602,Cheshire East 006C,Criminal damage and arson,Investigation complete; no suspect identified,
6b03ca00f51255b1d4b3ab2ba0b41bdb056ba4bc097d031a5d7cea834b015ef8,2021-12,Cheshire Constabulary,Cheshire Constabulary,-2.236055,53.326566,On or near Hawthorn View,E01018602,Cheshire East 006C,Criminal damage and arson,Investigation complete; no suspect identified,
8a055bcb3dc9077e0d37ca6fc4c70cbd3b2336f1c569372d06be2f6a73ae172e,2021-12,Cheshire Constabulary,Cheshire Constabulary,-2.227427,53.333217,On or near Manchester Road,E01018602,Cheshire East 006C,Criminal damage and arson,Court result unavailable,
5d663da4d03b42848ace9a78434d09e515db3c2548bf177213dfe749f83636bf,2021-12,Cheshire Constabulary,Cheshire Constabulary,-2.227551,53.325531,On or near Sports/Recreation Area,E01018602,Cheshire East 006C,Other theft,Unable to prosecute suspect,
169217d4d5c47bb715fc522354d75c745f26d734e1e3826c455da1b4e2d87cc3,2021-12,Cheshire Constabulary,Cheshire Constabulary,-2.232764,53.326168,On or near Shopping Area,E01018602,Cheshire East 006C,Other theft,Investigation complete; no suspect identified,
2ccf47b3d060f9ae7b55425492eaa0217d9800401c4339de4030f59a81014cf9,2021-12,Cheshire Constabulary,Cheshire Constabulary,-2.230845,53.326702,On or near Green Lane,E01018602,Cheshire East 006C,Other theft,Investigation complete; no suspect identified,
8283ef10be1f870ff3da4ec4500e076d14a9e457f9706c3c84a859e9572f4687,2021-12,Cheshire Constabulary,Cheshire Constabulary,-2.228627,53.327354,On or near Warham Street,E01018602,Cheshire East 006C,Other theft,Investigation complete; no suspect identified,
df73e91e093836a3a3ecc8cadb5c8d3d7ae397f9451816f53616cd055f15df03,2021-12,Cheshire Constabulary,Cheshire Constabulary,-2.232954,53.325125,On or near Shopping Area,E01018602,Cheshire East 006C,Other theft,Investigation complete; no suspect identified,
d3d5765bf05bb328a31af4c0dfb349fddaa9a4f2f1dfb02d58a5831c4e098219,2021-12,Cheshire Constabulary,Cheshire Constabulary,-2.232764,53.326168,On or near Shopping Area,E01018602,Cheshire East 006C,Public order,Unable to prosecute suspect,
d5f219f73a9507515574599a6fefc48284c0bc4f127c5dbf002b21db71f6d780,2021-12,Cheshire Constabulary,Cheshire Constabulary,-2.228627,53.327354,On or near Warham Street,E01018602,Cheshire East 006C,Public order,Local resolution,
5069827a5e11ce903fa09c836be29aa46c03a9ea9dd555372d59adeec3266ccd,2021-12,Cheshire Constabulary,Cheshire Constabulary,-2.230845,53.326702,On or near Green Lane,E01018602,Cheshire East 006C,Shoplifting,Investigation complete; no suspect identified,
9d788d9dd454f83a175848d65a3e693763c604c3eba1d075a2f6808009af830f,2021-12,Cheshire Constabulary,Cheshire Constabulary,-2.232954,53.325125,On or near Shopping Area,E01018602,Cheshire East 006C,Shoplifting,Unable to prosecute suspect,
e394ffffa69f01a6c5742f543490ae6864300d9975b8018c579c7a8e30ca3015,2021-12,Cheshire Constabulary,Cheshire Constabulary,-2.232764,53.326168,On or near Shopping Area,E01018602,Cheshire East 006C,Shoplifting,Unable to prosecute suspect,
bd25a2f66e8a5ca0f24607f26b331e15b1a1dbf095bcf0d0cf92b2258b96b120,2021-12,Cheshire Constabulary,Cheshire Constabulary,-2.232954,53.325125,On or near Shopping Area,E01018602,Cheshire East 006C,Shoplifting,Investigation complete; no suspect identified,
dde78f20b65c955959cf591ef0f90ae10a872c6b78b214cbf8d1d7c16e455838,2021-12,Cheshire Constabulary,Cheshire Constabulary,-2.232954,53.325125,On or near Shopping Area,E01018602,Cheshire East 006C,Shoplifting,Investigation complete; no suspect identified,
6fe165240d4a1ee4d54b4784f1ce08802f8f38c803eed7a66eadfc9109a30dfe,2021-12,Cheshire Constabulary,Cheshire Constabulary,-2.230845,53.326702,On or near Green Lane,E01018602,Cheshire East 006C,Shoplifting,Investigation complete; no suspect identified,
e7f55746d85ed718976d651026142993a73afe4a1e6b77238a5b1db9d390b10f,2021-12,Cheshire Constabulary,Cheshire Constabulary,-2.230845,53.326702,On or near Green Lane,E01018602,Cheshire East 006C,Shoplifting,Investigation complete; no suspect identified,
ff51b31f6960aebe35031cd3414f022c8c9bfb920004ed8b305874c198a765a0,2021-12,Cheshire Constabulary,Cheshire Constabulary,-2.230961,53.325938,On or near Alderley Road,E01018602,Cheshire East 006C,Violence and sexual offences,Investigation complete; no suspect identified,
efe7bdb0681671966a9407afdd353dc0d69a21313ad950c943781a8bdc7d4a80,2021-12,Cheshire Constabulary,Cheshire Constabulary,-2.232954,53.325125,On or near Shopping Area,E01018602,Cheshire East 006C,Violence and sexual offences,Investigation complete; no suspect identified,
4f7c53d0e67299fe89fc17aaa9c874a065cc3a728d1c3d43159eadf1ed19ce59,2021-12,Cheshire Constabulary,Cheshire Constabulary,-2.228627,53.327354,On or near Warham Street,E01018602,Cheshire East 006C,Violence and sexual offences,Unable to prosecute suspect,
ecadb836739a7c5e2cd98b25968b527057196344c8391c73952d5c875f1cddb4,2021-12,Cheshire Constabulary,Cheshire Constabulary,-2.232954,53.325125,On or near Shopping Area,E01018602,Cheshire East 006C,Violence and sexual offences,Unable to prosecute suspect,
439b47a777aa4e878389cb205d27fb49e72df43c585705efd28389e01ccf28ec,2021-12,Cheshire Constabulary,Cheshire Constabulary,-2.232764,53.326168,On or near Shopping Area,E01018602,Cheshire East 006C,Violence and sexual offences,Court result unavailable,
5b87ef7fef9b123a2aa2821df97a25dfe461161f4b6894b3cd0b5ffdf45b9d7a,2021-12,Cheshire Constabulary,Cheshire Constabulary,-2.230961,53.325938,On or near Alderley Road,E01018602,Cheshire East 006C,Violence and sexual offences,Investigation complete; no suspect identified,
01605df810fc9010bb557d4fde4ab3b3e504d61d4c6a6a173008112e6b4a80bb,2021-12,Cheshire Constabulary,Cheshire Constabulary,-2.230961,53.325938,On or near Alderley Road,E01018602,Cheshire East 006C,Violence and sexual offences,Investigation complete; no suspect identified,
ffa78417c649c73717820722d9b9fad5c8fd36626c80a3a20ffbbab84943b3e9,2021-12,Cheshire Constabulary,Cheshire Constabulary,-2.232954,53.325125,On or near Shopping Area,E01018602,Cheshire East 006C,Violence and sexual offences,Court result unavailable,
ee268568c04882494c33f1708d0b59086bd9ae08cb78967dcb6eafe5a0d06dbb,2021-12,Cheshire Constabulary,Cheshire Constabulary,-2.232764,53.326168,On or near Shopping Area,E01018602,Cheshire East 006C,Violence and sexual offences,Unable to prosecute suspect,
ff22f05a9b1803723d468e9dea2f583d1d90d50479e53c549230456cea98fab5,2021-12,Cheshire Constabulary,Cheshire Constabulary,-2.232954,53.325125,On or near Shopping Area,E01018602,Cheshire East 006C,Violence and sexual offences,Investigation complete; no suspect identified,
fd321a07048c9f52716a54f8735a0698207dc0766fec9e06136d16d23a02c803,2021-12,Cheshire Constabulary,Cheshire Constabulary,-2.230845,53.326702,On or near Green Lane,E01018602,Cheshire East 006C,Violence and sexual offences,Court result unavailable,
e96ad87376e39b73f5d8bb91f445042ec7a53b2d04d6fd06298edbcd04e7df80,2021-12,Cheshire Constabulary,Cheshire Constabulary,-2.232764,53.326168,On or near Shopping Area,E01018602,Cheshire East 006C,Violence and sexual offences,Unable to prosecute suspect,
671b97f226cb756a45050fd16a86d7b39f05935ea2491d3134f67c9bc3db6174,2021-12,Cheshire Constabulary,Cheshire Constabulary,-2.248434,53.330460,On or near College Close,E01018652,Cheshire East 006D,Burglary,Investigation complete; no suspect identified,
1f626f0de735d4cc1fa959597775a1f465faf5ee3a7f8a7ca2ae3da0ad074830,2021-12,Cheshire Constabulary,Cheshire Constabulary,-2.244977,53.329874,On or near Alton Road,E01018652,Cheshire East 006D,Burglary,Investigation complete; no suspect identified,
1d15054ced80b5f3b499d61a3ee3e13608f86550c3b416e321b017b524ad5509,2021-12,Cheshire Constabulary,Cheshire Constabulary,-2.241783,53.327921,On or near Park Road,E01018652,Cheshire East 006D,Burglary,Investigation complete; no suspect identified,
2e1aca488b2dc051663adc61b1421f5a2942481ca692421560663a5034e61b3e,2021-12,Cheshire Constabulary,Cheshire Constabulary,-2.243324,53.332251,On or near Carrwood Road,E01018652,Cheshire East 006D,Burglary,Investigation complete; no suspect identified,
9b2207d4ef71e40ea57a781d004c2eceb74df666a298563c5960793f9828f121,2021-12,Cheshire Constabulary,Cheshire Constabulary,-2.485710,53.349253,On or near Moss Brow Lane,E01018598,Cheshire East 007A,Burglary,Unable to prosecute suspect,
a6f958585dff8bc17a47ed21f70be31c6a35533139273a3f08497bc0633ad1fe,2021-12,Cheshire Constabulary,Cheshire Constabulary,-2.485710,53.349253,On or near Moss Brow Lane,E01018598,Cheshire East 007A,Burglary,Unable to prosecute suspect,
3eb740cfa9f11a433fa089b7c8562ed0d436e44f93e87a374e793fdf6bb2065b,2021-12,Cheshire Constabulary,Cheshire Constabulary,-2.485166,53.326496,On or near Back Lane,E01018598,Cheshire East 007A,Burglary,Local resolution,
a83b386e033666c517ade29fb91a0ae11159e8d32d956c10a4a0a11f299c69ad,2021-12,Cheshire Constabulary,Cheshire Constabulary,-2.485710,53.349253,On or near Moss Brow Lane,E01018598,Cheshire East 007A,Violence and sexual offences,Unable to prosecute suspect,
ddd85ee3ecf8849d242f4c19e4bd3714acc007a97047fd99bc078345d403897e,2021-12,Cheshire Constabulary,Cheshire Constabulary,-2.450194,53.354624,On or near Rensherds Place,E01018599,Cheshire East 007B,Violence and sexual offences,Unable to prosecute suspect,
,2021-12,Cheshire Constabulary,Cheshire Constabulary,-2.400144,53.366793,On or near Coe Lane,E01018648,Cheshire East 007C,Anti-social behaviour,,
ccf1600164ef7efbda427f476c8e018b6b429523b826bae75df8ea5901ad6e16,2021-12,Cheshire Constabulary,Cheshire Constabulary,-2.349671,53.365802,On or near Ashleymill Lane,E01018648,Cheshire East 007C,Criminal damage and arson,Court result unavailable,
f8bb36b3fc8c2c7420de396028f51225745c61443697dc0134cff5f44864795b,2021-12,Cheshire Constabulary,Cheshire Constabulary,-2.340370,53.354682,On or near Egerton Moss,E01018648,Cheshire East 007C,Criminal damage and arson,Unable to prosecute suspect,
5f7ba11c1c072d10e1f9151706c18992b471188b08a6083191d66b32c4770942,2021-12,Cheshire Constabulary,Cheshire Constabulary,-2.418624,53.311153,On or near M6,E01018648,Cheshire East 007C,Drugs,Court result unavailable,
f4851735c4542a77c13fc63b3bc5fac77e6214253bffb90fd5307cd15fb1dd96,2021-12,Cheshire Constabulary,Cheshire Constabulary,-2.416963,53.310170,On or near Petrol Station,E01018648,Cheshire East 007C,Other theft,Investigation complete; no suspect identified,
b2169c05f16f6a0653474f4f697d8d95ae246249ef8d5d718be050a7af3db332,2021-12,Cheshire Constabulary,Cheshire Constabulary,-2.416963,53.310170,On or near Petrol Station,E01018648,Cheshire East 007C,Other theft,Investigation complete; no suspect identified,
0b9f48a7479f23bfaafdf1b0b1e01b12dc057cc7bbe22bace5b363a5e58e2743,2021-12,Cheshire Constabulary,Cheshire Constabulary,-2.385338,53.369763,On or near Dunham Road,E01018648,Cheshire East 007C,Other theft,Status update unavailable,
d078113861e733195c854de368d89c3f437a7809d35cf0479f8e10e2aadd8bc0,2021-12,Cheshire Constabulary,Cheshire Constabulary,-2.416963,53.310170,On or near Petrol Station,E01018648,Cheshire East 007C,Other theft,Investigation complete; no suspect identified,
1035eda7e62639c15e16be0aa5140a3cee8527aaa0013cbea16fee86277bfdef,2021-12,Cheshire Constabulary,Cheshire Constabulary,-2.416963,53.310170,On or near Petrol Station,E01018648,Cheshire East 007C,Other theft,Investigation complete; no suspect identified,
8eb60704b897683f086c498212c7b59bc8c8e3912d5d046ff944d2091c44e23d,2021-12,Cheshire Constabulary,Cheshire Constabulary,-2.410743,53.332933,On or near Chester Road,E01018648,Cheshire East 007C,Other theft,Investigation complete; no suspect identified,
00e60567cbb36d15acccf6d17a6fd70cc81545e02e3693a5f2d82d32149cd29c,2021-12,Cheshire Constabulary,Cheshire Constabulary,-2.416963,53.310170,On or near Petrol Station,E01018648,Cheshire East 007C,Other theft,Investigation complete; no suspect identified,
ed86bfb85b21e9b9283fe0e0754b5d5e01ba1140f2f087579f57c7f32c789781,2021-12,Cheshire Constabulary,Cheshire Constabulary,-2.406198,53.293901,On or near Park/Open Space,E01018648,Cheshire East 007C,Public order,Investigation complete; no suspect identified,
6c3f883c6a4244b327f1444ab0b673669095755e7e502936d942f92ba4966c98,2021-12,Cheshire Constabulary,Cheshire Constabulary,-2.349671,53.365802,On or near Ashleymill Lane,E01018648,Cheshire East 007C,Vehicle crime,Court result unavailable,
9504091f9055089feea55719fd021143f0d46702949521ed1879287a5df6efef,2021-12,Cheshire Constabulary,Cheshire Constabulary,-2.416963,53.310170,On or near Petrol Station,E01018648,Cheshire East 007C,Vehicle crime,Investigation complete; no suspect identified,
55463b7026a7191576414a9b77bab707f46d15a573e553fac7eaf6fa628201f4,2021-12,Cheshire Constabulary,Cheshire Constabulary,-2.349671,53.365802,On or near Ashleymill Lane,E01018648,Cheshire East 007C,Vehicle crime,Court result unavailable,
38500cd2d9f053b949809ffbb21811690410c02680b6b2c5e4877418e9173ad7,2021-12,Cheshire Constabulary,Cheshire Constabulary,-2.392364,53.319898,On or near Manchester Road,E01018648,Cheshire East 007C,Violence and sexual offences,Court result unavailable,
2907c798a3a88de1f907de0b840d2848e800f26b0d9a4a4b65a2378dc18953f2,2021-12,Cheshire Constabulary,Cheshire Constabulary,-2.399009,53.327409,On or near Clamhunger Lane,E01018648,Cheshire East 007C,Violence and sexual offences,Unable to prosecute suspect,
dc11c53a7bd8a1acb2f3631eff83f69fea4678a86c5e0f684b28a9df3ba3021c,2021-12,Cheshire Constabulary,Cheshire Constabulary,-2.392364,53.319898,On or near Manchester Road,E01018648,Cheshire East 007C,Violence and sexual offences,Court result unavailable,
551c9e8d53ad877c622d4230a465090b62e4474117027ed1dac57618ef728e99,2021-12,Cheshire Constabulary,Cheshire Constabulary,-2.392364,53.319898,On or near Manchester Road,E01018648,Cheshire East 007C,Violence and sexual offences,Court result unavailable,
e1688f393e0131f60f1bd16dd02df8a73b86aeed4e6affab9f76ec71fc56c9c1,2021-12,Cheshire Constabulary,Cheshire Constabulary,-2.392364,53.319898,On or near Manchester Road,E01018648,Cheshire East 007C,Violence and sexual offences,Unable to prosecute suspect,
0d49cbd20326a1b5766ebe91cc5c93fc1c64f73635de03c23ee4ee8b6757606e,2021-12,Cheshire Constabulary,Cheshire Constabulary,-2.408883,53.328436,On or near Sports/Recreation Area,E01018648,Cheshire East 007C,Violence and sexual offences,Unable to prosecute suspect,
76e8900be1d0a7f75dbcfad0b0b8ad99e8fab3e3f16f8adbfac0dd506754e03c,2021-12,Cheshire Constabulary,Cheshire Constabulary,-2.364907,53.351437,On or near Birkinheath Lane,E01018648,Cheshire East 007C,Violence and sexual offences,Investigation complete; no suspect identified,
,2021-12,Cheshire Constabulary,Cheshire Constabulary,-2.316140,53.318615,On or near Church Lane,E01018649,Cheshire East 007D,Anti-social behaviour,,
77ea725a67537be958eef6daca167c0166f3fe6b694b9c79c626a6d07881ccda,2021-12,Cheshire Constabulary,Cheshire Constabulary,-2.293290,53.320390,On or near Croft Park,E01018649,Cheshire East 007D,Violence and sexual offences,Unable to prosecute suspect,
,2021-12,Cheshire Constabulary,Cheshire Constabulary,-2.325874,53.313600,On or near Appleby Crescent,E01018650,Cheshire East 007E,Anti-social behaviour,,
8283a16756f985ce3594813ec16856d6c8c87b65cc053a21e2a34ad4bbd5ebac,2021-12,Cheshire Constabulary,Cheshire Constabulary,-2.331111,53.313414,On or near Bucklow Avenue,E01018650,Cheshire East 007E,Violence and sexual offences,Unable to prosecute suspect,
fcc145347040b845404eb2b0ec3bcfbd0ae875243b5b2c76c52896a7dfbca749,2021-12,Cheshire Constabulary,Cheshire Constabulary,-2.325874,53.313600,On or near Appleby Crescent,E01018650,Cheshire East 007E,Violence and sexual offences,Unable to prosecute suspect,
df6a9e4742cc0fcc672fcc77524e31f2c27f25a68730428af9ccbd605a4f1b8b,2021-12,Cheshire Constabulary,Cheshire Constabulary,-2.331111,53.313414,On or near Bucklow Avenue,E01018650,Cheshire East 007E,Violence and sexual offences,Unable to prosecute suspect,
,2021-12,Cheshire Constabulary,Cheshire Constabulary,-2.270457,53.339329,On or near Dooley'S Lane,E01018651,Cheshire East 007F,Anti-social behaviour,,
b5a92ab0c6c64ac073e21091ad9e4c411507b6027a1fa312ae1c01f79c68b664,2021-12,Cheshire Constabulary,Cheshire Constabulary,-2.242198,53.348271,On or near Styal Road,E01018651,Cheshire East 007F,Criminal damage and arson,Court result unavailable,
a7f4a969137522e4a6be7a54afe5d278de0bc4861b76dfbd280885f2a52f8352,2021-12,Cheshire Constabulary,Cheshire Constabulary,-2.242198,53.348271,On or near Styal Road,E01018651,Cheshire East 007F,Criminal damage and arson,Court result unavailable,
1e02ae51ec30ca1cc664b93189905a7b21bca8750bdd19f3e37a14f9dd7b8dce,2021-12,Cheshire Constabulary,Cheshire Constabulary,-2.270457,53.339329,On or near Dooley'S Lane,E01018651,Cheshire East 007F,Drugs,Court result unavailable,
6986a146c6c1f54e38eccfdb8f7435a5b87d029b1cfbd14d0817754c0ae6dd18,2021-12,Cheshire Constabulary,Cheshire Constabulary,-2.237092,53.348560,On or near Station Road,E01018651,Cheshire East 007F,Drugs,Court result unavailable,
e5e41e4d3c08a53087aca2a41e89bfd458996a94769afaeedf9f87f7bdd80e49,2021-12,Cheshire Constabulary,Cheshire Constabulary,-2.237092,53.348560,On or near Station Road,E01018651,Cheshire East 007F,Drugs,Court result unavailable,
ac02c66901b6ccfc9d8fb4711a722cf82363c20b4e3852ebd7d4c87e2e20075b,2021-12,Cheshire Constabulary,Cheshire Constabulary,-2.242198,53.348271,On or near Styal Road,E01018651,Cheshire East 007F,Vehicle crime,Court result unavailable,
20b22801969708a7c8aa960f6540171e5faaf88144d949593792c207d2f94a58,2021-12,Cheshire Constabulary,Cheshire Constabulary,-2.270457,53.339329,On or near Dooley'S Lane,E01018651,Cheshire East 007F,Violence and sexual offences,Unable to prosecute suspect,
b778f3a9f7a2ccac37992a04beecd2195769cdf13d276ebad1ffb51f11770610,2021-12,Cheshire Constabulary,Cheshire Constabulary,-2.255367,53.357493,On or near Moss Lane,E01018651,Cheshire East 007F,Violence and sexual offences,Court result unavailable,
b149cd6a61a14a2591fcc29d22d293641847e8c420b53aee355bc9e79451f329,2021-12,Cheshire Constabulary,Cheshire Constabulary,-2.245003,53.360588,On or near Parking Area,E01018651,Cheshire East 007F,Violence and sexual offences,Unable to prosecute suspect,
15644b1b4dbd52310854f6979a68d1967a54768faa195eafe33f8754ae149126,2021-12,Cheshire Constabulary,Cheshire Constabulary,-2.255367,53.357493,On or near Moss Lane,E01018651,Cheshire East 007F,Violence and sexual offences,Court result unavailable,
be42179975d3cee560dee18a7274d9c2a89b1ec0da0d2270db8c6f7a2afb1c3a,2021-12,Cheshire Constabulary,Cheshire Constabulary,-2.271913,53.332099,On or near Burleyhurst Lane,E01018651,Cheshire East 007F,Violence and sexual offences,Unable to prosecute suspect,
4d9d8193cf731fa9325ddd10b1656c0fea0377740db898c371b172e3cf6f4e09,2021-12,Cheshire Constabulary,Cheshire Constabulary,-2.238118,53.341124,On or near Prison,E01018651,Cheshire East 007F,Violence and sexual offences,Unable to prosecute suspect,
ab8c18f134819e7ee9e6bfcfacb91eace79773b4ab147e57157d68b66dab0507,2021-12,Cheshire Constabulary,Cheshire Constabulary,-2.271913,53.332099,On or near Burleyhurst Lane,E01018651,Cheshire East 007F,Violence and sexual offences,Unable to prosecute suspect,
a23fbd543792942f714302d7875ad034a63135813c16b1dbf5f6d7c8f08631e9,2021-12,Cheshire Constabulary,Cheshire Constabulary,-2.238118,53.341124,On or near Prison,E01018651,Cheshire East 007F,Other crime,Unable to prosecute suspect,
2658f36a3a10a9d1ac39bd5a87b9c45e7fff5e72d21bdaf79587c90da02b5bec,2021-12,Cheshire Constabulary,Cheshire Constabulary,-2.323586,53.261138,On or near Parkgate Avenue,E01018654,Cheshire East 007G,Criminal damage and arson,Investigation complete; no suspect identified,
c1e4a53e3eea922dc6a9bd7d3d353d02f61418fd5df078dab6f48089b84eb6c7,2021-12,Cheshire Constabulary,Cheshire Constabulary,-2.364657,53.286988,On or near Toft Road,E01018654,Cheshire East 007G,Violence and sexual offences,Unable to prosecute suspect,
12bf85354480581e94fb624e9f2c551c5b280ef0b515f4ed2be9ae9dae6b6917,2021-12,Cheshire Constabulary,Cheshire Constabulary,-2.364657,53.286988,On or near Toft Road,E01018654,Cheshire East 007G,Violence and sexual offences,Unable to prosecute suspect,
8420835fd4607a0906c2730b871d42ea9e58ba6498f26ac217afdd7ee948dc64,2021-12,Cheshire Constabulary,Cheshire Constabulary,-2.323586,53.261138,On or near Parkgate Avenue,E01018654,Cheshire East 007G,Violence and sexual offences,Unable to prosecute suspect,
4b470bd48f086279c2bb382da3da290470552831f37027c95e1192b521cf4cc0,2021-12,Cheshire Constabulary,Cheshire Constabulary,-2.323586,53.261138,On or near Parkgate Avenue,E01018654,Cheshire East 007G,Violence and sexual offences,Unable to prosecute suspect,
be9516391e23914b23ae269305bd788e90042dc41356686a7862bd9216ea3034,2021-12,Cheshire Constabulary,Cheshire Constabulary,-2.364657,53.286988,On or near Toft Road,E01018654,Cheshire East 007G,Violence and sexual offences,Unable to prosecute suspect,
2f50d032219ec666fa21dc325d6f05f53b301c1172ae0214dfd6b58eaf7c45a6,2021-12,Cheshire Constabulary,Cheshire Constabulary,-2.355238,53.254612,On or near Long Lane,E01018654,Cheshire East 007G,Other crime,Unable to prosecute suspect,
99ab4b7159009e76a34f93868f94ea07be1891ab273d88e2954068d4be6c99b5,2021-12,Cheshire Constabulary,Cheshire Constabulary,-2.425549,53.274032,On or near Moorcroft,E01018654,Cheshire East 007G,Other crime,Investigation complete; no suspect identified,
efc2858278b8b0cc5fe1a7281bae4dc164bf9ec2881e05c252a966b8a2440794,2021-12,Cheshire Constabulary,Cheshire Constabulary,-2.240403,53.317650,On or near Oak Lea Avenue,E01018588,Cheshire East 008A,Criminal damage and arson,Unable to prosecute suspect,
00c32faf07b7c12fc65242395f17f77f288901313b15e4008c3a13198dca54d4,2021-12,Cheshire Constabulary,Cheshire Constabulary,-2.244450,53.319107,On or near Princess Road,E01018588,Cheshire East 008A,Other theft,Investigation complete; no suspect identified,
73a2ccce7483179aa87c2234373d14c12ab2e375ea08fe7e13b5b06afa67e1f9,2021-12,Cheshire Constabulary,Cheshire Constabulary,-2.241572,53.319895,On or near Beechway,E01018588,Cheshire East 008A,Robbery,Investigation complete; no suspect identified,
ab7f1db9343139911616862f3183f47734ba80137963118a802e9ff5aa713115,2021-12,Cheshire Constabulary,Cheshire Constabulary,-2.245432,53.320201,On or near South Oak Lane,E01018588,Cheshire East 008A,Vehicle crime,Investigation complete; no suspect identified,
3fb47c33474efe376e950686e4840c6b325041f8cbb04c471c4c93d028e6a8b3,2021-12,Cheshire Constabulary,Cheshire Constabulary,-2.249132,53.313722,On or near Ravenswood Road,E01018589,Cheshire East 008B,Burglary,Investigation complete; no suspect identified,
4f5d103c25296f7fa5c1fc4dde9f83a9b9cf9a9493ccb0be51c1d6b0f4edcb37,2021-12,Cheshire Constabulary,Cheshire Constabulary,-2.245943,53.315104,On or near Fairbourne Close,E01018589,Cheshire East 008B,Burglary,Investigation complete; no suspect identified,
3be336ae371cf9a2979208bd00f1f442b044071ae719b94f7887fa00c8a4dc89,2021-12,Cheshire Constabulary,Cheshire Constabulary,-2.244041,53.318541,On or near Regent Close,E01018589,Cheshire East 008B,Burglary,Investigation complete; no suspect identified,
fa5b1d61392e749bd3b7f7959e5ccf5bbf03d49c36bc2a7596988fbe59aa5376,2021-12,Cheshire Constabulary,Cheshire Constabulary,-2.239093,53.314102,On or near Ashford Road,E01018589,Cheshire East 008B,Drugs,Court result unavailable,
97d90a5d9960e3abc26af0b653d6ae08618f20133a32b2dffad379c2fa85e0dc,2021-12,Cheshire Constabulary,Cheshire Constabulary,-2.249132,53.313722,On or near Ravenswood Road,E01018589,Cheshire East 008B,Violence and sexual offences,Unable to prosecute suspect,
a75429f77f3058c22eb763881ddedb5a9247938d71138d1293fc07da236dc273,2021-12,Cheshire Constabulary,Cheshire Constabulary,-2.246715,53.316298,On or near Knutsford Road,E01018589,Cheshire East 008B,Violence and sexual offences,Investigation complete; no suspect identified,
8633fcd95493d85cfc1c0054e2f19043f90ce2e6535ffcca66d84b713bb7091c,2021-12,Cheshire Constabulary,Cheshire Constabulary,-2.249132,53.313722,On or near Ravenswood Road,E01018589,Cheshire East 008B,Violence and sexual offences,Unable to prosecute suspect,
5653ed1a934a65013a0f9887bda3546e303abdf6eddf4ff72fdb4326430e962d,2021-12,Cheshire Constabulary,Cheshire Constabulary,-2.246715,53.316298,On or near Knutsford Road,E01018589,Cheshire East 008B,Violence and sexual offences,Unable to prosecute suspect,
ce72f3576b3cfe27a6edd89989a805e640d1785265ae0036174570b926ae247d,2021-12,Cheshire Constabulary,Cheshire Constabulary,-2.254798,53.312469,On or near Upcast Lane,E01018590,Cheshire East 008C,Burglary,Investigation complete; no suspect identified,
d40b8ae6e26ad84d6aedf6ab496dfe6b6151a99e390fbc8a3b009f836e525508,2021-12,Cheshire Constabulary,Cheshire Constabulary,-2.260179,53.316206,On or near Bramley Close,E01018590,Cheshire East 008C,Violence and sexual offences,Unable to prosecute suspect,
c88ca70d19176afc9dc23535ad5bdcd1f748eeb185b63dda8a72304aa6fd8c07,2021-12,Cheshire Constabulary,Cheshire Constabulary,-2.247561,53.322345,On or near Woodacres Court,E01018653,Cheshire East 008D,Burglary,Investigation complete; no suspect identified,
20623591b1a8a3ca74c6212df0110f5645debe613c89bb3dee012a9ce42c5abf,2021-12,Cheshire Constabulary,Cheshire Constabulary,-2.244305,53.322640,On or near Clifford Road,E01018653,Cheshire East 008D,Other theft,Investigation complete; no suspect identified,
0ac5e31891696b35190fcfd6613fc25c81d3814c9dfa0899c07bcaf99118ce50,2021-12,Cheshire Constabulary,Cheshire Constabulary,-2.243919,53.325984,On or near Windsor Avenue,E01018653,Cheshire East 008D,Public order,Unable to prosecute suspect,
52a8f00afd9d8aae3aec52f9c408c3206cba0d9b8192b063f84914fde3c5de7c,2021-12,Cheshire Constabulary,Cheshire Constabulary,-2.246715,53.324001,On or near Northward Road,E01018653,Cheshire East 008D,Vehicle crime,Investigation complete; no suspect identified,
13107f3a71e1b3bb05cc0da0d1f6a5554f818cbb762dbe04a9eedcc1194790a8,2021-12,Cheshire Constabulary,Cheshire Constabulary,-2.248054,53.324591,On or near Racecourse Park,E01018653,Cheshire East 008D,Vehicle crime,Investigation complete; no suspect identified,
63fbc076fb36b587b6a13ccf631aeb2407d31ffa030992b533823391b0724de8,2021-12,Cheshire Constabulary,Cheshire Constabulary,-2.250092,53.326502,On or near Park/Open Space,E01018653,Cheshire East 008D,Vehicle crime,Court result unavailable,
b7326756131966c83406688b21e4ca1fdda1778479fc60a9206cd80a3d162d6d,2021-12,Cheshire Constabulary,Cheshire Constabulary,-2.245351,53.324435,On or near Buckingham Road,E01018653,Cheshire East 008D,Violence and sexual offences,Unable to prosecute suspect,
0c101350290c2b72a26e5bc741fd10c54dd8a25f6bd00dbbc6200578a0bc7f01,2021-12,Cheshire Constabulary,Cheshire Constabulary,-2.245351,53.324435,On or near Buckingham Road,E01018653,Cheshire East 008D,Violence and sexual offences,Offender given a caution,
353894109d6805ce8d407ed7f41c5ed88e7b489461ff5ca2234f0ea6c7757c62,2021-12,Cheshire Constabulary,Cheshire Constabulary,-2.251400,53.329277,On or near Parking Area,E01018653,Cheshire East 008D,Violence and sexual offences,Unable to prosecute suspect,
dfa41daf3c4985834f7300421609e88a06486e6fb2d3f65ba9a2a880282a8f2c,2021-12,Cheshire Constabulary,Cheshire Constabulary,-2.387179,53.310962,On or near Freshfields,E01018605,Cheshire East 009A,Burglary,Investigation complete; no suspect identified,
2aabfee909dec6203264c60f4bc6f552f86119afd3a0c2526c77b4c7f9e168fb,2021-12,Cheshire Constabulary,Cheshire Constabulary,-2.393361,53.314025,On or near Green Lane,E01018605,Cheshire East 009A,Vehicle crime,Investigation complete; no suspect identified,
88491e3a035afb5bd7f8bfaba5f0c0d4479be79a02fb22e570995c15357355de,2021-12,Cheshire Constabulary,Cheshire Constabulary,-2.388783,53.309106,On or near Tabley Road,E01018605,Cheshire East 009A,Violence and sexual offences,Unable to prosecute suspect,
b4d24731b6fef4b9cf8342c6b6d1b421c87d1a6777bffae2d1d40d4086307758,2021-12,Cheshire Constabulary,Cheshire Constabulary,-2.388783,53.309106,On or near Tabley Road,E01018605,Cheshire East 009A,Violence and sexual offences,Unable to prosecute suspect,
0c33290871eff714b2248371e96c28080d8c7657c055c33c35a73910327a9fc4,2021-12,Cheshire Constabulary,Cheshire Constabulary,-2.357394,53.308161,On or near Northfields,E01018609,Cheshire East 009B,Burglary,Investigation complete; no suspect identified,
ee16ca50fa6fe09da420c482deaa61dfcd6c666da32540be479a63a4b1918c5d,2021-12,Cheshire Constabulary,Cheshire Constabulary,-2.353155,53.303724,On or near Lichfield Close,E01018609,Cheshire East 009B,Violence and sexual offences,Unable to prosecute suspect,
47216e0bd8927af09e1c7d2f7b6ad168be612e17b6b9b0584f457052e67585bb,2021-12,Cheshire Constabulary,Cheshire Constabulary,-2.353641,53.302563,On or near Ash Grove,E01018609,Cheshire East 009B,Violence and sexual offences,Investigation complete; no suspect identified,
ac88ddc6ced4a60d1011c4cda7f3a605cc8d55667b9b73d253c399e49ed7ca6f,2021-12,Cheshire Constabulary,Cheshire Constabulary,-2.353155,53.303724,On or near Lichfield Close,E01018609,Cheshire East 009B,Violence and sexual offences,Unable to prosecute suspect,
,2021-12,Cheshire Constabulary,Cheshire Constabulary,-2.362280,53.303868,On or near Mansion Drive,E01018610,Cheshire East 009C,Anti-social behaviour,,
,2021-12,Cheshire Constabulary,Cheshire Constabulary,-2.367163,53.304617,On or near Middle Walk,E01018610,Cheshire East 009C,Anti-social behaviour,,
,2021-12,Cheshire Constabulary,Cheshire Constabulary,-2.360914,53.305634,On or near Manor Park North,E01018610,Cheshire East 009C,Anti-social behaviour,,
84bbb51c01be187c7126746f8929e43173c0aece7c18c60e7a7b3bc13e98bd76,2021-12,Cheshire Constabulary,Cheshire Constabulary,-2.366546,53.302677,On or near Richmond Hill,E01018610,Cheshire East 009C,Criminal damage and arson,Investigation complete; no suspect identified,
6df055490a5a202011a8e36a42343bcd6515efb4a06017f0852b86f905d4cbf9,2021-12,Cheshire Constabulary,Cheshire Constabulary,-2.361819,53.307986,On or near Kestrel Avenue,E01018610,Cheshire East 009C,Criminal damage and arson,Investigation complete; no suspect identified,
0bf44597f97ba331f683d869bc7fc76b5647b9fa18c50c621d3c0d883eed4cc0,2021-12,Cheshire Constabulary,Cheshire Constabulary,-2.367163,53.304617,On or near Middle Walk,E01018610,Cheshire East 009C,Criminal damage and arson,Investigation complete; no suspect identified,
9fdc027eea10bd1c66ce07468da99bc0b59e86aa54bfd5878f5f5752e60104e5,2021-12,Cheshire Constabulary,Cheshire Constabulary,-2.366837,53.305112,On or near Moordale Road,E01018610,Cheshire East 009C,Public order,Unable to prosecute suspect,
de0dd16bbe754f6f01607605866b419103ae256fec645a57c064c751d8771cf7,2021-12,Cheshire Constabulary,Cheshire Constabulary,-2.364873,53.303473,On or near Sandiway,E01018610,Cheshire East 009C,Violence and sexual offences,Unable to prosecute suspect,
34ff5022a2b21a6ee84c4e81f05dddee2f0407cf2db4cf1a15937e6d62e46039,2021-12,Cheshire Constabulary,Cheshire Constabulary,-2.366837,53.305112,On or near Moordale Road,E01018610,Cheshire East 009C,Violence and sexual offences,Status update unavailable,
d5a8aba1225d7c2dc3cb62fb5a6be433f9ed34d5d3fd807980b8af02112d3e80,2021-12,Cheshire Constabulary,Cheshire Constabulary,-2.366837,53.305112,On or near Moordale Road,E01018610,Cheshire East 009C,Other crime,Unable to prosecute suspect,
,2021-12,Cheshire Constabulary,Cheshire Constabulary,-2.353871,53.308666,On or near Overfields,E01018611,Cheshire East 009D,Anti-social behaviour,,
89dcd20a5296aba33c3269f6b17d71852a41c1bbc4a256a0bb180592a410c0c8,2021-12,Cheshire Constabulary,Cheshire Constabulary,-2.351300,53.308062,On or near St. Johns Vale,E01018611,Cheshire East 009D,Burglary,Investigation complete; no suspect identified,
adf054fa5f3264112a56642af4e14e68ee6d0aa88189b64a436288a9cc2f6982,2021-12,Cheshire Constabulary,Cheshire Constabulary,-2.350023,53.307859,On or near Longridge,E01018611,Cheshire East 009D,Criminal damage and arson,Unable to prosecute suspect,
be98d19501f4dfda3b759ebaf0d7ea47fdfbb4b043bac29a0c0d7a61add5af2a,2021-12,Cheshire Constabulary,Cheshire Constabulary,-2.353871,53.308666,On or near Overfields,E01018611,Cheshire East 009D,Other theft,Unable to prosecute suspect,
3c39b23a4a4b6736ab7ea7fdcf9c69a71901a6d0c84345e1b1cefcc92c5f8b17,2021-12,Cheshire Constabulary,Cheshire Constabulary,-2.353510,53.310366,On or near Petrol Station,E01018611,Cheshire East 009D,Other theft,Investigation complete; no suspect identified,
a4fccfae3940d5919cc9ff2f1a8d2d5af9b6e84adbefaedda7bde2838d0eb0d5,2021-12,Cheshire Constabulary,Cheshire Constabulary,-2.351300,53.308062,On or near St. Johns Vale,E01018611,Cheshire East 009D,Public order,Unable to prosecute suspect,
b62e828ad1aae722e3c744b0cc21dd39ef27bfff4ce505017e802b5fce2e5da5,2021-12,Cheshire Constabulary,Cheshire Constabulary,-2.351300,53.308062,On or near St. Johns Vale,E01018611,Cheshire East 009D,Public order,Unable to prosecute suspect,
d63290624d86844d7a34a1b597edf51f0c204d8f384c7068ccb5066735eb0573,2021-12,Cheshire Constabulary,Cheshire Constabulary,-2.351300,53.308062,On or near St. Johns Vale,E01018611,Cheshire East 009D,Public order,Unable to prosecute suspect,
d5ec631a7f116c09a8ad3b87b258bf263176fbe986af0c4b6d6ad1397e9096ba,2021-12,Cheshire Constabulary,Cheshire Constabulary,-2.357634,53.311801,On or near Wolfe Close,E01018611,Cheshire East 009D,Public order,Unable to prosecute suspect,
adba808612759cb1341f7100c23cf56463d6d7ce8e6e78e86ed40f273d96887f,2021-12,Cheshire Constabulary,Cheshire Constabulary,-2.355440,53.311421,On or near Springwood Avenue,E01018611,Cheshire East 009D,Violence and sexual offences,Unable to prosecute suspect,
1b53fe75ce0a84bc46875148d69dcd91c8292920eed12ac58f7753b0ac84c494,2021-12,Cheshire Constabulary,Cheshire Constabulary,-2.357634,53.311801,On or near Wolfe Close,E01018611,Cheshire East 009D,Violence and sexual offences,Unable to prosecute suspect,
3a9581d36893cd93746eaea1e2e10fe03917ada50e6e1c6dc469698731680d2a,2021-12,Cheshire Constabulary,Cheshire Constabulary,-2.355440,53.311421,On or near Springwood Avenue,E01018611,Cheshire East 009D,Violence and sexual offences,Unable to prosecute suspect,
403b0fdb4b550fb8b90cae9184b1555b9c0d52b09055648c94234b757ba0742c,2021-12,Cheshire Constabulary,Cheshire Constabulary,-2.351300,53.308062,On or near St. Johns Vale,E01018611,Cheshire East 009D,Violence and sexual offences,Unable to prosecute suspect,
685f0b4919034a8e7dffccebc52fa475d950efa87385cc63e8b22c02c74e2d9f,2021-12,Cheshire Constabulary,Cheshire Constabulary,-2.355440,53.311421,On or near Springwood Avenue,E01018611,Cheshire East 009D,Violence and sexual offences,Unable to prosecute suspect,
00c058fbdd33557d817944a42ca37fa74000d2d6765c60f79dc8795f7dd82def,2021-12,Cheshire Constabulary,Cheshire Constabulary,-2.353871,53.308666,On or near Overfields,E01018611,Cheshire East 009D,Violence and sexual offences,Unable to prosecute suspect,
c32a0590e79d765d87a18822220b12b055eda5f90defbb9f50d0954c4861d317,2021-12,Cheshire Constabulary,Cheshire Constabulary,-2.350023,53.307859,On or near Longridge,E01018611,Cheshire East 009D,Violence and sexual offences,Court result unavailable,
b216cbf1f7d353b4df409d61ae2561a53dad8f2f0544788e0464ea36ca611b33,2021-12,Cheshire Constabulary,Cheshire Constabulary,-2.350023,53.307859,On or near Longridge,E01018611,Cheshire East 009D,Other crime,Unable to prosecute suspect,
b4f557939e2a347ecdce7560a5613eb0fc5c8d92cb61c2ff11e235ea0f78357b,2021-12,Cheshire Constabulary,Cheshire Constabulary,-2.353871,53.308666,On or near Overfields,E01018611,Cheshire East 009D,Other crime,Further investigation is not in the public interest,
1918b6840bf6d9c4dc387ad199008f66e901695d39c7d52fc37e656cf60d0d15,2021-12,Cheshire Constabulary,Cheshire Constabulary,-2.353871,53.308666,On or near Overfields,E01018611,Cheshire East 009D,Other crime,Further investigation is not in the public interest,
271799b8602e817936592383770cb8885c0f2d3b2dfe8f1e90136bb181a322d0,2021-12,Cheshire Constabulary,Cheshire Constabulary,-2.375015,53.296457,On or near Conway Close,E01018603,Cheshire East 010A,Violence and sexual offences,Unable to prosecute suspect,
747c82bc39014f7165344334f502d17ce3cc9353fc0d56101eba1e3e93365822,2021-12,Cheshire Constabulary,Cheshire Constabulary,-2.380586,53.302067,On or near Cranford Avenue,E01018604,Cheshire East 010B,Violence and sexual offences,Unable to prosecute suspect,
95d338f66dcb8bbfb0d79f16bb7133e222a7892ee61dfd53afc3dda49a0d6fc2,2021-12,Cheshire Constabulary,Cheshire Constabulary,-2.384035,53.301804,On or near Westfield Drive,E01018604,Cheshire East 010B,Violence and sexual offences,Unable to prosecute suspect,
a78bd5eb510c3f7557f8877d26ee27415f1c3620f48e45a284053d35e1cbc9fc,2021-12,Cheshire Constabulary,Cheshire Constabulary,-2.383370,53.302939,On or near Sandileigh Avenue,E01018604,Cheshire East 010B,Violence and sexual offences,Unable to prosecute suspect,
076d37a44c2198f0bf8aebe1dafc9612a79ce8b5c831dd2535fe4ca338ecf702,2021-12,Cheshire Constabulary,Cheshire Constabulary,-2.379971,53.300388,On or near Bexton Road,E01018604,Cheshire East 010B,Violence and sexual offences,Investigation complete; no suspect identified,
32dfdec4aef606cb3428a7a2d0be0eb12418eb02fd81732d53cb2428cba26c6b,2021-12,Cheshire Constabulary,Cheshire Constabulary,-2.379971,53.300388,On or near Bexton Road,E01018604,Cheshire East 010B,Violence and sexual offences,Investigation complete; no suspect identified,
347ee0cbaf723060c71e64ca22dc59d0f45e06fe8fc4d89514b12f041d84fcae,2021-12,Cheshire Constabulary,Cheshire Constabulary,-2.381041,53.302623,On or near Racefield Road,E01018604,Cheshire East 010B,Other crime,Investigation complete; no suspect identified,
d0134d3d16b6e6fe60142e3e88029afce0d743568d8b109ec633336323f29702,2021-12,Cheshire Constabulary,Cheshire Constabulary,-2.381041,53.302623,On or near Racefield Road,E01018604,Cheshire East 010B,Other crime,Investigation complete; no suspect identified,
,2021-12,Cheshire Constabulary,Cheshire Constabulary,-2.383810,53.303513,On or near Northwich Road,E01018606,Cheshire East 010C,Anti-social behaviour,,
,2021-12,Cheshire Constabulary,Cheshire Constabulary,-2.374331,53.304073,On or near Silk Mill Street,E01018606,Cheshire East 010C,Anti-social behaviour,,
,2021-12,Cheshire Constabulary,Cheshire Constabulary,-2.375020,53.303927,On or near Princess Street,E01018606,Cheshire East 010C,Anti-social behaviour,,
,2021-12,Cheshire Constabulary,Cheshire Constabulary,-2.376755,53.304892,On or near A50,E01018606,Cheshire East 010C,Anti-social behaviour,,
d8fd7b17df112c1f304f30bf3126f35daa91b22197494f3745198f63f34dd25e,2021-12,Cheshire Constabulary,Cheshire Constabulary,-2.385025,53.305100,On or near Warren Avenue,E01018606,Cheshire East 010C,Other theft,Unable to prosecute suspect,
6312db76b40fec9911efa5b6d75b552491e371baf38ceecefd5c4e8290ba0550,2021-12,Cheshire Constabulary,Cheshire Constabulary,-2.374999,53.304952,On or near Red Cow Yard,E01018606,Cheshire East 010C,Other theft,Investigation complete; no suspect identified,
1583d757903095c8f261a1220aa08226d4288bbd97299c30184a38344625da79,2021-12,Cheshire Constabulary,Cheshire Constabulary,-2.375064,53.302012,On or near Parking Area,E01018606,Cheshire East 010C,Other theft,Unable to prosecute suspect,
2abfa39fef359a9b4374e29f088d12be7331435c1e8564329357f92fedaf31c1,2021-12,Cheshire Constabulary,Cheshire Constabulary,-2.375020,53.303927,On or near Princess Street,E01018606,Cheshire East 010C,Other theft,Investigation complete; no suspect identified,
95c98b5166a9b78d95bf3226e6111cdbfe7d238bad88f4187f98d1bc420d642e,2021-12,Cheshire Constabulary,Cheshire Constabulary,-2.385025,53.305100,On or near Warren Avenue,E01018606,Cheshire East 010C,Public order,Unable to prosecute suspect,
8157986c44a3e333f438401804851986fb3fd1719c8167e0a1f61bfd3c5ab0ea,2021-12,Cheshire Constabulary,Cheshire Constabulary,-2.374464,53.303821,On or near Supermarket,E01018606,Cheshire East 010C,Public order,Unable to prosecute suspect,
f8305ee0846cf3151aa3df9ba85140daa7bd876e7919b30de0efd07507570d99,2021-12,Cheshire Constabulary,Cheshire Constabulary,-2.376755,53.304892,On or near A50,E01018606,Cheshire East 010C,Public order,Court result unavailable,
76f8bf1837deae2f44be1bb890283e363e8ebd5a5843a2fc53f01fc477324fb9,2021-12,Cheshire Constabulary,Cheshire Constabulary,-2.375064,53.302012,On or near Parking Area,E01018606,Cheshire East 010C,Shoplifting,Investigation complete; no suspect identified,
7fb66c3a0863c902999ee8b273924ca0abba4ec868506bc2d8dba42ff1dec761,2021-12,Cheshire Constabulary,Cheshire Constabulary,-2.374464,53.303821,On or near Supermarket,E01018606,Cheshire East 010C,Violence and sexual offences,Unable to prosecute suspect,
3333ec6af34a629a310dd0956c391369ad81ddf7dfbbef1e3c87e42f687e47dc,2021-12,Cheshire Constabulary,Cheshire Constabulary,-2.371310,53.303453,On or near Swinton Square,E01018606,Cheshire East 010C,Violence and sexual offences,Unable to prosecute suspect,
95cceab31d82d47d1882ff5961958e1ac01ce2542a5f2212ca6b38d869dae056,2021-12,Cheshire Constabulary,Cheshire Constabulary,-2.376878,53.306977,On or near Parking Area,E01018606,Cheshire East 010C,Violence and sexual offences,Unable to prosecute suspect,
faaddd6c15bc3aef70e94e8af98341a9db9e78b4c90dfe749733f0a7b6ea1167,2021-12,Cheshire Constabulary,Cheshire Constabulary,-2.371310,53.303453,On or near Swinton Square,E01018606,Cheshire East 010C,Violence and sexual offences,Investigation complete; no suspect identified,
bcededc55f9898dc447803e501d83af1847f24aa22032eb2e9ad7eb0bd882a62,2021-12,Cheshire Constabulary,Cheshire Constabulary,-2.375400,53.302685,On or near Bus/Coach Station,E01018606,Cheshire East 010C,Violence and sexual offences,Unable to prosecute suspect,
5580979bbcd0a7b270b61479b13dea8a9cf419f0e9139e78a7bf215126ec5648,2021-12,Cheshire Constabulary,Cheshire Constabulary,-2.374801,53.302903,On or near Police Station,E01018606,Cheshire East 010C,Violence and sexual offences,Unable to prosecute suspect,
37537c443b35892b471eff3415c69f095e719eeb0b45f316b26e01ad17bb6570,2021-12,Cheshire Constabulary,Cheshire Constabulary,-2.373331,53.304589,On or near King Street,E01018606,Cheshire East 010C,Violence and sexual offences,Unable to prosecute suspect,
9d348b83af27e8b45e61ecb1dc45b6924880cbfd775541cb8f63e700b2880269,2021-12,Cheshire Constabulary,Cheshire Constabulary,-2.375400,53.302685,On or near Bus/Coach Station,E01018606,Cheshire East 010C,Violence and sexual offences,Unable to prosecute suspect,
37fa75d4d2aaf4e28c9faa07d037f637ea5a5bcc69089840494d5714b5a65ca8,2021-12,Cheshire Constabulary,Cheshire Constabulary,-2.372872,53.303673,On or near King Street,E01018606,Cheshire East 010C,Violence and sexual offences,Unable to prosecute suspect,
2ef28909aab04646a2472d99d9bd77fda6ce903f37eb6c34192d347b9869ba2a,2021-12,Cheshire Constabulary,Cheshire Constabulary,-2.360421,53.291604,On or near Gough'S Lane,E01018607,Cheshire East 010D,Burglary,Investigation complete; no suspect identified,
,2021-12,Cheshire Constabulary,Cheshire Constabulary,-2.371518,53.301556,On or near Adams Hill,E01018608,Cheshire East 010E,Anti-social behaviour,,
8a3c2a1cbb7c2c7a5dcbefbe64913a99964154021195481e83b1bc8d641d66e9,2021-12,Cheshire Constabulary,Cheshire Constabulary,-2.361818,53.295402,On or near Parkfield Road,E01018608,Cheshire East 010E,Violence and sexual offences,Unable to prosecute suspect,
9bdf6dacb4cf154c759e2d87e21da6a3562dbf733e444a05a3b9903fcd83f8fb,2021-12,Cheshire Constabulary,Cheshire Constabulary,-2.371518,53.301556,On or near Adams Hill,E01018608,Cheshire East 010E,Violence and sexual offences,Status update unavailable,
32bcb99358cd998d84e7173b7138c446c09ed5501a2862e2693a4b20151b385c,2021-12,Cheshire Constabulary,Cheshire Constabulary,-2.361818,53.295402,On or near Parkfield Road,E01018608,Cheshire East 010E,Violence and sexual offences,Unable to prosecute suspect,
3e38c14fc22ec091ac5c54bee76eb56543746906d01d2d63192585c605459dd2,2021-12,Cheshire Constabulary,Cheshire Constabulary,-2.159732,53.272572,On or near Sports/Recreation Area,E01018666,Cheshire East 011A,Criminal damage and arson,Investigation complete; no suspect identified,
208b12b91785e3908d16caf9f20680bc4e3c2cf53b44e042e79d8581e34b3ed9,2021-12,Cheshire Constabulary,Cheshire Constabulary,-2.161197,53.271267,On or near Sports/Recreation Area,E01018666,Cheshire East 011A,Violence and sexual offences,Investigation complete; no suspect identified,
8654481d1841afc97236764aa5f8b7379a6879ed9d32f81d8f1bc1e957dd130c,2021-12,Cheshire Constabulary,Cheshire Constabulary,-2.136377,53.288826,On or near Yew Tree Way,E01018666,Cheshire East 011A,Violence and sexual offences,Unable to prosecute suspect,
fb4147e3b6bf9103a5db4b76ee4615b966ed2e1a395f03755b3d14271ffc628a,2021-12,Cheshire Constabulary,Cheshire Constabulary,-2.136377,53.288826,On or near Yew Tree Way,E01018666,Cheshire East 011A,Violence and sexual offences,Unable to prosecute suspect,
483e7cba4bc121ce3e72248179b0171f936ed0e3520a4a5231aa12d2c879791c,2021-12,Cheshire Constabulary,Cheshire Constabulary,-2.156492,53.288747,On or near Castlegate Mews,E01018667,Cheshire East 011B,Other theft,Unable to prosecute suspect,
7fd3ba855f9700c12c26d2f4218ebd405f467a78d1de7a01352552afb0857461,2021-12,Cheshire Constabulary,Cheshire Constabulary,-2.149404,53.290743,On or near Pearl Street,E01018667,Cheshire East 011B,Other theft,Investigation complete; no suspect identified,
a2c9eb39a05454f28c00953264d9ed973c1e83e111cd4e083cb3a606b2048339,2021-12,Cheshire Constabulary,Cheshire Constabulary,-2.149404,53.290743,On or near Pearl Street,E01018667,Cheshire East 011B,Public order,Unable to prosecute suspect,
fa64ce2dbce031aeb28addf365e893e77503d62cb9588e864f1be2ce85b65a87,2021-12,Cheshire Constabulary,Cheshire Constabulary,-2.150549,53.296530,On or near The Fold,E01018667,Cheshire East 011B,Public order,Unable to prosecute suspect,
641a600d0cef6504136d7234f2a48ea1af0307653b8aa7696fdd49a62aba08f6,2021-12,Cheshire Constabulary,Cheshire Constabulary,-2.152922,53.288635,On or near Spencer Brook,E01018667,Cheshire East 011B,Shoplifting,Investigation complete; no suspect identified,
35ddfd5dd9d2ff20e35d51a0345b04a1c320430619159b9ac8390efd1c786f5f,2021-12,Cheshire Constabulary,Cheshire Constabulary,-2.150549,53.296530,On or near The Fold,E01018667,Cheshire East 011B,Violence and sexual offences,Unable to prosecute suspect,
34ba378fab6ac720d1f9bf12a778dbe7cceaed0b28c04ec38adbf621728415bf,2021-12,Cheshire Constabulary,Cheshire Constabulary,-2.148660,53.296883,On or near Park House Lane,E01018667,Cheshire East 011B,Violence and sexual offences,Unable to prosecute suspect,
56e6f71888bdd81e0f85d5a40f66f224e453aefb4bd874d9cdac2cb9ef4bcacb,2021-12,Cheshire Constabulary,Cheshire Constabulary,-2.156492,53.288747,On or near Castlegate Mews,E01018667,Cheshire East 011B,Violence and sexual offences,Unable to prosecute suspect,
172d9cc7489c982cf2ef087b82a95383ba011825efb20f124b1636f33d72563b,2021-12,Cheshire Constabulary,Cheshire Constabulary,-2.150549,53.296530,On or near The Fold,E01018667,Cheshire East 011B,Violence and sexual offences,Unable to prosecute suspect,
20e1f68b0e62ca0662c6373b0bb85269f76d3b25a7b0b9914a6137f57b1f823f,2021-12,Cheshire Constabulary,Cheshire Constabulary,-2.149404,53.290743,On or near Pearl Street,E01018667,Cheshire East 011B,Violence and sexual offences,Court result unavailable,
6f1eeffabe18d900f7ea26405c16ad947bc7bf9697185c8fa26f2b6194d508fe,2021-12,Cheshire Constabulary,Cheshire Constabulary,-2.189456,53.303962,On or near Moss Lane,E01018667,Cheshire East 011B,Violence and sexual offences,Status update unavailable,
38d27e10a853d2faf7ffafc91fc2c8dd96b1ede5fc6b52ab7266f7b764865751,2021-12,Cheshire Constabulary,Cheshire Constabulary,-2.178446,53.305031,On or near Smithy Lane,E01018667,Cheshire East 011B,Violence and sexual offences,Unable to prosecute suspect,
,2021-12,Cheshire Constabulary,Cheshire Constabulary,-2.114129,53.327671,On or near Cawley Lane,E01018668,Cheshire East 011C,Anti-social behaviour,,
,2021-12,Cheshire Constabulary,Cheshire Constabulary,-2.128264,53.339657,On or near Hope Green Way,E01018668,Cheshire East 011C,Anti-social behaviour,,
5011bdaa468de24267d97e6f610a900cc2838be57323b6a4ff15dbcb67202423,2021-12,Cheshire Constabulary,Cheshire Constabulary,-2.114129,53.327671,On or near Cawley Lane,E01018668,Cheshire East 011C,Public order,Investigation complete; no suspect identified,
9ba19cfbad18140c4045935f2fd40686a086ca787e4c9c48093521e31fd4f677,2021-12,Cheshire Constabulary,Cheshire Constabulary,-2.124129,53.337935,On or near Second Avenue,E01018668,Cheshire East 011C,Theft from the person,Investigation complete; no suspect identified,
6feb1570c6419955cfd2dbea1b48da9571b2eca15ecb6ab41875c20c6ea544f8,2021-12,Cheshire Constabulary,Cheshire Constabulary,-2.112476,53.321489,On or near Roundy Lane,E01018668,Cheshire East 011C,Violence and sexual offences,Court result unavailable,
664f08b55f8386cebd7d8a6c7c01bb9b98d9b175314367bedf13cfb1bfd2bd46,2021-12,Cheshire Constabulary,Cheshire Constabulary,-2.112476,53.321489,On or near Roundy Lane,E01018668,Cheshire East 011C,Violence and sexual offences,Court result unavailable,
c36eaa7dec9806ae16589512be4477987d8740a797cf6d27fb2fa3f634c261bb,2021-12,Cheshire Constabulary,Cheshire Constabulary,-2.092806,53.333191,On or near Park/Open Space,E01018668,Cheshire East 011C,Violence and sexual offences,Unable to prosecute suspect,
9ac7f4397411daf42e643700f61dc99711e6399a6422513c142e48127fe2919e,2021-12,Cheshire Constabulary,Cheshire Constabulary,-2.112476,53.321489,On or near Roundy Lane,E01018668,Cheshire East 011C,Violence and sexual offences,Court result unavailable,
,2021-12,Cheshire Constabulary,Cheshire Constabulary,-2.264780,53.307765,On or near Knutsford Road,E01018572,Cheshire East 012A,Anti-social behaviour,,
69d82fc7eb1ed5d69b5488a16ce5763d758e7383010c77d1cdaa872194eafeb9,2021-12,Cheshire Constabulary,Cheshire Constabulary,-2.237773,53.303516,On or near Sports/Recreation Area,E01018572,Cheshire East 012A,Other theft,Investigation complete; no suspect identified,
90db7218eec78e60496ab577a425c8442d30d3dfa50abcdda813823c2cec7ebf,2021-12,Cheshire Constabulary,Cheshire Constabulary,-2.237773,53.303516,On or near Sports/Recreation Area,E01018572,Cheshire East 012A,Other theft,Unable to prosecute suspect,
f08ae38412fec63ece3fa6ba60fb07bf7f3643b32aa651fbe5311574471aeabb,2021-12,Cheshire Constabulary,Cheshire Constabulary,-2.236734,53.305585,On or near Lynton Lane,E01018572,Cheshire East 012A,Shoplifting,Unable to prosecute suspect,
9581a831a30f49bdcae4302f2f8022471e0f88e0bb1aa65343713a84ebb17448,2021-12,Cheshire Constabulary,Cheshire Constabulary,-2.237773,53.303516,On or near Sports/Recreation Area,E01018572,Cheshire East 012A,Violence and sexual offences,Unable to prosecute suspect,
b80c238a906314879f99094395291b2d7f47018fc67637fb99890b9c85493b8d,2021-12,Cheshire Constabulary,Cheshire Constabulary,-2.240580,53.303636,On or near Meadow Brow,E01018572,Cheshire East 012A,Violence and sexual offences,Unable to prosecute suspect,
b47f342fdf7d0d74780a9b55a335c40c2b2a82d69e391ee3330a6b0e4bde857f,2021-12,Cheshire Constabulary,Cheshire Constabulary,-2.240580,53.303636,On or near Meadow Brow,E01018572,Cheshire East 012A,Violence and sexual offences,Unable to prosecute suspect,
2813f03548872322c2a80a4fbe362291cf0645c85b098656c707d4716d8651b6,2021-12,Cheshire Constabulary,Cheshire Constabulary,-2.264780,53.307765,On or near Knutsford Road,E01018572,Cheshire East 012A,Violence and sexual offences,Unable to prosecute suspect,
0bc4922fd4e7718f1d90741d1a4a0756b7adc19cf0ad32347dc801a10cc6d515,2021-12,Cheshire Constabulary,Cheshire Constabulary,-2.264780,53.307765,On or near Knutsford Road,E01018572,Cheshire East 012A,Violence and sexual offences,Unable to prosecute suspect,
2f47a76745386c1cabba0d445b0e5fd53dca8907eaf25c8f4455e1e9c0a70e01,2021-12,Cheshire Constabulary,Cheshire Constabulary,-2.237773,53.303516,On or near Sports/Recreation Area,E01018572,Cheshire East 012A,Violence and sexual offences,Investigation complete; no suspect identified,
,2021-12,Cheshire Constabulary,Cheshire Constabulary,-2.227968,53.305180,On or near Duke Street,E01018573,Cheshire East 012B,Anti-social behaviour,,
d322a173a9d407b231e311c94d897f585f5740403e7eed26372c9ab995e005b6,2021-12,Cheshire Constabulary,Cheshire Constabulary,-2.223973,53.298833,On or near Croston Close,E01018573,Cheshire East 012B,Burglary,Investigation complete; no suspect identified,
8cf4ce1debf16fefe6d335f438717b76e3a8b846e6f6deb1f1d32ede198e423c,2021-12,Cheshire Constabulary,Cheshire Constabulary,-2.234487,53.300799,On or near Chapel Road,E01018574,Cheshire East 012C,Criminal damage and arson,Investigation complete; no suspect identified,
9d40a957394a5e83fa976e174977c9623771f1c82ff6e5f4fe6bf87259b195c5,2021-12,Cheshire Constabulary,Cheshire Constabulary,-2.236755,53.301226,On or near Brown Street,E01018574,Cheshire East 012C,Public order,Investigation complete; no suspect identified,
1b3b89a118f03611cf06ec69e424eba8cc8b4ddbd18bd06e26420e3542d0b865,2021-12,Cheshire Constabulary,Cheshire Constabulary,-2.237069,53.301018,On or near Green Street,E01018574,Cheshire East 012C,Public order,Unable to prosecute suspect,
4629e5e8fb433ad9353b46e234d2113e43b4540a4234ad9329790c86289e25ba,2021-12,Cheshire Constabulary,Cheshire Constabulary,-2.236537,53.302476,On or near Parking Area,E01018574,Cheshire East 012C,Shoplifting,Investigation complete; no suspect identified,
a85e26dd1ed8863d3f76e8d849e2973a633befd3670d320665cb4ac086693f14,2021-12,Cheshire Constabulary,Cheshire Constabulary,-2.236158,53.301784,On or near London Road,E01018574,Cheshire East 012C,Violence and sexual offences,Investigation complete; no suspect identified,
6a0a9c2b7b345e8bcdf3e817549534de6c56a960fd32cbea79cab9ab2c13175a,2021-12,Cheshire Constabulary,Cheshire Constabulary,-2.230057,53.303019,On or near Moss Lane,E01018574,Cheshire East 012C,Violence and sexual offences,Unable to prosecute suspect,
d582be34f1aa9f8fe42cc6da03ceedce3eb85c4c4d3e3b79fb21c82a77d97c15,2021-12,Cheshire Constabulary,Cheshire Constabulary,-2.237069,53.301018,On or near Green Street,E01018574,Cheshire East 012C,Violence and sexual offences,Unable to prosecute suspect,
f2f9daede020d443e6001fb62bb7dc9817b2bf77db48d5c2312d4567b2aa67b0,2021-12,Cheshire Constabulary,Cheshire Constabulary,-2.237069,53.301018,On or near Green Street,E01018574,Cheshire East 012C,Violence and sexual offences,Unable to prosecute suspect,
,2021-12,Cheshire Constabulary,Cheshire Constabulary,-2.297828,53.303660,On or near Faulkner'S Lane,E01018580,Cheshire East 012D,Anti-social behaviour,,
45da9ce5c2aa3a82aaeec0b683a777d99a0c6260663cc3e61235abab4025076c,2021-12,Cheshire Constabulary,Cheshire Constabulary,-2.271949,53.259946,On or near Congleton Lane,E01018580,Cheshire East 012D,Drugs,Local resolution,
65478bfcbae26c4ae79e84d87eab7e87a7c39d327d6dfaec29b64fd0cbbacbd5,2021-12,Cheshire Constabulary,Cheshire Constabulary,-2.235861,53.264329,On or near Petrol Station,E01018580,Cheshire East 012D,Other theft,Unable to prosecute suspect,
0a11bd67f6d1f104a4733c1849cb549d61afa8f482730caddbf6e6e4f48f1151,2021-12,Cheshire Constabulary,Cheshire Constabulary,-2.218057,53.289199,On or near Park/Open Space,E01018580,Cheshire East 012D,Other theft,Investigation complete; no suspect identified,
b11c573feecadd6e70f8e25613c2a52ed5da42ff2bb863e662567ae9f713fd71,2021-12,Cheshire Constabulary,Cheshire Constabulary,-2.235861,53.264329,On or near Petrol Station,E01018580,Cheshire East 012D,Public order,Unable to prosecute suspect,
f33b06dc0785fdbbde25fbf2f0e1c6c0569e3bf4372009967b29bc7de49bc786,2021-12,Cheshire Constabulary,Cheshire Constabulary,-2.266983,53.278420,On or near Chelford Road,E01018580,Cheshire East 012D,Violence and sexual offences,Unable to prosecute suspect,
380847f6bd7db7c24d36cfbb02a0f767e3a85e50f4b84341b00570e8c9e13740,2021-12,Cheshire Constabulary,Cheshire Constabulary,-2.266983,53.278420,On or near Chelford Road,E01018580,Cheshire East 012D,Violence and sexual offences,Unable to prosecute suspect,
9236573c370c44ba05355163abadb2d55472df657f8848ec22fe2498ffeb1cbd,2021-12,Cheshire Constabulary,Cheshire Constabulary,-2.266983,53.278420,On or near Chelford Road,E01018580,Cheshire East 012D,Violence and sexual offences,Unable to prosecute suspect,
,2021-12,Cheshire Constabulary,Cheshire Constabulary,-2.103410,53.297102,On or near Greenbank Drive,E01018575,Cheshire East 013A,Anti-social behaviour,,
,2021-12,Cheshire Constabulary,Cheshire Constabulary,-2.107099,53.296235,On or near Waterhouse Avenue,E01018575,Cheshire East 013A,Anti-social behaviour,,
,2021-12,Cheshire Constabulary,Cheshire Constabulary,-2.103623,53.298477,On or near Round Gardens,E01018575,Cheshire East 013A,Anti-social behaviour,,
ccd2710c9ccd8e6940e6b1a50dded1108e7f45a8a5d8b50db92382ab90167fae,2021-12,Cheshire Constabulary,Cheshire Constabulary,-2.103623,53.298477,On or near Round Gardens,E01018575,Cheshire East 013A,Public order,Investigation complete; no suspect identified,
f6bad9a1730f4ac45690977854a4d9a1dac815e4953cb42346fbca81a9c62924,2021-12,Cheshire Constabulary,Cheshire Constabulary,-2.110246,53.294857,On or near Supermarket,E01018575,Cheshire East 013A,Public order,Unable to prosecute suspect,
eb5be6d5862889e219166e427bf9c6856da57b8d5b779262c79a0f8db56f55d3,2021-12,Cheshire Constabulary,Cheshire Constabulary,-2.105427,53.299545,On or near Sports/Recreation Area,E01018575,Cheshire East 013A,Violence and sexual offences,Unable to prosecute suspect,
d1c2bc8a68f961377ed10a62d5d065b2cb8a642eae127e9d87e32807b6df3cd8,2021-12,Cheshire Constabulary,Cheshire Constabulary,-2.103623,53.298477,On or near Round Gardens,E01018575,Cheshire East 013A,Violence and sexual offences,Unable to prosecute suspect,
c4f3b3255c945df2e53de9aeecdb46c404e464fd76baa5cdc5d424c6ba4e76de,2021-12,Cheshire Constabulary,Cheshire Constabulary,-2.103623,53.298477,On or near Round Gardens,E01018575,Cheshire East 013A,Violence and sexual offences,Unable to prosecute suspect,
7584479b3844e9066adf80f7629a7b7c440def28b0f9eb01c72da52bf16f5454,2021-12,Cheshire Constabulary,Cheshire Constabulary,-2.091384,53.300204,On or near Beeston Close,E01018576,Cheshire East 013B,Criminal damage and arson,Unable to prosecute suspect,
83a2e36139bb64ef6ad08bfd4655ec731cfe937537d8a0001b9f29f52dec7640,2021-12,Cheshire Constabulary,Cheshire Constabulary,-2.097891,53.298275,On or near Palmerston Street,E01018576,Cheshire East 013B,Other theft,Investigation complete; no suspect identified,
7221280dd6992dcddc35ee2a6a1e21fd7c63bbe5b9b8363cf0118c48fe59033a,2021-12,Cheshire Constabulary,Cheshire Constabulary,-2.091384,53.300204,On or near Beeston Close,E01018576,Cheshire East 013B,Public order,Unable to prosecute suspect,
899ba27b662f2f37b13773236c2da3e5f38e78d59a4bffb998f670fe42eb12ea,2021-12,Cheshire Constabulary,Cheshire Constabulary,-2.096239,53.297503,On or near Store Street,E01018576,Cheshire East 013B,Public order,Investigation complete; no suspect identified,
049db00520eeb798c7d0990b30edb8c1f6e17e19b9129e9619de0c33f2cc496d,2021-12,Cheshire Constabulary,Cheshire Constabulary,-2.091404,53.295637,On or near Ingersley Vale,E01018577,Cheshire East 013C,Public order,Local resolution,
c99180bf08e721439a23dbdc0a61041de31032ed05ca114d4c38ea92d99dcc03,2021-12,Cheshire Constabulary,Cheshire Constabulary,-2.101037,53.296142,On or near Poplar Grove,E01018577,Cheshire East 013C,Public order,Unable to prosecute suspect,
627de7ebb8e62eb74aa407a5a4fb2e0022992e6179b7b9f97b30c3c56ac6bb30,2021-12,Cheshire Constabulary,Cheshire Constabulary,-2.104888,53.294080,On or near Cedarway,E01018577,Cheshire East 013C,Violence and sexual offences,Court result unavailable,
30b15a111f5cce82dac2c43c742d6df9cfdee632b28665ca5fe5b48277dbe372,2021-12,Cheshire Constabulary,Cheshire Constabulary,-2.091404,53.295637,On or near Ingersley Vale,E01018577,Cheshire East 013C,Violence and sexual offences,Unable to prosecute suspect,
80735fed3d0dbc1aebce19e025ac164db4eab4e9fdd113266fc34aa7cc19a384,2021-12,Cheshire Constabulary,Cheshire Constabulary,-2.091404,53.295637,On or near Ingersley Vale,E01018577,Cheshire East 013C,Violence and sexual offences,Unable to prosecute suspect,
5a1f7f1d33d4c1dfb7e404a214445938d4442af8d92583ef0cebebe323f25740,2021-12,Cheshire Constabulary,Cheshire Constabulary,-2.096569,53.290833,On or near Redway Lane,E01018577,Cheshire East 013C,Violence and sexual offences,Investigation complete; no suspect identified,
62e31728dbdbda9a48d40beb393bf92bdb434b9bc704177772b2f1480f56f2b9,2021-12,Cheshire Constabulary,Cheshire Constabulary,-2.098507,53.292072,On or near Jackson Lane,E01018577,Cheshire East 013C,Violence and sexual offences,Unable to prosecute suspect,
,2021-12,Cheshire Constabulary,Cheshire Constabulary,-2.115227,53.295032,On or near Albert Road,E01018578,Cheshire East 013D,Anti-social behaviour,,
,2021-12,Cheshire Constabulary,Cheshire Constabulary,-2.113990,53.292184,On or near Henshall Road,E01018578,Cheshire East 013D,Anti-social behaviour,,
424051744bd760afb25963349a98853d3f0f969744aec1eae39bfb9e6dbad940,2021-12,Cheshire Constabulary,Cheshire Constabulary,-2.115227,53.295032,On or near Albert Road,E01018578,Cheshire East 013D,Public order,Unable to prosecute suspect,
b7a0f2b7cb3c824960ba4f0ccb457b7ed46093e7ba1bacb1204dc15b868fa88f,2021-12,Cheshire Constabulary,Cheshire Constabulary,-2.119401,53.296008,On or near Woodlea Drive,E01018578,Cheshire East 013D,Violence and sexual offences,Unable to prosecute suspect,
1d6b11269b3c66f8f1f9e158620eea4c2f2fc7f0adad801ae920152a1d0ed990,2021-12,Cheshire Constabulary,Cheshire Constabulary,-2.119401,53.296008,On or near Woodlea Drive,E01018578,Cheshire East 013D,Violence and sexual offences,Unable to prosecute suspect,
,2021-12,Cheshire Constabulary,Cheshire Constabulary,-2.117236,53.289089,On or near Heath Road,E01018579,Cheshire East 013E,Anti-social behaviour,,
d5ed97567d65964cfab644e9c81b6838b17eb3e60ef7a99c6347182aa4c4e150,2021-12,Cheshire Constabulary,Cheshire Constabulary,-2.113994,53.288382,On or near Crossfield Road,E01018579,Cheshire East 013E,Burglary,Investigation complete; no suspect identified,
88ea5ec203c3b06c3118736dd6e478e7c99f433aacf2a1f80f094b535723d43b,2021-12,Cheshire Constabulary,Cheshire Constabulary,-2.113994,53.288382,On or near Crossfield Road,E01018579,Cheshire East 013E,Criminal damage and arson,Unable to prosecute suspect,
3668a02e45fd936b97d26c7be876041fdc4a2b191bb1e9af613abddfdd8d7010,2021-12,Cheshire Constabulary,Cheshire Constabulary,-2.120322,53.287333,On or near Bollington Road,E01018579,Cheshire East 013E,Drugs,Local resolution,
71d4a93f51d2b17fa1be0c91e06860bbfca6dbb1be4c60a507440d1dfd5934c4,2021-12,Cheshire Constabulary,Cheshire Constabulary,-2.122562,53.284032,On or near Springwood Way,E01018579,Cheshire East 013E,Violence and sexual offences,Unable to prosecute suspect,
,2021-12,Cheshire Constabulary,Cheshire Constabulary,-2.119564,53.273716,On or near The Silk Road,E01018641,Cheshire East 014A,Anti-social behaviour,,
,2021-12,Cheshire Constabulary,Cheshire Constabulary,-2.118140,53.279344,On or near Tewkesbury Drive,E01018641,Cheshire East 014A,Anti-social behaviour,,
,2021-12,Cheshire Constabulary,Cheshire Constabulary,-2.122131,53.274837,On or near Orme Close,E01018641,Cheshire East 014A,Anti-social behaviour,,
caeb708b6385dcc15d5f139cbf94a53b78c2e867caf29a399413deb2aa37458c,2021-12,Cheshire Constabulary,Cheshire Constabulary,-2.119725,53.277725,On or near Rugby Close,E01018641,Cheshire East 014A,Other theft,Investigation complete; no suspect identified,
8834237bb75e2b2d44c4f3b9f906f86ca2ee3d2f35a49b8549a84b4cb3ea1473,2021-12,Cheshire Constabulary,Cheshire Constabulary,-2.125520,53.274905,On or near Fitz Crescent,E01018641,Cheshire East 014A,Public order,Investigation complete; no suspect identified,
a293fbc8bfab9beae4d85f62f87426e0a1eb2b3a1f89499bd6d60e57368c4a61,2021-12,Cheshire Constabulary,Cheshire Constabulary,-2.119725,53.277725,On or near Rugby Close,E01018641,Cheshire East 014A,Violence and sexual offences,Unable to prosecute suspect,
57b0dc84d42e071924ba926802dcd9a8c0de167d3d3c8d0d9c37863de01439ca,2021-12,Cheshire Constabulary,Cheshire Constabulary,-2.135383,53.273645,On or near Farmfield Drive,E01018642,Cheshire East 014B,Criminal damage and arson,Investigation complete; no suspect identified,
ead09e32392e55e7f2865a0f646ab645996cb95e07330802edf42880533dcae8,2021-12,Cheshire Constabulary,Cheshire Constabulary,-2.135383,53.273645,On or near Farmfield Drive,E01018642,Cheshire East 014B,Criminal damage and arson,Investigation complete; no suspect identified,
d6193f5db82643379dd03052df803df6dd025df0f4ddcd4c7a61d1f264affad9,2021-12,Cheshire Constabulary,Cheshire Constabulary,-2.130794,53.273228,On or near Ryebank Way,E01018642,Cheshire East 014B,Violence and sexual offences,Investigation complete; no suspect identified,
b6d1d1eadfd45751637a21d23aa886997a0a6504419c314d8e27d76971773dab,2021-12,Cheshire Constabulary,Cheshire Constabulary,-2.131867,53.271087,On or near Houghley Close,E01018642,Cheshire East 014B,Violence and sexual offences,Unable to prosecute suspect,
217922bdfc0fa9d53705e4e01423498f566e65eb9b42981d29ff11e0af7af1e0,2021-12,Cheshire Constabulary,Cheshire Constabulary,-2.131598,53.276454,On or near Hexham Way,E01018643,Cheshire East 014C,Public order,Unable to prosecute suspect,
9dce9354510cd800f6142be46bd395c0215b7ae5079267ffadc4107df00c592d,2021-12,Cheshire Constabulary,Cheshire Constabulary,-2.131363,53.277829,On or near Newmarket Close,E01018643,Cheshire East 014C,Violence and sexual offences,Unable to prosecute suspect,
e386ee0b44adeaf3c6d167f92e61d0e4fde9ff5968fd017ed6e90db8ecbd2250,2021-12,Cheshire Constabulary,Cheshire Constabulary,-2.130132,53.277669,On or near Cheltenham Close,E01018643,Cheshire East 014C,Violence and sexual offences,Unable to prosecute suspect,
981cd5de8bbcc2db9dcce4820e3041548fcba76dda681f3c4d202a46e6f49532,2021-12,Cheshire Constabulary,Cheshire Constabulary,-2.130132,53.277669,On or near Cheltenham Close,E01018643,Cheshire East 014C,Violence and sexual offences,Unable to prosecute suspect,
ce47dce7eced34e4b8de7ecf068bc69bc067361f3b26875ae36fb43c7046c165,2021-12,Cheshire Constabulary,Cheshire Constabulary,-2.130132,53.277669,On or near Cheltenham Close,E01018643,Cheshire East 014C,Violence and sexual offences,Unable to prosecute suspect,
33ee2b93c9f69e628fe0cbe9e8a4c01f986fe307768c56dd885e09687385843c,2021-12,Cheshire Constabulary,Cheshire Constabulary,-2.130132,53.277669,On or near Cheltenham Close,E01018643,Cheshire East 014C,Violence and sexual offences,Unable to prosecute suspect,
a8a8eabe01c8056942103894eb70a67088224b96b6707269ae9671e814cd7ee0,2021-12,Cheshire Constabulary,Cheshire Constabulary,-2.130132,53.277669,On or near Cheltenham Close,E01018643,Cheshire East 014C,Violence and sexual offences,Unable to prosecute suspect,
7a7e4267da5323c2c53974fee055fd10f22a266b6071b018b1ad50f3b739b39c,2021-12,Cheshire Constabulary,Cheshire Constabulary,-2.130132,53.277669,On or near Cheltenham Close,E01018643,Cheshire East 014C,Violence and sexual offences,Unable to prosecute suspect,
66d120a061acbb0d063ef84aba24c8d54b6be426ce48a7afc811e755a754747a,2021-12,Cheshire Constabulary,Cheshire Constabulary,-2.130132,53.277669,On or near Cheltenham Close,E01018643,Cheshire East 014C,Violence and sexual offences,Unable to prosecute suspect,
fa2bca833bd5f7a47ee614ce179d9db2b3e7f8678ecae240758e205d9c010e31,2021-12,Cheshire Constabulary,Cheshire Constabulary,-2.120952,53.282209,On or near Springwood Way,E01018643,Cheshire East 014C,Violence and sexual offences,Unable to prosecute suspect,
,2021-12,Cheshire Constabulary,Cheshire Constabulary,-2.127395,53.275074,On or near Shopping Area,E01018644,Cheshire East 014D,Anti-social behaviour,,
5e330e2145505d017ad1efbf675a82e595bd91eb0ad348dd52ae4018bdc962a2,2021-12,Cheshire Constabulary,Cheshire Constabulary,-2.125045,53.271319,On or near Badger Road,E01018644,Cheshire East 014D,Violence and sexual offences,Unable to prosecute suspect,
41cdb0ea73f49b9ab7571fc14fa572f8e0a730f495662e6a481d67d7eda3678b,2021-12,Cheshire Constabulary,Cheshire Constabulary,-2.127395,53.275074,On or near Shopping Area,E01018644,Cheshire East 014D,Violence and sexual offences,Unable to prosecute suspect,
42a555fa922a0c619195ca7b1090b45fcc589a105d10de5d19ec9d9dceae32d4,2021-12,Cheshire Constabulary,Cheshire Constabulary,-2.149310,53.263866,On or near Argyll Close,E01018614,Cheshire East 015A,Public order,Unable to prosecute suspect,
4a94ad1e657dd94a8386a00d7eabfeb31aff7606a19ba1b9b7482a665c120a78,2021-12,Cheshire Constabulary,Cheshire Constabulary,-2.148868,53.261683,On or near Tabley Close,E01018614,Cheshire East 015A,Public order,Unable to prosecute suspect,
1005fb23a98ba0529de9647fb0d19df88c905a3e5d500b3b72a28aff4291717b,2021-12,Cheshire Constabulary,Cheshire Constabulary,-2.154442,53.265226,On or near Wellesbourne Close,E01018614,Cheshire East 015A,Vehicle crime,Investigation complete; no suspect identified,
6ef765f328ecb9f0d97236b3e87700528246e50b9f09670e2f5e33d892b0533a,2021-12,Cheshire Constabulary,Cheshire Constabulary,-2.154490,53.261783,On or near Kensington Square,E01018614,Cheshire East 015A,Violence and sexual offences,Unable to prosecute suspect,
af5ae4c9dfbc54aa8aa8f2f05f7b6988cf2c0a1707708a206a3f484a1413b5e0,2021-12,Cheshire Constabulary,Cheshire Constabulary,-2.148868,53.261683,On or near Tabley Close,E01018614,Cheshire East 015A,Violence and sexual offences,Unable to prosecute suspect,
fad8a335ce1a959259db522a978a31815cf3540e7182cfab3e7be96f859c197f,2021-12,Cheshire Constabulary,Cheshire Constabulary,-2.159095,53.262452,On or near Landseer Drive,E01018614,Cheshire East 015A,Violence and sexual offences,Unable to prosecute suspect,
9748d827d901f12ecd7d62ea152e52d0bc94d2d85eba8d6d23e2ad0e367f4e89,2021-12,Cheshire Constabulary,Cheshire Constabulary,-2.147960,53.263742,On or near Royal Meadows,E01018614,Cheshire East 015A,Violence and sexual offences,Unable to prosecute suspect,
69b78c75694fb9231ee14d04c7f6b306262a56109ffbf2007b5feea830b0683e,2021-12,Cheshire Constabulary,Cheshire Constabulary,-2.147960,53.263742,On or near Royal Meadows,E01018614,Cheshire East 015A,Other crime,Unable to prosecute suspect,
,2021-12,Cheshire Constabulary,Cheshire Constabulary,-2.156735,53.269160,On or near Donagh Close,E01018618,Cheshire East 015B,Anti-social behaviour,,
aab97e1d0a3de0a13e04eacd2fd97c4b48ebe8cc4faa35e5080e40542acaff8a,2021-12,Cheshire Constabulary,Cheshire Constabulary,-2.156735,53.269160,On or near Donagh Close,E01018618,Cheshire East 015B,Criminal damage and arson,Court result unavailable,
5ff978a09bc92c19fa3173ad4bac30d15dc93dfbe330cdd4f5034d1086332038,2021-12,Cheshire Constabulary,Cheshire Constabulary,-2.156735,53.269160,On or near Donagh Close,E01018618,Cheshire East 015B,Violence and sexual offences,Unable to prosecute suspect,
a02fe5781a9e79653965e6916308ca4fe38d766be92b823b29c206e1f5a4b6bc,2021-12,Cheshire Constabulary,Cheshire Constabulary,-2.156735,53.269160,On or near Donagh Close,E01018618,Cheshire East 015B,Violence and sexual offences,Unable to prosecute suspect,
ecf87d3bd350652a707df37341dc94ee06413f49f13668960ac0a5d1d732457c,2021-12,Cheshire Constabulary,Cheshire Constabulary,-2.156735,53.269160,On or near Donagh Close,E01018618,Cheshire East 015B,Violence and sexual offences,Unable to prosecute suspect,
15e1efa39b4057403f509c188bace865c1fd84588a698bf2d092fd31aeb76f39,2021-12,Cheshire Constabulary,Cheshire Constabulary,-2.156607,53.266868,On or near Suffolk Close,E01018618,Cheshire East 015B,Violence and sexual offences,Unable to prosecute suspect,
822f506fed201fe0ddb60d4a07c81ea4bad35461b3cf285e3ff0912b571941f3,2021-12,Cheshire Constabulary,Cheshire Constabulary,-2.156607,53.266868,On or near Suffolk Close,E01018618,Cheshire East 015B,Violence and sexual offences,Offender given a caution,
6be7e8bffd6bcd121b06b9553641ce24de462d693d089acc776792277045d2de,2021-12,Cheshire Constabulary,Cheshire Constabulary,-2.160844,53.265164,On or near Rayleigh Way,E01018618,Cheshire East 015B,Violence and sexual offences,Unable to prosecute suspect,
ccb3e5f95ef12206d3e359cb2c0eaa7a19ddd15f17962a79b0623eacf79c399c,2021-12,Cheshire Constabulary,Cheshire Constabulary,-2.159140,53.266748,On or near Cornwall Close,E01018618,Cheshire East 015B,Violence and sexual offences,Unable to prosecute suspect,
6dc5e8312f59e8db7a0e09eef391f007fdb5ddb84b8a825aec59d43001e37cbe,2021-12,Cheshire Constabulary,Cheshire Constabulary,-2.159140,53.266748,On or near Cornwall Close,E01018618,Cheshire East 015B,Violence and sexual offences,Unable to prosecute suspect,
5c2f412398da54d6caa1dde19386e4591aa99b81b9f49094e7265fc5c3e22843,2021-12,Cheshire Constabulary,Cheshire Constabulary,-2.156735,53.269160,On or near Donagh Close,E01018618,Cheshire East 015B,Violence and sexual offences,Unable to prosecute suspect,
ff25cf76ae62c95c8c1b8842d0d890b48e8c6c5edfb5f453c5a5fa2c30e54a62,2021-12,Cheshire Constabulary,Cheshire Constabulary,-2.156735,53.269160,On or near Donagh Close,E01018618,Cheshire East 015B,Violence and sexual offences,Unable to prosecute suspect,
d3dd4320e83c16fa089d4129be24df0dac39983e821bc5fa6904c35939729be0,2021-12,Cheshire Constabulary,Cheshire Constabulary,-2.158696,53.268160,On or near Becks Lane,E01018618,Cheshire East 015B,Violence and sexual offences,Offender given a caution,
,2021-12,Cheshire Constabulary,Cheshire Constabulary,-2.154267,53.266611,On or near Merrydale Close,E01018620,Cheshire East 015D,Anti-social behaviour,,
6d86647a0e12d22b486a1465f659114495e6978d144a03504a447249e083aff5,2021-12,Cheshire Constabulary,Cheshire Constabulary,-2.153832,53.270647,On or near Stirling Close,E01018620,Cheshire East 015D,Public order,Unable to prosecute suspect,
0012b68a6ab5b769517f08759df1f60bf86c8c4426f5437d8134beeea8196919,2021-12,Cheshire Constabulary,Cheshire Constabulary,-2.153832,53.270647,On or near Stirling Close,E01018620,Cheshire East 015D,Public order,Unable to prosecute suspect,
13826a717036376e21594b1e2f59a19e410fdc3d0d9e013987301c3675b12e27,2021-12,Cheshire Constabulary,Cheshire Constabulary,-2.154588,53.268147,On or near Supermarket,E01018620,Cheshire East 015D,Shoplifting,Investigation complete; no suspect identified,
6bf18ea339565e5292308e411c1ee8e422006adc3e9ea6b1efbe20b7e874b9ef,2021-12,Cheshire Constabulary,Cheshire Constabulary,-2.154588,53.268147,On or near Supermarket,E01018620,Cheshire East 015D,Shoplifting,Investigation complete; no suspect identified,
e4aa7051662c5493261dc0e70b58bf77f71520ab795ad920c90c1cd950e286c5,2021-12,Cheshire Constabulary,Cheshire Constabulary,-2.154565,53.270251,On or near Renfrew Close,E01018620,Cheshire East 015D,Violence and sexual offences,Investigation complete; no suspect identified,
26dcb9515019491b329a9362b9cf4827a799530a6f1ca49b5046f6895391495b,2021-12,Cheshire Constabulary,Cheshire Constabulary,-2.154975,53.271563,On or near Berwick Close,E01018620,Cheshire East 015D,Violence and sexual offences,Unable to prosecute suspect,
3d24ddac1c84cbc1a790b82fd926983f507d35f5d36100dc846930cf47282111,2021-12,Cheshire Constabulary,Cheshire Constabulary,-2.154588,53.268147,On or near Supermarket,E01018620,Cheshire East 015D,Violence and sexual offences,Unable to prosecute suspect,
4d9a5c96f34cc7d480c830e9f3c3699956f5ac6975bce46ff54edb6b7f3efe06,2021-12,Cheshire Constabulary,Cheshire Constabulary,-2.158769,53.259513,On or near Broken Cross,E01018621,Cheshire East 015E,Violence and sexual offences,Unable to prosecute suspect,
5ea7bfa32634faf835348b305472c0dc47506a2cda9c09099815b0cad8ea95ca,2021-12,Cheshire Constabulary,Cheshire Constabulary,-2.156869,53.260477,On or near Toll Bar Road,E01018621,Cheshire East 015E,Violence and sexual offences,Unable to prosecute suspect,
4e0039360a8ad02fc9d8f5525ee95dfc3e0eb560c4e6ca4272948f6bdd78b859,2021-12,Cheshire Constabulary,Cheshire Constabulary,-2.162669,53.264217,On or near West House Court,E01018621,Cheshire East 015E,Other crime,Further investigation is not in the public interest,
,2021-12,Cheshire Constabulary,Cheshire Constabulary,-2.118679,53.257663,On or near St Paul'S Road,E01018626,Cheshire East 016A,Anti-social behaviour,,
,2021-12,Cheshire Constabulary,Cheshire Constabulary,-2.119097,53.256997,On or near Daintry Street,E01018626,Cheshire East 016A,Anti-social behaviour,,
29fd18634de0e979a855b89918627f034a498211d99e695e59fa435fc2e89496,2021-12,Cheshire Constabulary,Cheshire Constabulary,-2.118679,53.257663,On or near St Paul'S Road,E01018626,Cheshire East 016A,Criminal damage and arson,Investigation complete; no suspect identified,
d515c24ae07d8795d46d05e31cf05292c8ddf4307134f3fab6dae9d1b3f6b66f,2021-12,Cheshire Constabulary,Cheshire Constabulary,-2.118679,53.257663,On or near St Paul'S Road,E01018626,Cheshire East 016A,Criminal damage and arson,Unable to prosecute suspect,
b84673e11e79d51876cdc2a68a205f3b69545069da9fbe13f0e674ff4afd20a7,2021-12,Cheshire Constabulary,Cheshire Constabulary,-2.113263,53.255897,On or near Hollands Place,E01018626,Cheshire East 016A,Criminal damage and arson,Unable to prosecute suspect,
e5791d074e4c90271873dc0e7edb06840dfed04efd26aeb88e29a663975a2a0d,2021-12,Cheshire Constabulary,Cheshire Constabulary,-2.118679,53.257663,On or near St Paul'S Road,E01018626,Cheshire East 016A,Public order,Unable to prosecute suspect,
5daa3ea8383cebd59ab8a257e5393a208fe35d0bda51a9fa48c117fc5839c001,2021-12,Cheshire Constabulary,Cheshire Constabulary,-2.117267,53.256451,On or near Goodall Street,E01018626,Cheshire East 016A,Public order,Investigation complete; no suspect identified,
1587ff1bd4db6358d900fdc283ebdd8f92f914a5882a2112826f707394bf2385,2021-12,Cheshire Constabulary,Cheshire Constabulary,-2.118045,53.256009,On or near Jodrell Street,E01018626,Cheshire East 016A,Public order,Unable to prosecute suspect,
eaed307e4ae03f328e769f23d4687ea6e72fe6147f51690c540d53bbf63bc2f3,2021-12,Cheshire Constabulary,Cheshire Constabulary,-2.119030,53.254265,On or near Knight Street,E01018626,Cheshire East 016A,Vehicle crime,Investigation complete; no suspect identified,
6109f814383027b74052ef6749ea3cd46901393eefee852523612bf20f6eddc1,2021-12,Cheshire Constabulary,Cheshire Constabulary,-2.120542,53.259126,On or near Cuckstoolpit Hill,E01018626,Cheshire East 016A,Vehicle crime,Investigation complete; no suspect identified,
f17968f585cd402c573f9bd0a96682965ea92c10e4a89b67b24c4bf2b9b62d97,2021-12,Cheshire Constabulary,Cheshire Constabulary,-2.118045,53.256009,On or near Jodrell Street,E01018626,Cheshire East 016A,Violence and sexual offences,Unable to prosecute suspect,
a2c1f1217dc59d1a0afed7faa9ed341d783c3cba6e0865cb952898b1a46f2761,2021-12,Cheshire Constabulary,Cheshire Constabulary,-2.118045,53.256009,On or near Jodrell Street,E01018626,Cheshire East 016A,Violence and sexual offences,Investigation complete; no suspect identified,
5faf7f67ce8f2e658a327ca0031e281cfbba0c429ce20ac8d6ea235d07d88258,2021-12,Cheshire Constabulary,Cheshire Constabulary,-2.118732,53.255218,On or near Knight'S Close,E01018626,Cheshire East 016A,Violence and sexual offences,Unable to prosecute suspect,
2b61bf6359c14c24a3e3efddff43e2e1719dc43b0681eb5c24b42d1b58e6364b,2021-12,Cheshire Constabulary,Cheshire Constabulary,-2.118732,53.255218,On or near Knight'S Close,E01018626,Cheshire East 016A,Violence and sexual offences,Unable to prosecute suspect,
132166ab48c27eb23f209cad8e74878331191123cf4f8df2186d8a15b269c0c8,2021-12,Cheshire Constabulary,Cheshire Constabulary,-2.110278,53.254839,On or near Leadbeaters Road,E01018626,Cheshire East 016A,Violence and sexual offences,Unable to prosecute suspect,
693b9826bd8bc265f7fb92ffdcd281892d41cf759ef4ca76c7134b0f54f055ac,2021-12,Cheshire Constabulary,Cheshire Constabulary,-2.119335,53.256368,On or near Leigh Street,E01018626,Cheshire East 016A,Violence and sexual offences,Unable to prosecute suspect,
ead51b49fbec1b3c24cd90612ef1abfbe8ed4a790a6a355f557d8ee2e3cab02f,2021-12,Cheshire Constabulary,Cheshire Constabulary,-2.118732,53.255218,On or near Knight'S Close,E01018626,Cheshire East 016A,Violence and sexual offences,Unable to prosecute suspect,
a19da1ca0933c6f672016b10afa645fc4b0b6a71a71e60d3ef5bf4df4b621305,2021-12,Cheshire Constabulary,Cheshire Constabulary,-2.118045,53.256009,On or near Jodrell Street,E01018626,Cheshire East 016A,Violence and sexual offences,Unable to prosecute suspect,
9db2a899293bd2f0c967e9fb7f2426635cd930430734f97facd5fb5eb78c4173,2021-12,Cheshire Constabulary,Cheshire Constabulary,-2.119030,53.254265,On or near Knight Street,E01018626,Cheshire East 016A,Violence and sexual offences,Unable to prosecute suspect,
718cfcf8d0fc3cc2051be1778f68d61cce49c50ce449dadbb5c73fbe6b89dfe8,2021-12,Cheshire Constabulary,Cheshire Constabulary,-2.085108,53.253152,On or near Teggsnose Lane,E01018628,Cheshire East 016B,Other theft,Investigation complete; no suspect identified,
092b5f85de501dfc9b46a38ef6d1e35c48ef71b9147794c68a2ab4d44d635974,2021-12,Cheshire Constabulary,Cheshire Constabulary,-2.102968,53.257048,On or near Andrew Grove,E01018628,Cheshire East 016B,Robbery,Investigation complete; no suspect identified,
2181bf523cdf3b0fbc50072bf96900f5ae96f1fdc75ca88f04e1282a6ed0afc0,2021-12,Cheshire Constabulary,Cheshire Constabulary,-2.109687,53.258283,On or near Lakelands Close,E01018628,Cheshire East 016B,Vehicle crime,Investigation complete; no suspect identified,
dc9d9fcd2fca842efcba27abe0e943dfe2f3b7e11444fe4d95b52397da080748,2021-12,Cheshire Constabulary,Cheshire Constabulary,-2.108170,53.257214,On or near Buxton Road,E01018628,Cheshire East 016B,Vehicle crime,Investigation complete; no suspect identified,
3435949ad3e68163ed153bae082e02e6a970e85a0eafa7bd0b4a771e716ed511,2021-12,Cheshire Constabulary,Cheshire Constabulary,-2.110014,53.257222,On or near Eddisbury Terrace,E01018628,Cheshire East 016B,Violence and sexual offences,Unable to prosecute suspect,
,2021-12,Cheshire Constabulary,Cheshire Constabulary,-2.122550,53.264077,On or near Supermarket,E01018629,Cheshire East 016C,Anti-social behaviour,,
,2021-12,Cheshire Constabulary,Cheshire Constabulary,-2.119600,53.259792,On or near Buxton Road,E01018629,Cheshire East 016C,Anti-social behaviour,,
,2021-12,Cheshire Constabulary,Cheshire Constabulary,-2.120856,53.264052,On or near Black Lane,E01018629,Cheshire East 016C,Anti-social behaviour,,
,2021-12,Cheshire Constabulary,Cheshire Constabulary,-2.118591,53.263829,On or near Adelaide Street,E01018629,Cheshire East 016C,Anti-social behaviour,,
,2021-12,Cheshire Constabulary,Cheshire Constabulary,-2.122498,53.261650,On or near Gas Road,E01018629,Cheshire East 016C,Anti-social behaviour,,
,2021-12,Cheshire Constabulary,Cheshire Constabulary,-2.118462,53.271353,On or near Snape Road,E01018629,Cheshire East 016C,Anti-social behaviour,,
,2021-12,Cheshire Constabulary,Cheshire Constabulary,-2.117451,53.268990,On or near Chestnut Avenue,E01018629,Cheshire East 016C,Anti-social behaviour,,
,2021-12,Cheshire Constabulary,Cheshire Constabulary,-2.115685,53.264425,On or near The Crescent,E01018629,Cheshire East 016C,Anti-social behaviour,,
a52f0c83f87ade7f04081e31f302153c01e2821be8654f70f75e1ff78b32f367,2021-12,Cheshire Constabulary,Cheshire Constabulary,-2.119305,53.267154,On or near Rowan Way,E01018629,Cheshire East 016C,Criminal damage and arson,Court result unavailable,
8ed5bb46a174b4cc3e08d5d731238d8f13ec9c9ed4252e07eb105ce91511c985,2021-12,Cheshire Constabulary,Cheshire Constabulary,-2.117451,53.268990,On or near Chestnut Avenue,E01018629,Cheshire East 016C,Other theft,Unable to prosecute suspect,
a9703e788acc33bb9cf83b73f97ad7a5c91f258764262b1e9bce040e78ef86b0,2021-12,Cheshire Constabulary,Cheshire Constabulary,-2.119008,53.262849,On or near Percyvale Street,E01018629,Cheshire East 016C,Public order,Investigation complete; no suspect identified,
1142fe6a73b9bd7c6d00aef992ff54b035a84e6b631bb26d7badbffbe047a559,2021-12,Cheshire Constabulary,Cheshire Constabulary,-2.119008,53.262849,On or near Percyvale Street,E01018629,Cheshire East 016C,Robbery,Unable to prosecute suspect,
f63435e265bf88f194cc307d4dbf62149b87921b13f5dac2c28c2bafe01ba1e0,2021-12,Cheshire Constabulary,Cheshire Constabulary,-2.118591,53.263829,On or near Adelaide Street,E01018629,Cheshire East 016C,Shoplifting,Investigation complete; no suspect identified,
6b93113365bf64c19785083b120254160ff341f265469879cc225cc69b2a7b81,2021-12,Cheshire Constabulary,Cheshire Constabulary,-2.122550,53.264077,On or near Supermarket,E01018629,Cheshire East 016C,Shoplifting,Court result unavailable,
1e0a7924c4fd152c2f96f84ab3da04b965c65ceb2643aba40571482c72742487,2021-12,Cheshire Constabulary,Cheshire Constabulary,-2.118591,53.263829,On or near Adelaide Street,E01018629,Cheshire East 016C,Shoplifting,Investigation complete; no suspect identified,
3b5e404595a393ca5f84d6795e50817869e37a4508069da2c2337c3c09aea8c8,2021-12,Cheshire Constabulary,Cheshire Constabulary,-2.118591,53.263829,On or near Adelaide Street,E01018629,Cheshire East 016C,Shoplifting,Unable to prosecute suspect,
e9b0deb9600a6a5deaca33a5d7e5b2cfb5bf0fd72ea79e583ed369ce3822198d,2021-12,Cheshire Constabulary,Cheshire Constabulary,-2.122550,53.264077,On or near Supermarket,E01018629,Cheshire East 016C,Shoplifting,Investigation complete; no suspect identified,
e6de0c7032ed8e2125e975b963feaa5582fc62500e0f927a9272bb88f147822b,2021-12,Cheshire Constabulary,Cheshire Constabulary,-2.122550,53.264077,On or near Supermarket,E01018629,Cheshire East 016C,Shoplifting,Unable to prosecute suspect,
d26a0a962f8c49c21aa122abeb35aeb7b2dbaad02a70a70c3f5b33553fd7ee24,2021-12,Cheshire Constabulary,Cheshire Constabulary,-2.122550,53.264077,On or near Supermarket,E01018629,Cheshire East 016C,Vehicle crime,Investigation complete; no suspect identified,
96d8b93c991f924062934916826e615b85950038ce7eb1ea0bd765fa72c422c7,2021-12,Cheshire Constabulary,Cheshire Constabulary,-2.120834,53.261643,On or near Davies Street,E01018629,Cheshire East 016C,Vehicle crime,Investigation complete; no suspect identified,
021daed07e850e74c6ca25269800452f401e28d43f1d9839c1ecbc57f84f16c0,2021-12,Cheshire Constabulary,Cheshire Constabulary,-2.118794,53.266624,On or near Lowerfield Road,E01018629,Cheshire East 016C,Violence and sexual offences,Investigation complete; no suspect identified,
0c949aad9a6b1a7da6bd40b5c1bea871016a109f301f4f271bac972c3341fb8e,2021-12,Cheshire Constabulary,Cheshire Constabulary,-2.119008,53.262849,On or near Percyvale Street,E01018629,Cheshire East 016C,Violence and sexual offences,Unable to prosecute suspect,
3cbd19d3c5e15a01a9e5bd95340b439714dc1c8bb187700ffc91a2f63cd59a84,2021-12,Cheshire Constabulary,Cheshire Constabulary,-2.122550,53.264077,On or near Supermarket,E01018629,Cheshire East 016C,Violence and sexual offences,Unable to prosecute suspect,
be230e5c5f9b9928456475c236bae3acf137842d06b9422ba29e6fb4d46b7e56,2021-12,Cheshire Constabulary,Cheshire Constabulary,-2.119008,53.262849,On or near Percyvale Street,E01018629,Cheshire East 016C,Violence and sexual offences,Unable to prosecute suspect,
8a65dcd521ddf04d5155d79fb6c266e3f4c9bbc37a318bcb6feb31c94832de86,2021-12,Cheshire Constabulary,Cheshire Constabulary,-2.120226,53.264151,On or near Garden Street,E01018629,Cheshire East 016C,Violence and sexual offences,Unable to prosecute suspect,
c403a925b0af543bdb6b777b357a98fe9309340f8656624ec757072bd8400bf0,2021-12,Cheshire Constabulary,Cheshire Constabulary,-2.117451,53.268990,On or near Chestnut Avenue,E01018629,Cheshire East 016C,Violence and sexual offences,Unable to prosecute suspect,
ce8275d71471c643b989fb15256be149b968d2d0d07e7e3528460f2ed70c56d2,2021-12,Cheshire Constabulary,Cheshire Constabulary,-2.122550,53.264077,On or near Supermarket,E01018629,Cheshire East 016C,Violence and sexual offences,Unable to prosecute suspect,
,2021-12,Cheshire Constabulary,Cheshire Constabulary,-2.112302,53.266676,On or near Conway Crescent,E01018630,Cheshire East 016D,Anti-social behaviour,,
a7f4918c52fe29c0e9677db8eff55857c1a020e26ad79b7e2385be7b4dc559a5,2021-12,Cheshire Constabulary,Cheshire Constabulary,-2.109890,53.267154,On or near Sports/Recreation Area,E01018630,Cheshire East 016D,Other theft,Investigation complete; no suspect identified,
16abd8ab1c48d5ea48146370b98d15830413403d196da1e65e991b9fb6de34e7,2021-12,Cheshire Constabulary,Cheshire Constabulary,-2.109890,53.267154,On or near Sports/Recreation Area,E01018630,Cheshire East 016D,Other theft,Investigation complete; no suspect identified,
be645ea4564c3b1018fef081be6a9ba65298d2edb675f9e727e01fbd984cce92,2021-12,Cheshire Constabulary,Cheshire Constabulary,-2.114350,53.264498,On or near Hurdsfield Road,E01018630,Cheshire East 016D,Public order,Unable to prosecute suspect,
7f4d5dbd07c240ed9e4b9001e0788e7cbf7cb47ca39192fc109ce96ec676292a,2021-12,Cheshire Constabulary,Cheshire Constabulary,-2.111625,53.265517,On or near Timber Street,E01018630,Cheshire East 016D,Public order,Unable to prosecute suspect,
bc8b70c39c56e71477b148b08b52d1a7b7ed8b9e451beafa171f9789dc5b766b,2021-12,Cheshire Constabulary,Cheshire Constabulary,-2.111625,53.265517,On or near Timber Street,E01018630,Cheshire East 016D,Public order,Unable to prosecute suspect,
877b64f027291cf4a4ee29bc66e7e55c2d93b5a534503aed649d23e53a6a5085,2021-12,Cheshire Constabulary,Cheshire Constabulary,-2.114215,53.264238,On or near Bamford Street,E01018630,Cheshire East 016D,Vehicle crime,Investigation complete; no suspect identified,
9f76188593d165070164587141a568656d8daa2af63ef8d62e707ea34e734e08,2021-12,Cheshire Constabulary,Cheshire Constabulary,-2.114574,53.264112,On or near Lansdowne Street,E01018630,Cheshire East 016D,Vehicle crime,Investigation complete; no suspect identified,
d67d49a8d67f53bb3b5b2912975bc5e498f712f464ad266f77f29ce06ed304b8,2021-12,Cheshire Constabulary,Cheshire Constabulary,-2.109890,53.267154,On or near Sports/Recreation Area,E01018630,Cheshire East 016D,Violence and sexual offences,Investigation complete; no suspect identified,
753daf0d30e763d7782b2e3276493dd6a6245afeb280506a4b79cb71bb8eb231,2021-12,Cheshire Constabulary,Cheshire Constabulary,-2.111625,53.265517,On or near Timber Street,E01018630,Cheshire East 016D,Violence and sexual offences,Unable to prosecute suspect,
cc078d6f1533c0eac6eca3970e8d0d4fbf46c3b3cd8f46f42b4978dee51cab36,2021-12,Cheshire Constabulary,Cheshire Constabulary,-2.114350,53.264498,On or near Hurdsfield Road,E01018630,Cheshire East 016D,Violence and sexual offences,Unable to prosecute suspect,
f276d720c9c5f5a4d435ab81ae17cb2b986cf71b5c0009a4265ebb9727bc6416,2021-12,Cheshire Constabulary,Cheshire Constabulary,-2.111625,53.265517,On or near Timber Street,E01018630,Cheshire East 016D,Violence and sexual offences,Unable to prosecute suspect,
cde11bda5265b1d09a896c34075677075bad37fe98d319dfdaaaf92d136c1f91,2021-12,Cheshire Constabulary,Cheshire Constabulary,-2.111625,53.265517,On or near Timber Street,E01018630,Cheshire East 016D,Violence and sexual offences,Unable to prosecute suspect,
7b28a20225e8020dea01078f2fb9fce84ce44076f3e2c2e1ae9949c946a6a814,2021-12,Cheshire Constabulary,Cheshire Constabulary,-2.114563,53.265406,On or near Brocklehurst Avenue,E01018630,Cheshire East 016D,Violence and sexual offences,Unable to prosecute suspect,
9002a5c43476a166b83274fb466ae8eaab3c3e496afc30f899d2a2ff0e48e183,2021-12,Cheshire Constabulary,Cheshire Constabulary,-2.114563,53.265406,On or near Brocklehurst Avenue,E01018630,Cheshire East 016D,Violence and sexual offences,Unable to prosecute suspect,
8b9a2cd9f662f435386f463d9b6e26cb21dad6b37f665d801b3646e13228110f,2021-12,Cheshire Constabulary,Cheshire Constabulary,-2.115641,53.264974,On or near Mulberry Drive,E01018630,Cheshire East 016D,Violence and sexual offences,Court result unavailable,
c925dd639314ec19e12e2a15f8d669f68e1891c2ad933abba9c0f4b45596e4a7,2021-12,Cheshire Constabulary,Cheshire Constabulary,-2.113390,53.264302,On or near Trinity Square,E01018630,Cheshire East 016D,Violence and sexual offences,Unable to prosecute suspect,
a8d67270c7789e01e2a192bde82f293248010027c71f3ae9ec6cfbf3a210d3ea,2021-12,Cheshire Constabulary,Cheshire Constabulary,-2.114563,53.265406,On or near Brocklehurst Avenue,E01018630,Cheshire East 016D,Violence and sexual offences,Court result unavailable,
73c48a1ebd7642307acb421e2e81cdb43e76c8edfd04e7f5416e11e29285b0f4,2021-12,Cheshire Constabulary,Cheshire Constabulary,-2.111625,53.265517,On or near Timber Street,E01018630,Cheshire East 016D,Violence and sexual offences,Status update unavailable,
,2021-12,Cheshire Constabulary,Cheshire Constabulary,-2.114572,53.268705,On or near Whitecroft Court,E01018631,Cheshire East 016E,Anti-social behaviour,,
,2021-12,Cheshire Constabulary,Cheshire Constabulary,-2.114572,53.268705,On or near Whitecroft Court,E01018631,Cheshire East 016E,Anti-social behaviour,,
,2021-12,Cheshire Constabulary,Cheshire Constabulary,-2.113645,53.269767,On or near Balmoral Crescent,E01018631,Cheshire East 016E,Anti-social behaviour,,
,2021-12,Cheshire Constabulary,Cheshire Constabulary,-2.114179,53.267618,On or near Carisbrook Avenue,E01018631,Cheshire East 016E,Anti-social behaviour,,
f3e2527cf2dfa4e9a74582a205a6171cab7e39b2654e63056202be961b1de253,2021-12,Cheshire Constabulary,Cheshire Constabulary,-2.114572,53.268705,On or near Whitecroft Court,E01018631,Cheshire East 016E,Public order,Unable to prosecute suspect,
c8051b9c4a7543ba87551bab4b3380578df8fc808f28ce67898f0e38df4bdfcf,2021-12,Cheshire Constabulary,Cheshire Constabulary,-2.108558,53.268225,On or near Delamere Drive,E01018631,Cheshire East 016E,Violence and sexual offences,Unable to prosecute suspect,
c11ffebd5af551cc560cc6239ae712dd5f6a3d16c7898a06f4529e37d80f0891,2021-12,Cheshire Constabulary,Cheshire Constabulary,-2.112068,53.268896,On or near Arundel Close,E01018631,Cheshire East 016E,Violence and sexual offences,Unable to prosecute suspect,
e9f189144fb2991f9dc860c3a9b8783e6f0e286c64bcb3c697873b57c847c985,2021-12,Cheshire Constabulary,Cheshire Constabulary,-2.114179,53.267618,On or near Carisbrook Avenue,E01018631,Cheshire East 016E,Violence and sexual offences,Unable to prosecute suspect,
3d471c5ebd71627da858d864cb5913969fb64b6b7aae0d9206bc1b3c3c8373d9,2021-12,Cheshire Constabulary,Cheshire Constabulary,-2.112068,53.268896,On or near Arundel Close,E01018631,Cheshire East 016E,Violence and sexual offences,Unable to prosecute suspect,
10f339082efaaca88d138b334b9d092cf70d26716ffec2b213d4a73e22a4a549,2021-12,Cheshire Constabulary,Cheshire Constabulary,-2.114179,53.267618,On or near Carisbrook Avenue,E01018631,Cheshire East 016E,Violence and sexual offences,Unable to prosecute suspect,
33623e234a253241861bb56d3a90847d251a4e88ef70f4523b541a36aa86a6ea,2021-12,Cheshire Constabulary,Cheshire Constabulary,-2.115500,53.268246,On or near Elm Drive,E01018631,Cheshire East 016E,Violence and sexual offences,Court result unavailable,
16fb8044845e22678d17104416b28c22d011cc715052b9c79b235f849ecc72c9,2021-12,Cheshire Constabulary,Cheshire Constabulary,-2.112068,53.268896,On or near Arundel Close,E01018631,Cheshire East 016E,Violence and sexual offences,Unable to prosecute suspect,
782dda4c13d19ed665ade08082d519d2540e12fc0f4fcb425c02f39af2908299,2021-12,Cheshire Constabulary,Cheshire Constabulary,-2.108558,53.268225,On or near Delamere Drive,E01018631,Cheshire East 016E,Violence and sexual offences,Unable to prosecute suspect,
,2021-12,Cheshire Constabulary,Cheshire Constabulary,-2.132621,53.262862,On or near Supermarket,E01018615,Cheshire East 017A,Anti-social behaviour,,
4a89c1da2948871bdf2168f5ee2ceb0f71222f90737b3ccdfe0929d05cd919f9,2021-12,Cheshire Constabulary,Cheshire Constabulary,-2.127427,53.265591,On or near Beech Lane,E01018615,Cheshire East 017A,Burglary,Unable to prosecute suspect,
13c542e3b1c1104a7759ad4bcebcbfc9859dba8e4cceb3a56277cd6715ca8bf2,2021-12,Cheshire Constabulary,Cheshire Constabulary,-2.127838,53.262786,On or near Tunnicliffe Street,E01018615,Cheshire East 017A,Burglary,Investigation complete; no suspect identified,
98b1fd945fc9238fd0bf4db07e2405ad286a75be560516e9de0d419d9aa76eff,2021-12,Cheshire Constabulary,Cheshire Constabulary,-2.133663,53.265206,On or near Westbrook Drive,E01018615,Cheshire East 017A,Burglary,Unable to prosecute suspect,
6c31ef2224e3397787e99fd2b6c0691a3cbd3c75351ca3c40fc9a347a06f429e,2021-12,Cheshire Constabulary,Cheshire Constabulary,-2.125024,53.264299,On or near Station Street,E01018615,Cheshire East 017A,Criminal damage and arson,Unable to prosecute suspect,
6f9bc649713c8656ea41ea2d24e13d296e729406a80025c9063c229b632fb618,2021-12,Cheshire Constabulary,Cheshire Constabulary,-2.128850,53.265158,On or near Northgate Avenue,E01018615,Cheshire East 017A,Criminal damage and arson,Unable to prosecute suspect,
e3331f2f7a2bb28f8319064d05d043b75bf6c8540b7d639504c27a70cc87363f,2021-12,Cheshire Constabulary,Cheshire Constabulary,-2.126556,53.265124,On or near Justice Street,E01018615,Cheshire East 017A,Other theft,Investigation complete; no suspect identified,
5f929b6a3d8c276bbbfda6b10a6c74da7c020c801b22b7740c761589cba673e3,2021-12,Cheshire Constabulary,Cheshire Constabulary,-2.127427,53.265591,On or near Beech Lane,E01018615,Cheshire East 017A,Public order,Investigation complete; no suspect identified,
8a1735f62d5e83a2c8a36ba24945c6dfed93d6b168cb85c4f9377cd1461d3fd5,2021-12,Cheshire Constabulary,Cheshire Constabulary,-2.132621,53.262862,On or near Supermarket,E01018615,Cheshire East 017A,Violence and sexual offences,Investigation complete; no suspect identified,
6c01b5c1e34e0034bba8c4b8e7313b6d3f7aad4925849f148757f94d2bae14b4,2021-12,Cheshire Constabulary,Cheshire Constabulary,-2.128668,53.264619,On or near New Hall Street,E01018615,Cheshire East 017A,Violence and sexual offences,Unable to prosecute suspect,
6c26eb5a8a610d7c03fbc93f6ec30f598b1b10179959966a29e0e6cf80c3c04d,2021-12,Cheshire Constabulary,Cheshire Constabulary,-2.128668,53.264619,On or near New Hall Street,E01018615,Cheshire East 017A,Violence and sexual offences,Unable to prosecute suspect,
,2021-12,Cheshire Constabulary,Cheshire Constabulary,-2.141584,53.262249,On or near Hospital,E01018616,Cheshire East 017B,Anti-social behaviour,,
4497dcd79b382a84143aee901c3cfe83c9778e071415e2f299d5a063ff61dcf0,2021-12,Cheshire Constabulary,Cheshire Constabulary,-2.143738,53.260862,On or near Fieldbank Road,E01018616,Cheshire East 017B,Criminal damage and arson,Investigation complete; no suspect identified,
27ee118063874c086d8fa61292021740ec36f6ebc3021ac0f40a00d6225030bb,2021-12,Cheshire Constabulary,Cheshire Constabulary,-2.145189,53.259836,On or near Lea Bank Close,E01018616,Cheshire East 017B,Criminal damage and arson,Investigation complete; no suspect identified,
73aaccfc4b0ecdb61bc6ddbde21980ad97e76f87755d3fa18f76ddf2e2040e3c,2021-12,Cheshire Constabulary,Cheshire Constabulary,-2.145189,53.259836,On or near Lea Bank Close,E01018616,Cheshire East 017B,Other theft,Investigation complete; no suspect identified,
238b86950cadf34a61763073e6b7f0f2f4fa3b4feb1aa1e2d5bd8765661c9898,2021-12,Cheshire Constabulary,Cheshire Constabulary,-2.141584,53.262249,On or near Hospital,E01018616,Cheshire East 017B,Other theft,Investigation complete; no suspect identified,
bffcaab3792f589f5e695e2d07d36092850ec1d5badf1d1eb64b528cfdf07e58,2021-12,Cheshire Constabulary,Cheshire Constabulary,-2.141584,53.262249,On or near Hospital,E01018616,Cheshire East 017B,Public order,Further investigation is not in the public interest,
29c5b0fbd4847846c97603373ae32bab90a6c90dc1612faa245c7f27525434e8,2021-12,Cheshire Constabulary,Cheshire Constabulary,-2.141584,53.262249,On or near Hospital,E01018616,Cheshire East 017B,Public order,Unable to prosecute suspect,
7d4b982446f6f74649b4a0a64a6a8d6114648bd1e221bb252183121a6ab1bee8,2021-12,Cheshire Constabulary,Cheshire Constabulary,-2.141584,53.262249,On or near Hospital,E01018616,Cheshire East 017B,Public order,Unable to prosecute suspect,
8f23b94aced4c3fec6dde57af78bb99ad3a6b61809eee4d7415925eb77e15e5c,2021-12,Cheshire Constabulary,Cheshire Constabulary,-2.143738,53.260862,On or near Fieldbank Road,E01018616,Cheshire East 017B,Violence and sexual offences,Unable to prosecute suspect,
1af6aaa27b5f1bce4a6227e9472d1222bbfb3c94608371b2dea688a8de3809b4,2021-12,Cheshire Constabulary,Cheshire Constabulary,-2.139120,53.260670,On or near Nixon Street,E01018616,Cheshire East 017B,Violence and sexual offences,Unable to prosecute suspect,
f9a53d04f290fd46c4b86e5917f4d6c737fcbc5c8c7d8b58622f1b3fac11050a,2021-12,Cheshire Constabulary,Cheshire Constabulary,-2.143738,53.260862,On or near Fieldbank Road,E01018616,Cheshire East 017B,Violence and sexual offences,Unable to prosecute suspect,
0b1f9b33a5c8a314ec43c3fa2306d7246a35faacaf531e78b5782c7133da559d,2021-12,Cheshire Constabulary,Cheshire Constabulary,-2.143738,53.260862,On or near Fieldbank Road,E01018616,Cheshire East 017B,Violence and sexual offences,Unable to prosecute suspect,
3589eb12cb2fbfb2c638cc38c8191b9974c6ffba5999a4e2550ab5dc3afb3001,2021-12,Cheshire Constabulary,Cheshire Constabulary,-2.144775,53.266164,On or near Downes Close,E01018616,Cheshire East 017B,Violence and sexual offences,Investigation complete; no suspect identified,
,2021-12,Cheshire Constabulary,Cheshire Constabulary,-2.139058,53.269254,On or near Merriden Road,E01018617,Cheshire East 017C,Anti-social behaviour,,
,2021-12,Cheshire Constabulary,Cheshire Constabulary,-2.139058,53.269254,On or near Merriden Road,E01018617,Cheshire East 017C,Anti-social behaviour,,
,2021-12,Cheshire Constabulary,Cheshire Constabulary,-2.137734,53.267907,On or near Kirkstall Close,E01018617,Cheshire East 017C,Anti-social behaviour,,
6886ca9e5cd7ececc1c1de151718b6b3ec049fb5cfbfbd699513a69b30300c41,2021-12,Cheshire Constabulary,Cheshire Constabulary,-2.139016,53.270018,On or near Folkestone Close,E01018617,Cheshire East 017C,Public order,Investigation complete; no suspect identified,
e27d6d0d40c5eff52788bfc9262c67981b07e173552da3d5d55961e4c273bc3c,2021-12,Cheshire Constabulary,Cheshire Constabulary,-2.139058,53.269254,On or near Merriden Road,E01018617,Cheshire East 017C,Public order,Investigation complete; no suspect identified,
c413ef7b161dde17a40edd498960bc58d14f2873da95aba707473625945f5c3c,2021-12,Cheshire Constabulary,Cheshire Constabulary,-2.136314,53.269069,On or near Buckfast Close,E01018617,Cheshire East 017C,Violence and sexual offences,Unable to prosecute suspect,
,2021-12,Cheshire Constabulary,Cheshire Constabulary,-2.142107,53.257170,On or near Sports/Recreation Area,E01018632,Cheshire East 017D,Anti-social behaviour,,
2f8b3bab8e3cb5ce486a5f12af9b085032567584be35a8b66178a3ac947388a6,2021-12,Cheshire Constabulary,Cheshire Constabulary,-2.146264,53.258621,On or near Cardigan Close,E01018632,Cheshire East 017D,Burglary,Investigation complete; no suspect identified,
1150a6b278477ed16e78fec2adef0300736c1e1cd2108dc327d6768432cae21f,2021-12,Cheshire Constabulary,Cheshire Constabulary,-2.146264,53.258621,On or near Cardigan Close,E01018632,Cheshire East 017D,Burglary,Investigation complete; no suspect identified,
1b0ce892a36a6e346ae25e4edacf7c65c88e653223f5dfa41effa947e1ef93d7,2021-12,Cheshire Constabulary,Cheshire Constabulary,-2.148450,53.257899,On or near Palmerston Road,E01018632,Cheshire East 017D,Other theft,Investigation complete; no suspect identified,
31a4c6e423d1e8d6d5ee735362e0b1a7322b02847c89387e3e8272adf8033a74,2021-12,Cheshire Constabulary,Cheshire Constabulary,-2.142107,53.257170,On or near Sports/Recreation Area,E01018632,Cheshire East 017D,Public order,Local resolution,
2b8d2e4f925fc245d11c3c8370545178120f67401cff3cf28bf09985e05d53ef,2021-12,Cheshire Constabulary,Cheshire Constabulary,-2.142107,53.257170,On or near Sports/Recreation Area,E01018632,Cheshire East 017D,Violence and sexual offences,Unable to prosecute suspect,
,2021-12,Cheshire Constabulary,Cheshire Constabulary,-2.151028,53.253617,On or near Supermarket,E01018633,Cheshire East 017E,Anti-social behaviour,,
70116e7a2044b39cd0160faf2498d34ab28c1858c8550c1de27bfb6f2eb14c52,2021-12,Cheshire Constabulary,Cheshire Constabulary,-2.151089,53.254039,On or near Dawson Road,E01018633,Cheshire East 017E,Possession of weapons,Court result unavailable,
cfcee1f1c2704e7e57f04b4817fb728b6e5cbb3c49a68e896704b7c694b91c42,2021-12,Cheshire Constabulary,Cheshire Constabulary,-2.151089,53.254039,On or near Dawson Road,E01018633,Cheshire East 017E,Public order,Investigation complete; no suspect identified,
7edac919eacc4e526ed0be1dff0564a4b18bc1d3ec37d195a70bbdd7a4c587ce,2021-12,Cheshire Constabulary,Cheshire Constabulary,-2.151089,53.254039,On or near Dawson Road,E01018633,Cheshire East 017E,Violence and sexual offences,Court result unavailable,
e1cb8c72d292085ccddff372e28dcb51e2299db39dd43ce3dcc55e75dffc774c,2021-12,Cheshire Constabulary,Cheshire Constabulary,-2.151089,53.254039,On or near Dawson Road,E01018633,Cheshire East 017E,Violence and sexual offences,Unable to prosecute suspect,
46dee9099eb27a8bdb51e0f68fbf46b6b8833c18fdf46f21c0561baea819297c,2021-12,Cheshire Constabulary,Cheshire Constabulary,-2.149509,53.256388,On or near Box Tree Mews,E01018633,Cheshire East 017E,Violence and sexual offences,Investigation complete; no suspect identified,
,2021-12,Cheshire Constabulary,Cheshire Constabulary,-2.136286,53.260439,On or near Adlington Street,E01018622,Cheshire East 018A,Anti-social behaviour,,
,2021-12,Cheshire Constabulary,Cheshire Constabulary,-2.134488,53.260567,On or near Longacre Street,E01018622,Cheshire East 018A,Anti-social behaviour,,
,2021-12,Cheshire Constabulary,Cheshire Constabulary,-2.134280,53.261251,On or near Sharpley Street,E01018622,Cheshire East 018A,Anti-social behaviour,,
,2021-12,Cheshire Constabulary,Cheshire Constabulary,-2.136286,53.260439,On or near Adlington Street,E01018622,Cheshire East 018A,Anti-social behaviour,,
,2021-12,Cheshire Constabulary,Cheshire Constabulary,-2.134280,53.261251,On or near Sharpley Street,E01018622,Cheshire East 018A,Anti-social behaviour,,
,2021-12,Cheshire Constabulary,Cheshire Constabulary,-2.134112,53.260388,On or near Hall Street,E01018622,Cheshire East 018A,Anti-social behaviour,,
,2021-12,Cheshire Constabulary,Cheshire Constabulary,-2.131968,53.260094,On or near Pinfold Street,E01018622,Cheshire East 018A,Anti-social behaviour,,
a1fb32136243609ed1d643c22fca8ffc17dfb7411f48ee660e9ad356e5c48d03,2021-12,Cheshire Constabulary,Cheshire Constabulary,-2.134280,53.261251,On or near Sharpley Street,E01018622,Cheshire East 018A,Burglary,Investigation complete; no suspect identified,
28248a806e18a1e342a763b4c167304db48db7fb9a634f9f9d66e768bd21340c,2021-12,Cheshire Constabulary,Cheshire Constabulary,-2.128355,53.260232,On or near Petrol Station,E01018622,Cheshire East 018A,Criminal damage and arson,Investigation complete; no suspect identified,
2fa8f7d303bbb6d8bf6c277860964fc651f8e0ec141483715063f0bcb6d6c603,2021-12,Cheshire Constabulary,Cheshire Constabulary,-2.134488,53.260567,On or near Longacre Street,E01018622,Cheshire East 018A,Criminal damage and arson,Investigation complete; no suspect identified,
72747e7c22d372e7e2af7b873264a984856e89f2934de3a953778fc9af60ea98,2021-12,Cheshire Constabulary,Cheshire Constabulary,-2.131968,53.260094,On or near Pinfold Street,E01018622,Cheshire East 018A,Criminal damage and arson,Investigation complete; no suspect identified,
a16652195098205abc274ecfe264eea6805a0de45ef065d8110a2e4b222b8a4f,2021-12,Cheshire Constabulary,Cheshire Constabulary,-2.136286,53.260439,On or near Adlington Street,E01018622,Cheshire East 018A,Criminal damage and arson,Investigation complete; no suspect identified,
d40016f3bbf8203c1c0801f0ee2359a2fbbc095d6e9d0857d62c41498179c845,2021-12,Cheshire Constabulary,Cheshire Constabulary,-2.136286,53.260439,On or near Adlington Street,E01018622,Cheshire East 018A,Criminal damage and arson,Investigation complete; no suspect identified,
67534dbed243ec986f0492a220a2cccdb21f3fc5e1eb1807f3773925aa2115e1,2021-12,Cheshire Constabulary,Cheshire Constabulary,-2.134598,53.262230,On or near Willerby Close,E01018622,Cheshire East 018A,Other theft,Investigation complete; no suspect identified,
afa7d4896a056f61c3980f52cb5b385b7d262c047b8a30f838f18876609d4b39,2021-12,Cheshire Constabulary,Cheshire Constabulary,-2.133109,53.260587,On or near Anderson Street,E01018622,Cheshire East 018A,Other theft,Unable to prosecute suspect,
5f4abacb8edd90019fea0ca91392b38560823a03320ac3d0bfce287253ee8e7d,2021-12,Cheshire Constabulary,Cheshire Constabulary,-2.134585,53.258275,On or near Parr Street,E01018622,Cheshire East 018A,Public order,Unable to prosecute suspect,
01ba6632a5f7455af7b64e5249777783e5d0ad6c016e5c031aeb1a4eb5376534,2021-12,Cheshire Constabulary,Cheshire Constabulary,-2.131540,53.262386,On or near Cumberland Street,E01018622,Cheshire East 018A,Public order,Unable to prosecute suspect,
ae8f352c8ef51245f2bdbd038b5701935a09b6742e6e6e6ba3a72fe5fc5bf024,2021-12,Cheshire Constabulary,Cheshire Constabulary,-2.134598,53.262230,On or near Willerby Close,E01018622,Cheshire East 018A,Public order,Investigation complete; no suspect identified,
7f4ff7c98942b42c64f4c6799e4023b9d02db0c320ecd3f0cf1b40563a2b4481,2021-12,Cheshire Constabulary,Cheshire Constabulary,-2.134585,53.258275,On or near Parr Street,E01018622,Cheshire East 018A,Public order,Investigation complete; no suspect identified,
0c2507ed581634d9c60dcd1a92edcbefce4bbd6d87cbabb9b7c7149650e86ac4,2021-12,Cheshire Constabulary,Cheshire Constabulary,-2.134585,53.258275,On or near Parr Street,E01018622,Cheshire East 018A,Public order,Unable to prosecute suspect,
1e94ac29414fe9742e177a52a988c92c4e759d8c8e25893f1bd4fdb1817abac5,2021-12,Cheshire Constabulary,Cheshire Constabulary,-2.129044,53.260079,On or near Church Street West,E01018622,Cheshire East 018A,Violence and sexual offences,Court result unavailable,
c3ab04ae9724cd2977da9ce970bcc351a78ffa7d80fcb0c14a0537f8a38d334f,2021-12,Cheshire Constabulary,Cheshire Constabulary,-2.135983,53.259262,On or near Charlton Street,E01018622,Cheshire East 018A,Violence and sexual offences,Unable to prosecute suspect,
a08f69fc5f41332bd29facc7d5919f990f64b73ef2766abc7f29b2243a6d800a,2021-12,Cheshire Constabulary,Cheshire Constabulary,-2.135983,53.259262,On or near Charlton Street,E01018622,Cheshire East 018A,Violence and sexual offences,Unable to prosecute suspect,
2e63771d443645809e0618b321e61293f8f67881a939dcfb0b34840312890a98,2021-12,Cheshire Constabulary,Cheshire Constabulary,-2.135023,53.254337,On or near Bread Street,E01018623,Cheshire East 018B,Criminal damage and arson,Investigation complete; no suspect identified,
75a84725032f1f14f7abba86ce8d1dd2b600546930480bafb896bd8c9decd311,2021-12,Cheshire Constabulary,Cheshire Constabulary,-2.135805,53.255325,On or near Brough Street West,E01018623,Cheshire East 018B,Other theft,Investigation complete; no suspect identified,
1f08c40bf350a6d6677439dcb50c207e8d103ba9d8f3d9008732c3a3e0e8ebca,2021-12,Cheshire Constabulary,Cheshire Constabulary,-2.134670,53.256495,On or near Loney Street,E01018623,Cheshire East 018B,Other theft,Investigation complete; no suspect identified,
2e11622ceef77860db97797caa30c3916c3cf126e75324f3f2cf492996b0fd02,2021-12,Cheshire Constabulary,Cheshire Constabulary,-2.135805,53.255325,On or near Brough Street West,E01018623,Cheshire East 018B,Violence and sexual offences,Unable to prosecute suspect,
45632cfbe04a5597dc5769ff855891652e47feeab5d1ea529c08460b3acbf555,2021-12,Cheshire Constabulary,Cheshire Constabulary,-2.135805,53.255325,On or near Brough Street West,E01018623,Cheshire East 018B,Violence and sexual offences,Unable to prosecute suspect,
,2021-12,Cheshire Constabulary,Cheshire Constabulary,-2.134135,53.258123,On or near Peter Street West,E01018624,Cheshire East 018C,Anti-social behaviour,,
,2021-12,Cheshire Constabulary,Cheshire Constabulary,-2.122641,53.259385,On or near Parking Area,E01018624,Cheshire East 018C,Anti-social behaviour,,
,2021-12,Cheshire Constabulary,Cheshire Constabulary,-2.122641,53.259385,On or near Parking Area,E01018624,Cheshire East 018C,Anti-social behaviour,,
,2021-12,Cheshire Constabulary,Cheshire Constabulary,-2.124629,53.257333,On or near Wood Street,E01018624,Cheshire East 018C,Anti-social behaviour,,
,2021-12,Cheshire Constabulary,Cheshire Constabulary,-2.125250,53.259346,On or near Back Wallgate,E01018624,Cheshire East 018C,Anti-social behaviour,,
,2021-12,Cheshire Constabulary,Cheshire Constabulary,-2.125305,53.257773,On or near Nightclub,E01018624,Cheshire East 018C,Anti-social behaviour,,
,2021-12,Cheshire Constabulary,Cheshire Constabulary,-2.124629,53.257333,On or near Wood Street,E01018624,Cheshire East 018C,Anti-social behaviour,,
,2021-12,Cheshire Constabulary,Cheshire Constabulary,-2.122991,53.255986,On or near Park Green,E01018624,Cheshire East 018C,Anti-social behaviour,,
,2021-12,Cheshire Constabulary,Cheshire Constabulary,-2.125826,53.256586,On or near Samuel Street,E01018624,Cheshire East 018C,Anti-social behaviour,,
,2021-12,Cheshire Constabulary,Cheshire Constabulary,-2.125695,53.257844,On or near Mill Street,E01018624,Cheshire East 018C,Anti-social behaviour,,
,2021-12,Cheshire Constabulary,Cheshire Constabulary,-2.125695,53.257844,On or near Mill Street,E01018624,Cheshire East 018C,Anti-social behaviour,,
,2021-12,Cheshire Constabulary,Cheshire Constabulary,-2.128006,53.258543,On or near Churchill Way,E01018624,Cheshire East 018C,Anti-social behaviour,,
,2021-12,Cheshire Constabulary,Cheshire Constabulary,-2.125826,53.256586,On or near Samuel Street,E01018624,Cheshire East 018C,Anti-social behaviour,,
,2021-12,Cheshire Constabulary,Cheshire Constabulary,-2.123071,53.257434,On or near Charlotte Street,E01018624,Cheshire East 018C,Anti-social behaviour,,
,2021-12,Cheshire Constabulary,Cheshire Constabulary,-2.132470,53.257810,On or near Lyon Street,E01018624,Cheshire East 018C,Anti-social behaviour,,
,2021-12,Cheshire Constabulary,Cheshire Constabulary,-2.129834,53.258343,On or near Bridge Street,E01018624,Cheshire East 018C,Anti-social behaviour,,
,2021-12,Cheshire Constabulary,Cheshire Constabulary,-2.124629,53.257333,On or near Wood Street,E01018624,Cheshire East 018C,Anti-social behaviour,,
,2021-12,Cheshire Constabulary,Cheshire Constabulary,-2.125972,53.260271,On or near Shopping Area,E01018624,Cheshire East 018C,Anti-social behaviour,,
bdcc5d2835de074e8ae59bbecc507ea6ef962782446fad993770b1906ab3b9fe,2021-12,Cheshire Constabulary,Cheshire Constabulary,-2.122019,53.256716,On or near Brook Street,E01018624,Cheshire East 018C,Bicycle theft,Unable to prosecute suspect,
a243c096021ef286e097da9f39e3ef553c91cdb9c325e7bc8fde90de48b4835d,2021-12,Cheshire Constabulary,Cheshire Constabulary,-2.134135,53.258123,On or near Peter Street West,E01018624,Cheshire East 018C,Criminal damage and arson,Investigation complete; no suspect identified,
00770981731b540529ddee97de33579a530ffc40aa37911dc28076ab49db3723,2021-12,Cheshire Constabulary,Cheshire Constabulary,-2.134135,53.258123,On or near Peter Street West,E01018624,Cheshire East 018C,Criminal damage and arson,Investigation complete; no suspect identified,
253a22e4f3fa9dfa5b5797b8507ec81a0d3b59affcc657ddb06c96012133e9db,2021-12,Cheshire Constabulary,Cheshire Constabulary,-2.129145,53.258587,On or near Water Street,E01018624,Cheshire East 018C,Criminal damage and arson,Investigation complete; no suspect identified,
bb4bf9867580e47b842d43ca3bfdd8980a58798238f77b66a92d92f6ef257b4d,2021-12,Cheshire Constabulary,Cheshire Constabulary,-2.126218,53.257215,On or near Duke Street,E01018624,Cheshire East 018C,Criminal damage and arson,Court result unavailable,
9c42204a1b48818190cf184749b64ad6c3448f62bda99985588f31c1c81b1274,2021-12,Cheshire Constabulary,Cheshire Constabulary,-2.124816,53.259553,On or near Church Street,E01018624,Cheshire East 018C,Criminal damage and arson,Investigation complete; no suspect identified,
2576133290efb0e9ee18599afd85e5d68229cf0fb2b91f9f9239e5be70569711,2021-12,Cheshire Constabulary,Cheshire Constabulary,-2.134135,53.258123,On or near Peter Street West,E01018624,Cheshire East 018C,Criminal damage and arson,Investigation complete; no suspect identified,
c02d335b059c01f6f504a588825890c00da7723a415eeef3b638a140eb50ec2c,2021-12,Cheshire Constabulary,Cheshire Constabulary,-2.127185,53.254688,On or near Vincent Street,E01018624,Cheshire East 018C,Criminal damage and arson,Unable to prosecute suspect,
b88bd261b5161263ad2db4297eae450e0017f7deb8f7ecde494f943e1f9a9510,2021-12,Cheshire Constabulary,Cheshire Constabulary,-2.124629,53.257333,On or near Wood Street,E01018624,Cheshire East 018C,Criminal damage and arson,Investigation complete; no suspect identified,
3eac701b68262aa46ae8ad5e93561660bcfec80f3bf2628fc2b2094dfff037ba,2021-12,Cheshire Constabulary,Cheshire Constabulary,-2.125972,53.260271,On or near Shopping Area,E01018624,Cheshire East 018C,Criminal damage and arson,Investigation complete; no suspect identified,
5e1b5bcddd394db05fe6f97ea25628656d369362ac6cde409ba0ebf3a23b8698,2021-12,Cheshire Constabulary,Cheshire Constabulary,-2.125305,53.257773,On or near Nightclub,E01018624,Cheshire East 018C,Other theft,Unable to prosecute suspect,
7f35b6214f1125c36761d82ac71147921c769c946eda21f25bfb26f6da3d9783,2021-12,Cheshire Constabulary,Cheshire Constabulary,-2.127667,53.260485,On or near Stanley Street,E01018624,Cheshire East 018C,Other theft,Investigation complete; no suspect identified,
7db335751cf834f8cfa67ada2078e568dbc7ff638261950d56179b81de849732,2021-12,Cheshire Constabulary,Cheshire Constabulary,-2.134719,53.257942,On or near Crown Street West,E01018624,Cheshire East 018C,Other theft,Unable to prosecute suspect,
c2eaac06528c50b4378cf19ff32871b297028533cdba87380456ae76450b0b6c,2021-12,Cheshire Constabulary,Cheshire Constabulary,-2.125867,53.255022,On or near Rodney Street,E01018624,Cheshire East 018C,Other theft,Investigation complete; no suspect identified,
d0cf815195dd0448c59f13b8ac2d44a3395a649ad9d369f14a9cafb2f4e1f50d,2021-12,Cheshire Constabulary,Cheshire Constabulary,-2.126284,53.259417,On or near Supermarket,E01018624,Cheshire East 018C,Other theft,Investigation complete; no suspect identified,
a618e1953b41d6ad8a21e49273e9703c07b74c09ffb0a35c410ff5d8f6c3c071,2021-12,Cheshire Constabulary,Cheshire Constabulary,-2.130243,53.259781,On or near George Street West,E01018624,Cheshire East 018C,Other theft,Unable to prosecute suspect,
34b8c3545f44f378762edfd66b4168423c086293622ae7e735ae537a224d2211,2021-12,Cheshire Constabulary,Cheshire Constabulary,-2.134719,53.257942,On or near Crown Street West,E01018624,Cheshire East 018C,Other theft,Investigation complete; no suspect identified,
fd34269a44a14bca7c2d8d6b98618cdaba07e45818561273509cf36a7708a9d5,2021-12,Cheshire Constabulary,Cheshire Constabulary,-2.124629,53.257333,On or near Wood Street,E01018624,Cheshire East 018C,Public order,Investigation complete; no suspect identified,
269daca11bd24b6db41adc48da89fdd4c16f8b5c5ea0a95541f0c188577c488a,2021-12,Cheshire Constabulary,Cheshire Constabulary,-2.124816,53.259553,On or near Church Street,E01018624,Cheshire East 018C,Public order,Unable to prosecute suspect,
42867ff1d4ab4bbbfae8502bbe893aef4202770a330e58a57b6ef7e58b54f400,2021-12,Cheshire Constabulary,Cheshire Constabulary,-2.124577,53.260057,On or near Churchside,E01018624,Cheshire East 018C,Public order,Investigation complete; no suspect identified,
786d5b49322b892adf05f35c4be7337fbe17f4221ae06fe24c449beec6f0c37b,2021-12,Cheshire Constabulary,Cheshire Constabulary,-2.123206,53.257577,On or near Pickford Street,E01018624,Cheshire East 018C,Public order,Further action is not in the public interest,
eb8f4bad7f38ef68882d7b7ee22b394270ac52ac28c8cde38d11db5af95decf4,2021-12,Cheshire Constabulary,Cheshire Constabulary,-2.125695,53.257844,On or near Mill Street,E01018624,Cheshire East 018C,Public order,Investigation complete; no suspect identified,
3bcd0a1c4b572d7718cb19a1b5d45bdaa69a7aebb7ccd43e6f7e94898a177e96,2021-12,Cheshire Constabulary,Cheshire Constabulary,-2.124629,53.257333,On or near Wood Street,E01018624,Cheshire East 018C,Public order,Unable to prosecute suspect,
bd7b616d290ead58719514e627017359aa641ff9dce11d81b3e12c44113ddbe0,2021-12,Cheshire Constabulary,Cheshire Constabulary,-2.122641,53.259385,On or near Parking Area,E01018624,Cheshire East 018C,Public order,Status update unavailable,
7cc3c7cfdef0aa2dd9789a4ae2b6ffc29a4303a1a86b07be7d422d3db6f390bf,2021-12,Cheshire Constabulary,Cheshire Constabulary,-2.122641,53.259385,On or near Parking Area,E01018624,Cheshire East 018C,Public order,Local resolution,
4ccacd208d8f78650c27132bc3dc368a8e963406c79ea1de687d4157ee321197,2021-12,Cheshire Constabulary,Cheshire Constabulary,-2.124004,53.258790,On or near Boden Street,E01018624,Cheshire East 018C,Shoplifting,Investigation complete; no suspect identified,
5e0569a59089c705b27d57bf24340f39d11ac1c1cfa3539884c47afc3fd4221a,2021-12,Cheshire Constabulary,Cheshire Constabulary,-2.123206,53.257577,On or near Pickford Street,E01018624,Cheshire East 018C,Shoplifting,Investigation complete; no suspect identified,
4f632cfd3ae66b32f5d4e453b03547d2e82b24e199bd0cc97b3855bf8a41f1df,2021-12,Cheshire Constabulary,Cheshire Constabulary,-2.125972,53.260271,On or near Shopping Area,E01018624,Cheshire East 018C,Shoplifting,Court result unavailable,
120985b53304b5950e1a858ad1b4d553c266d1649e926ff0f986c8795a89d705,2021-12,Cheshire Constabulary,Cheshire Constabulary,-2.126071,53.258302,On or near Newgate,E01018624,Cheshire East 018C,Shoplifting,Investigation complete; no suspect identified,
36d1b7c775c792bac283f809e6320d00ddd53d14db3886c18626e8069447db3d,2021-12,Cheshire Constabulary,Cheshire Constabulary,-2.124004,53.258790,On or near Boden Street,E01018624,Cheshire East 018C,Shoplifting,Investigation complete; no suspect identified,
eb797e2afe51190a34eed61f6a23d2391feaa364c6b8052aee52c9b6302188c9,2021-12,Cheshire Constabulary,Cheshire Constabulary,-2.126071,53.258302,On or near Newgate,E01018624,Cheshire East 018C,Shoplifting,Investigation complete; no suspect identified,
de970846b36449a026f8d9b4f5f83ce75ad16fd5b3a907eee92590f44deafb86,2021-12,Cheshire Constabulary,Cheshire Constabulary,-2.126284,53.259417,On or near Supermarket,E01018624,Cheshire East 018C,Shoplifting,Unable to prosecute suspect,
f5a3b4d283bf5ec1a606cc91a2a720c153b42936fafe2b06f6ba2396108b0d16,2021-12,Cheshire Constabulary,Cheshire Constabulary,-2.125861,53.263228,On or near Beech Lane,E01018624,Cheshire East 018C,Shoplifting,Unable to prosecute suspect,
568e5dc478b48efb83de0fab34ec9c8fc3b9449ea95e6d0bb3aa1c489709dec2,2021-12,Cheshire Constabulary,Cheshire Constabulary,-2.125861,53.263228,On or near Beech Lane,E01018624,Cheshire East 018C,Shoplifting,Court result unavailable,
de4780da87a1671147acd66ab3da2d50929b954d68809910fa91c6aa8affb712,2021-12,Cheshire Constabulary,Cheshire Constabulary,-2.124004,53.258790,On or near Boden Street,E01018624,Cheshire East 018C,Shoplifting,Investigation complete; no suspect identified,
60b05b55d8b2404df55cc63d50bd15cca1200d0d27042f3054373003a0520b1f,2021-12,Cheshire Constabulary,Cheshire Constabulary,-2.125861,53.263228,On or near Beech Lane,E01018624,Cheshire East 018C,Shoplifting,Court result unavailable,
449972980ad8d36db5d9450f9b1519adc77c36633cf0ec5407c896a5e2e7eb53,2021-12,Cheshire Constabulary,Cheshire Constabulary,-2.126071,53.258302,On or near Newgate,E01018624,Cheshire East 018C,Shoplifting,Investigation complete; no suspect identified,
1de6ea6afa3456273a262692c63f3cc804d26ad47b95a4c8216b52b9746e5a6c,2021-12,Cheshire Constabulary,Cheshire Constabulary,-2.123206,53.257577,On or near Pickford Street,E01018624,Cheshire East 018C,Shoplifting,Investigation complete; no suspect identified,
48336c96e4b7bd8d35a571cac50806f4cacac1d177432f87319874ee8546be46,2021-12,Cheshire Constabulary,Cheshire Constabulary,-2.126071,53.258302,On or near Newgate,E01018624,Cheshire East 018C,Shoplifting,Investigation complete; no suspect identified,
0f37f8aec3f2b724cf7bc94592310eb8c4700d930299a98e26ec2d138d4dac53,2021-12,Cheshire Constabulary,Cheshire Constabulary,-2.123206,53.257577,On or near Pickford Street,E01018624,Cheshire East 018C,Shoplifting,Court result unavailable,
1308cd86b59b25a0ec31ce6cf19075e9fc0de85c5c0d648c515bc05ff00a9448,2021-12,Cheshire Constabulary,Cheshire Constabulary,-2.125861,53.263228,On or near Beech Lane,E01018624,Cheshire East 018C,Shoplifting,Court result unavailable,
419d9a67f29ac908cb6ec08e345d34acca869c5479993b1ebaade765a66f0eaf,2021-12,Cheshire Constabulary,Cheshire Constabulary,-2.125861,53.263228,On or near Beech Lane,E01018624,Cheshire East 018C,Shoplifting,Court result unavailable,
7d2c5eee86a4a92c2c4e70f47ae29c43dc5bcca3809e1520cfb22703064f0a8f,2021-12,Cheshire Constabulary,Cheshire Constabulary,-2.125861,53.263228,On or near Beech Lane,E01018624,Cheshire East 018C,Shoplifting,Court result unavailable,
c363b3133b501603fec42257dcb8b4d15c21ff623fd8b920cf095fe7937b30c0,2021-12,Cheshire Constabulary,Cheshire Constabulary,-2.134719,53.257942,On or near Crown Street West,E01018624,Cheshire East 018C,Vehicle crime,Investigation complete; no suspect identified,
1edc2441afd0ff72a098ffcd7798a5ccd1fe14f8485e8310d540c4e05761c1fb,2021-12,Cheshire Constabulary,Cheshire Constabulary,-2.132439,53.257361,On or near Whiston Street,E01018624,Cheshire East 018C,Vehicle crime,Investigation complete; no suspect identified,
eb62fc23666e1f288e74eae76ad5a9902b48228993770122533f98eee0b0255d,2021-12,Cheshire Constabulary,Cheshire Constabulary,-2.125826,53.256586,On or near Samuel Street,E01018624,Cheshire East 018C,Vehicle crime,Investigation complete; no suspect identified,
a394423a7e196956c10b5793fc615c116be473d44e8964068ff98094ba2925bc,2021-12,Cheshire Constabulary,Cheshire Constabulary,-2.123710,53.255482,On or near Park Street,E01018624,Cheshire East 018C,Violence and sexual offences,Unable to prosecute suspect,
d79148680acc930eb5318dfe7b990202f689f7fab3038d47e75b040dfe70453c,2021-12,Cheshire Constabulary,Cheshire Constabulary,-2.126071,53.258302,On or near Newgate,E01018624,Cheshire East 018C,Violence and sexual offences,Unable to prosecute suspect,
3c389c7a2f0b0ff3d4e29d99a5d280f1f3b33cb88a33f446f2faa00ab2320b31,2021-12,Cheshire Constabulary,Cheshire Constabulary,-2.125695,53.257844,On or near Mill Street,E01018624,Cheshire East 018C,Violence and sexual offences,Unable to prosecute suspect,
2fb428352600b813210767e5f21f9a81c953333c176c727e5520971185e3ee31,2021-12,Cheshire Constabulary,Cheshire Constabulary,-2.126218,53.257215,On or near Duke Street,E01018624,Cheshire East 018C,Violence and sexual offences,Investigation complete; no suspect identified,
dc7d62872f09145850f8603171c7ce3d69e4f7331d57eebbcdfdd80887ff1721,2021-12,Cheshire Constabulary,Cheshire Constabulary,-2.124132,53.256417,On or near Parking Area,E01018624,Cheshire East 018C,Violence and sexual offences,Court result unavailable,
f9f8748aaa6406498a05f26bab7eae57c43a719f0efe917307ccd83e0409a994,2021-12,Cheshire Constabulary,Cheshire Constabulary,-2.125972,53.260271,On or near Shopping Area,E01018624,Cheshire East 018C,Violence and sexual offences,Court result unavailable,
7840dea8999b86b2d2b5e2f0c1f0f3dd92605e62508cfa28eeb0a91b6d4acab0,2021-12,Cheshire Constabulary,Cheshire Constabulary,-2.122641,53.259385,On or near Parking Area,E01018624,Cheshire East 018C,Violence and sexual offences,Status update unavailable,
a83ec21889a86bb26a008f222cd22c4cf8ba433df7323f3a3763a69436668969,2021-12,Cheshire Constabulary,Cheshire Constabulary,-2.122641,53.259385,On or near Parking Area,E01018624,Cheshire East 018C,Violence and sexual offences,Status update unavailable,
61cd625ec4400bec63dc809ff61ad7af1ede44960a67a9976befb8a4d8af3e4d,2021-12,Cheshire Constabulary,Cheshire Constabulary,-2.122641,53.259385,On or near Parking Area,E01018624,Cheshire East 018C,Violence and sexual offences,Status update unavailable,
537ab2bf03a89bd70738142039773000ca6537422f867dd8af9d8303f8b178c4,2021-12,Cheshire Constabulary,Cheshire Constabulary,-2.124629,53.257333,On or near Wood Street,E01018624,Cheshire East 018C,Violence and sexual offences,Unable to prosecute suspect,
97318a05e62969ba198b8fd8feff3802b0ca9f56a84e07a1e3144d9c4826f2a2,2021-12,Cheshire Constabulary,Cheshire Constabulary,-2.123206,53.257577,On or near Pickford Street,E01018624,Cheshire East 018C,Violence and sexual offences,Investigation complete; no suspect identified,
8398ecb9b58326e11ca48ea651fa9af3f1df14dac5c32b3c374fc0fbf4a52407,2021-12,Cheshire Constabulary,Cheshire Constabulary,-2.125305,53.257773,On or near Nightclub,E01018624,Cheshire East 018C,Violence and sexual offences,Investigation complete; no suspect identified,
837be46ede9c4fc36963093156fdb086c3f0fa9f58624d64877b91637534219c,2021-12,Cheshire Constabulary,Cheshire Constabulary,-2.124629,53.257333,On or near Wood Street,E01018624,Cheshire East 018C,Violence and sexual offences,Unable to prosecute suspect,
cb9eda289a493d21c406abe7a79cbe3d7eae12946830f6603ca55ce903979684,2021-12,Cheshire Constabulary,Cheshire Constabulary,-2.124132,53.256417,On or near Parking Area,E01018624,Cheshire East 018C,Violence and sexual offences,Court result unavailable,
617e354ab01c0e098864ad0bba24500af9e628859707c3095197dbf117631b3f,2021-12,Cheshire Constabulary,Cheshire Constabulary,-2.122641,53.259385,On or near Parking Area,E01018624,Cheshire East 018C,Violence and sexual offences,Status update unavailable,
c061cc35044fc892ec8b1271e2df21ef451db9e9596e8bbd54b3454bc8b61864,2021-12,Cheshire Constabulary,Cheshire Constabulary,-2.126218,53.257215,On or near Duke Street,E01018624,Cheshire East 018C,Violence and sexual offences,Court result unavailable,
742beeee34a9b87524e8c4f1853075295498a0acd380c911f3aebd910a1e21ad,2021-12,Cheshire Constabulary,Cheshire Constabulary,-2.123071,53.257434,On or near Charlotte Street,E01018624,Cheshire East 018C,Violence and sexual offences,Unable to prosecute suspect,
511d5b8ea765bc2b344b5a5ca92f82361adaf2765eb23124e9b627f6edf38445,2021-12,Cheshire Constabulary,Cheshire Constabulary,-2.126291,53.261736,On or near Parking Area,E01018624,Cheshire East 018C,Violence and sexual offences,Unable to prosecute suspect,
a2b1258e4cc4f56f3f13f73fbe4abc2b5ea98c831d399a971c3633d706a13710,2021-12,Cheshire Constabulary,Cheshire Constabulary,-2.126284,53.259417,On or near Supermarket,E01018624,Cheshire East 018C,Violence and sexual offences,Unable to prosecute suspect,
9f9a21185440ce22fee7c107c3e7463838f272b295911bc66a50c6ec389212cb,2021-12,Cheshire Constabulary,Cheshire Constabulary,-2.123206,53.257577,On or near Pickford Street,E01018624,Cheshire East 018C,Violence and sexual offences,Investigation complete; no suspect identified,
19ef64f8208d0dc72b22727d41377967aed79b1a67e0242bd6213a3d8044677d,2021-12,Cheshire Constabulary,Cheshire Constabulary,-2.124629,53.257333,On or near Wood Street,E01018624,Cheshire East 018C,Violence and sexual offences,Investigation complete; no suspect identified,
c77553ab84baebdbd65546e3b5ac1be85527a7c139f5dda19f1ea01625ec1130,2021-12,Cheshire Constabulary,Cheshire Constabulary,-2.126071,53.258302,On or near Newgate,E01018624,Cheshire East 018C,Violence and sexual offences,Unable to prosecute suspect,
74e0b5c3f2cd5abf61cd14ec74a9493d69109baf18692418a721c5a220a0abc5,2021-12,Cheshire Constabulary,Cheshire Constabulary,-2.122641,53.259385,On or near Parking Area,E01018624,Cheshire East 018C,Violence and sexual offences,Court result unavailable,
b786d3f9d0f31017cb66027640bd639143123398121cca0b22f1a7689eec3fc6,2021-12,Cheshire Constabulary,Cheshire Constabulary,-2.124132,53.256417,On or near Parking Area,E01018624,Cheshire East 018C,Violence and sexual offences,Investigation complete; no suspect identified,
775cb947ce635bf2eb1feb84a53f2387ba0fc7b166e889ac2c16ead780fb8bae,2021-12,Cheshire Constabulary,Cheshire Constabulary,-2.124993,53.258861,On or near Queen Victoria Street,E01018624,Cheshire East 018C,Violence and sexual offences,Investigation complete; no suspect identified,
687e0869ba9b7c270399b798b41c8d02e9e320ed09f546261bda17ac4d804d69,2021-12,Cheshire Constabulary,Cheshire Constabulary,-2.130399,53.257048,On or near Marsden Terrace,E01018624,Cheshire East 018C,Violence and sexual offences,Unable to prosecute suspect,
373ab5fcd5d9f7803bc1d78ff7b3f1155fe219ba33eee525b5fb43c132e0047d,2021-12,Cheshire Constabulary,Cheshire Constabulary,-2.125867,53.255022,On or near Rodney Street,E01018624,Cheshire East 018C,Violence and sexual offences,Investigation complete; no suspect identified,
63d0d9fe3199429b5573209a4138379697bb54dd92dbb4ad15c43e543e5007a9,2021-12,Cheshire Constabulary,Cheshire Constabulary,-2.125510,53.261170,On or near Market Place,E01018624,Cheshire East 018C,Violence and sexual offences,Unable to prosecute suspect,
33007cb6a637f3eff6fe93e9d853ee5af4ab7a8b81daf8383225858229657035,2021-12,Cheshire Constabulary,Cheshire Constabulary,-2.127185,53.254688,On or near Vincent Street,E01018624,Cheshire East 018C,Violence and sexual offences,Unable to prosecute suspect,
06513aff7c53fcaa0822f6a2ffb19bad8a430efd6ff04b2173c28e27dc0873aa,2021-12,Cheshire Constabulary,Cheshire Constabulary,-2.134135,53.258123,On or near Peter Street West,E01018624,Cheshire East 018C,Violence and sexual offences,Investigation complete; no suspect identified,
ea34e8b21811ce75167d3366fb4d7e180db2d75efb3e4c29b7971545564d0943,2021-12,Cheshire Constabulary,Cheshire Constabulary,-2.125972,53.260271,On or near Shopping Area,E01018624,Cheshire East 018C,Violence and sexual offences,Court result unavailable,
d1016af77c98de56d03f33c990351edc2f36131f285577ab0f23ce797cb78793,2021-12,Cheshire Constabulary,Cheshire Constabulary,-2.124132,53.256417,On or near Parking Area,E01018624,Cheshire East 018C,Violence and sexual offences,Investigation complete; no suspect identified,
1bf969199e6c77ab719f4a113afddce6cf230af490fa2836120bf3d1efa22e2c,2021-12,Cheshire Constabulary,Cheshire Constabulary,-2.124629,53.257333,On or near Wood Street,E01018624,Cheshire East 018C,Violence and sexual offences,Unable to prosecute suspect,
57fb82695f9187ff85380211c88f4314b21142171eff52a925c6bfa4a00b1312,2021-12,Cheshire Constabulary,Cheshire Constabulary,-2.123206,53.257577,On or near Pickford Street,E01018624,Cheshire East 018C,Violence and sexual offences,Investigation complete; no suspect identified,
84f587d093581ba603d85647b2788ca5df37c97cf029079a5e996594f33011bc,2021-12,Cheshire Constabulary,Cheshire Constabulary,-2.128778,53.261203,On or near Little Street,E01018624,Cheshire East 018C,Other crime,Investigation complete; no suspect identified,
,2021-12,Cheshire Constabulary,Cheshire Constabulary,-2.133667,53.257117,On or near West Bond Street,E01018625,Cheshire East 018D,Anti-social behaviour,,
cbad15998f7b231a7a019868b44dabc60968041b5fb16b737ecba9c94c7ee4bc,2021-12,Cheshire Constabulary,Cheshire Constabulary,-2.132434,53.255850,On or near Bond Street,E01018625,Cheshire East 018D,Other theft,Investigation complete; no suspect identified,
3e4ab39cef4624412bc004f1765abe9f8b5eb49a3eceeaa8613b58cecb05d2a9,2021-12,Cheshire Constabulary,Cheshire Constabulary,-2.131094,53.253695,On or near Barton Street,E01018625,Cheshire East 018D,Other theft,Investigation complete; no suspect identified,
33991d393859a7074bececf9fa186c6fbc6958ce1464ab68f318d7effed6f7d7,2021-12,Cheshire Constabulary,Cheshire Constabulary,-2.131094,53.253695,On or near Barton Street,E01018625,Cheshire East 018D,Public order,Unable to prosecute suspect,
3a60d79f55a4de25de6e5ef027aa66e41d7cf701e686e2d3991e286dbae492b1,2021-12,Cheshire Constabulary,Cheshire Constabulary,-2.132434,53.255850,On or near Bond Street,E01018625,Cheshire East 018D,Violence and sexual offences,Investigation complete; no suspect identified,
8ac97e4fba99a20706c79fd2b155d76fbc8d0e02b61076938046871e2ea7bbcd,2021-12,Cheshire Constabulary,Cheshire Constabulary,-2.131094,53.253695,On or near Barton Street,E01018625,Cheshire East 018D,Violence and sexual offences,Unable to prosecute suspect,
,2021-12,Cheshire Constabulary,Cheshire Constabulary,-2.120905,53.254829,On or near Waterside,E01018627,Cheshire East 018E,Anti-social behaviour,,
faa6382ee497be41d5284d59e5fd594cf40054b0faa77de8304368cf8527df9d,2021-12,Cheshire Constabulary,Cheshire Constabulary,-2.112369,53.252033,On or near Hollins Road,E01018627,Cheshire East 018E,Bicycle theft,Investigation complete; no suspect identified,
c062f88256743165faf7d9fe0820e0f017a7c95c41b7d1093b879a2960d14ec6,2021-12,Cheshire Constabulary,Cheshire Constabulary,-2.118144,53.253717,On or near Barber Street,E01018627,Cheshire East 018E,Criminal damage and arson,Investigation complete; no suspect identified,
1b751f4d22a4891e87c4ca61c5ecf5ee0a595ade6d73a57ae54619204a6417e8,2021-12,Cheshire Constabulary,Cheshire Constabulary,-2.121305,53.253327,On or near Waller Street,E01018627,Cheshire East 018E,Other theft,Unable to prosecute suspect,
79f0454eff056b548b836a5a14c9ec66977e45ddb03e468f0efd4df3c7c40fe4,2021-12,Cheshire Constabulary,Cheshire Constabulary,-2.121305,53.253327,On or near Waller Street,E01018627,Cheshire East 018E,Public order,Further investigation is not in the public interest,
16b4648c72804fb0d19804ddf070c4e1bac1f7cead83b34a0e31abce3a2d6772,2021-12,Cheshire Constabulary,Cheshire Constabulary,-2.122852,53.254512,On or near Theatre/Concert Hall,E01018627,Cheshire East 018E,Vehicle crime,Investigation complete; no suspect identified,
d25c1921554edf2a92f0620b137c82c38ded897a804c32ed903232bca0992d64,2021-12,Cheshire Constabulary,Cheshire Constabulary,-2.120954,53.256393,On or near Allen Street,E01018627,Cheshire East 018E,Violence and sexual offences,Unable to prosecute suspect,
9930a521be39d4ba83785f1cda31a5b9115214d88dbcdeabc2064fb8846b524d,2021-12,Cheshire Constabulary,Cheshire Constabulary,-2.122716,53.253901,On or near Lord Street,E01018627,Cheshire East 018E,Violence and sexual offences,Unable to prosecute suspect,
9a1471f72919bcefd7bb5bd357e54b0cdf4216dbf274f624df540c31eea71ca9,2021-12,Cheshire Constabulary,Cheshire Constabulary,-2.117633,53.253223,On or near Windmill Street,E01018627,Cheshire East 018E,Violence and sexual offences,Unable to prosecute suspect,
b93e303823e2e952d3d2ecbd2080bdf9c957be8d9a202a32064b6d95bbed258b,2021-12,Cheshire Constabulary,Cheshire Constabulary,-2.122835,53.253712,On or near Chapel Street,E01018627,Cheshire East 018E,Violence and sexual offences,Unable to prosecute suspect,
1f3a92eb9ac644faddacd731890193ec26ec21076f11a5c8e16f761e376fb47a,2021-12,Cheshire Constabulary,Cheshire Constabulary,-2.133115,53.253000,On or near Park Lane,E01018635,Cheshire East 018F,Criminal damage and arson,Unable to prosecute suspect,
e80eb60eadacd25a053ae02efecf6972205375c815cfb2e1290eb6285b9991e1,2021-12,Cheshire Constabulary,Cheshire Constabulary,-2.124899,53.252074,On or near John Street,E01018635,Cheshire East 018F,Violence and sexual offences,Unable to prosecute suspect,
bd2e9c6fe95f1b460716ed98d5e2936275a294995804e73ca1bfc35ba816e671,2021-12,Cheshire Constabulary,Cheshire Constabulary,-2.138099,53.250765,On or near Further/Higher Educational Building,E01018635,Cheshire East 018F,Violence and sexual offences,Action to be taken by another organisation,
cf9822a65dd24136b7add096440d69e198f7b898c541de4f230053691117e386,2021-12,Cheshire Constabulary,Cheshire Constabulary,-2.134328,53.252693,On or near Woodlands Road,E01018635,Cheshire East 018F,Violence and sexual offences,Unable to prosecute suspect,
cd01e7b359a991b803e102d62b70fe25287b031221fdc27feb796d71fc519b8e,2021-12,Cheshire Constabulary,Cheshire Constabulary,-2.124899,53.252074,On or near John Street,E01018635,Cheshire East 018F,Violence and sexual offences,Unable to prosecute suspect,
9fa8d52e9342e2f09d8c75dd4afa139e8801ed330e53f1d0769bcb5ef3f2a4d6,2021-12,Cheshire Constabulary,Cheshire Constabulary,-2.138099,53.250765,On or near Further/Higher Educational Building,E01018635,Cheshire East 018F,Violence and sexual offences,Action to be taken by another organisation,
dab514165d12433b7c4a1c21d15adad143a9e0bbc52c4054436ca875da62843a,2021-12,Cheshire Constabulary,Cheshire Constabulary,-2.125651,53.253233,On or near Peel Street,E01018635,Cheshire East 018F,Violence and sexual offences,Unable to prosecute suspect,
76ce686089eaac37b34297257ce96281d32e68bca38c4e6a3c600f0c7a064424,2021-12,Cheshire Constabulary,Cheshire Constabulary,-2.127017,53.253744,On or near Ryle Street,E01018635,Cheshire East 018F,Violence and sexual offences,Unable to prosecute suspect,
c9d23d792bfc38c9cf7c8461e190d6007815280154fbcf578d37211ba45edd24,2021-12,Cheshire Constabulary,Cheshire Constabulary,-2.138099,53.250765,On or near Further/Higher Educational Building,E01018635,Cheshire East 018F,Violence and sexual offences,Unable to prosecute suspect,
91985146583e6c9300b7f103e2dae37efdd22ad8e4f013cc3186fa2166986054,2021-12,Cheshire Constabulary,Cheshire Constabulary,-2.124899,53.252074,On or near John Street,E01018635,Cheshire East 018F,Violence and sexual offences,Unable to prosecute suspect,
d22729aed86ad06478499db80dd0f7ad4c5ad62a0e029f41d99d0400852a5de0,2021-12,Cheshire Constabulary,Cheshire Constabulary,-2.138099,53.250765,On or near Further/Higher Educational Building,E01018635,Cheshire East 018F,Other crime,Unable to prosecute suspect,
92f489c0f9b206627e29d69a9425b1e5b47e5bfefff567e3de99ec75c1760b85,2021-12,Cheshire Constabulary,Cheshire Constabulary,-2.143782,53.247298,On or near Cloverdale Road,E01018636,Cheshire East 018G,Violence and sexual offences,Unable to prosecute suspect,
6de88d1fb3bc39b2227db63e74d7d59f39568e995119e9ded2d9aded24fc9aa7,2021-12,Cheshire Constabulary,Cheshire Constabulary,-2.140919,53.246960,On or near Hardwick Drive,E01018636,Cheshire East 018G,Violence and sexual offences,Unable to prosecute suspect,
,2021-12,Cheshire Constabulary,Cheshire Constabulary,-2.148400,53.247760,On or near Supermarket,E01018634,Cheshire East 019A,Anti-social behaviour,,
45e030a57d2db593561462dc524045ef9ec1c89911b96783bd49ebde83308dd9,2021-12,Cheshire Constabulary,Cheshire Constabulary,-2.148400,53.247760,On or near Supermarket,E01018634,Cheshire East 019A,Shoplifting,Investigation complete; no suspect identified,
3c585bf2cebe382eda2f87edf44dcc34d4ec3f2897ba048d1203cd4433c1baf6,2021-12,Cheshire Constabulary,Cheshire Constabulary,-2.148400,53.247760,On or near Supermarket,E01018634,Cheshire East 019A,Shoplifting,Investigation complete; no suspect identified,
b45085f53f6f03a33e54818e33c93e63e13f1ed06937dd4fed5856ddcce4128d,2021-12,Cheshire Constabulary,Cheshire Constabulary,-2.152458,53.246901,On or near Thirlmere,E01018634,Cheshire East 019A,Violence and sexual offences,Status update unavailable,
4613be3a3e5baf78e2bc4912bb1aed8651879d6c4202263c9c6cde48f4fcb111,2021-12,Cheshire Constabulary,Cheshire Constabulary,-2.142753,53.248827,On or near Congleton Road,E01018634,Cheshire East 019A,Violence and sexual offences,Status update unavailable,
69a822c8297d390c87b02988d9d513091abf56b46b70dbacbd1bb9e6b0589559,2021-12,Cheshire Constabulary,Cheshire Constabulary,-2.152458,53.246901,On or near Thirlmere,E01018634,Cheshire East 019A,Violence and sexual offences,Unable to prosecute suspect,
9e5f624c11beb11610047877d4f3f04ac0e53fa90b91630508592f64b60d8af2,2021-12,Cheshire Constabulary,Cheshire Constabulary,-2.152458,53.246901,On or near Thirlmere,E01018634,Cheshire East 019A,Violence and sexual offences,Unable to prosecute suspect,
74e338e13cc2cc226f4d250c7aa1065b0cf9e974964dc11fab3f07b24a746f0e,2021-12,Cheshire Constabulary,Cheshire Constabulary,-2.152458,53.246901,On or near Thirlmere,E01018634,Cheshire East 019A,Violence and sexual offences,Unable to prosecute suspect,
17b405c9dd2f3c323af6aabe3ecd1e34cb1110333bbe004870bb43df29bdeca2,2021-12,Cheshire Constabulary,Cheshire Constabulary,-2.142753,53.248827,On or near Congleton Road,E01018634,Cheshire East 019A,Violence and sexual offences,Status update unavailable,
,2021-12,Cheshire Constabulary,Cheshire Constabulary,-2.151408,53.255010,On or near Wykeham Chase,E01018645,Cheshire East 019B,Anti-social behaviour,,
4b046b981104a53598a69e268d9a069a8ed1a97dc31f1b07d6174840cfed61e8,2021-12,Cheshire Constabulary,Cheshire Constabulary,-2.152083,53.255351,On or near Bransdale Way,E01018645,Cheshire East 019B,Burglary,Unable to prosecute suspect,
177cbb84fcae53087803bc6899035b03ab7c8ab0588d052f2ce011c1f9a79fbf,2021-12,Cheshire Constabulary,Cheshire Constabulary,-2.154004,53.256085,On or near Lumley Road,E01018645,Cheshire East 019B,Burglary,Court result unavailable,
93f3246055b86f620e79c68d919f55ebe3ff5e5ad517addc704157f4595ccd00,2021-12,Cheshire Constabulary,Cheshire Constabulary,-2.152083,53.255351,On or near Bransdale Way,E01018645,Cheshire East 019B,Criminal damage and arson,Unable to prosecute suspect,
3223d8452cf2d926f0f75ebb8f2215c4e0d50d5b69d2028b0a00741034caf1dc,2021-12,Cheshire Constabulary,Cheshire Constabulary,-2.152514,53.254271,On or near Dawson Road,E01018645,Cheshire East 019B,Public order,Unable to prosecute suspect,
5b9ee7fc98db64b875a91a8460a21afdb6c08b7bb8abaf8c0522c9d7f85b4149,2021-12,Cheshire Constabulary,Cheshire Constabulary,-2.155620,53.255193,On or near Somerton Road,E01018645,Cheshire East 019B,Public order,Investigation complete; no suspect identified,
96c72558684faf94900ace519f3646ba9f6ccc4f3f9f76f25a84f9fd4a503a3f,2021-12,Cheshire Constabulary,Cheshire Constabulary,-2.153143,53.253965,On or near Ivy Meade Close,E01018645,Cheshire East 019B,Public order,Unable to prosecute suspect,
c6766f2dbb33ac8a66006eafbb35b9a2040afe8bf7db665068dd16efae98ee3c,2021-12,Cheshire Constabulary,Cheshire Constabulary,-2.154004,53.256085,On or near Lumley Road,E01018645,Cheshire East 019B,Public order,Court result unavailable,
65cbd41b3e542bbc3f2b3ba310220b051843442e2c6bed76265d155c85dd22b9,2021-12,Cheshire Constabulary,Cheshire Constabulary,-2.154004,53.256085,On or near Lumley Road,E01018645,Cheshire East 019B,Violence and sexual offences,Court result unavailable,
429d4e7a26544c9f532887a98b841aaa6e299b660213fb97a03373b4af41712a,2021-12,Cheshire Constabulary,Cheshire Constabulary,-2.155620,53.255193,On or near Somerton Road,E01018645,Cheshire East 019B,Violence and sexual offences,Unable to prosecute suspect,
484717ae740d9fd0fc94e24d8e0c5e2196f2e68acc2c646d7734facfd2e55690,2021-12,Cheshire Constabulary,Cheshire Constabulary,-2.151408,53.255010,On or near Wykeham Chase,E01018645,Cheshire East 019B,Violence and sexual offences,Unable to prosecute suspect,
8a33f67b7e3638faf094348383dc7e0ef55f4656e883b975359f822c81de4a63,2021-12,Cheshire Constabulary,Cheshire Constabulary,-2.156993,53.253591,On or near Sports/Recreation Area,E01018645,Cheshire East 019B,Violence and sexual offences,Unable to prosecute suspect,
c60cbb5f261608bdf1d4895f44b50bd23c7adfc15a8a5b8ca604ebff98f23641,2021-12,Cheshire Constabulary,Cheshire Constabulary,-2.152083,53.255351,On or near Bransdale Way,E01018645,Cheshire East 019B,Violence and sexual offences,Court result unavailable,
85a217ad5ea12064452a6961a436d138a30701a39ec9d47638fa429450de1100,2021-12,Cheshire Constabulary,Cheshire Constabulary,-2.153319,53.252985,On or near Pickenham Close,E01018645,Cheshire East 019B,Violence and sexual offences,Further action is not in the public interest,
b220cfc25edee3326c85b618700353dc15da3fa748521d96232dfcfdfb3d3905,2021-12,Cheshire Constabulary,Cheshire Constabulary,-2.153143,53.253965,On or near Ivy Meade Close,E01018645,Cheshire East 019B,Violence and sexual offences,Unable to prosecute suspect,
c7aad54686bb2a60d53693f85640f345cbe2a8e96abd18211c1ede135577f2f6,2021-12,Cheshire Constabulary,Cheshire Constabulary,-2.153319,53.252985,On or near Pickenham Close,E01018645,Cheshire East 019B,Violence and sexual offences,Unable to prosecute suspect,
315d05f538cb41a24963b0e5e8c4379ada6366206eb53271443d24ab9dd7ad6a,2021-12,Cheshire Constabulary,Cheshire Constabulary,-2.154295,53.253523,On or near Ivy Meade Road,E01018645,Cheshire East 019B,Violence and sexual offences,Unable to prosecute suspect,
5bfad7b5f9869e2a373c56ac24146fb2504eb5fa622423f80d73626ea4db152b,2021-12,Cheshire Constabulary,Cheshire Constabulary,-2.154488,53.257208,On or near Vicarage Way,E01018645,Cheshire East 019B,Violence and sexual offences,Unable to prosecute suspect,
0ad429d7dcafb0d695228ba07e9803990925973021bc1256be761745b288f012,2021-12,Cheshire Constabulary,Cheshire Constabulary,-2.154295,53.253523,On or near Ivy Meade Road,E01018645,Cheshire East 019B,Violence and sexual offences,Unable to prosecute suspect,
d646fafa634d9eb521073602c9df2b6fd9f7fbc9646393f49187e1e75536d5d2,2021-12,Cheshire Constabulary,Cheshire Constabulary,-2.154488,53.257208,On or near Vicarage Way,E01018645,Cheshire East 019B,Violence and sexual offences,Unable to prosecute suspect,
a5871d1fdaca4920c65aa7e5071ee283848e22cf78f87986e268871e3bf92509,2021-12,Cheshire Constabulary,Cheshire Constabulary,-2.155620,53.255193,On or near Somerton Road,E01018645,Cheshire East 019B,Violence and sexual offences,Unable to prosecute suspect,
b63a358931574abca05bc12f305ccdcb97d1017f7fa68fc3367f829e645e73de,2021-12,Cheshire Constabulary,Cheshire Constabulary,-2.153319,53.252985,On or near Pickenham Close,E01018645,Cheshire East 019B,Violence and sexual offences,Unable to prosecute suspect,
4324750d73db60f8fd42c29f7e3db84364c10f30202e4f7a82bed89120168a02,2021-12,Cheshire Constabulary,Cheshire Constabulary,-2.154494,53.250583,On or near Warwick Close,E01018646,Cheshire East 019C,Violence and sexual offences,Investigation complete; no suspect identified,
5273b0ca28589b1cb6b82fe55aca8813b6536f9ffeb9de5c1f0c82003b63e133,2021-12,Cheshire Constabulary,Cheshire Constabulary,-2.157836,53.250399,On or near Warwick Road,E01018646,Cheshire East 019C,Violence and sexual offences,Unable to prosecute suspect,
83bc2a3b41181e93dda302386f63a72ff2448b20aef3cf7efe02a31688e2cdf3,2021-12,Cheshire Constabulary,Cheshire Constabulary,-2.154494,53.250583,On or near Warwick Close,E01018646,Cheshire East 019C,Violence and sexual offences,Investigation complete; no suspect identified,
0b9c91659fec02aea997ab679f2f96dc738f8f70fdb5a870b16711215d20fefa,2021-12,Cheshire Constabulary,Cheshire Constabulary,-2.160163,53.251574,On or near Chatsworth Avenue,E01018646,Cheshire East 019C,Violence and sexual offences,Unable to prosecute suspect,
84241c8a94101de26c00a67814ddb2b7f35132ae68a4a2cee19f0bad44cddac8,2021-12,Cheshire Constabulary,Cheshire Constabulary,-2.161376,53.259302,On or near A537,E01018647,Cheshire East 019D,Drugs,Unable to prosecute suspect,
4f4c533ab386b19fbc1616c48ab3655711fb065187f5dcd6e329589b6aa75193,2021-12,Cheshire Constabulary,Cheshire Constabulary,-2.158149,53.258183,On or near Cherryfields Road,E01018647,Cheshire East 019D,Other theft,Unable to prosecute suspect,
a25b08709e3c462eb049eb4f341e0a24685e74834b83650a9beaa18576035757,2021-12,Cheshire Constabulary,Cheshire Constabulary,-2.154347,53.259563,On or near Springfield Road,E01018647,Cheshire East 019D,Violence and sexual offences,Investigation complete; no suspect identified,
0dec343aed11062fc306a52c16184ba0973e80faff89c9a5eac62a630d5e4be8,2021-12,Cheshire Constabulary,Cheshire Constabulary,-2.158149,53.258183,On or near Cherryfields Road,E01018647,Cheshire East 019D,Violence and sexual offences,Investigation complete; no suspect identified,
b8206595f9357b7110b68e19637a845a9632644197f279dc7e7ea4d8db616a11,2021-12,Cheshire Constabulary,Cheshire Constabulary,-2.151351,53.260232,On or near Chester Road,E01018647,Cheshire East 019D,Violence and sexual offences,Unable to prosecute suspect,
cd57f41f918f3ccf9a2a70e6330e9a156f080826a22cb4579f73a9e389063ecd,2021-12,Cheshire Constabulary,Cheshire Constabulary,-2.158149,53.258183,On or near Cherryfields Road,E01018647,Cheshire East 019D,Violence and sexual offences,Investigation complete; no suspect identified,
9c7a1e0d694ef9b0d8ce674a74a15a6a88bce5cee09411251baeb17e07ad322d,2021-12,Cheshire Constabulary,Cheshire Constabulary,-2.158333,53.255217,On or near Earlsway,E01018647,Cheshire East 019D,Violence and sexual offences,Unable to prosecute suspect,
cb5c7b63e01a551f29ed60d4e7ce62d7052d98196a66a7c63667441f4e7fbc9b,2021-12,Cheshire Constabulary,Cheshire Constabulary,-2.161376,53.259302,On or near A537,E01018647,Cheshire East 019D,Violence and sexual offences,Unable to prosecute suspect,
b2b34e0fe6209ceffd6469d7d3cc8f7be3b5e6f3d185b82afc8f4f355201bd3b,2021-12,Cheshire Constabulary,Cheshire Constabulary,-2.159752,53.257965,On or near Princes Way,E01018647,Cheshire East 019D,Violence and sexual offences,Court result unavailable,
5539ca4774797a88ae5d5fca6f6c943dc293a5a797a68be1bedbf0e153cfaee3,2021-12,Cheshire Constabulary,Cheshire Constabulary,-2.158333,53.255217,On or near Earlsway,E01018647,Cheshire East 019D,Violence and sexual offences,Unable to prosecute suspect,
9e810d8427aec874672943d77244ac0610efbe44ca3d2ad22805d7c8131c1577,2021-12,Cheshire Constabulary,Cheshire Constabulary,-2.158333,53.255217,On or near Earlsway,E01018647,Cheshire East 019D,Violence and sexual offences,Unable to prosecute suspect,
d276e741a8b0be6f3de14c99f7c16a8812f1b40c087c508cef23538de3465e5b,2021-12,Cheshire Constabulary,Cheshire Constabulary,-2.158333,53.255217,On or near Earlsway,E01018647,Cheshire East 019D,Violence and sexual offences,Unable to prosecute suspect,
243fb31e6f9b3c65fa110bc517afe27c503eaa03fc0fc5093b3709d782a32945,2021-12,Cheshire Constabulary,Cheshire Constabulary,-2.151351,53.260232,On or near Chester Road,E01018647,Cheshire East 019D,Violence and sexual offences,Unable to prosecute suspect,
3ee7b8ae604c68af782f15b66fba17c4ce0729d0654a353836d99539590e4bc6,2021-12,Cheshire Constabulary,Cheshire Constabulary,-2.152965,53.258945,On or near Merebrook Road,E01018647,Cheshire East 019D,Violence and sexual offences,Unable to prosecute suspect,
08c00394a2c035bb4e5309b74c0709fba1db13a6e331b85def8dfa1635500fcb,2021-12,Cheshire Constabulary,Cheshire Constabulary,-2.158333,53.255217,On or near Earlsway,E01018647,Cheshire East 019D,Violence and sexual offences,Unable to prosecute suspect,
c57f1f8776861149721ac3774e31d4f8d8a214317e80d30b1281e568bce00857,2021-12,Cheshire Constabulary,Cheshire Constabulary,-2.161376,53.259302,On or near A537,E01018647,Cheshire East 019D,Violence and sexual offences,Court result unavailable,
1e3335e0f9d2862e7511e8c53d432b2008070f38d272111ed4b7b2769be48169,2021-12,Cheshire Constabulary,Cheshire Constabulary,-2.158149,53.258183,On or near Cherryfields Road,E01018647,Cheshire East 019D,Violence and sexual offences,Unable to prosecute suspect,
b67214845769be41b481419038aaab18b19884d03df185a55b688e6ab1e809ab,2021-12,Cheshire Constabulary,Cheshire Constabulary,-2.149978,53.244773,On or near Rising Sun Road,E01018591,Cheshire East 020A,Criminal damage and arson,Unable to prosecute suspect,
95f7bb8eede8e6acaa395058c3503d26cd6fdf5abf07a3217c2ca8a1c77bc783,2021-12,Cheshire Constabulary,Cheshire Constabulary,-2.132608,53.200749,On or near Parking Area,E01018591,Cheshire East 020A,Public order,Unable to prosecute suspect,
2e85fd15b4c3e76ae1b58fe7085decf9777358bcb8893a0bcf4a946fb5b2a78a,2021-12,Cheshire Constabulary,Cheshire Constabulary,-2.132608,53.200749,On or near Parking Area,E01018591,Cheshire East 020A,Violence and sexual offences,Unable to prosecute suspect,
6ad3940995539b3b6212dda632824503b9e9dc46bd3d0f95bdaa50172763f7fd,2021-12,Cheshire Constabulary,Cheshire Constabulary,-2.158265,53.232835,On or near Lowes Lane,E01018591,Cheshire East 020A,Violence and sexual offences,Unable to prosecute suspect,
075a61c65bdf7ee03ae25b0377ecd68a97d5033f3b51fb8c48a42c6090c53923,2021-12,Cheshire Constabulary,Cheshire Constabulary,-2.158265,53.232835,On or near Lowes Lane,E01018591,Cheshire East 020A,Violence and sexual offences,Unable to prosecute suspect,
044b3b7fa82d581ef1818d5a3bfab39120c37fbfed2e174608f2fb7a32ce7d4d,2021-12,Cheshire Constabulary,Cheshire Constabulary,-2.149978,53.244773,On or near Rising Sun Road,E01018591,Cheshire East 020A,Violence and sexual offences,Unable to prosecute suspect,
,2021-12,Cheshire Constabulary,Cheshire Constabulary,-2.284825,53.225929,On or near B5392,E01018597,Cheshire East 020B,Anti-social behaviour,,
a59de9405c48319fe28291ddbc032aa41a69a13f849a6fb2b82df5fc3845619b,2021-12,Cheshire Constabulary,Cheshire Constabulary,-2.241444,53.236066,On or near Chelford Road,E01018597,Cheshire East 020B,Criminal damage and arson,Unable to prosecute suspect,
036ff6bcd7a6e7367c11bf7d9ed18b732f752c144aaedb8b12b853f4f7032e73,2021-12,Cheshire Constabulary,Cheshire Constabulary,-2.241644,53.250295,On or near Park/Open Space,E01018597,Cheshire East 020B,Criminal damage and arson,Unable to prosecute suspect,
f0f4f3baea99ec355729012fc791498ab91ccc6a66e0b33363d86cfab7e9b9fc,2021-12,Cheshire Constabulary,Cheshire Constabulary,-2.241644,53.250295,On or near Park/Open Space,E01018597,Cheshire East 020B,Other theft,Investigation complete; no suspect identified,
76d8a0ae182310642955b23e418d84268bb583aeada021d658be931359d57e3e,2021-12,Cheshire Constabulary,Cheshire Constabulary,-2.193972,53.177932,On or near Crompton Close,E01018597,Cheshire East 020B,Other theft,Investigation complete; no suspect identified,
cb943ca255e3cf463e049842e0e45931e3cb4cf9536833ee64f7a290380ca16d,2021-12,Cheshire Constabulary,Cheshire Constabulary,-2.271409,53.238599,On or near Whitecroft Heath Road,E01018597,Cheshire East 020B,Public order,Unable to prosecute suspect,
742cede38d0f39dd708495c2c6ffcaf6e04faef7cd6c646b58f6628fb59d28ab,2021-12,Cheshire Constabulary,Cheshire Constabulary,-2.240713,53.236616,On or near Woodside,E01018597,Cheshire East 020B,Public order,Investigation complete; no suspect identified,
a14ed434eee5d20d96a98453aeac5ac738d1ce0a5026b4b7e47fb406bb3d3bd5,2021-12,Cheshire Constabulary,Cheshire Constabulary,-2.284825,53.225929,On or near B5392,E01018597,Cheshire East 020B,Violence and sexual offences,Unable to prosecute suspect,
67b35f06649e0fcb132269429895742ae09bb4c98b12ffd0a1fdbe942eac5874,2021-12,Cheshire Constabulary,Cheshire Constabulary,-2.271409,53.238599,On or near Whitecroft Heath Road,E01018597,Cheshire East 020B,Violence and sexual offences,Unable to prosecute suspect,
dc8edfa70705d2e8aaca16d3b0e314e54002ec997e4395f5393e503c0015fd52,2021-12,Cheshire Constabulary,Cheshire Constabulary,-2.197332,53.287257,On or near School Lane,E01018597,Cheshire East 020B,Violence and sexual offences,Unable to prosecute suspect,
b3dbb27f732b1bcf4fb0b81a5063e3434d7b31c809af77369b51d3d3fce15679,2021-12,Cheshire Constabulary,Cheshire Constabulary,-2.284825,53.225929,On or near B5392,E01018597,Cheshire East 020B,Violence and sexual offences,Unable to prosecute suspect,
aed3e2254ab697a58954bf4a81744f28272036612402ffa19eda65970002c591,2021-12,Cheshire Constabulary,Cheshire Constabulary,-2.271409,53.238599,On or near Whitecroft Heath Road,E01018597,Cheshire East 020B,Violence and sexual offences,Unable to prosecute suspect,
fd9fd643a5df6a7bd217610532a6ff6501e11ec474844ff3bee07d30efb9ee60,2021-12,Cheshire Constabulary,Cheshire Constabulary,-2.017747,53.315320,On or near Flatts Lane,E01018669,Cheshire East 020C,Burglary,Investigation complete; no suspect identified,
3479c0d0572a3b1ea34b530decf63280b19114462aecc4625a4c4417f6d39916,2021-12,Cheshire Constabulary,Cheshire Constabulary,-2.087568,53.297708,On or near Ingersley Road,E01018669,Cheshire East 020C,Other theft,Investigation complete; no suspect identified,
7f14af487f30c096c9e5bbf6994d5eae7cf3d73b8d363f50aee2df7fe9ea5b06,2021-12,Cheshire Constabulary,Cheshire Constabulary,-2.104070,53.266117,On or near Springhill,E01018669,Cheshire East 020C,Public order,Court result unavailable,
3b92871542ce8bcdca9801e56d1b0a307a4b531de8300a79e16da14a9f8abd58,2021-12,Cheshire Constabulary,Cheshire Constabulary,-2.088176,53.316035,On or near Park/Open Space,E01018669,Cheshire East 020C,Public order,Investigation complete; no suspect identified,
8f84556f486c2c3ea577417e255ba330f1e4f126a1f1d58c4a33a10c5e6cc1ff,2021-12,Cheshire Constabulary,Cheshire Constabulary,-2.087568,53.297708,On or near Ingersley Road,E01018669,Cheshire East 020C,Violence and sexual offences,Investigation complete; no suspect identified,
9f6932cfcc7ef3b80d36a6a41e1e18e1e9483fba2af56e6cedea7c415cf9b1e8,2021-12,Cheshire Constabulary,Cheshire Constabulary,-2.088176,53.316035,On or near Park/Open Space,E01018669,Cheshire East 020C,Violence and sexual offences,Investigation complete; no suspect identified,
929e05043c9d58b3219aa4282f4c5a60f0da5f440673ba111455fe45d5aafc71,2021-12,Cheshire Constabulary,Cheshire Constabulary,-2.109850,53.234399,On or near Symondley Road,E01018670,Cheshire East 020D,Burglary,Investigation complete; no suspect identified,
9c0afabe224568a7654b230366f490b4d992d0eb5167b144d6fa9f9814fd49e6,2021-12,Cheshire Constabulary,Cheshire Constabulary,-2.112419,53.236977,On or near Morton Drive,E01018670,Cheshire East 020D,Criminal damage and arson,Investigation complete; no suspect identified,
9464ab49130793ddcec92da74d3ce03cff785e5c433e4804afe05b98e0f607c8,2021-12,Cheshire Constabulary,Cheshire Constabulary,-2.111604,53.234739,On or near Cop Meadow,E01018670,Cheshire East 020D,Drugs,Court result unavailable,
ee2c666d025aceb6ced94229706ee8e370b4a44ae364141046063630f30491e4,2021-12,Cheshire Constabulary,Cheshire Constabulary,-2.112790,53.235745,On or near Tunnicliffe Road,E01018670,Cheshire East 020D,Public order,Investigation complete; no suspect identified,
b34b017fc2d125d32a67838f6f1a6854825068fae3921c7a7ec3fbee6119af02,2021-12,Cheshire Constabulary,Cheshire Constabulary,-2.079928,53.240221,On or near Clarke Lane,E01018670,Cheshire East 020D,Public order,Unable to prosecute suspect,
5855d4220e7e78829a99eb83bf752b9de6fc28b5de2f81396a02b4f26240a077,2021-12,Cheshire Constabulary,Cheshire Constabulary,-2.106703,53.251733,On or near Blakelow Bank,E01018670,Cheshire East 020D,Violence and sexual offences,Unable to prosecute suspect,
f0724c088c381b7fad6356c94468d03be254682b71e103c94b62d317178b8de5,2021-12,Cheshire Constabulary,Cheshire Constabulary,-2.111604,53.234739,On or near Cop Meadow,E01018670,Cheshire East 020D,Violence and sexual offences,Court result unavailable,
c958ec7d089c104327caa0d3c8b3b61adccf52947e130927c7aacaeaccc5f329,2021-12,Cheshire Constabulary,Cheshire Constabulary,-2.112419,53.236977,On or near Morton Drive,E01018670,Cheshire East 020D,Violence and sexual offences,Unable to prosecute suspect,
127e00a27a529797962f8cd82c8167248a2f78470a53579ca286fc3c9ee1b441,2021-12,Cheshire Constabulary,Cheshire Constabulary,-2.109850,53.234399,On or near Symondley Road,E01018670,Cheshire East 020D,Violence and sexual offences,Investigation complete; no suspect identified,
1939dfdde9b468d0e161c377008f40d83deccecb93615a2e5a369956997b611b,2021-12,Cheshire Constabulary,Cheshire Constabulary,-2.106703,53.251733,On or near Blakelow Bank,E01018670,Cheshire East 020D,Violence and sexual offences,Unable to prosecute suspect,
df42929be0de47af2bdd75f2d27efe40c206321950881920f87af8063b15303f,2021-12,Cheshire Constabulary,Cheshire Constabulary,-2.106703,53.251733,On or near Blakelow Bank,E01018670,Cheshire East 020D,Violence and sexual offences,Unable to prosecute suspect,
db79857cf759c05377ea9996ce790691c40d84df9167c040cb8648df9eb6f6da,2021-12,Cheshire Constabulary,Cheshire Constabulary,-2.079928,53.240221,On or near Clarke Lane,E01018670,Cheshire East 020D,Violence and sexual offences,Unable to prosecute suspect,
,2021-12,Cheshire Constabulary,Cheshire Constabulary,-2.134963,53.244908,On or near Cleaver Mews,E01018637,Cheshire East 021A,Anti-social behaviour,,
,2021-12,Cheshire Constabulary,Cheshire Constabulary,-2.137273,53.245580,On or near Everglade Close,E01018637,Cheshire East 021A,Anti-social behaviour,,
,2021-12,Cheshire Constabulary,Cheshire Constabulary,-2.137273,53.245580,On or near Everglade Close,E01018637,Cheshire East 021A,Anti-social behaviour,,
8c37727a50aba017f27cfbe09c6f965915a36ff3c04b54ca21dfb89c548f7469,2021-12,Cheshire Constabulary,Cheshire Constabulary,-2.130219,53.242253,On or near Moorhill Road,E01018637,Cheshire East 021A,Criminal damage and arson,Unable to prosecute suspect,
f1055244f1e2efd14c3c1e7c162de775fe35ae7888eaaa98a1f6fb213b083db3,2021-12,Cheshire Constabulary,Cheshire Constabulary,-2.131320,53.244391,On or near Ash Grove,E01018637,Cheshire East 021A,Violence and sexual offences,Court result unavailable,
2d70e7eaee631c9d26c84f512cb23dfe3a029ab99364df48af4593fcbf5dbd69,2021-12,Cheshire Constabulary,Cheshire Constabulary,-2.130509,53.243745,On or near Belgrave Road,E01018637,Cheshire East 021A,Violence and sexual offences,Court result unavailable,
a9b2b25a41d8d4b6bcdf8501264ee34f13fdf270ac2bfe9ece9cf8b5d7360dd3,2021-12,Cheshire Constabulary,Cheshire Constabulary,-2.130509,53.243745,On or near Belgrave Road,E01018637,Cheshire East 021A,Violence and sexual offences,Court result unavailable,
dbc02190320f408b3cb519a8381af9a839de99e93d2def7200a7a957a0613b3d,2021-12,Cheshire Constabulary,Cheshire Constabulary,-2.130219,53.242253,On or near Moorhill Road,E01018637,Cheshire East 021A,Violence and sexual offences,Unable to prosecute suspect,
d2db884e96e720bcacb1c3d59209896a660cdb90fe1eb7926614de995a59ffdc,2021-12,Cheshire Constabulary,Cheshire Constabulary,-2.133452,53.245782,On or near Mayfield Terrace,E01018637,Cheshire East 021A,Violence and sexual offences,Unable to prosecute suspect,
7ec8e21bf1e6e59071c5a5b9be13919ec0e95b94be3153258a9fae9460956132,2021-12,Cheshire Constabulary,Cheshire Constabulary,-2.131320,53.244391,On or near Ash Grove,E01018637,Cheshire East 021A,Violence and sexual offences,Court result unavailable,
cae766fcfedc7d074007b56afe94f84a4c9011c94c5dff4d7583257490acf0b1,2021-12,Cheshire Constabulary,Cheshire Constabulary,-2.131320,53.244391,On or near Ash Grove,E01018637,Cheshire East 021A,Violence and sexual offences,Court result unavailable,
8965ac1ba1c237ab459d7094fa9aedd035fbcdd230e24beec5240e5270306ae7,2021-12,Cheshire Constabulary,Cheshire Constabulary,-2.130509,53.243745,On or near Belgrave Road,E01018637,Cheshire East 021A,Violence and sexual offences,Unable to prosecute suspect,
2e5d4d9fcd0005b65303934ad6848a434878c755ffbde42bf9aeff06f6968dd6,2021-12,Cheshire Constabulary,Cheshire Constabulary,-2.129971,53.244330,On or near Parkgate Road,E01018637,Cheshire East 021A,Violence and sexual offences,Unable to prosecute suspect,
35a87d6f53d2307224f8238aa9963353a8e186e7ad6ed35c9eb711d1c0a1ef03,2021-12,Cheshire Constabulary,Cheshire Constabulary,-2.130219,53.242253,On or near Moorhill Road,E01018637,Cheshire East 021A,Violence and sexual offences,Local resolution,
c56dab383e6b3760239ed6913ff21f1d6f8868cff978c97cd8dfd515db934f35,2021-12,Cheshire Constabulary,Cheshire Constabulary,-2.131320,53.244391,On or near Ash Grove,E01018637,Cheshire East 021A,Violence and sexual offences,Unable to prosecute suspect,
ce749031a445edd8eaf132036740e5e583374ad907676250e87c3616a11f788e,2021-12,Cheshire Constabulary,Cheshire Constabulary,-2.134287,53.244514,On or near Stamford Road,E01018637,Cheshire East 021A,Violence and sexual offences,Unable to prosecute suspect,
328464d656941b2f2e47a7eee290d248587778e82df433ae08356d737181a087,2021-12,Cheshire Constabulary,Cheshire Constabulary,-2.134287,53.244514,On or near Stamford Road,E01018637,Cheshire East 021A,Violence and sexual offences,Court result unavailable,
83b2da747293d71720383b8f5e8c965feb9dfdcd96b4cd0ab7a50e00c144c1a3,2021-12,Cheshire Constabulary,Cheshire Constabulary,-2.134287,53.244514,On or near Stamford Road,E01018637,Cheshire East 021A,Violence and sexual offences,Unable to prosecute suspect,
05b68451abe77b0f8950426d9d36af7a98b3e6878151d7c0b1882521fbbe8f87,2021-12,Cheshire Constabulary,Cheshire Constabulary,-2.133452,53.245782,On or near Mayfield Terrace,E01018637,Cheshire East 021A,Violence and sexual offences,Unable to prosecute suspect,
398d3fbeb75f3ca998ab7e93206a670bb39040eaf304b6c694f0f30dbb3504bc,2021-12,Cheshire Constabulary,Cheshire Constabulary,-2.130509,53.243745,On or near Belgrave Road,E01018637,Cheshire East 021A,Violence and sexual offences,Court result unavailable,
b4578b587066541575fe1b165a92e1c170dde25fa89ad5a6baf4b07143ca3f52,2021-12,Cheshire Constabulary,Cheshire Constabulary,-2.131320,53.244391,On or near Ash Grove,E01018637,Cheshire East 021A,Violence and sexual offences,Unable to prosecute suspect,
e216833d2b9a5114c044e90c81993bdd3624db5a45baa6b1a2590f22d7048ca5,2021-12,Cheshire Constabulary,Cheshire Constabulary,-2.131320,53.244391,On or near Ash Grove,E01018637,Cheshire East 021A,Violence and sexual offences,Unable to prosecute suspect,
,2021-12,Cheshire Constabulary,Cheshire Constabulary,-2.128426,53.243828,On or near Rutland Road,E01018638,Cheshire East 021B,Anti-social behaviour,,
e31e6ac98152915c54f737e4239d69bcffef2e5628aa121128bbc59421754c87,2021-12,Cheshire Constabulary,Cheshire Constabulary,-2.125250,53.234006,On or near Lyme View,E01018638,Cheshire East 021B,Criminal damage and arson,Investigation complete; no suspect identified,
189218c3159eed32fcc6cc539b304013c24ff7caa89b095504ae1fec162e0996,2021-12,Cheshire Constabulary,Cheshire Constabulary,-2.128662,53.237697,On or near Brindley Way,E01018638,Cheshire East 021B,Criminal damage and arson,Unable to prosecute suspect,
7685102f5beb1dc6da95f2b40d257ff89a1f66f63ca0604d34d30b4c686429eb,2021-12,Cheshire Constabulary,Cheshire Constabulary,-2.128426,53.243828,On or near Rutland Road,E01018638,Cheshire East 021B,Public order,Investigation complete; no suspect identified,
c93ae990e9e50cb2fa6473418cc5a9b6ca0472ec94701723787dc0fd64362c88,2021-12,Cheshire Constabulary,Cheshire Constabulary,-2.123769,53.245091,On or near Sherwood Road,E01018638,Cheshire East 021B,Robbery,Investigation complete; no suspect identified,
40532c7f9ccb01cf46cd44b23eed0f67b15d07a7fd9b79131256945132358398,2021-12,Cheshire Constabulary,Cheshire Constabulary,-2.127119,53.242787,On or near Sports/Recreation Area,E01018638,Cheshire East 021B,Shoplifting,Investigation complete; no suspect identified,
ef3b2fceaf307a681d476d8876b156a71c505ec94cd4b6289f270ed80421e549,2021-12,Cheshire Constabulary,Cheshire Constabulary,-2.128662,53.237697,On or near Brindley Way,E01018638,Cheshire East 021B,Violence and sexual offences,Investigation complete; no suspect identified,
5b17e40ce379917032bd22c0a951ffec22f92362fd820ce44ea8a5ec14ced6ec,2021-12,Cheshire Constabulary,Cheshire Constabulary,-2.127119,53.242787,On or near Sports/Recreation Area,E01018638,Cheshire East 021B,Violence and sexual offences,Court result unavailable,
8e825a1ba9b59fabeba4c497491e90355973945008041f80708aee50aa30f1b8,2021-12,Cheshire Constabulary,Cheshire Constabulary,-2.128426,53.243828,On or near Rutland Road,E01018638,Cheshire East 021B,Violence and sexual offences,Investigation complete; no suspect identified,
40a17860d8745ad2244242b4fe136924b6f5e7b31381d626164f1b06ebbe7b86,2021-12,Cheshire Constabulary,Cheshire Constabulary,-2.130167,53.244869,On or near Mayfield Avenue,E01018638,Cheshire East 021B,Violence and sexual offences,Court result unavailable,
ecd7bb4446a951623a54959dd2681416623331f07b62e25646d2ca569addc7e9,2021-12,Cheshire Constabulary,Cheshire Constabulary,-2.127119,53.242787,On or near Sports/Recreation Area,E01018638,Cheshire East 021B,Violence and sexual offences,Unable to prosecute suspect,
19409c1dd11b88d3a31888962a19e86cf6e735fc8aa4a6fcc6f3c49b2e5f444a,2021-12,Cheshire Constabulary,Cheshire Constabulary,-2.123080,53.250305,On or near Smith Street,E01018639,Cheshire East 021C,Criminal damage and arson,Investigation complete; no suspect identified,
1f0a75743e218afaf64ea1e312b81e61e069a841baa22ad76ef7191aaa0b0ecc,2021-12,Cheshire Constabulary,Cheshire Constabulary,-2.121779,53.251412,On or near Jackson Street,E01018639,Cheshire East 021C,Criminal damage and arson,Investigation complete; no suspect identified,
4f7603b9b91e44e8fde24c8dab7b8c8854f0ae432ed37fbef4ba2330a34e9525,2021-12,Cheshire Constabulary,Cheshire Constabulary,-2.122140,53.251763,On or near Half Street,E01018639,Cheshire East 021C,Other theft,Investigation complete; no suspect identified,
e45aa33ece702144f674063749f43c33719d8db2d21857caf2389d73d7652e2d,2021-12,Cheshire Constabulary,Cheshire Constabulary,-2.122022,53.252284,On or near Mill Road,E01018639,Cheshire East 021C,Violence and sexual offences,Unable to prosecute suspect,
69ae2773fb83a66f2f8cad0f0c7f768fe92f0a7313c10d365ab70365b76a014b,2021-12,Cheshire Constabulary,Cheshire Constabulary,-2.117561,53.248774,On or near Beech Grove,E01018639,Cheshire East 021C,Violence and sexual offences,Unable to prosecute suspect,
e81e05b28a27ee09fa7090c4de871992a7eee5f57d05f96202452e86789a6a24,2021-12,Cheshire Constabulary,Cheshire Constabulary,-2.122140,53.251763,On or near Half Street,E01018639,Cheshire East 021C,Violence and sexual offences,Unable to prosecute suspect,
032c47cfe3005019a87a1c556aee39482054ac091a808ef74488b2dcc4a84d06,2021-12,Cheshire Constabulary,Cheshire Constabulary,-2.121779,53.251412,On or near Jackson Street,E01018639,Cheshire East 021C,Other crime,Unable to prosecute suspect,
e68cb35d497a5a4facd3d98a7917699f698b569ac843e597765171ab29167143,2021-12,Cheshire Constabulary,Cheshire Constabulary,-2.126024,53.247570,On or near Eaton Lane,E01018640,Cheshire East 021D,Burglary,Unable to prosecute suspect,
9740a41c8727ffd1220f7cab7e5670871203e2897e8456281c465cb5ce8a1969,2021-12,Cheshire Constabulary,Cheshire Constabulary,-2.125412,53.248245,On or near Briarwood Avenue,E01018640,Cheshire East 021D,Criminal damage and arson,Investigation complete; no suspect identified,
05e0fe3c0744ca860b81d3a6a701235403b3eb50e74752c450d642796f6676b2,2021-12,Cheshire Constabulary,Cheshire Constabulary,-2.122208,53.249416,On or near Goathland Way,E01018640,Cheshire East 021D,Public order,Investigation complete; no suspect identified,
009f6156ee149f5f8cd0d3290c9f27256eea916e738c8868f35d6462f0312cec,2021-12,Cheshire Constabulary,Cheshire Constabulary,-2.127145,53.246337,On or near Robin Hood Avenue,E01018640,Cheshire East 021D,Violence and sexual offences,Unable to prosecute suspect,
7d34d968f43dde35c3d13d767633dc264138f65ad3a9263fce8d7d0cbc9b7fcb,2021-12,Cheshire Constabulary,Cheshire Constabulary,-2.127658,53.247685,On or near Coppice Rise,E01018640,Cheshire East 021D,Violence and sexual offences,Court result unavailable,
1c666df8f46aac20fd1417940c9b204b90cfaf05c4f98967f81bc100e60e606a,2021-12,Cheshire Constabulary,Cheshire Constabulary,-2.127658,53.247685,On or near Coppice Rise,E01018640,Cheshire East 021D,Violence and sexual offences,Court result unavailable,
65c1bd2d93c4e5d56c3bfdb677638dc98c832bd842cc3ef2d7a162e700333637,2021-12,Cheshire Constabulary,Cheshire Constabulary,-2.124227,53.247895,On or near Sunny Bank Close,E01018640,Cheshire East 021D,Violence and sexual offences,Court result unavailable,
e13da47d3bfe175d0005e86b2989cbd0a6828adaa74ad10d0a8137a1d50e9a21,2021-12,Cheshire Constabulary,Cheshire Constabulary,-2.125287,53.251669,On or near Thistleton Close,E01018640,Cheshire East 021D,Violence and sexual offences,Unable to prosecute suspect,
,2021-12,Cheshire Constabulary,Cheshire Constabulary,-2.269942,53.181595,On or near Hunters Pointe,E01018393,Cheshire East 022A,Anti-social behaviour,,
,2021-12,Cheshire Constabulary,Cheshire Constabulary,-2.370748,53.221216,On or near Goostrey Lane,E01018411,Cheshire East 022B,Anti-social behaviour,,
,2021-12,Cheshire Constabulary,Cheshire Constabulary,-2.346783,53.204416,On or near Maple Close,E01018413,Cheshire East 023A,Anti-social behaviour,,
,2021-12,Cheshire Constabulary,Cheshire Constabulary,-2.344138,53.204990,On or near A535,E01018413,Cheshire East 023A,Anti-social behaviour,,
,2021-12,Cheshire Constabulary,Cheshire Constabulary,-2.376039,53.201235,On or near Lingmell Gardens,E01018414,Cheshire East 023B,Anti-social behaviour,,
1c8e3bd22d2bfd93d5c2f63919d293a763faff61b2563e67ebb636165bad9c4c,2021-12,Cheshire Constabulary,Cheshire Constabulary,-2.380517,53.201401,On or near Middlewich Road,E01018414,Cheshire East 023B,Other theft,Investigation complete; no suspect identified,
,2021-12,Cheshire Constabulary,Cheshire Constabulary,-2.360949,53.201192,On or near Sports/Recreation Area,E01018415,Cheshire East 023C,Anti-social behaviour,,
,2021-12,Cheshire Constabulary,Cheshire Constabulary,-2.358468,53.201703,On or near Parking Area,E01018415,Cheshire East 023C,Anti-social behaviour,,
,2021-12,Cheshire Constabulary,Cheshire Constabulary,-2.354282,53.195118,On or near Alum Court,E01018416,Cheshire East 023D,Anti-social behaviour,,
,2021-12,Cheshire Constabulary,Cheshire Constabulary,-2.361357,53.198135,On or near St Andrews Drive,E01018416,Cheshire East 023D,Anti-social behaviour,,
,2021-12,Cheshire Constabulary,Cheshire Constabulary,-2.455373,53.197624,On or near Lime Close,E01018424,Cheshire East 024A,Anti-social behaviour,,
,2021-12,Cheshire Constabulary,Cheshire Constabulary,-2.447885,53.192969,On or near Wheelock Street,E01018425,Cheshire East 024B,Anti-social behaviour,,
,2021-12,Cheshire Constabulary,Cheshire Constabulary,-2.447080,53.191884,On or near Wallcroft Gardens,E01018425,Cheshire East 024B,Anti-social behaviour,,
,2021-12,Cheshire Constabulary,Cheshire Constabulary,-2.435212,53.175658,On or near Shelley Close,E01018421,Cheshire East 025C,Anti-social behaviour,,
,2021-12,Cheshire Constabulary,Cheshire Constabulary,-2.440809,53.187566,On or near Park/Open Space,E01018422,Cheshire East 025D,Anti-social behaviour,,
,2021-12,Cheshire Constabulary,Cheshire Constabulary,-2.440809,53.187566,On or near Park/Open Space,E01018422,Cheshire East 025D,Anti-social behaviour,,
,2021-12,Cheshire Constabulary,Cheshire Constabulary,-2.191865,53.175247,On or near Ribblesdale Avenue,E01018396,Cheshire East 026B,Anti-social behaviour,,
,2021-12,Cheshire Constabulary,Cheshire Constabulary,-2.195864,53.176257,On or near Littondale Close,E01018396,Cheshire East 026B,Anti-social behaviour,,
de6d8221e7cc4c656c060e113a3b0d8ad4da6f557a2ad31b2d45cf4d5b13e5b9,2021-12,Cheshire Constabulary,Cheshire Constabulary,-2.196540,53.176867,On or near Sports/Recreation Area,E01018396,Cheshire East 026B,Public order,Investigation complete; no suspect identified,
c1a51fc35e19a6d339c406dadb9f49eaa13fe11990469adc1ca855c4de3daa64,2021-12,Cheshire Constabulary,Cheshire Constabulary,-2.196540,53.176867,On or near Sports/Recreation Area,E01018396,Cheshire East 026B,Violence and sexual offences,Unable to prosecute suspect,
,2021-12,Cheshire Constabulary,Cheshire Constabulary,-2.201548,53.166458,On or near Brunswick Street,E01018400,Cheshire East 026C,Anti-social behaviour,,
,2021-12,Cheshire Constabulary,Cheshire Constabulary,-2.193882,53.161320,On or near Matthews Place,E01018401,Cheshire East 026D,Anti-social behaviour,,
,2021-12,Cheshire Constabulary,Cheshire Constabulary,-2.191407,53.163005,On or near Hutton Drive,E01018401,Cheshire East 026D,Anti-social behaviour,,
,2021-12,Cheshire Constabulary,Cheshire Constabulary,-2.190869,53.159923,On or near Jersey Close,E01018401,Cheshire East 026D,Anti-social behaviour,,
,2021-12,Cheshire Constabulary,Cheshire Constabulary,-2.221753,53.162755,On or near Astbury Street,E01018398,Cheshire East 027A,Anti-social behaviour,,
,2021-12,Cheshire Constabulary,Cheshire Constabulary,-2.211911,53.162692,On or near Nightclub,E01018399,Cheshire East 027B,Anti-social behaviour,,
,2021-12,Cheshire Constabulary,Cheshire Constabulary,-2.212701,53.162187,On or near Moody Street,E01018399,Cheshire East 027B,Anti-social behaviour,,
,2021-12,Cheshire Constabulary,Cheshire Constabulary,-2.211911,53.162692,On or near Nightclub,E01018399,Cheshire East 027B,Anti-social behaviour,,
,2021-12,Cheshire Constabulary,Cheshire Constabulary,-2.214658,53.164646,On or near Cross Street,E01018402,Cheshire East 027C,Anti-social behaviour,,
,2021-12,Cheshire Constabulary,Cheshire Constabulary,-2.212743,53.164578,On or near Parking Area,E01018402,Cheshire East 027C,Anti-social behaviour,,
,2021-12,Cheshire Constabulary,Cheshire Constabulary,-2.212516,53.164075,On or near Supermarket,E01018402,Cheshire East 027C,Anti-social behaviour,,
,2021-12,Cheshire Constabulary,Cheshire Constabulary,-2.213262,53.163741,On or near Shopping Area,E01018402,Cheshire East 027C,Anti-social behaviour,,
,2021-12,Cheshire Constabulary,Cheshire Constabulary,-2.214697,53.163541,On or near Swan Bank,E01018402,Cheshire East 027C,Anti-social behaviour,,
,2021-12,Cheshire Constabulary,Cheshire Constabulary,-2.212516,53.164075,On or near Supermarket,E01018402,Cheshire East 027C,Anti-social behaviour,,
,2021-12,Cheshire Constabulary,Cheshire Constabulary,-2.214697,53.163541,On or near Swan Bank,E01018402,Cheshire East 027C,Anti-social behaviour,,
,2021-12,Cheshire Constabulary,Cheshire Constabulary,-2.206108,53.175161,On or near Biggs Way,E01018403,Cheshire East 027D,Anti-social behaviour,,
,2021-12,Cheshire Constabulary,Cheshire Constabulary,-2.203599,53.169960,On or near Parking Area,E01018403,Cheshire East 027D,Anti-social behaviour,,
,2021-12,Cheshire Constabulary,Cheshire Constabulary,-2.207116,53.176489,On or near Whittaker Close,E01018403,Cheshire East 027D,Anti-social behaviour,,
,2021-12,Cheshire Constabulary,Cheshire Constabulary,-2.229854,53.164600,On or near Holmes Chapel Road,E01018409,Cheshire East 028C,Anti-social behaviour,,
,2021-12,Cheshire Constabulary,Cheshire Constabulary,-2.236527,53.164938,On or near Supermarket,E01018409,Cheshire East 028C,Anti-social behaviour,,
,2021-12,Cheshire Constabulary,Cheshire Constabulary,-2.236527,53.164938,On or near Supermarket,E01018409,Cheshire East 028C,Anti-social behaviour,,
,2021-12,Cheshire Constabulary,Cheshire Constabulary,-2.236527,53.164938,On or near Supermarket,E01018409,Cheshire East 028C,Anti-social behaviour,,
,2021-12,Cheshire Constabulary,Cheshire Constabulary,-2.243442,53.163063,On or near Brooklands Road,E01018410,Cheshire East 028D,Anti-social behaviour,,
,2021-12,Cheshire Constabulary,Cheshire Constabulary,-2.191677,53.156659,On or near Biddulph Road,E01018405,Cheshire East 029B,Anti-social behaviour,,
,2021-12,Cheshire Constabulary,Cheshire Constabulary,-2.383705,53.146046,On or near Dalton Court,E01018436,Cheshire East 030A,Anti-social behaviour,,
,2021-12,Cheshire Constabulary,Cheshire Constabulary,-2.377596,53.145077,On or near Middlewich Road,E01018437,Cheshire East 030B,Anti-social behaviour,,
,2021-12,Cheshire Constabulary,Cheshire Constabulary,-2.375605,53.146503,On or near Sports/Recreation Area,E01018437,Cheshire East 030B,Anti-social behaviour,,
,2021-12,Cheshire Constabulary,Cheshire Constabulary,-2.381268,53.134233,On or near Brock Hollow,E01018442,Cheshire East 031C,Anti-social behaviour,,
,2021-12,Cheshire Constabulary,Cheshire Constabulary,-2.373817,53.133403,On or near Lightley Close,E01018432,Cheshire East 032A,Anti-social behaviour,,
,2021-12,Cheshire Constabulary,Cheshire Constabulary,-2.353940,53.140969,On or near Stringer Avenue,E01018434,Cheshire East 032C,Anti-social behaviour,,
,2021-12,Cheshire Constabulary,Cheshire Constabulary,-2.353940,53.140969,On or near Stringer Avenue,E01018434,Cheshire East 032C,Anti-social behaviour,,
,2021-12,Cheshire Constabulary,Cheshire Constabulary,-2.354232,53.141930,On or near Mill Row,E01018434,Cheshire East 032C,Anti-social behaviour,,
,2021-12,Cheshire Constabulary,Cheshire Constabulary,-2.366542,53.142612,On or near Belle Vue Terrace,E01018435,Cheshire East 032D,Anti-social behaviour,,
,2021-12,Cheshire Constabulary,Cheshire Constabulary,-2.362838,53.144808,On or near Parking Area,E01018435,Cheshire East 032D,Anti-social behaviour,,
,2021-12,Cheshire Constabulary,Cheshire Constabulary,-2.361495,53.141585,On or near Brookhouse Road,E01018435,Cheshire East 032D,Anti-social behaviour,,
,2021-12,Cheshire Constabulary,Cheshire Constabulary,-2.365206,53.140270,On or near Sports/Recreation Area,E01018435,Cheshire East 032D,Anti-social behaviour,,
,2021-12,Cheshire Constabulary,Cheshire Constabulary,-2.361495,53.141585,On or near Brookhouse Road,E01018435,Cheshire East 032D,Anti-social behaviour,,
,2021-12,Cheshire Constabulary,Cheshire Constabulary,-2.330409,53.123266,On or near The Paddock,E01018418,Cheshire East 033C,Anti-social behaviour,,
,2021-12,Cheshire Constabulary,Cheshire Constabulary,-2.337714,53.111506,On or near M6,E01018418,Cheshire East 033C,Anti-social behaviour,,
,2021-12,Cheshire Constabulary,Cheshire Constabulary,-2.225059,53.105722,On or near Heatherside,E01018428,Cheshire East 033D,Anti-social behaviour,,
8705aaf1b777a4ee583151dbf393a1f8b850b89bb5fc39f2fc65bc397191e26d,2021-12,Cheshire Constabulary,Cheshire Constabulary,-2.453410,53.118051,On or near Parker'S Road,E01018472,Cheshire East 034A,Shoplifting,Investigation complete; no suspect identified,
2f37bf626a2429095edfdeeee7fc5f2b2c50e0989e392d1b384e72ddd5cc28c1,2021-12,Cheshire Constabulary,Cheshire Constabulary,-2.448264,53.113073,On or near Petrol Station,E01018472,Cheshire East 034A,Violence and sexual offences,Court result unavailable,
832bb4b762eaf31ec1313f204e449068ace2790f28ce58b0dfbd336efe0df4a0,2021-12,Cheshire Constabulary,Cheshire Constabulary,-2.453343,53.113117,On or near Petrol Station,E01018472,Cheshire East 034A,Violence and sexual offences,Unable to prosecute suspect,
87e709fe26570851ed12b75ad439c0b8466b7b264e7b14e2b2a609f5ef33d920,2021-12,Cheshire Constabulary,Cheshire Constabulary,-2.451580,53.117303,On or near Hurn Close,E01018472,Cheshire East 034A,Violence and sexual offences,Unable to prosecute suspect,
1407c2b31adef33c3f2a723062924354c5bcc6fef928993372f047448d1bec6d,2021-12,Cheshire Constabulary,Cheshire Constabulary,-2.453410,53.118051,On or near Parker'S Road,E01018472,Cheshire East 034A,Violence and sexual offences,Unable to prosecute suspect,
9fb5f03ed8d5977cd2051600964b6f416fb2e30b75f51824debe1ea116b3ccae,2021-12,Cheshire Constabulary,Cheshire Constabulary,-2.453410,53.118051,On or near Parker'S Road,E01018472,Cheshire East 034A,Violence and sexual offences,Unable to prosecute suspect,
9d553e2e349fd59f5b3604e7638f22ee39b940720118fac7b8ef34888edcb00f,2021-12,Cheshire Constabulary,Cheshire Constabulary,-2.453410,53.118051,On or near Parker'S Road,E01018472,Cheshire East 034A,Violence and sexual offences,Investigation complete; no suspect identified,
08c9001b99cc509f58ed582cb90ac7a26dfbb06239fe7920f037dc05791a7b91,2021-12,Cheshire Constabulary,Cheshire Constabulary,-2.454985,53.114315,On or near Kestrel Drive,E01018473,Cheshire East 034B,Burglary,Investigation complete; no suspect identified,
27364120f0e9b5200df03ce16935b8f9cfdc17fafc06e6dc00b7c3c2aa39d47f,2021-12,Cheshire Constabulary,Cheshire Constabulary,-2.458102,53.118060,On or near Parkers Road,E01018473,Cheshire East 034B,Other theft,Investigation complete; no suspect identified,
bcb30e4496ee50657faf4c85feb10345e31a4849c3c3f4218ec1b89f47835fd0,2021-12,Cheshire Constabulary,Cheshire Constabulary,-2.459642,53.113920,On or near Leighton View,E01018473,Cheshire East 034B,Other theft,Investigation complete; no suspect identified,
ca27b92ae94025fa65c29eca5b403bcdfe0d9374304f17d28ac2bb29d64559ab,2021-12,Cheshire Constabulary,Cheshire Constabulary,-2.454190,53.114093,On or near Falcon Drive,E01018473,Cheshire East 034B,Public order,Investigation complete; no suspect identified,
85a53270ec64ef7433d15981152632c3da473674fe08b542b814b4448ad2a39c,2021-12,Cheshire Constabulary,Cheshire Constabulary,-2.462409,53.114214,On or near Bradfield Road,E01018473,Cheshire East 034B,Violence and sexual offences,Court result unavailable,
d284d6275e2a36deee17deb9585478592d34c75124c42efbfa4df509206d7f78,2021-12,Cheshire Constabulary,Cheshire Constabulary,-2.459642,53.113920,On or near Leighton View,E01018473,Cheshire East 034B,Violence and sexual offences,Unable to prosecute suspect,
1dd578506e9aed2dfac4f499c074077f54a44a0c7ba4c20edeeb149bb2db1da7,2021-12,Cheshire Constabulary,Cheshire Constabulary,-2.459642,53.113920,On or near Leighton View,E01018473,Cheshire East 034B,Violence and sexual offences,Unable to prosecute suspect,
,2021-12,Cheshire Constabulary,Cheshire Constabulary,-2.465281,53.115965,On or near Lawford Close,E01018474,Cheshire East 034C,Anti-social behaviour,,
,2021-12,Cheshire Constabulary,Cheshire Constabulary,-2.460739,53.117367,On or near Becconsall Close,E01018474,Cheshire East 034C,Anti-social behaviour,,
97f80e8b39296f6b59e5b885ee2bc0d465bacbb2a15c9b3c4351491dc90fc30f,2021-12,Cheshire Constabulary,Cheshire Constabulary,-2.465581,53.113303,On or near James Atkinson Way,E01018474,Cheshire East 034C,Violence and sexual offences,Unable to prosecute suspect,
b5c53260f9552d8de2767e11c8eacd3add3c3579f3c4cf35190d5220a0e22866,2021-12,Cheshire Constabulary,Cheshire Constabulary,-2.465581,53.113303,On or near James Atkinson Way,E01018474,Cheshire East 034C,Violence and sexual offences,Unable to prosecute suspect,
cae2be0091d8f2f73dc6eb5715529f0edefeaf356a70907c4b359d3e232fd384,2021-12,Cheshire Constabulary,Cheshire Constabulary,-2.466131,53.115791,On or near Bromley Close,E01018474,Cheshire East 034C,Violence and sexual offences,Unable to prosecute suspect,
8ed56fdf0ae5196bd568b46b83401faaf873dd57248592dac50094093fb28f99,2021-12,Cheshire Constabulary,Cheshire Constabulary,-2.453843,53.119407,On or near Burton Grove,E01018475,Cheshire East 034D,Criminal damage and arson,Investigation complete; no suspect identified,
f9dea2deaecaf6edc5f2390197727bd72d0003699ec848e45da0b200f64cbd45,2021-12,Cheshire Constabulary,Cheshire Constabulary,-2.459693,53.120176,On or near Thorn Tree Drive,E01018475,Cheshire East 034D,Violence and sexual offences,Unable to prosecute suspect,
,2021-12,Cheshire Constabulary,Cheshire Constabulary,-2.440739,53.101829,On or near Parking Area,E01018463,Cheshire East 035A,Anti-social behaviour,,
,2021-12,Cheshire Constabulary,Cheshire Constabulary,-2.441881,53.101079,On or near Newton Street,E01018463,Cheshire East 035A,Anti-social behaviour,,
,2021-12,Cheshire Constabulary,Cheshire Constabulary,-2.432097,53.102499,On or near Spring Gardens,E01018463,Cheshire East 035A,Anti-social behaviour,,
ca17557deed690a7b296a1d281d8772334c25bb70036ca0bcda88c0278566d91,2021-12,Cheshire Constabulary,Cheshire Constabulary,-2.440739,53.101829,On or near Parking Area,E01018463,Cheshire East 035A,Drugs,Unable to prosecute suspect,
df95dd33f0406355bf71d69d4cc431371175ee52cdc4f7cedc2db902851e3adc,2021-12,Cheshire Constabulary,Cheshire Constabulary,-2.439858,53.103369,On or near Audley Street West,E01018463,Cheshire East 035A,Drugs,Local resolution,
bc2e5e5c7399ebf66231407dcd563a5efb2a0d0dfd5814adec49b53a00868126,2021-12,Cheshire Constabulary,Cheshire Constabulary,-2.436942,53.103002,On or near Cumberland Close,E01018463,Cheshire East 035A,Other theft,Unable to prosecute suspect,
e240d83d72290c4bb7c376a3cf154fa8d96f19255696aa39495d5f6df238a0ce,2021-12,Cheshire Constabulary,Cheshire Constabulary,-2.436942,53.103002,On or near Cumberland Close,E01018463,Cheshire East 035A,Other theft,Unable to prosecute suspect,
c4460f1a13fa0da56d7f29d428a71f24e260849e69121bb753a83ee18f36eb21,2021-12,Cheshire Constabulary,Cheshire Constabulary,-2.435053,53.102308,On or near Henry Street,E01018463,Cheshire East 035A,Public order,Court result unavailable,
ca07149fec9a6f1ab5cf0a8c4515b6f1d1bc0cab33c677265fdf50a9ebd278f6,2021-12,Cheshire Constabulary,Cheshire Constabulary,-2.437221,53.104017,On or near Waine Street,E01018463,Cheshire East 035A,Violence and sexual offences,Unable to prosecute suspect,
c929015f530fa932e908b23ab013d8c1dd26259d6a2443e4b84a3b87448fb921,2021-12,Cheshire Constabulary,Cheshire Constabulary,-2.439774,53.103936,On or near Supermarket,E01018463,Cheshire East 035A,Violence and sexual offences,Unable to prosecute suspect,
41f047bbe1f05cadc9c08e776f7b03b70661b266541f6964e886d82e3fd85512,2021-12,Cheshire Constabulary,Cheshire Constabulary,-2.432097,53.102499,On or near Spring Gardens,E01018463,Cheshire East 035A,Violence and sexual offences,Unable to prosecute suspect,
3bda3777074506e6e09c23d290b04359bb3f7dbef97dd8da7d8ce64fb2c1b6a9,2021-12,Cheshire Constabulary,Cheshire Constabulary,-2.436942,53.103002,On or near Cumberland Close,E01018463,Cheshire East 035A,Violence and sexual offences,Unable to prosecute suspect,
fd1c11b20d619e261251e30a28b03a4732a49e1c004f45f4f30fc3d43bb92b50,2021-12,Cheshire Constabulary,Cheshire Constabulary,-2.439774,53.103936,On or near Supermarket,E01018463,Cheshire East 035A,Violence and sexual offences,Unable to prosecute suspect,
1a1ffe400c078a4a37a821ed022e454bc76e581ccabf239e21c66a1e9d15979c,2021-12,Cheshire Constabulary,Cheshire Constabulary,-2.435053,53.102308,On or near Henry Street,E01018463,Cheshire East 035A,Violence and sexual offences,Court result unavailable,
421409730a99468be29992aa0813eeacdf8af9570b54b262420de3ca4be721e4,2021-12,Cheshire Constabulary,Cheshire Constabulary,-2.439774,53.103936,On or near Supermarket,E01018463,Cheshire East 035A,Violence and sexual offences,Unable to prosecute suspect,
54505cb853cbaffb21a8549cf57f40b6a14ee65fa2535b9641f44ca383c2dae4,2021-12,Cheshire Constabulary,Cheshire Constabulary,-2.439858,53.103369,On or near Audley Street West,E01018463,Cheshire East 035A,Violence and sexual offences,Investigation complete; no suspect identified,
e0579e78f59516d7286891ff8af42ddc582a12f39a61177d29514d3344557ec6,2021-12,Cheshire Constabulary,Cheshire Constabulary,-2.439774,53.103936,On or near Supermarket,E01018463,Cheshire East 035A,Violence and sexual offences,Unable to prosecute suspect,
9c4336473fbcdb6d6c765ea4a78e0820c4565e13d508f8c947b51e4eacfb90f2,2021-12,Cheshire Constabulary,Cheshire Constabulary,-2.437221,53.104017,On or near Waine Street,E01018463,Cheshire East 035A,Violence and sexual offences,Investigation complete; no suspect identified,
69ae96f6e4284541c361711def85951941dc3b81508184321bde18c32e9215ea,2021-12,Cheshire Constabulary,Cheshire Constabulary,-2.439774,53.103936,On or near Supermarket,E01018463,Cheshire East 035A,Violence and sexual offences,Unable to prosecute suspect,
f4319ee1d4b8d405df3e3d4950844676a8ff7ae6df48c1aafcc47e7be473e440,2021-12,Cheshire Constabulary,Cheshire Constabulary,-2.432097,53.102499,On or near Spring Gardens,E01018463,Cheshire East 035A,Violence and sexual offences,Unable to prosecute suspect,
c0effdaee8eadbd5124b09904f606062f26711a89c083d2dc067fed257a418ad,2021-12,Cheshire Constabulary,Cheshire Constabulary,-2.438811,53.103229,On or near Audley Street,E01018463,Cheshire East 035A,Violence and sexual offences,Status update unavailable,
56a549b751b97491d618da48311f98541ac77251bf78e40f7f4e5d556f48ea56,2021-12,Cheshire Constabulary,Cheshire Constabulary,-2.439774,53.103936,On or near Supermarket,E01018463,Cheshire East 035A,Violence and sexual offences,Unable to prosecute suspect,
d5ef114e9c10ca0126874127a85dd91138352a745816ad3275d94370ac26e1e7,2021-12,Cheshire Constabulary,Cheshire Constabulary,-2.435053,53.102308,On or near Henry Street,E01018463,Cheshire East 035A,Violence and sexual offences,Court result unavailable,
24c5240b8fe35465eb4d4da492371ef939980cbb677ae18cfab899ff707485b8,2021-12,Cheshire Constabulary,Cheshire Constabulary,-2.437769,53.105058,On or near Charlesworth Street,E01018463,Cheshire East 035A,Other crime,Unable to prosecute suspect,
,2021-12,Cheshire Constabulary,Cheshire Constabulary,-2.441461,53.108163,On or near Crossway,E01018476,Cheshire East 035B,Anti-social behaviour,,
,2021-12,Cheshire Constabulary,Cheshire Constabulary,-2.440403,53.106990,On or near Haslemere Way,E01018476,Cheshire East 035B,Anti-social behaviour,,
fdb68fbb21242b4a1c8669c1241716898f6e41bb90070352ec67d2ab4a37b56e,2021-12,Cheshire Constabulary,Cheshire Constabulary,-2.440806,53.111303,On or near B5076,E01018476,Cheshire East 035B,Criminal damage and arson,Investigation complete; no suspect identified,
a0d789cbc88fd8090a6a9b8c63b9d5813af7d31e706dffe94b52e963c2e69e2f,2021-12,Cheshire Constabulary,Cheshire Constabulary,-2.436080,53.107842,On or near Sycamore Avenue,E01018476,Cheshire East 035B,Public order,Unable to prosecute suspect,
21855926b7e9248abbe59fcd47d5b13236c48e13cbb89dd88c3e5b10d380d06e,2021-12,Cheshire Constabulary,Cheshire Constabulary,-2.440403,53.106990,On or near Haslemere Way,E01018476,Cheshire East 035B,Public order,Investigation complete; no suspect identified,
9f0f052c514e568251b2d7dd1718270a8642d1451f890187ba7d6e52694138e0,2021-12,Cheshire Constabulary,Cheshire Constabulary,-2.439810,53.107424,On or near Abbey Place,E01018476,Cheshire East 035B,Violence and sexual offences,Unable to prosecute suspect,
ea18dbc375314113bd0c854977a9f1ffc57c9de6cb62469a0b27e7fa84d85061,2021-12,Cheshire Constabulary,Cheshire Constabulary,-2.440403,53.106990,On or near Haslemere Way,E01018476,Cheshire East 035B,Violence and sexual offences,Unable to prosecute suspect,
031c5d62faf0d76d8e694545c7a63030a91e19e19b448785a20d7c24e6c6e391,2021-12,Cheshire Constabulary,Cheshire Constabulary,-2.440403,53.106990,On or near Haslemere Way,E01018476,Cheshire East 035B,Violence and sexual offences,Action to be taken by another organisation,
1d736b22cabb3553f7f91135491604267647c499796a19220d078a956e218e57,2021-12,Cheshire Constabulary,Cheshire Constabulary,-2.439184,53.106104,On or near Sherborne Road,E01018476,Cheshire East 035B,Violence and sexual offences,Court result unavailable,
1c87cd0af533b1193d09ed282c3ccc776c8cc6ed31766b6619da9176d5dd7458,2021-12,Cheshire Constabulary,Cheshire Constabulary,-2.440403,53.106990,On or near Haslemere Way,E01018476,Cheshire East 035B,Violence and sexual offences,Action to be taken by another organisation,
190de3d2154135ca508cef0e1a2fa03a1d75927b412af1d1be85b13c3a66462b,2021-12,Cheshire Constabulary,Cheshire Constabulary,-2.440136,53.105759,On or near Cranborne Road,E01018476,Cheshire East 035B,Violence and sexual offences,Unable to prosecute suspect,
e69d10903f629f1ff836495929a71a5fcc9367c841f58aed5cde391011074e1f,2021-12,Cheshire Constabulary,Cheshire Constabulary,-2.439184,53.106104,On or near Sherborne Road,E01018476,Cheshire East 035B,Violence and sexual offences,Court result unavailable,
6adcef852712a74e69b5eec883bb61a2d0c22f2fa99bb67c9a4841c5fb098c58,2021-12,Cheshire Constabulary,Cheshire Constabulary,-2.440136,53.105759,On or near Cranborne Road,E01018476,Cheshire East 035B,Violence and sexual offences,Court result unavailable,
3be824e5a9d4bffaade4adb0753608f63e863743dbf0e21c97d6fdad8fb18714,2021-12,Cheshire Constabulary,Cheshire Constabulary,-2.440403,53.106990,On or near Haslemere Way,E01018476,Cheshire East 035B,Violence and sexual offences,Investigation complete; no suspect identified,
d10795f8a30c4ef7a5a9e4143ba74bde21cec62d7b9b4411b5531afcfc2292fb,2021-12,Cheshire Constabulary,Cheshire Constabulary,-2.440403,53.106990,On or near Haslemere Way,E01018476,Cheshire East 035B,Violence and sexual offences,Unable to prosecute suspect,
d3c315220cdc1fb957041fe0de42f28493937b28d7501c63613a54a1341932be,2021-12,Cheshire Constabulary,Cheshire Constabulary,-2.439810,53.107424,On or near Abbey Place,E01018476,Cheshire East 035B,Other crime,Unable to prosecute suspect,
,2021-12,Cheshire Constabulary,Cheshire Constabulary,-2.431237,53.107563,On or near Sorbus Drive,E01018477,Cheshire East 035C,Anti-social behaviour,,
,2021-12,Cheshire Constabulary,Cheshire Constabulary,-2.438242,53.106054,On or near Hospital Street,E01018477,Cheshire East 035C,Anti-social behaviour,,
,2021-12,Cheshire Constabulary,Cheshire Constabulary,-2.434097,53.106788,On or near Coronation Crescent,E01018477,Cheshire East 035C,Anti-social behaviour,,
d76e01d5428ed638df2031531af6743c236a5793fe0db0c458c5fec2f479d992,2021-12,Cheshire Constabulary,Cheshire Constabulary,-2.435112,53.105247,On or near Coronation Street,E01018477,Cheshire East 035C,Bicycle theft,Investigation complete; no suspect identified,
6f99f83e83a38af8f079534412503e1efc21924b4c2c5ef80304c1f5cbb125db,2021-12,Cheshire Constabulary,Cheshire Constabulary,-2.435112,53.105247,On or near Coronation Street,E01018477,Cheshire East 035C,Bicycle theft,Investigation complete; no suspect identified,
0cfcb67d8c5ad61ea9102dedf77c1740d0490b8d36a028b9781907b0a31554ed,2021-12,Cheshire Constabulary,Cheshire Constabulary,-2.434097,53.106788,On or near Coronation Crescent,E01018477,Cheshire East 035C,Criminal damage and arson,Investigation complete; no suspect identified,
39878876e3ee8da76b0c95e2f02d92af50af55cc289e80b6a65847ff29443e3a,2021-12,Cheshire Constabulary,Cheshire Constabulary,-2.435112,53.105247,On or near Coronation Street,E01018477,Cheshire East 035C,Other theft,Investigation complete; no suspect identified,
ceb6d85fc84ce6c49ea0e682c1218d62fa082ad785e41c517f3123381370a369,2021-12,Cheshire Constabulary,Cheshire Constabulary,-2.427211,53.108251,On or near Sydney Road,E01018477,Cheshire East 035C,Other theft,Investigation complete; no suspect identified,
bc06832fa63945054474b5d353758edc3f53b613d54aa8b4d1688a81635d46b4,2021-12,Cheshire Constabulary,Cheshire Constabulary,-2.437366,53.106534,On or near Woodland Gardens,E01018477,Cheshire East 035C,Public order,Investigation complete; no suspect identified,
e7a353e533190fd980dad7f412de471839ef78cce09f300c9fae800bf6aa93a0,2021-12,Cheshire Constabulary,Cheshire Constabulary,-2.435112,53.105247,On or near Coronation Street,E01018477,Cheshire East 035C,Shoplifting,Further investigation is not in the public interest,
5af2cf1a0f40066083e45fdd81f427de340ebd0c05858fc3442c5ac415e0786f,2021-12,Cheshire Constabulary,Cheshire Constabulary,-2.429699,53.107586,On or near Crabtree Grove,E01018477,Cheshire East 035C,Violence and sexual offences,Unable to prosecute suspect,
9a8fe96f520667e1969f698fc3d0baffe32c31975b3107328b0df833ef4d9c79,2021-12,Cheshire Constabulary,Cheshire Constabulary,-2.434097,53.106788,On or near Coronation Crescent,E01018477,Cheshire East 035C,Violence and sexual offences,Unable to prosecute suspect,
46814732126303a6980bfcb78cb25a9d6411e1d483c8853075a781d9ea184a6a,2021-12,Cheshire Constabulary,Cheshire Constabulary,-2.430326,53.106128,On or near Plane Tree Drive,E01018477,Cheshire East 035C,Violence and sexual offences,Status update unavailable,
df19c118a65701c7a4aa9d1a9dd4f08ad391bbad9bed74ebe4d3971191b47f84,2021-12,Cheshire Constabulary,Cheshire Constabulary,-2.435112,53.105247,On or near Coronation Street,E01018477,Cheshire East 035C,Violence and sexual offences,Unable to prosecute suspect,
e57600fa7f0e7f02267c2185dc692fe508f961611572eb18bff1c89917b06c57,2021-12,Cheshire Constabulary,Cheshire Constabulary,-2.435112,53.105247,On or near Coronation Street,E01018477,Cheshire East 035C,Violence and sexual offences,Unable to prosecute suspect,
6db530419c94b4333db8f94d4b1cb08d155189ec8f8d7b457819cb75aa197090,2021-12,Cheshire Constabulary,Cheshire Constabulary,-2.434097,53.106788,On or near Coronation Crescent,E01018477,Cheshire East 035C,Violence and sexual offences,Investigation complete; no suspect identified,
007c885818516be6c43a4b08c29dbc218c4edd966f5b4ba6218bd19bd6464b33,2021-12,Cheshire Constabulary,Cheshire Constabulary,-2.435112,53.105247,On or near Coronation Street,E01018477,Cheshire East 035C,Violence and sexual offences,Unable to prosecute suspect,
ee0ac3b3e5b43506766006d1646124877e3797cba9736b62de384820d8db349e,2021-12,Cheshire Constabulary,Cheshire Constabulary,-2.429699,53.107586,On or near Crabtree Grove,E01018477,Cheshire East 035C,Violence and sexual offences,Unable to prosecute suspect,
a0c572f6bfa9234ac4b3158b09d2d70db58348168a2aee910e0a59cbe6cd6079,2021-12,Cheshire Constabulary,Cheshire Constabulary,-2.433526,53.109415,On or near Maple Grove,E01018478,Cheshire East 035D,Burglary,Court result unavailable,
f34101f759f088befb1576a36f0653443f7cc4d4147f93ef475c1c36893552b1,2021-12,Cheshire Constabulary,Cheshire Constabulary,-2.433526,53.109415,On or near Maple Grove,E01018478,Cheshire East 035D,Criminal damage and arson,Investigation complete; no suspect identified,
613da77fc896864bbdbbfb42f4afdd93b568ff20eeb8c8d16ef2686ddfc4b2ef,2021-12,Cheshire Constabulary,Cheshire Constabulary,-2.434702,53.108997,On or near Almond Avenue,E01018478,Cheshire East 035D,Public order,Investigation complete; no suspect identified,
5f6dd5906c66c445602f941254341199f1050a29447239072991e8214a290458,2021-12,Cheshire Constabulary,Cheshire Constabulary,-2.433526,53.109415,On or near Maple Grove,E01018478,Cheshire East 035D,Public order,Unable to prosecute suspect,
567f0c6017925153eeef5848d0ee560046b087881f4861e73d0e172ffd4b41a3,2021-12,Cheshire Constabulary,Cheshire Constabulary,-2.435534,53.108563,On or near Ash Road,E01018478,Cheshire East 035D,Violence and sexual offences,Unable to prosecute suspect,
663d2660c73d04b4bbfd7747d2f6c1dd5dd5b741815f4fc6801a32d006f7c468,2021-12,Cheshire Constabulary,Cheshire Constabulary,-2.432834,53.107467,On or near Elm Drive,E01018478,Cheshire East 035D,Violence and sexual offences,Unable to prosecute suspect,
740c0a11507829245a560e9037c93fa7f753b33db4e4a57c8e8b125e971dc027,2021-12,Cheshire Constabulary,Cheshire Constabulary,-2.433526,53.109415,On or near Maple Grove,E01018478,Cheshire East 035D,Violence and sexual offences,Unable to prosecute suspect,
,2021-12,Cheshire Constabulary,Cheshire Constabulary,-2.439443,53.111020,On or near The Haven,E01018479,Cheshire East 035E,Anti-social behaviour,,
,2021-12,Cheshire Constabulary,Cheshire Constabulary,-2.439775,53.111307,On or near Remer Street,E01018479,Cheshire East 035E,Anti-social behaviour,,
,2021-12,Cheshire Constabulary,Cheshire Constabulary,-2.442711,53.112069,On or near North Street,E01018479,Cheshire East 035E,Anti-social behaviour,,
,2021-12,Cheshire Constabulary,Cheshire Constabulary,-2.444297,53.110904,On or near Chapelmere Court,E01018479,Cheshire East 035E,Anti-social behaviour,,
3d991d70dcbacc0d93df01a971d63de8aba8bcaf7bc00b01840143044f16b8a8,2021-12,Cheshire Constabulary,Cheshire Constabulary,-2.440713,53.109605,On or near Greenway,E01018479,Cheshire East 035E,Bicycle theft,Investigation complete; no suspect identified,
d3a283533fb311da5847ceff8e336dc819251119a0e0554e30fc322386c9d321,2021-12,Cheshire Constabulary,Cheshire Constabulary,-2.441712,53.112289,On or near Farrier Court,E01018479,Cheshire East 035E,Burglary,Investigation complete; no suspect identified,
def326330b55f01b264adb42b9f8462437c59b39061fbd69d2919d3e62b419d9,2021-12,Cheshire Constabulary,Cheshire Constabulary,-2.444190,53.116450,On or near Broughton Road,E01018479,Cheshire East 035E,Criminal damage and arson,Court result unavailable,
974b54b920506fb45ed3f47d63ec31ab03f15cc17b284c63960d781d9b2b0955,2021-12,Cheshire Constabulary,Cheshire Constabulary,-2.443555,53.111338,On or near Castlemere Drive,E01018479,Cheshire East 035E,Criminal damage and arson,Investigation complete; no suspect identified,
1e712368d17fb127470508296d494dcb54514572f5004b136acd2b895e5bbbe5,2021-12,Cheshire Constabulary,Cheshire Constabulary,-2.444190,53.116450,On or near Broughton Road,E01018479,Cheshire East 035E,Public order,Court result unavailable,
ed16d80f0cf385eb0fb195502736f80b71ef5198f27210f77de0967e1b3b370e,2021-12,Cheshire Constabulary,Cheshire Constabulary,-2.444190,53.116450,On or near Broughton Road,E01018479,Cheshire East 035E,Public order,Court result unavailable,
3bc65b164798bd57b547a61e17456338730df7fdbe61e37bf777bdaaced666b6,2021-12,Cheshire Constabulary,Cheshire Constabulary,-2.444297,53.110904,On or near Chapelmere Court,E01018479,Cheshire East 035E,Public order,Court result unavailable,
90a2ac3d5defd2d269ed9da33566ade0f44bab844ffe769b7ac6f53d018895e6,2021-12,Cheshire Constabulary,Cheshire Constabulary,-2.441712,53.112289,On or near Farrier Court,E01018479,Cheshire East 035E,Violence and sexual offences,Unable to prosecute suspect,
1a83750f44bba005a2e2e2b2b0923c2348ffabd4939614a604354338b7402d1c,2021-12,Cheshire Constabulary,Cheshire Constabulary,-2.441712,53.112289,On or near Farrier Court,E01018479,Cheshire East 035E,Violence and sexual offences,Unable to prosecute suspect,
016a853d6a5587980811e054e4fdc778903ec4815302299d7be9ed82f3d0dc79,2021-12,Cheshire Constabulary,Cheshire Constabulary,-2.440713,53.109605,On or near Greenway,E01018479,Cheshire East 035E,Violence and sexual offences,Unable to prosecute suspect,
378c0216ee479778ab4ebd115dd1ee440502716847292623542ae61286a90fe6,2021-12,Cheshire Constabulary,Cheshire Constabulary,-2.444297,53.110904,On or near Chapelmere Court,E01018479,Cheshire East 035E,Violence and sexual offences,Court result unavailable,
c76b9c302b41e25d106adf2f0b3436b7fa24fba8216c071f13bca6e1c8cf258b,2021-12,Cheshire Constabulary,Cheshire Constabulary,-2.444190,53.116450,On or near Broughton Road,E01018479,Cheshire East 035E,Violence and sexual offences,Unable to prosecute suspect,
d8288b99af6697460a898558964f98248c955dce67f983f9cc6545d5d2ac984d,2021-12,Cheshire Constabulary,Cheshire Constabulary,-2.441041,53.113909,On or near Bidvale Way,E01018479,Cheshire East 035E,Violence and sexual offences,Unable to prosecute suspect,
7c072e1d204505eb83e281c4f89fbffda6b79f46aea55704fa868b9ae912c8a2,2021-12,Cheshire Constabulary,Cheshire Constabulary,-2.444190,53.116450,On or near Broughton Road,E01018479,Cheshire East 035E,Other crime,Court result unavailable,
,2021-12,Cheshire Constabulary,Cheshire Constabulary,-2.456963,53.109265,On or near Windsor Avenue,E01018459,Cheshire East 036A,Anti-social behaviour,,
,2021-12,Cheshire Constabulary,Cheshire Constabulary,-2.454647,53.109255,On or near Supermarket,E01018459,Cheshire East 036A,Anti-social behaviour,,
e91e8cc18b108079ebde5687efa9d6994230e296b47f8513adb349a79b47f3d5,2021-12,Cheshire Constabulary,Cheshire Constabulary,-2.453436,53.110554,On or near Underwood Lane,E01018459,Cheshire East 036A,Burglary,Investigation complete; no suspect identified,
d87300c442ee398cb2996f2bb605d5dc6f06e724f5dba98d25248597d5e393b9,2021-12,Cheshire Constabulary,Cheshire Constabulary,-2.458284,53.111264,On or near Frank Bott Avenue,E01018459,Cheshire East 036A,Criminal damage and arson,Investigation complete; no suspect identified,
f3a2a4054d3bf0262a77cb400de04a4d69c159fc8a976d2efa9238efb111564c,2021-12,Cheshire Constabulary,Cheshire Constabulary,-2.454209,53.111621,On or near Mossford Avenue,E01018459,Cheshire East 036A,Public order,Unable to prosecute suspect,
3634c5a05c68c93655e9474e17f0da8fbf8c02fbcb307fb5784cc190b8e0ea0c,2021-12,Cheshire Constabulary,Cheshire Constabulary,-2.454647,53.109255,On or near Supermarket,E01018459,Cheshire East 036A,Public order,Investigation complete; no suspect identified,
2f14569d06338ef93faa4d3645f4a18de1ae1dbe16e485ef0c5ec430afed190e,2021-12,Cheshire Constabulary,Cheshire Constabulary,-2.453436,53.110554,On or near Underwood Lane,E01018459,Cheshire East 036A,Violence and sexual offences,Unable to prosecute suspect,
05299dbe6f44488edcd88eb811975f8257c67baf1b6dc974f49dbf6984863eb1,2021-12,Cheshire Constabulary,Cheshire Constabulary,-2.451994,53.111252,On or near Supermarket,E01018459,Cheshire East 036A,Violence and sexual offences,Investigation complete; no suspect identified,
839e8dfb03e3bfd98403863e185b5e92dd91264af2691b9de578a79817230c1b,2021-12,Cheshire Constabulary,Cheshire Constabulary,-2.451994,53.111252,On or near Supermarket,E01018459,Cheshire East 036A,Violence and sexual offences,Investigation complete; no suspect identified,
1be7507ded6fed9fa5f778a7cd9a8e0fb83b40ff34983e598c856e7c2a515b43,2021-12,Cheshire Constabulary,Cheshire Constabulary,-2.453436,53.110554,On or near Underwood Lane,E01018459,Cheshire East 036A,Violence and sexual offences,Unable to prosecute suspect,
e17991c69e51387c17da176702a2d1692ef9bd0581ef8febd8fcfd1d1fe30adb,2021-12,Cheshire Constabulary,Cheshire Constabulary,-2.454647,53.109255,On or near Supermarket,E01018459,Cheshire East 036A,Violence and sexual offences,Unable to prosecute suspect,
6bee272a295a1e85b2f7a4a503fd076bd01e2e56c76bc9be5e5cba4632bd976a,2021-12,Cheshire Constabulary,Cheshire Constabulary,-2.454209,53.111621,On or near Mossford Avenue,E01018459,Cheshire East 036A,Violence and sexual offences,Unable to prosecute suspect,
30d81470090c9dba8bc39403e72518104beb3b0b5a455eefc930848572937f31,2021-12,Cheshire Constabulary,Cheshire Constabulary,-2.453436,53.110554,On or near Underwood Lane,E01018459,Cheshire East 036A,Violence and sexual offences,Unable to prosecute suspect,
7887ef10145b15b990bf4038020ef5ef7914992727a6852cf89d6b02f7c542db,2021-12,Cheshire Constabulary,Cheshire Constabulary,-2.455745,53.111310,On or near Selworthy Drive,E01018459,Cheshire East 036A,Violence and sexual offences,Investigation complete; no suspect identified,
d9794890b72e691dd82824187a696543528e89893ce017b6b38294e1d9ebd891,2021-12,Cheshire Constabulary,Cheshire Constabulary,-2.456963,53.109265,On or near Windsor Avenue,E01018459,Cheshire East 036A,Violence and sexual offences,Unable to prosecute suspect,
310665ed8942f6759a47da0d2363856b09ca785e6019c2170eebd5d367e798e9,2021-12,Cheshire Constabulary,Cheshire Constabulary,-2.454209,53.111621,On or near Mossford Avenue,E01018459,Cheshire East 036A,Violence and sexual offences,Unable to prosecute suspect,
,2021-12,Cheshire Constabulary,Cheshire Constabulary,-2.448100,53.105999,On or near Ford Lane,E01018460,Cheshire East 036B,Anti-social behaviour,,
,2021-12,Cheshire Constabulary,Cheshire Constabulary,-2.448100,53.105999,On or near Ford Lane,E01018460,Cheshire East 036B,Anti-social behaviour,,
,2021-12,Cheshire Constabulary,Cheshire Constabulary,-2.446044,53.106456,On or near Broad Street,E01018460,Cheshire East 036B,Anti-social behaviour,,
b71498cf15219b274f9b944778a1c3355674e988ae65066c80ebce2c9067c245,2021-12,Cheshire Constabulary,Cheshire Constabulary,-2.449959,53.112366,On or near Pear Tree Avenue,E01018460,Cheshire East 036B,Burglary,Investigation complete; no suspect identified,
74ededd2331d61fb9cb1c4c383406514e3cf8b45a0e0c3c8bf59a873c1cd63ad,2021-12,Cheshire Constabulary,Cheshire Constabulary,-2.448100,53.105999,On or near Ford Lane,E01018460,Cheshire East 036B,Burglary,Investigation complete; no suspect identified,
159114ab140c720f8bc80119238623ad8ae4c8951ef51059f9a9fd22bc197061,2021-12,Cheshire Constabulary,Cheshire Constabulary,-2.448100,53.105999,On or near Ford Lane,E01018460,Cheshire East 036B,Criminal damage and arson,Investigation complete; no suspect identified,
2faf57cce0842ae5f871a1283fd95db01ccaba24792ce68683ac1fb6c9dc232c,2021-12,Cheshire Constabulary,Cheshire Constabulary,-2.446044,53.106456,On or near Broad Street,E01018460,Cheshire East 036B,Criminal damage and arson,Investigation complete; no suspect identified,
9b2e849864a54b749d5e73bf590883d830060467def1dd879968b8506937fbc5,2021-12,Cheshire Constabulary,Cheshire Constabulary,-2.446368,53.111831,On or near Sandown Road,E01018460,Cheshire East 036B,Public order,Court result unavailable,
9282e0e73b30d31979a66a61fc0fd393e6eeb8b5861928bed6d88d536dca1ec8,2021-12,Cheshire Constabulary,Cheshire Constabulary,-2.449959,53.112366,On or near Pear Tree Avenue,E01018460,Cheshire East 036B,Public order,Court result unavailable,
a6bc004f44aa164efaa8efbf297d8ebe387f65c2112393d00725b88d91a45630,2021-12,Cheshire Constabulary,Cheshire Constabulary,-2.447323,53.111647,On or near Kempton Avenue,E01018460,Cheshire East 036B,Vehicle crime,Investigation complete; no suspect identified,
ea6cede7d8450637ca44d563b1be5202c3adc21b8de2d50a7f732f368a6e0506,2021-12,Cheshire Constabulary,Cheshire Constabulary,-2.446044,53.106456,On or near Broad Street,E01018460,Cheshire East 036B,Violence and sexual offences,Investigation complete; no suspect identified,
36c89f34b9c0fb0467c06ccbb54af61c1f324157a71b1df61eeb75bec9f0657c,2021-12,Cheshire Constabulary,Cheshire Constabulary,-2.449959,53.112366,On or near Pear Tree Avenue,E01018460,Cheshire East 036B,Violence and sexual offences,Unable to prosecute suspect,
eb8d562e9b00a227aee022794062b5eb06cfafa4bcf75c428ead8e93cee7e476,2021-12,Cheshire Constabulary,Cheshire Constabulary,-2.451866,53.106183,On or near Mount Pleasant,E01018461,Cheshire East 036C,Criminal damage and arson,Investigation complete; no suspect identified,
7ebd4af5be468c6dc36dd46f278c2c503d1ed4d61accc84b76ac1cff7caf3148,2021-12,Cheshire Constabulary,Cheshire Constabulary,-2.459090,53.108411,On or near Westbourne Avenue,E01018461,Cheshire East 036C,Criminal damage and arson,Unable to prosecute suspect,
1b4a98fd025d1976f2e86513aac9d158ef050e62dc43fde90dc2be39881d044d,2021-12,Cheshire Constabulary,Cheshire Constabulary,-2.461687,53.108177,On or near Frank Webb Avenue,E01018461,Cheshire East 036C,Other theft,Unable to prosecute suspect,
997b4f5a16d2cf8c92af4ff6a2ed9138755285435841e3fc36d1f59c5ebe25ec,2021-12,Cheshire Constabulary,Cheshire Constabulary,-2.448740,53.107156,On or near Princess Street,E01018461,Cheshire East 036C,Violence and sexual offences,Unable to prosecute suspect,
ae5ca2f1f9865469fb62d6d947cddb38683faf235a6c4257d3eca5c1251d6c45,2021-12,Cheshire Constabulary,Cheshire Constabulary,-2.451866,53.106183,On or near Mount Pleasant,E01018461,Cheshire East 036C,Violence and sexual offences,Unable to prosecute suspect,
30fe0c4487a63e45a2e5a9d3b360b52fa74d8fa07f0eec5fb58b937c7655cc03,2021-12,Cheshire Constabulary,Cheshire Constabulary,-2.451866,53.106183,On or near Mount Pleasant,E01018461,Cheshire East 036C,Violence and sexual offences,Court result unavailable,
5ceaf1127d6d749f6f73121618fb32d21d67a132ee25034f217660f48b6f8170,2021-12,Cheshire Constabulary,Cheshire Constabulary,-2.451866,53.106183,On or near Mount Pleasant,E01018461,Cheshire East 036C,Violence and sexual offences,Unable to prosecute suspect,
1140030db6870a81be36b042d84aa4faae63d1e62343ccbed76861aa0444effe,2021-12,Cheshire Constabulary,Cheshire Constabulary,-2.451866,53.106183,On or near Mount Pleasant,E01018461,Cheshire East 036C,Violence and sexual offences,Unable to prosecute suspect,
31a6e6fe74b8f72e560f352de0e5505254560c6da50fe5c36d1648c5881bd5f3,2021-12,Cheshire Constabulary,Cheshire Constabulary,-2.448740,53.107156,On or near Princess Street,E01018461,Cheshire East 036C,Violence and sexual offences,Unable to prosecute suspect,
,2021-12,Cheshire Constabulary,Cheshire Constabulary,-2.455938,53.102742,On or near Oxford Street,E01018466,Cheshire East 036D,Anti-social behaviour,,
,2021-12,Cheshire Constabulary,Cheshire Constabulary,-2.455608,53.101234,On or near Goddard Street,E01018466,Cheshire East 036D,Anti-social behaviour,,
,2021-12,Cheshire Constabulary,Cheshire Constabulary,-2.458079,53.101844,On or near Dale Way,E01018466,Cheshire East 036D,Anti-social behaviour,,
,2021-12,Cheshire Constabulary,Cheshire Constabulary,-2.455608,53.101234,On or near Goddard Street,E01018466,Cheshire East 036D,Anti-social behaviour,,
,2021-12,Cheshire Constabulary,Cheshire Constabulary,-2.456372,53.101437,On or near Sports/Recreation Area,E01018466,Cheshire East 036D,Anti-social behaviour,,
,2021-12,Cheshire Constabulary,Cheshire Constabulary,-2.454434,53.100393,On or near Cornwall Grove,E01018466,Cheshire East 036D,Anti-social behaviour,,
4de04f12fb390137fb8853aaf55680a16bfdce6afcf44063bcf217d42653fdc0,2021-12,Cheshire Constabulary,Cheshire Constabulary,-2.458079,53.101844,On or near Dale Way,E01018466,Cheshire East 036D,Bicycle theft,Investigation complete; no suspect identified,
ffc5d5457bbf89392982b6e52c4b1127df7e96434195cfc8e91e1c08b3dd4808,2021-12,Cheshire Constabulary,Cheshire Constabulary,-2.455938,53.102742,On or near Oxford Street,E01018466,Cheshire East 036D,Burglary,Investigation complete; no suspect identified,
e54951f15f7efca8a4f07a40c570241ca20bc6875d100caba412b04604db2a55,2021-12,Cheshire Constabulary,Cheshire Constabulary,-2.455608,53.101234,On or near Goddard Street,E01018466,Cheshire East 036D,Other theft,Investigation complete; no suspect identified,
f1094bf98add2a9ff50c6e1194671df51f98e66180e3e6a38a29d44bebfbdf92,2021-12,Cheshire Constabulary,Cheshire Constabulary,-2.455396,53.102367,On or near Supermarket,E01018466,Cheshire East 036D,Public order,Unable to prosecute suspect,
c5b341ad7c8fec1560449d31dc1d5187fd1b792255265be5cdf0d7a1870a0eb9,2021-12,Cheshire Constabulary,Cheshire Constabulary,-2.458079,53.101844,On or near Dale Way,E01018466,Cheshire East 036D,Public order,Investigation complete; no suspect identified,
8ca443cb474f3a3d4ee20ed90caba246d432485d510a30f78f2c62a28f89431a,2021-12,Cheshire Constabulary,Cheshire Constabulary,-2.457181,53.101632,On or near Sports/Recreation Area,E01018466,Cheshire East 036D,Public order,Unable to prosecute suspect,
65e9a8948bd4b82e1d351320be5aecbeb7f9f8abf22a1f35fac1e710bdcecdf7,2021-12,Cheshire Constabulary,Cheshire Constabulary,-2.455212,53.103329,On or near Chell Street,E01018466,Cheshire East 036D,Public order,Unable to prosecute suspect,
0379261ac896a51ba4367e90beb97eade05fd04dcd856203e0e49acbe8c35022,2021-12,Cheshire Constabulary,Cheshire Constabulary,-2.458022,53.104892,On or near Broom Street,E01018466,Cheshire East 036D,Public order,Investigation complete; no suspect identified,
377513d9d94c9c07aa07d9261e79faa43f7b144e2afcf07ea60fe7b6d012397e,2021-12,Cheshire Constabulary,Cheshire Constabulary,-2.454434,53.100393,On or near Cornwall Grove,E01018466,Cheshire East 036D,Public order,Investigation complete; no suspect identified,
001336754405a9643ec5569f191bc20c1d45c4fa117b51417b3a0073888d39e0,2021-12,Cheshire Constabulary,Cheshire Constabulary,-2.458079,53.101844,On or near Dale Way,E01018466,Cheshire East 036D,Public order,Unable to prosecute suspect,
424ee81eb2ea6c505b540135a0a100941a4a61118b0159062bc99154b259c2d0,2021-12,Cheshire Constabulary,Cheshire Constabulary,-2.456929,53.104707,On or near Underwood Lane,E01018466,Cheshire East 036D,Public order,Investigation complete; no suspect identified,
c28e4ecac283f77b01505ec864a17a7041bd051643417c7214e38205f53e4cf7,2021-12,Cheshire Constabulary,Cheshire Constabulary,-2.455396,53.102367,On or near Supermarket,E01018466,Cheshire East 036D,Shoplifting,Investigation complete; no suspect identified,
a0162e93e8d583e2b837346b99b491b4412f85e68b8eb475de692fda0e155153,2021-12,Cheshire Constabulary,Cheshire Constabulary,-2.456651,53.103809,On or near Vernon Street,E01018466,Cheshire East 036D,Vehicle crime,Investigation complete; no suspect identified,
4298871023f34863fb2bb9ee7048291c9324e85051a65c7209edc687fbd2234c,2021-12,Cheshire Constabulary,Cheshire Constabulary,-2.458079,53.101844,On or near Dale Way,E01018466,Cheshire East 036D,Violence and sexual offences,Court result unavailable,
5fdb711198958e87398badc51907904966a10e4602020e7bf28fb449c5dd3480,2021-12,Cheshire Constabulary,Cheshire Constabulary,-2.455997,53.105520,On or near Badger Avenue,E01018466,Cheshire East 036D,Violence and sexual offences,Unable to prosecute suspect,
f50489980c1daea2a709b2a7604994fa957d2b7709b5c34da47d4f7435f8cb83,2021-12,Cheshire Constabulary,Cheshire Constabulary,-2.455938,53.102742,On or near Oxford Street,E01018466,Cheshire East 036D,Violence and sexual offences,Unable to prosecute suspect,
e4b7981c8574c43505cbf4da3ac21241e4d678ce6658a509d542b3bbd0445f2a,2021-12,Cheshire Constabulary,Cheshire Constabulary,-2.456780,53.103332,On or near Leighton Street,E01018466,Cheshire East 036D,Violence and sexual offences,Court result unavailable,
0e7a8d462de338e9cdf98f809b94cd6c95855b7db48a1edec6393f3440e9f6d7,2021-12,Cheshire Constabulary,Cheshire Constabulary,-2.454434,53.100393,On or near Cornwall Grove,E01018466,Cheshire East 036D,Violence and sexual offences,Court result unavailable,
be27ad09af7e237efaa3e4e435459a42705e03aecbeda8796bd14ba20972dcf2,2021-12,Cheshire Constabulary,Cheshire Constabulary,-2.455396,53.102367,On or near Supermarket,E01018466,Cheshire East 036D,Violence and sexual offences,Unable to prosecute suspect,
3355e7566269b88392d5946560eaa546a9ac354237dbe8e59b76a7eb4e4c8b88,2021-12,Cheshire Constabulary,Cheshire Constabulary,-2.456780,53.103332,On or near Leighton Street,E01018466,Cheshire East 036D,Violence and sexual offences,Court result unavailable,
088a7c64cad6dbbd7c442672626a5596227797c6d6038903cd81180d47cc7421,2021-12,Cheshire Constabulary,Cheshire Constabulary,-2.458079,53.101844,On or near Dale Way,E01018466,Cheshire East 036D,Violence and sexual offences,Unable to prosecute suspect,
229b78abfe0e0c6911c9debb3ed09f4c431f1c06de8e3dc8489f859c052a9905,2021-12,Cheshire Constabulary,Cheshire Constabulary,-2.456929,53.104707,On or near Underwood Lane,E01018466,Cheshire East 036D,Violence and sexual offences,Awaiting court outcome,
b0217ae7ba04ed6cf5ec602a450d0785ca85ed09af1c43ef5fde3779d7d75cc5,2021-12,Cheshire Constabulary,Cheshire Constabulary,-2.454434,53.100393,On or near Cornwall Grove,E01018466,Cheshire East 036D,Violence and sexual offences,Court result unavailable,
f1c33879129c1887b302150af21f64d20ebe54a75d03920206e4a1e3ce9610d6,2021-12,Cheshire Constabulary,Cheshire Constabulary,-2.458079,53.101844,On or near Dale Way,E01018466,Cheshire East 036D,Violence and sexual offences,Unable to prosecute suspect,
c54388f0d5d72f091c7d1992b4fbcdfcc6fac9fea84d7965a739b5e96ce639d0,2021-12,Cheshire Constabulary,Cheshire Constabulary,-2.457181,53.101632,On or near Sports/Recreation Area,E01018466,Cheshire East 036D,Violence and sexual offences,Unable to prosecute suspect,
c8dd713d621b3ad6ed96f0676271960300605ddc186d2df0c250f2e651d2398e,2021-12,Cheshire Constabulary,Cheshire Constabulary,-2.456780,53.103332,On or near Leighton Street,E01018466,Cheshire East 036D,Violence and sexual offences,Court result unavailable,
977d053f1d04d0f8450d2494669b800c09ee0552da78a006dd788ac99ecd632d,2021-12,Cheshire Constabulary,Cheshire Constabulary,-2.457181,53.101632,On or near Sports/Recreation Area,E01018466,Cheshire East 036D,Violence and sexual offences,Unable to prosecute suspect,
ea2599086dfa9748be712b722194272712d7c4837d3a8db947993d82ff645879,2021-12,Cheshire Constabulary,Cheshire Constabulary,-2.456780,53.103332,On or near Leighton Street,E01018466,Cheshire East 036D,Violence and sexual offences,Unable to prosecute suspect,
64d8133153b9142c3c093f09556d8478af0c7f5cae53476bda99e6723f725288,2021-12,Cheshire Constabulary,Cheshire Constabulary,-2.458043,53.105521,On or near Fallowfield Court,E01018466,Cheshire East 036D,Violence and sexual offences,Unable to prosecute suspect,
bb96512dae1dbe28896c8db1ffd801aba1bd2e28ae2de1b5ff0f31ea19043a87,2021-12,Cheshire Constabulary,Cheshire Constabulary,-2.458079,53.101844,On or near Dale Way,E01018466,Cheshire East 036D,Violence and sexual offences,Court result unavailable,
7002995c00908a1184e7ad11205035733af39ba6063b1c622756bac23033607e,2021-12,Cheshire Constabulary,Cheshire Constabulary,-2.455938,53.102742,On or near Oxford Street,E01018466,Cheshire East 036D,Violence and sexual offences,Unable to prosecute suspect,
071412e36d35f4d1a58d895a55747db5cfed6cf139cfafce63d41152467273fa,2021-12,Cheshire Constabulary,Cheshire Constabulary,-2.459205,53.106595,On or near Timbrell Avenue,E01018466,Cheshire East 036D,Violence and sexual offences,Unable to prosecute suspect,
d8ecde8ffeadee4c571dbcd567ae388cba4bc0a6753639e15284be8e8b12ba22,2021-12,Cheshire Constabulary,Cheshire Constabulary,-2.455938,53.102742,On or near Oxford Street,E01018466,Cheshire East 036D,Violence and sexual offences,Unable to prosecute suspect,
19b8b999b5df6d6a5c9dbff64839e451115b99238aa6fbe06e64262b3d94a2a1,2021-12,Cheshire Constabulary,Cheshire Constabulary,-2.458022,53.104892,On or near Broom Street,E01018466,Cheshire East 036D,Violence and sexual offences,Unable to prosecute suspect,
3761fc6b37a61be6454acce16fce1ec6a9da770c4f8cd8f73671408e18b6c813,2021-12,Cheshire Constabulary,Cheshire Constabulary,-2.458753,53.103433,On or near Goulden Street,E01018466,Cheshire East 036D,Violence and sexual offences,Unable to prosecute suspect,
a24090542f7571e68fca42ef187197fa3d835850553e7027712d5147fd82ee69,2021-12,Cheshire Constabulary,Cheshire Constabulary,-2.458022,53.104892,On or near Broom Street,E01018466,Cheshire East 036D,Violence and sexual offences,Unable to prosecute suspect,
cdd25f30c13fa04f2b7e8baefd4252dbab45d0aa5d80177015a69ea91440c234,2021-12,Cheshire Constabulary,Cheshire Constabulary,-2.458079,53.101844,On or near Dale Way,E01018466,Cheshire East 036D,Violence and sexual offences,Unable to prosecute suspect,
59d45e17bcc45b831bc895d066ef9cf0d7edf6c4098c24b0aa81acd6d43f8f80,2021-12,Cheshire Constabulary,Cheshire Constabulary,-2.456780,53.103332,On or near Leighton Street,E01018466,Cheshire East 036D,Violence and sexual offences,Unable to prosecute suspect,
cdaba7a216776cbdf23a5ecb45bf5c6c329d7d144e87fea6e6670da9bf69948a,2021-12,Cheshire Constabulary,Cheshire Constabulary,-2.457181,53.101632,On or near Sports/Recreation Area,E01018466,Cheshire East 036D,Violence and sexual offences,Unable to prosecute suspect,
b3feb9138f7d75cadc494fca55cca598219cf663d39da60488aac000e1b56472,2021-12,Cheshire Constabulary,Cheshire Constabulary,-2.456780,53.103332,On or near Leighton Street,E01018466,Cheshire East 036D,Violence and sexual offences,Unable to prosecute suspect,
feaf0669d72f8ff05acb181cb56d2cde5a87f05c3118c17ab242fc995f42212b,2021-12,Cheshire Constabulary,Cheshire Constabulary,-2.457181,53.101632,On or near Sports/Recreation Area,E01018466,Cheshire East 036D,Violence and sexual offences,Unable to prosecute suspect,
613614b12ac13b71090289b59600d02bc2a6d3340d101a5633558fb550d93edc,2021-12,Cheshire Constabulary,Cheshire Constabulary,-2.458753,53.103433,On or near Goulden Street,E01018466,Cheshire East 036D,Violence and sexual offences,Unable to prosecute suspect,
b6aa69ece6332336750c34791553e3e2a2de089ac2497183df70bab48bfcbe00,2021-12,Cheshire Constabulary,Cheshire Constabulary,-2.454434,53.100393,On or near Cornwall Grove,E01018466,Cheshire East 036D,Other crime,Court result unavailable,
,2021-12,Cheshire Constabulary,Cheshire Constabulary,-2.452563,53.100014,On or near Sports/Recreation Area,E01018467,Cheshire East 036E,Anti-social behaviour,,
,2021-12,Cheshire Constabulary,Cheshire Constabulary,-2.453985,53.098840,On or near Supermarket,E01018467,Cheshire East 036E,Anti-social behaviour,,
,2021-12,Cheshire Constabulary,Cheshire Constabulary,-2.451260,53.098230,On or near Bateman Close,E01018467,Cheshire East 036E,Anti-social behaviour,,
13e96267bb8eddb7dda4bdd806e7656af232ef1a0ff843d89f68b0fb7b5f0329,2021-12,Cheshire Constabulary,Cheshire Constabulary,-2.447689,53.100895,On or near West Street,E01018467,Cheshire East 036E,Burglary,Investigation complete; no suspect identified,
bb47634016b2282d4fda87261aff79369a2d24fdee907d30c3a7afe74b210c5d,2021-12,Cheshire Constabulary,Cheshire Constabulary,-2.449539,53.099306,On or near Saunders Street,E01018467,Cheshire East 036E,Burglary,Investigation complete; no suspect identified,
188f447955b3d41990115f9545e94c25b58efe58b50efe75094fc591a3fa8c23,2021-12,Cheshire Constabulary,Cheshire Constabulary,-2.447689,53.100895,On or near West Street,E01018467,Cheshire East 036E,Criminal damage and arson,Unable to prosecute suspect,
728b323de9d5c82934b83ac96bbc5dc992e601e2c730d985f148d3efefe0a8f2,2021-12,Cheshire Constabulary,Cheshire Constabulary,-2.452563,53.100014,On or near Sports/Recreation Area,E01018467,Cheshire East 036E,Criminal damage and arson,Investigation complete; no suspect identified,
8d3b0707b4ab895401474a8d32d1c72186b1195c6a6e81ccc9aa136164609927,2021-12,Cheshire Constabulary,Cheshire Constabulary,-2.448419,53.099301,On or near Browning Street,E01018467,Cheshire East 036E,Criminal damage and arson,Investigation complete; no suspect identified,
8e5509518ce33300d287ae33e57bd09df4d29fb23f5bd117e5adb52db9792e9a,2021-12,Cheshire Constabulary,Cheshire Constabulary,-2.449539,53.099306,On or near Saunders Street,E01018467,Cheshire East 036E,Other theft,Unable to prosecute suspect,
b618a88dbbb7a4abe68cefa1f6eceecce4fbb4340396c24ffb97ad8bf96ac37a,2021-12,Cheshire Constabulary,Cheshire Constabulary,-2.453985,53.098840,On or near Supermarket,E01018467,Cheshire East 036E,Other theft,Investigation complete; no suspect identified,
1d067e9a540abb0a2b5df7e5e734fb7e568dcf9530b9e62bd7594462ece54db3,2021-12,Cheshire Constabulary,Cheshire Constabulary,-2.453985,53.098840,On or near Supermarket,E01018467,Cheshire East 036E,Possession of weapons,Unable to prosecute suspect,
93958c90456261dc23f1d469d446d6358ef1aad0752e30afbf082ac72e6f9f77,2021-12,Cheshire Constabulary,Cheshire Constabulary,-2.453985,53.098840,On or near Supermarket,E01018467,Cheshire East 036E,Possession of weapons,Court result unavailable,
9ad02919f1e0e7db75fa4a7516c55922a9c8f868feac69aa7a218a7e422606c6,2021-12,Cheshire Constabulary,Cheshire Constabulary,-2.453985,53.098840,On or near Supermarket,E01018467,Cheshire East 036E,Public order,Investigation complete; no suspect identified,
f05a486e21ef30d34c882a41206d19c3b8afec75b44af2e3d46d937ed13a1afc,2021-12,Cheshire Constabulary,Cheshire Constabulary,-2.452075,53.103314,On or near Ford Lane,E01018467,Cheshire East 036E,Public order,Unable to prosecute suspect,
68644ae2c35533510a376f7502829deefdd645936cb52b770e479a5f40d851d6,2021-12,Cheshire Constabulary,Cheshire Constabulary,-2.453985,53.098840,On or near Supermarket,E01018467,Cheshire East 036E,Shoplifting,Unable to prosecute suspect,
9337e2ba1b1d48f85a1b37691bafaa943e88ebe57fa8caa7a4f38069155a6430,2021-12,Cheshire Constabulary,Cheshire Constabulary,-2.450551,53.100399,On or near Samuel Street,E01018467,Cheshire East 036E,Vehicle crime,Investigation complete; no suspect identified,
833ce037495665d727a5fc547e28854ea66556a1174617dd08a6c5f5b6bdaaab,2021-12,Cheshire Constabulary,Cheshire Constabulary,-2.450551,53.100399,On or near Samuel Street,E01018467,Cheshire East 036E,Vehicle crime,Investigation complete; no suspect identified,
96c587cb6957ced2e10971613adff9b48b2f06a16cd6b31e0369004d82c928e3,2021-12,Cheshire Constabulary,Cheshire Constabulary,-2.449875,53.098577,On or near Holt Street,E01018467,Cheshire East 036E,Vehicle crime,Investigation complete; no suspect identified,
0ee7eecad2012000209aedc8ec00870c437eba254262f95ed1c9b2bafca5a871,2021-12,Cheshire Constabulary,Cheshire Constabulary,-2.452075,53.103314,On or near Ford Lane,E01018467,Cheshire East 036E,Violence and sexual offences,Court result unavailable,
02ecd06a1ce3ade6b4c2c6c52e3878e45dc9a0aec9376a71c2bd210291722070,2021-12,Cheshire Constabulary,Cheshire Constabulary,-2.452075,53.103314,On or near Ford Lane,E01018467,Cheshire East 036E,Violence and sexual offences,Court result unavailable,
40857b236658c98e4b44fd9c9bb427cd49529aa594474cff63ebf13f23bb3f8c,2021-12,Cheshire Constabulary,Cheshire Constabulary,-2.455132,53.098593,On or near Dunwoody Way,E01018467,Cheshire East 036E,Violence and sexual offences,Unable to prosecute suspect,
2cecd8a1dcaac12b0164681904eb792ab500257d29acba38d311c98e515eb40d,2021-12,Cheshire Constabulary,Cheshire Constabulary,-2.451260,53.098230,On or near Bateman Close,E01018467,Cheshire East 036E,Violence and sexual offences,Court result unavailable,
3cbd6b02c3bc27460e7be1495bf2ccedd6915bcfaa0979faa3c3a3ac09542426,2021-12,Cheshire Constabulary,Cheshire Constabulary,-2.448871,53.099695,On or near Heathfield Avenue,E01018467,Cheshire East 036E,Violence and sexual offences,Unable to prosecute suspect,
1a9fa5a3ceac941a8f9859f3af5d4363b259d54087476370df5d099f2499d2b5,2021-12,Cheshire Constabulary,Cheshire Constabulary,-2.449539,53.099306,On or near Saunders Street,E01018467,Cheshire East 036E,Violence and sexual offences,Unable to prosecute suspect,
80b5b3d407ba036e2d190cb064769a6dcfa3a1118dfab2f0a18211f1f492da7d,2021-12,Cheshire Constabulary,Cheshire Constabulary,-2.448871,53.099695,On or near Heathfield Avenue,E01018467,Cheshire East 036E,Violence and sexual offences,Unable to prosecute suspect,
9fc8610a304807f07bbd0f3bcfc7e6210b238e1286ae5b9d713bbba99feb6930,2021-12,Cheshire Constabulary,Cheshire Constabulary,-2.451960,53.102245,On or near Casson Street,E01018467,Cheshire East 036E,Violence and sexual offences,Unable to prosecute suspect,
c46e24cd7ef57366372b19845b2dfc42425ee9522f9bd8fd049a403ae633f7b8,2021-12,Cheshire Constabulary,Cheshire Constabulary,-2.451960,53.102245,On or near Casson Street,E01018467,Cheshire East 036E,Violence and sexual offences,Unable to prosecute suspect,
faf8c36df177e63f1d9998a3248a65e6eb0ce6281f256f2b308327987748ed95,2021-12,Cheshire Constabulary,Cheshire Constabulary,-2.452491,53.101632,On or near Lincoln Street,E01018467,Cheshire East 036E,Violence and sexual offences,Unable to prosecute suspect,
0fce2122878a75203931abf211dfb155746e2b0edf52848fb1bda7e0bbc8814f,2021-12,Cheshire Constabulary,Cheshire Constabulary,-2.449539,53.099306,On or near Saunders Street,E01018467,Cheshire East 036E,Violence and sexual offences,Investigation complete; no suspect identified,
5246752862e1871b170c4b5b8fcee7beb3d8e742a65cf412de98e851b972ad96,2021-12,Cheshire Constabulary,Cheshire Constabulary,-2.451636,53.102714,On or near Elizabeth Street,E01018467,Cheshire East 036E,Violence and sexual offences,Court result unavailable,
9eb3958a5bbdee4cbb448c8f3cdd515ae0fe56a0050d559edf21ad76252b803b,2021-12,Cheshire Constabulary,Cheshire Constabulary,-2.451960,53.102245,On or near Casson Street,E01018467,Cheshire East 036E,Violence and sexual offences,Unable to prosecute suspect,
,2021-12,Cheshire Constabulary,Cheshire Constabulary,-2.481836,53.098658,On or near Tarvin Avenue,E01018482,Cheshire East 037A,Anti-social behaviour,,
,2021-12,Cheshire Constabulary,Cheshire Constabulary,-2.477615,53.099161,On or near Coppenhall Lane,E01018482,Cheshire East 037A,Anti-social behaviour,,
,2021-12,Cheshire Constabulary,Cheshire Constabulary,-2.477962,53.102144,On or near Burlea Close,E01018482,Cheshire East 037A,Anti-social behaviour,,
7bfdbcf9a3df3127365339643c3bbf239ff6a74c5581c0c4b6139bd998a197d2,2021-12,Cheshire Constabulary,Cheshire Constabulary,-2.485940,53.101051,On or near Middlewich Road,E01018482,Cheshire East 037A,Other theft,Investigation complete; no suspect identified,
07feea9fa320402e9a8147dfd17e31bf1649f66cc33cf9f1cd6c9617df6d2dd0,2021-12,Cheshire Constabulary,Cheshire Constabulary,-2.480189,53.100993,On or near Rudheath Close,E01018482,Cheshire East 037A,Other theft,Investigation complete; no suspect identified,
1ef1baf9058e641088c746a8f7edd2f1ab2e3dc7fccb02138a9d9ca81e29e070,2021-12,Cheshire Constabulary,Cheshire Constabulary,-2.477962,53.102144,On or near Burlea Close,E01018482,Cheshire East 037A,Public order,Investigation complete; no suspect identified,
f2d2e26a269f8226238c1e26dce31d7d841befb60804dc0531ae7f97d4cf4bfa,2021-12,Cheshire Constabulary,Cheshire Constabulary,-2.480617,53.101863,On or near Halton Drive,E01018482,Cheshire East 037A,Public order,Unable to prosecute suspect,
2cbd8498f1c0557fd62ead576af1dcc2bcf25b250310af2d7abb47cb958df980,2021-12,Cheshire Constabulary,Cheshire Constabulary,-2.480189,53.100993,On or near Rudheath Close,E01018482,Cheshire East 037A,Violence and sexual offences,Unable to prosecute suspect,
c4f469e20bddc432ea5de824e2dc185162d0edcc2f5d9f2a128c33b137e083a0,2021-12,Cheshire Constabulary,Cheshire Constabulary,-2.483465,53.094768,On or near Snowdon Drive,E01018482,Cheshire East 037A,Violence and sexual offences,Unable to prosecute suspect,
72b35891090176aa403be2a9ecbd5ff340254b0af40b6398d630e6f5c2249ad7,2021-12,Cheshire Constabulary,Cheshire Constabulary,-2.477615,53.099161,On or near Coppenhall Lane,E01018482,Cheshire East 037A,Violence and sexual offences,Unable to prosecute suspect,
147ff6be445aaebf15cf52cdbf1247874dd85177c66b2a16184b0e66fbbc750d,2021-12,Cheshire Constabulary,Cheshire Constabulary,-2.480984,53.102617,On or near Christleton Avenue,E01018482,Cheshire East 037A,Violence and sexual offences,Unable to prosecute suspect,
6ad3a0412ccf8674e50bcc8ceefc6182a88c2d9881a7d2d42af1f559ddf4788a,2021-12,Cheshire Constabulary,Cheshire Constabulary,-2.480189,53.100993,On or near Rudheath Close,E01018482,Cheshire East 037A,Violence and sexual offences,Unable to prosecute suspect,
ae102c832c40e1c8b6b0d5248a5f099cf7785a10cf940f494c51c983189c72d8,2021-12,Cheshire Constabulary,Cheshire Constabulary,-2.480189,53.100993,On or near Rudheath Close,E01018482,Cheshire East 037A,Violence and sexual offences,Unable to prosecute suspect,
b3883ce9cfde4b876818b35f584b88b0b1a7c6bb3b0a4bdd28ac2499ae21ce01,2021-12,Cheshire Constabulary,Cheshire Constabulary,-2.477615,53.099161,On or near Coppenhall Lane,E01018482,Cheshire East 037A,Violence and sexual offences,Unable to prosecute suspect,
,2021-12,Cheshire Constabulary,Cheshire Constabulary,-2.479622,53.096995,On or near Lodgefields Drive,E01018483,Cheshire East 037B,Anti-social behaviour,,
,2021-12,Cheshire Constabulary,Cheshire Constabulary,-2.468500,53.101426,On or near West Street,E01018483,Cheshire East 037B,Anti-social behaviour,,
5129c2f5733cf20fd61bdfca440b8382f068123664947ea78b4b54beb39b9cc4,2021-12,Cheshire Constabulary,Cheshire Constabulary,-2.471668,53.098897,On or near Queen'S Park Gardens,E01018483,Cheshire East 037B,Criminal damage and arson,Investigation complete; no suspect identified,
b7e7879de1e1fae731bf982adcc9db4a5a50f4069d785f8c175d97ea0470ae63,2021-12,Cheshire Constabulary,Cheshire Constabulary,-2.476440,53.099642,On or near West Street,E01018483,Cheshire East 037B,Other theft,Investigation complete; no suspect identified,
578e817672db21ca65673a10c442b3baa7769c04ddb234a53607caf0326317e1,2021-12,Cheshire Constabulary,Cheshire Constabulary,-2.479622,53.096995,On or near Lodgefields Drive,E01018483,Cheshire East 037B,Public order,Investigation complete; no suspect identified,
f236d5c588618badb5498bfb9f9c50d396ea3c7f42eb9d9fa656f5956585e585,2021-12,Cheshire Constabulary,Cheshire Constabulary,-2.469150,53.103545,On or near Sports/Recreation Area,E01018483,Cheshire East 037B,Robbery,Investigation complete; no suspect identified,
7eab7ba0ad00c2ea251dd932de8c31e528b152c0850ac69953877d72d82b3234,2021-12,Cheshire Constabulary,Cheshire Constabulary,-2.471601,53.098214,On or near Queen'S Park Drive,E01018483,Cheshire East 037B,Violence and sexual offences,Investigation complete; no suspect identified,
edf3d82440840dd9055ad9f8c9d119e8fcf72ff457fdd4104e632ef9244af032,2021-12,Cheshire Constabulary,Cheshire Constabulary,-2.470588,53.099845,On or near White Avenue,E01018483,Cheshire East 037B,Violence and sexual offences,Unable to prosecute suspect,
40b2191776750417851bb082e2f04b5751098ad38dbde86916f656b5fb8e2c79,2021-12,Cheshire Constabulary,Cheshire Constabulary,-2.479584,53.096294,On or near Sharnbrook Drive,E01018483,Cheshire East 037B,Violence and sexual offences,Unable to prosecute suspect,
8ed3ee8920fb26f48c7384af113055eb471638ace5d30c310f8f9ecdb75a627b,2021-12,Cheshire Constabulary,Cheshire Constabulary,-2.470588,53.099845,On or near White Avenue,E01018483,Cheshire East 037B,Violence and sexual offences,Unable to prosecute suspect,
ebf8529f1c98364dde603b5fc53f3c2117ae5a445daceb597dd751bed9783385,2021-12,Cheshire Constabulary,Cheshire Constabulary,-2.470588,53.099845,On or near White Avenue,E01018483,Cheshire East 037B,Violence and sexual offences,Unable to prosecute suspect,
043166df500a0bf3d3fbd006f858332b474198fd88f31e5db9624689bee732a8,2021-12,Cheshire Constabulary,Cheshire Constabulary,-2.468402,53.102083,On or near Hulme Street,E01018483,Cheshire East 037B,Violence and sexual offences,Unable to prosecute suspect,
372c0e1003000d8a00c8bb2b0545e253ae4fa82f4d59bc17c0454b36ca5137b8,2021-12,Cheshire Constabulary,Cheshire Constabulary,-2.479584,53.096294,On or near Sharnbrook Drive,E01018483,Cheshire East 037B,Violence and sexual offences,Unable to prosecute suspect,
3e96b00788cd36cf6e46c47fdcec874dbdaf42faf5f9b26898fcc928f929ff4d,2021-12,Cheshire Constabulary,Cheshire Constabulary,-2.470588,53.099845,On or near White Avenue,E01018483,Cheshire East 037B,Other crime,Unable to prosecute suspect,
,2021-12,Cheshire Constabulary,Cheshire Constabulary,-2.464821,53.106546,On or near Timbrell Avenue,E01018484,Cheshire East 037C,Anti-social behaviour,,
5eee5a8129f29951edf96f7f3dcf5b399b2e644b0ee655905d26360a448dadf4,2021-12,Cheshire Constabulary,Cheshire Constabulary,-2.465997,53.110308,On or near Chassagne Square,E01018484,Cheshire East 037C,Public order,Unable to prosecute suspect,
e6431b49d8bc1feb992bb7af315dd316d17071faead1a66fc1d6af8ca8fe65d9,2021-12,Cheshire Constabulary,Cheshire Constabulary,-2.463623,53.110398,On or near Linnett Close,E01018484,Cheshire East 037C,Public order,Unable to prosecute suspect,
61b1eef7b5db51ca4a9bae66d0499c86b046db216017fc3adc6e1dac6414ff47,2021-12,Cheshire Constabulary,Cheshire Constabulary,-2.464723,53.109900,On or near Rowans Close,E01018484,Cheshire East 037C,Violence and sexual offences,Unable to prosecute suspect,
1a80e722c3ba9634294d6f03fc3a9b1c5cc39072c3f64bd01e9ccfe05f4d6505,2021-12,Cheshire Constabulary,Cheshire Constabulary,-2.467373,53.107732,On or near Mayfield Mews,E01018484,Cheshire East 037C,Violence and sexual offences,Unable to prosecute suspect,
5481056ce00ae11b569ad7c41e2c53acf9983b9fae408edfb77f58d811c629d6,2021-12,Cheshire Constabulary,Cheshire Constabulary,-2.467373,53.107732,On or near Mayfield Mews,E01018484,Cheshire East 037C,Violence and sexual offences,Unable to prosecute suspect,
9dc793ac2bc7e9b676d6cf434e0e3eca14d6a19eb874cafe2a5dffd98b3ea0cb,2021-12,Cheshire Constabulary,Cheshire Constabulary,-2.461809,53.111205,On or near Wheelman Road,E01018484,Cheshire East 037C,Violence and sexual offences,Investigation complete; no suspect identified,
8097b9f8b74eba4169eef62291a904f3326d8dcdce3421d1222408412fc16b23,2021-12,Cheshire Constabulary,Cheshire Constabulary,-2.468471,53.105705,On or near Ashbank Place,E01018484,Cheshire East 037C,Violence and sexual offences,Unable to prosecute suspect,
e7c4cb40929092dece4eeaebaf637c2662667c6ea5f3594932510471aef4c3d9,2021-12,Cheshire Constabulary,Cheshire Constabulary,-2.467373,53.107732,On or near Mayfield Mews,E01018484,Cheshire East 037C,Violence and sexual offences,Status update unavailable,
f6663b704f1254615b5b4bf3315005945ebd58105d010055d4d3ad36afb7bfcb,2021-12,Cheshire Constabulary,Cheshire Constabulary,-2.468127,53.107001,On or near Minshull New Road,E01018484,Cheshire East 037C,Violence and sexual offences,Unable to prosecute suspect,
bf72870d1022f191904938520693e674e20cf3a4b47ed5c450c8b46ed7b764a5,2021-12,Cheshire Constabulary,Cheshire Constabulary,-2.461809,53.111205,On or near Wheelman Road,E01018484,Cheshire East 037C,Violence and sexual offences,Status update unavailable,
5810fd17f8ea3d82075df4f9c35885fafcd73acdbdb2fd4795b200e9c48045b5,2021-12,Cheshire Constabulary,Cheshire Constabulary,-2.461527,53.105822,On or near Frank Webb Avenue,E01018484,Cheshire East 037C,Violence and sexual offences,Unable to prosecute suspect,
,2021-12,Cheshire Constabulary,Cheshire Constabulary,-2.463564,53.104933,On or near Kettell Avenue,E01018485,Cheshire East 037D,Anti-social behaviour,,
,2021-12,Cheshire Constabulary,Cheshire Constabulary,-2.463564,53.104933,On or near Kettell Avenue,E01018485,Cheshire East 037D,Anti-social behaviour,,
,2021-12,Cheshire Constabulary,Cheshire Constabulary,-2.463564,53.104933,On or near Kettell Avenue,E01018485,Cheshire East 037D,Anti-social behaviour,,
b1a73962e4bd4de7e265f0753f310de669b35a10a51f385523897e40923cd226,2021-12,Cheshire Constabulary,Cheshire Constabulary,-2.465595,53.103505,On or near Darlington Avenue,E01018485,Cheshire East 037D,Criminal damage and arson,Investigation complete; no suspect identified,
0b1fd555c1eec53df9fb8e92ced9c601c855570111327fb37c2215eb97837396,2021-12,Cheshire Constabulary,Cheshire Constabulary,-2.463615,53.102749,On or near Mcneill Avenue,E01018485,Cheshire East 037D,Criminal damage and arson,Unable to prosecute suspect,
7b89c145f07de45057a48129b32d5988ad281c65f1c7ecdf52db4e801d5d8b12,2021-12,Cheshire Constabulary,Cheshire Constabulary,-2.466559,53.104292,On or near Monks Lane,E01018485,Cheshire East 037D,Public order,Unable to prosecute suspect,
42c5a5549cc680a4b6f3b996c1b9f030c0c93186586ee47d0f4accceb4ed7ff2,2021-12,Cheshire Constabulary,Cheshire Constabulary,-2.463564,53.104933,On or near Kettell Avenue,E01018485,Cheshire East 037D,Violence and sexual offences,Unable to prosecute suspect,
5a924496a9b7266d14f6e31f9a2071ffb02e4742855ff35d8bea6972735d6e66,2021-12,Cheshire Constabulary,Cheshire Constabulary,-2.463615,53.102749,On or near Mcneill Avenue,E01018485,Cheshire East 037D,Violence and sexual offences,Unable to prosecute suspect,
d657c0e97d163547d627d5a913b582af005f9635aba81bc8ddf0a5dfb116cd72,2021-12,Cheshire Constabulary,Cheshire Constabulary,-2.463124,53.104279,On or near Bowen Cooke Avenue,E01018485,Cheshire East 037D,Violence and sexual offences,Unable to prosecute suspect,
9df2a66e894e6091ce8592cfcc95a77607ae861cd7531ad7016b5b364fe81f47,2021-12,Cheshire Constabulary,Cheshire Constabulary,-2.463615,53.102749,On or near Mcneill Avenue,E01018485,Cheshire East 037D,Violence and sexual offences,Unable to prosecute suspect,
b53ae1f2806f078998ae3d9ce6013f5bc478057ff072cb0e03e27d143d2506fb,2021-12,Cheshire Constabulary,Cheshire Constabulary,-2.466559,53.104292,On or near Monks Lane,E01018485,Cheshire East 037D,Violence and sexual offences,Unable to prosecute suspect,
92f3ef5637494e65a837768f938df4616cdabb24d23c3fcc16e392adc96a1b74,2021-12,Cheshire Constabulary,Cheshire Constabulary,-2.466566,53.102135,On or near Eleanor Close,E01018485,Cheshire East 037D,Violence and sexual offences,Unable to prosecute suspect,
c21d785a128bb3b029f8f64cd28f1f78698e0627813039b3c3284c2e5f1f57c0,2021-12,Cheshire Constabulary,Cheshire Constabulary,-2.466559,53.104292,On or near Monks Lane,E01018485,Cheshire East 037D,Violence and sexual offences,Unable to prosecute suspect,
208d25e0f4ea0943ac92bf1c27e4b9a77e18a050b5ba7a54476e4107c1dd0dfb,2021-12,Cheshire Constabulary,Cheshire Constabulary,-2.467398,53.105853,On or near Supermarket,E01018485,Cheshire East 037D,Violence and sexual offences,Unable to prosecute suspect,
a25f1497947b42d9d3354b8576b1c4bf8368fc55cef6c5f6cb065a47d0f52307,2021-12,Cheshire Constabulary,Cheshire Constabulary,-2.463615,53.102749,On or near Mcneill Avenue,E01018485,Cheshire East 037D,Violence and sexual offences,Unable to prosecute suspect,
db9181297954659f9564f0fae4b2b1775685c1d04fdca15f038201f913de0f56,2021-12,Cheshire Constabulary,Cheshire Constabulary,-2.466566,53.102135,On or near Eleanor Close,E01018485,Cheshire East 037D,Violence and sexual offences,Unable to prosecute suspect,
1e2d502128c72a83a988e60371d943ac0c3d08c0adcb05b4a1b9976682210f7b,2021-12,Cheshire Constabulary,Cheshire Constabulary,-2.463615,53.102749,On or near Mcneill Avenue,E01018485,Cheshire East 037D,Violence and sexual offences,Unable to prosecute suspect,
,2021-12,Cheshire Constabulary,Cheshire Constabulary,-2.423743,53.101954,On or near Drayton Crescent,E01018499,Cheshire East 038A,Anti-social behaviour,,
2876f7cbb9cf0a8ef7d22318d44f182da18d59fe004166b32d262b467b39425a,2021-12,Cheshire Constabulary,Cheshire Constabulary,-2.423248,53.103250,On or near Hendon Close,E01018499,Cheshire East 038A,Public order,Investigation complete; no suspect identified,
0332db3ba11bacbb0a0a38886e63d9099c883fd362566809c7abceaa0312ad39,2021-12,Cheshire Constabulary,Cheshire Constabulary,-2.423248,53.103250,On or near Hendon Close,E01018499,Cheshire East 038A,Violence and sexual offences,Unable to prosecute suspect,
8577f77233542c6b158eeaabb369baabf019d1e1af27591e8c05037de50f95ff,2021-12,Cheshire Constabulary,Cheshire Constabulary,-2.421134,53.102421,On or near Guillemot Close,E01018499,Cheshire East 038A,Violence and sexual offences,Unable to prosecute suspect,
e1ac39c712e868c8b5f8826cb96beaa7b4f3edf71a13e76bdb849459427e33bc,2021-12,Cheshire Constabulary,Cheshire Constabulary,-2.423248,53.103250,On or near Hendon Close,E01018499,Cheshire East 038A,Violence and sexual offences,Investigation complete; no suspect identified,
47471e6ff3cba5f0d8af870318d7efed706af99b05c340defc686a06d5e859e9,2021-12,Cheshire Constabulary,Cheshire Constabulary,-2.423743,53.101954,On or near Drayton Crescent,E01018499,Cheshire East 038A,Violence and sexual offences,Court result unavailable,
5076fded6010a53462a3f50a54f6de8a836990a9f832119bc6a11d46c56dc7c4,2021-12,Cheshire Constabulary,Cheshire Constabulary,-2.427736,53.100932,On or near Bray Close,E01018500,Cheshire East 038B,Criminal damage and arson,Investigation complete; no suspect identified,
,2021-12,Cheshire Constabulary,Cheshire Constabulary,-2.428514,53.086098,On or near Cowley Way,E01018501,Cheshire East 038C,Anti-social behaviour,,
,2021-12,Cheshire Constabulary,Cheshire Constabulary,-2.425272,53.096420,On or near Lynbrook Road,E01018501,Cheshire East 038C,Anti-social behaviour,,
,2021-12,Cheshire Constabulary,Cheshire Constabulary,-2.428458,53.095527,On or near Fern Court,E01018501,Cheshire East 038C,Anti-social behaviour,,
e103c1b739a8c09942ddd959a19b2b0c0aadd734dc2f1a0a41da84eb86e61ac6,2021-12,Cheshire Constabulary,Cheshire Constabulary,-2.430061,53.097481,On or near A532,E01018501,Cheshire East 038C,Burglary,Unable to prosecute suspect,
9bc58b875820621d760f77d8652322700c4ec4c3026a1c0409f65881641d1271,2021-12,Cheshire Constabulary,Cheshire Constabulary,-2.427818,53.097238,On or near Supermarket,E01018501,Cheshire East 038C,Criminal damage and arson,Unable to prosecute suspect,
2843a473cd73c25105916bb07a298c97ca552c71455ff7865e6670fe9473e592,2021-12,Cheshire Constabulary,Cheshire Constabulary,-2.427483,53.098093,On or near School Crescent,E01018501,Cheshire East 038C,Criminal damage and arson,Investigation complete; no suspect identified,
a66910eb3ad3aafee11de8e39e21fa8966d62e3552663fca1755eecd218c7c09,2021-12,Cheshire Constabulary,Cheshire Constabulary,-2.428458,53.095527,On or near Fern Court,E01018501,Cheshire East 038C,Other theft,Unable to prosecute suspect,
fdb59437839dde6399d9064420bfbee774f421580a139335e4b8413d3aea5f6d,2021-12,Cheshire Constabulary,Cheshire Constabulary,-2.428514,53.086098,On or near Cowley Way,E01018501,Cheshire East 038C,Public order,Investigation complete; no suspect identified,
43f02858050b0067421e9c8e0f2ec692ed5679065c46dc0bb3beb571e3b42372,2021-12,Cheshire Constabulary,Cheshire Constabulary,-2.432330,53.089958,On or near Nantwich Road,E01018501,Cheshire East 038C,Public order,Investigation complete; no suspect identified,
b45ff0a4c9598a2cf62c1e8db324c24a99648058cbd41af1855b2a14a00a46e4,2021-12,Cheshire Constabulary,Cheshire Constabulary,-2.426115,53.088084,On or near First Avenue,E01018501,Cheshire East 038C,Shoplifting,Court result unavailable,
23d35226e1361d9ffbfcc519d1486c2c67c9d819d259d51ee22595ea1af4792e,2021-12,Cheshire Constabulary,Cheshire Constabulary,-2.428514,53.086098,On or near Cowley Way,E01018501,Cheshire East 038C,Vehicle crime,Investigation complete; no suspect identified,
dcdcb88dae0648a8a777f9774b62f6c9314d64157f037650a7b461b8ae1f64b7,2021-12,Cheshire Constabulary,Cheshire Constabulary,-2.424659,53.087289,On or near Second Avenue,E01018501,Cheshire East 038C,Vehicle crime,Court result unavailable,
f6fb386d18470c3b59ed72205617e4b2474eea32e33f2f62e80c0fc57699b0d4,2021-12,Cheshire Constabulary,Cheshire Constabulary,-2.429750,53.096233,On or near Gresty Terrace,E01018501,Cheshire East 038C,Vehicle crime,Investigation complete; no suspect identified,
c172d22bef8ed85ac82c60a02f8eac035ef72cd1a578a5a24a760334585d83f5,2021-12,Cheshire Constabulary,Cheshire Constabulary,-2.427818,53.097238,On or near Supermarket,E01018501,Cheshire East 038C,Violence and sexual offences,Unable to prosecute suspect,
28202d7ce6f5c68efc130626b318bc42f1a8b8fbdf0515c93c4f820c6cd1763c,2021-12,Cheshire Constabulary,Cheshire Constabulary,-2.428514,53.086098,On or near Cowley Way,E01018501,Cheshire East 038C,Violence and sexual offences,Unable to prosecute suspect,
e05ac4cde20f52967303ddb0d4cfee3a700cda94e1c139e1b8ac81935ff62bfd,2021-12,Cheshire Constabulary,Cheshire Constabulary,-2.424057,53.095948,On or near Brook Close,E01018501,Cheshire East 038C,Violence and sexual offences,Unable to prosecute suspect,
fb476f96e6517b0ec7d34a62a88206fd14f83ae36d8ad6290c3191cd3f02c112,2021-12,Cheshire Constabulary,Cheshire Constabulary,-2.431739,53.092046,On or near Macon Court,E01018501,Cheshire East 038C,Violence and sexual offences,Unable to prosecute suspect,
85437aa28ee8854cf0a0954b224f2cbcd2220d482b2e4e5a3938394fd1e35aa1,2021-12,Cheshire Constabulary,Cheshire Constabulary,-2.427723,53.096609,On or near Buxton Avenue,E01018501,Cheshire East 038C,Violence and sexual offences,Unable to prosecute suspect,
b4d8270e52fab1b6d0cc1acebebf6a395dd85adb50dd1e941bc106046c082699,2021-12,Cheshire Constabulary,Cheshire Constabulary,-2.427818,53.097238,On or near Supermarket,E01018501,Cheshire East 038C,Violence and sexual offences,Unable to prosecute suspect,
3d5c7fa5cb54ae3f46ae62d50cdadd886a70067ba0f833179842698a40fd0897,2021-12,Cheshire Constabulary,Cheshire Constabulary,-2.428368,53.092427,On or near Stanhope Avenue,E01018501,Cheshire East 038C,Violence and sexual offences,Unable to prosecute suspect,
240e304b4d6944ade61caddb16f1fdf8e0b238585646287798a3e96a6faf1d4b,2021-12,Cheshire Constabulary,Cheshire Constabulary,-2.427483,53.098093,On or near School Crescent,E01018501,Cheshire East 038C,Violence and sexual offences,Court result unavailable,
adee8cc710fc26b700aaa781c05a12645d918f3563bdbf2fd6e64f0a04f9aa67,2021-12,Cheshire Constabulary,Cheshire Constabulary,-2.427818,53.097238,On or near Supermarket,E01018501,Cheshire East 038C,Violence and sexual offences,Unable to prosecute suspect,
1ecb72b56efe001c418d8892b5105334ec96720060eedd274b9f6d2bdf3d2c91,2021-12,Cheshire Constabulary,Cheshire Constabulary,-2.432330,53.089958,On or near Nantwich Road,E01018501,Cheshire East 038C,Violence and sexual offences,Status update unavailable,
5af1408bdf294e4f69917aabb61904177ae550dedcba1da139ffb1b0636e2f0c,2021-12,Cheshire Constabulary,Cheshire Constabulary,-2.424057,53.095948,On or near Brook Close,E01018501,Cheshire East 038C,Violence and sexual offences,Unable to prosecute suspect,
f2b4b33b40a843253c1efb585c0a15aeaebb25baf67b12e2a0453944e952cc78,2021-12,Cheshire Constabulary,Cheshire Constabulary,-2.432330,53.089958,On or near Nantwich Road,E01018501,Cheshire East 038C,Violence and sexual offences,Status update unavailable,
17efdab25055e88de797d20626f32664da16ae327da43406d25e45aa9a802806,2021-12,Cheshire Constabulary,Cheshire Constabulary,-2.427818,53.097238,On or near Supermarket,E01018501,Cheshire East 038C,Violence and sexual offences,Unable to prosecute suspect,
49c8bab7f6d6bb182a3fbeccace337533f1d8b824c13989e0dd9cb759498cbc9,2021-12,Cheshire Constabulary,Cheshire Constabulary,-2.427483,53.098093,On or near School Crescent,E01018501,Cheshire East 038C,Violence and sexual offences,Court result unavailable,
,2021-12,Cheshire Constabulary,Cheshire Constabulary,-2.424094,53.084469,On or near Weston Road,E01018502,Cheshire East 038D,Anti-social behaviour,,
,2021-12,Cheshire Constabulary,Cheshire Constabulary,-2.415231,53.081938,On or near Duchy Road,E01018502,Cheshire East 038D,Anti-social behaviour,,
2f90579d9b0c4d99a4954556dab695e43c453f83b7cfadbebcc20bbb2f6f8d1d,2021-12,Cheshire Constabulary,Cheshire Constabulary,-2.413993,53.094473,On or near University Way,E01018502,Cheshire East 038D,Other theft,Investigation complete; no suspect identified,
8fe8b1aaedaec0dd1dfc2a1d6d3d5dbcf17e0104fa6271d5c2a426f192225486,2021-12,Cheshire Constabulary,Cheshire Constabulary,-2.413993,53.094473,On or near University Way,E01018502,Cheshire East 038D,Other theft,Investigation complete; no suspect identified,
38ad8e4da091158b3234e113e335583a5da595b5b35dd7588ec65460fca63217,2021-12,Cheshire Constabulary,Cheshire Constabulary,-2.413993,53.094473,On or near University Way,E01018502,Cheshire East 038D,Public order,Court result unavailable,
9a15d7692ee7d4b25bcd548805b9cb5785e311e39110e7cedac709ac3c5d0330,2021-12,Cheshire Constabulary,Cheshire Constabulary,-2.413993,53.094473,On or near University Way,E01018502,Cheshire East 038D,Public order,Investigation complete; no suspect identified,
eef776b1ff50004b56a6c1fc930d8a5d682d5cd6c7954b822cef6e120ffc6b1f,2021-12,Cheshire Constabulary,Cheshire Constabulary,-2.412896,53.090620,On or near Mallard Way,E01018502,Cheshire East 038D,Violence and sexual offences,Unable to prosecute suspect,
43f7850a18b874a6b15abb1382de7498a227f0f08557b990f6c73afd52084a18,2021-12,Cheshire Constabulary,Cheshire Constabulary,-2.419877,53.094488,On or near Mill Bridge Close,E01018502,Cheshire East 038D,Violence and sexual offences,Unable to prosecute suspect,
8a2968fd850a46157d5c74ada62a65e5441fcd91ef50fd76d55f7efd944b7f5b,2021-12,Cheshire Constabulary,Cheshire Constabulary,-2.411624,53.087263,On or near University Way,E01018502,Cheshire East 038D,Violence and sexual offences,Unable to prosecute suspect,
7567857cd08c61d0bc928395c821875660c5231e66c7f13d12509671e80e48ad,2021-12,Cheshire Constabulary,Cheshire Constabulary,-2.411624,53.087263,On or near University Way,E01018502,Cheshire East 038D,Violence and sexual offences,Unable to prosecute suspect,
9d3cf4c5f2e89578082ea8f1a67984b64b16da60d363e96323bcb3c056a6e550,2021-12,Cheshire Constabulary,Cheshire Constabulary,-2.422189,53.095802,On or near Fernbank Close,E01018502,Cheshire East 038D,Violence and sexual offences,Unable to prosecute suspect,
,2021-12,Cheshire Constabulary,Cheshire Constabulary,-2.448461,53.101863,On or near Adelaide Street,E01018462,Cheshire East 039A,Anti-social behaviour,,
,2021-12,Cheshire Constabulary,Cheshire Constabulary,-2.442633,53.098712,On or near Shopping Area,E01018462,Cheshire East 039A,Anti-social behaviour,,
,2021-12,Cheshire Constabulary,Cheshire Constabulary,-2.449721,53.098164,On or near Mavor Court,E01018462,Cheshire East 039A,Anti-social behaviour,,
,2021-12,Cheshire Constabulary,Cheshire Constabulary,-2.444158,53.098859,On or near Victoria Street,E01018462,Cheshire East 039A,Anti-social behaviour,,
,2021-12,Cheshire Constabulary,Cheshire Constabulary,-2.447021,53.099837,On or near St Paul'S Close,E01018462,Cheshire East 039A,Anti-social behaviour,,
,2021-12,Cheshire Constabulary,Cheshire Constabulary,-2.447071,53.098974,On or near Victoria Street,E01018462,Cheshire East 039A,Anti-social behaviour,,
,2021-12,Cheshire Constabulary,Cheshire Constabulary,-2.444230,53.100063,On or near Parking Area,E01018462,Cheshire East 039A,Anti-social behaviour,,
2da9a3bdb2ca39c7ea8a5978a9f8f9f68ada430d1cc4dc114840fd31cb3c5055,2021-12,Cheshire Constabulary,Cheshire Constabulary,-2.444230,53.100063,On or near Parking Area,E01018462,Cheshire East 039A,Bicycle theft,Investigation complete; no suspect identified,
66e058a436c58c4ae4b250c31ead31cdb969520e72faad6b6a6842716408d7ea,2021-12,Cheshire Constabulary,Cheshire Constabulary,-2.447021,53.099837,On or near St Paul'S Close,E01018462,Cheshire East 039A,Burglary,Investigation complete; no suspect identified,
870d41863c23de2e7644d544da270ff383349ea7b30c0b74868273292431e72b,2021-12,Cheshire Constabulary,Cheshire Constabulary,-2.449721,53.098164,On or near Mavor Court,E01018462,Cheshire East 039A,Burglary,Unable to prosecute suspect,
0ff389fff37fb21f4fc163d82f810f9cb8bb3e065847bdf1e81bd8c2431bd105,2021-12,Cheshire Constabulary,Cheshire Constabulary,-2.449721,53.098164,On or near Mavor Court,E01018462,Cheshire East 039A,Burglary,Unable to prosecute suspect,
20eac5010656f6662212d192b1bd4d4ac57c2b0688b9904902ff2621fd366e99,2021-12,Cheshire Constabulary,Cheshire Constabulary,-2.448036,53.102638,On or near Alban Street,E01018462,Cheshire East 039A,Burglary,Investigation complete; no suspect identified,
be60e93ba2ab2234fa520a733a4bc8d80d2d831d20502aacb051134aa53c628c,2021-12,Cheshire Constabulary,Cheshire Constabulary,-2.443812,53.101485,On or near Chetwode Street,E01018462,Cheshire East 039A,Burglary,Investigation complete; no suspect identified,
218cd672d2b6d626836fdd9180b486d8a194200451ddb9822e89b485305ec50e,2021-12,Cheshire Constabulary,Cheshire Constabulary,-2.449226,53.102184,On or near Stafford Street,E01018462,Cheshire East 039A,Burglary,Investigation complete; no suspect identified,
3357a0d7aed2a4803d8ba0d29d48159277d7864c11f79b982538d4754b801963,2021-12,Cheshire Constabulary,Cheshire Constabulary,-2.450187,53.102728,On or near Fletcher Street,E01018462,Cheshire East 039A,Criminal damage and arson,Investigation complete; no suspect identified,
bcdef4b48134f6950144062af0330f8dc0109b91cdd25c05c1839a35bdd4ecaf,2021-12,Cheshire Constabulary,Cheshire Constabulary,-2.449226,53.102184,On or near Stafford Street,E01018462,Cheshire East 039A,Criminal damage and arson,Investigation complete; no suspect identified,
430bb9f97a120fcc485e905ec62a2999995854a0e371483e0fe56fe862d8ea94,2021-12,Cheshire Constabulary,Cheshire Constabulary,-2.447228,53.098236,On or near St Mary'S Street,E01018462,Cheshire East 039A,Criminal damage and arson,Investigation complete; no suspect identified,
d13b7d08c6927b74e0976d1737cfa48d213d1e3df35299b85de983dcbd0f7919,2021-12,Cheshire Constabulary,Cheshire Constabulary,-2.447071,53.098974,On or near Victoria Street,E01018462,Cheshire East 039A,Drugs,Further investigation is not in the public interest,
c24f31adb71810b22e953975a619f85e551ebaf04d7160319c45aee70ee3ca1d,2021-12,Cheshire Constabulary,Cheshire Constabulary,-2.444875,53.103171,On or near Badger Avenue,E01018462,Cheshire East 039A,Other theft,Investigation complete; no suspect identified,
76ad2ceed2fb222a0345157ac928bf50f3e0ef171febabe887b2634d0c95b8db,2021-12,Cheshire Constabulary,Cheshire Constabulary,-2.444230,53.100063,On or near Parking Area,E01018462,Cheshire East 039A,Public order,Investigation complete; no suspect identified,
d06fbd11321b47e8f5ba9a2f6a7fb2c74b18dd88cdb37d7f46c49490a93d529c,2021-12,Cheshire Constabulary,Cheshire Constabulary,-2.444230,53.100063,On or near Parking Area,E01018462,Cheshire East 039A,Public order,Unable to prosecute suspect,
f6d22f96ec17f4ea3abddf2cad8ce4d08e923abd3c983578db11d77f5b76f94c,2021-12,Cheshire Constabulary,Cheshire Constabulary,-2.449721,53.098164,On or near Mavor Court,E01018462,Cheshire East 039A,Public order,Investigation complete; no suspect identified,
35da725260a399ff75fdd0fdda1c8887713d4f228e30b612fd01c06285fb6092,2021-12,Cheshire Constabulary,Cheshire Constabulary,-2.447228,53.098236,On or near St Mary'S Street,E01018462,Cheshire East 039A,Public order,Unable to prosecute suspect,
f2dc2380c7536b87b1c4fc7362ff0867adc448796b4d2d658eda573624a12f85,2021-12,Cheshire Constabulary,Cheshire Constabulary,-2.450625,53.101729,On or near Parking Area,E01018462,Cheshire East 039A,Public order,Status update unavailable,
6dedcb12a8d6fa059e7f92f4939ec7230320f11518ab722b70decfdbe3ea99ef,2021-12,Cheshire Constabulary,Cheshire Constabulary,-2.444230,53.100063,On or near Parking Area,E01018462,Cheshire East 039A,Public order,Unable to prosecute suspect,
c1bc2c464eed0fc981e1e90db62f33953d747fb19045989824f275fa5ff64241,2021-12,Cheshire Constabulary,Cheshire Constabulary,-2.444158,53.098859,On or near Victoria Street,E01018462,Cheshire East 039A,Public order,Investigation complete; no suspect identified,
a2d92391d9e3c48da688870a6fb50a3b001f72d161625dca4c7c1161e63e564f,2021-12,Cheshire Constabulary,Cheshire Constabulary,-2.442633,53.098712,On or near Shopping Area,E01018462,Cheshire East 039A,Public order,Unable to prosecute suspect,
bbd2539fd93d02e10e661279e97ca8a505b0ca2ed7a15555907e1288d5365278,2021-12,Cheshire Constabulary,Cheshire Constabulary,-2.447071,53.098974,On or near Victoria Street,E01018462,Cheshire East 039A,Public order,Unable to prosecute suspect,
0df354d7bc816a8527a0e87af3c8d5cac45f923ea97564e4c8c8384af881dae3,2021-12,Cheshire Constabulary,Cheshire Constabulary,-2.446482,53.098275,On or near Gatefield Street,E01018462,Cheshire East 039A,Public order,Unable to prosecute suspect,
096a5719da8b10112f2e47788312241ff92716e2cd1ad9073ee3eadc6fe51133,2021-12,Cheshire Constabulary,Cheshire Constabulary,-2.450625,53.101729,On or near Parking Area,E01018462,Cheshire East 039A,Public order,Investigation complete; no suspect identified,
1c9dba8e374cd074bd4f6573d34cf8b78b94002e2ac47ffbf5fd5293c91c0fd5,2021-12,Cheshire Constabulary,Cheshire Constabulary,-2.450625,53.101729,On or near Parking Area,E01018462,Cheshire East 039A,Public order,Unable to prosecute suspect,
ef41efdef2ea271a91ef6e4211dca12a81b2cbffbaacaeed09ecbef79bb17072,2021-12,Cheshire Constabulary,Cheshire Constabulary,-2.444230,53.100063,On or near Parking Area,E01018462,Cheshire East 039A,Public order,Investigation complete; no suspect identified,
03809838e1e7b45366d32d3b96411d6c1f2d9e266da142421d28c181594c1251,2021-12,Cheshire Constabulary,Cheshire Constabulary,-2.444230,53.100063,On or near Parking Area,E01018462,Cheshire East 039A,Public order,Investigation complete; no suspect identified,
4621dbb93f70aedf3163f5c4193dc0b9d5ac51ba835b5dcc68f8303134607b8a,2021-12,Cheshire Constabulary,Cheshire Constabulary,-2.450187,53.102728,On or near Fletcher Street,E01018462,Cheshire East 039A,Robbery,Unable to prosecute suspect,
3f3e5223665d28d38bb0c9641b360b204757363075761dd3422013d8d91dde9d,2021-12,Cheshire Constabulary,Cheshire Constabulary,-2.442633,53.098712,On or near Shopping Area,E01018462,Cheshire East 039A,Shoplifting,Investigation complete; no suspect identified,
fbd61580c0de441d231ae8cc12b23792fc590b91263e43561c97af9e011b880a,2021-12,Cheshire Constabulary,Cheshire Constabulary,-2.444230,53.100063,On or near Parking Area,E01018462,Cheshire East 039A,Shoplifting,Court result unavailable,
35693527326ecd069fc633cb0534f7d2af52d4657f54d77e4dbf44c9a7e1d6c7,2021-12,Cheshire Constabulary,Cheshire Constabulary,-2.444230,53.100063,On or near Parking Area,E01018462,Cheshire East 039A,Shoplifting,Investigation complete; no suspect identified,
8a4de19906e7aece50f2a929690d48c475e8a32d7080198f8032da45b7af14bb,2021-12,Cheshire Constabulary,Cheshire Constabulary,-2.444230,53.100063,On or near Parking Area,E01018462,Cheshire East 039A,Shoplifting,Investigation complete; no suspect identified,
e69cb72232c2c8e90549c5ebb457e47d18a2ec77811ed4c2ab223e0bb048dc7b,2021-12,Cheshire Constabulary,Cheshire Constabulary,-2.444230,53.100063,On or near Parking Area,E01018462,Cheshire East 039A,Shoplifting,Court result unavailable,
71007bc9601549c8adb12845b12fb4e3b19c86840a7fb27b1354b9aa2139fd03,2021-12,Cheshire Constabulary,Cheshire Constabulary,-2.444230,53.100063,On or near Parking Area,E01018462,Cheshire East 039A,Shoplifting,Unable to prosecute suspect,
f0bfbf176bf4d07ba5528b62195c5af39029c72ee481f9f7a89b2751b53ce07e,2021-12,Cheshire Constabulary,Cheshire Constabulary,-2.448783,53.098374,On or near Castle Street,E01018462,Cheshire East 039A,Vehicle crime,Unable to prosecute suspect,
96faecfc85f833c9c7cca6d09495b8533ac0fc60352d82be01333083f6a84b49,2021-12,Cheshire Constabulary,Cheshire Constabulary,-2.447071,53.098974,On or near Victoria Street,E01018462,Cheshire East 039A,Violence and sexual offences,Unable to prosecute suspect,
a36373d82ab2e531fda51c072ac74a438df595ed87f11624a44915fc627e464f,2021-12,Cheshire Constabulary,Cheshire Constabulary,-2.447228,53.098236,On or near St Mary'S Street,E01018462,Cheshire East 039A,Violence and sexual offences,Unable to prosecute suspect,
2de657331b9af5fb65f6dc57d1b8b09c795a9da3a0c544e8ee56d36efc22fea7,2021-12,Cheshire Constabulary,Cheshire Constabulary,-2.447228,53.098236,On or near St Mary'S Street,E01018462,Cheshire East 039A,Violence and sexual offences,Court result unavailable,
ceea67e23a76e1c6106db2845b9e089d59fd2b4402c25585dc353d3bbd0929be,2021-12,Cheshire Constabulary,Cheshire Constabulary,-2.447228,53.098236,On or near St Mary'S Street,E01018462,Cheshire East 039A,Violence and sexual offences,Unable to prosecute suspect,
ead51baf2ee11ed07ca8732aeee9d43d46f7496a0ca5a5aba16a609a7dc3f4dd,2021-12,Cheshire Constabulary,Cheshire Constabulary,-2.449226,53.102184,On or near Stafford Street,E01018462,Cheshire East 039A,Violence and sexual offences,Investigation complete; no suspect identified,
f110860209dec159ac4e10fa3886cdf184a9a461fabb9d0dd76fef11258d557e,2021-12,Cheshire Constabulary,Cheshire Constabulary,-2.445954,53.100686,On or near John Street,E01018462,Cheshire East 039A,Violence and sexual offences,Unable to prosecute suspect,
894d31acd91a86955d95253fd3841ac86e95dac4b30bf4cd78584f02eb68ddc6,2021-12,Cheshire Constabulary,Cheshire Constabulary,-2.447071,53.098974,On or near Victoria Street,E01018462,Cheshire East 039A,Violence and sexual offences,Unable to prosecute suspect,
a5f0e1ecb2b16ebf7ae30b8324abbd2030cea9903f2c2dfb33baca8c59772dc5,2021-12,Cheshire Constabulary,Cheshire Constabulary,-2.444158,53.098859,On or near Victoria Street,E01018462,Cheshire East 039A,Violence and sexual offences,Investigation complete; no suspect identified,
10c047b5b1c095af87829a97457b0958cc04254d5a3b4738a770ef142f86bbfa,2021-12,Cheshire Constabulary,Cheshire Constabulary,-2.449946,53.098226,On or near Mavor Court,E01018462,Cheshire East 039A,Violence and sexual offences,Court result unavailable,
1f44b380ba467fe6a2b825674da6e1b41e171b62bb93fb888fcea19b07ed1434,2021-12,Cheshire Constabulary,Cheshire Constabulary,-2.443812,53.101485,On or near Chetwode Street,E01018462,Cheshire East 039A,Violence and sexual offences,Unable to prosecute suspect,
0eece7baa8b36707c75c358e10913e0afcf11aebd751c99a6106eded48405743,2021-12,Cheshire Constabulary,Cheshire Constabulary,-2.447071,53.098974,On or near Victoria Street,E01018462,Cheshire East 039A,Violence and sexual offences,Investigation complete; no suspect identified,
2a2b04f43aabdb298822d5dff34c38ae53e844b179116dd7ca80e0845e435091,2021-12,Cheshire Constabulary,Cheshire Constabulary,-2.444230,53.100063,On or near Parking Area,E01018462,Cheshire East 039A,Violence and sexual offences,Investigation complete; no suspect identified,
2bf40d052d3f10e1088ef83016830b4b72bc92b880b5ee4fa930a229b0e67305,2021-12,Cheshire Constabulary,Cheshire Constabulary,-2.447228,53.098236,On or near St Mary'S Street,E01018462,Cheshire East 039A,Violence and sexual offences,Unable to prosecute suspect,
cb7cb03ffa81ba7e9f1010eba2b1a54e7b38dcb923c2bf752d96250118dcb33d,2021-12,Cheshire Constabulary,Cheshire Constabulary,-2.445415,53.100580,On or near Albert Street,E01018462,Cheshire East 039A,Violence and sexual offences,Unable to prosecute suspect,
,2021-12,Cheshire Constabulary,Cheshire Constabulary,-2.440019,53.098676,On or near Hill Street,E01018464,Cheshire East 039B,Anti-social behaviour,,
,2021-12,Cheshire Constabulary,Cheshire Constabulary,-2.439239,53.096845,On or near Crewe Street,E01018464,Cheshire East 039B,Anti-social behaviour,,
,2021-12,Cheshire Constabulary,Cheshire Constabulary,-2.436910,53.095488,On or near Petrol Station,E01018464,Cheshire East 039B,Anti-social behaviour,,
,2021-12,Cheshire Constabulary,Cheshire Constabulary,-2.441158,53.099032,On or near Market Street,E01018464,Cheshire East 039B,Anti-social behaviour,,
,2021-12,Cheshire Constabulary,Cheshire Constabulary,-2.441158,53.099032,On or near Market Street,E01018464,Cheshire East 039B,Anti-social behaviour,,
,2021-12,Cheshire Constabulary,Cheshire Constabulary,-2.439290,53.095973,On or near Supermarket,E01018464,Cheshire East 039B,Anti-social behaviour,,
,2021-12,Cheshire Constabulary,Cheshire Constabulary,-2.436910,53.095488,On or near Petrol Station,E01018464,Cheshire East 039B,Anti-social behaviour,,
,2021-12,Cheshire Constabulary,Cheshire Constabulary,-2.441701,53.098113,On or near Shopping Area,E01018464,Cheshire East 039B,Anti-social behaviour,,
,2021-12,Cheshire Constabulary,Cheshire Constabulary,-2.441701,53.098113,On or near Shopping Area,E01018464,Cheshire East 039B,Anti-social behaviour,,
,2021-12,Cheshire Constabulary,Cheshire Constabulary,-2.440783,53.097370,On or near Sandon Street,E01018464,Cheshire East 039B,Anti-social behaviour,,
,2021-12,Cheshire Constabulary,Cheshire Constabulary,-2.441158,53.099032,On or near Market Street,E01018464,Cheshire East 039B,Anti-social behaviour,,
,2021-12,Cheshire Constabulary,Cheshire Constabulary,-2.441809,53.095559,On or near Edleston Road,E01018464,Cheshire East 039B,Anti-social behaviour,,
,2021-12,Cheshire Constabulary,Cheshire Constabulary,-2.440019,53.098676,On or near Hill Street,E01018464,Cheshire East 039B,Anti-social behaviour,,
,2021-12,Cheshire Constabulary,Cheshire Constabulary,-2.430233,53.102748,On or near Hillside Drive,E01018464,Cheshire East 039B,Anti-social behaviour,,
511446e50a9f73c225f4dffb0974046f56ec0d092de49caff9a081cb98e5a674,2021-12,Cheshire Constabulary,Cheshire Constabulary,-2.430233,53.102748,On or near Hillside Drive,E01018464,Cheshire East 039B,Bicycle theft,Investigation complete; no suspect identified,
3717070923026b5d271d8b1d5e42a9f6c6a4dbcf3c286aa192869111e8efa21d,2021-12,Cheshire Constabulary,Cheshire Constabulary,-2.441158,53.099032,On or near Market Street,E01018464,Cheshire East 039B,Burglary,Investigation complete; no suspect identified,
1588c7d7299b62167abb3dc99aa7cb5b9655d69e70c53c958a7a9f39f151638f,2021-12,Cheshire Constabulary,Cheshire Constabulary,-2.440147,53.096527,On or near Moss Square,E01018464,Cheshire East 039B,Burglary,Investigation complete; no suspect identified,
08c5b58911909e796951a7b9093dea11de2f8b295551dafaaff4743d4847517e,2021-12,Cheshire Constabulary,Cheshire Constabulary,-2.430419,53.100446,On or near Chestnut Grove,E01018464,Cheshire East 039B,Criminal damage and arson,Court result unavailable,
312405b2d739abfa14edeec749aedf49b73078de2865df6ef1bfd8fb9281a813,2021-12,Cheshire Constabulary,Cheshire Constabulary,-2.439290,53.095973,On or near Supermarket,E01018464,Cheshire East 039B,Criminal damage and arson,Investigation complete; no suspect identified,
e93fe656afb76a3e6762e0f88ec57fb855ee7e4690b28c10917a510a6afd123d,2021-12,Cheshire Constabulary,Cheshire Constabulary,-2.436910,53.095488,On or near Petrol Station,E01018464,Cheshire East 039B,Criminal damage and arson,Investigation complete; no suspect identified,
9330200020716d0dba036d0b879e01213b5ef9a152bf7fc24db0e9946a1055b4,2021-12,Cheshire Constabulary,Cheshire Constabulary,-2.439239,53.096845,On or near Crewe Street,E01018464,Cheshire East 039B,Drugs,Court result unavailable,
e106b631974d02000b518dd67310fb87b4e43637fcaad2158c268a56fec853af,2021-12,Cheshire Constabulary,Cheshire Constabulary,-2.430419,53.100446,On or near Chestnut Grove,E01018464,Cheshire East 039B,Other theft,Investigation complete; no suspect identified,
465dc1b1e8c3ebaf9cc789186ea21f9af78ea661df88dc305c85aa35b61e1adc,2021-12,Cheshire Constabulary,Cheshire Constabulary,-2.434051,53.094743,On or near Supermarket,E01018464,Cheshire East 039B,Other theft,Investigation complete; no suspect identified,
7e7f46a0d0a7dfcd1ddec2c6d993b5e2e2df752418b482da0211f8f402896cf4,2021-12,Cheshire Constabulary,Cheshire Constabulary,-2.436910,53.095488,On or near Petrol Station,E01018464,Cheshire East 039B,Other theft,Investigation complete; no suspect identified,
b5eb179d81ed660147ab09f1accf0ac7267b50e827fccfbdfbce0ca9205fb652,2021-12,Cheshire Constabulary,Cheshire Constabulary,-2.434051,53.094743,On or near Supermarket,E01018464,Cheshire East 039B,Other theft,Investigation complete; no suspect identified,
5dadd9bed89677ba9574c5e934fdd757661a6d81197138ee650c91c1e11485df,2021-12,Cheshire Constabulary,Cheshire Constabulary,-2.436910,53.095488,On or near Petrol Station,E01018464,Cheshire East 039B,Other theft,Investigation complete; no suspect identified,
c209bd73fa88dff87c5f262050e6cc0424321597912f248512618d8b52ed4373,2021-12,Cheshire Constabulary,Cheshire Constabulary,-2.432469,53.097823,On or near Manchester Bridge,E01018464,Cheshire East 039B,Other theft,Investigation complete; no suspect identified,
9a3c84753e32d4d7a3433c3d68e0f25395076c5b8e4e9cebd8eb79f107d465a4,2021-12,Cheshire Constabulary,Cheshire Constabulary,-2.441809,53.095559,On or near Edleston Road,E01018464,Cheshire East 039B,Other theft,Investigation complete; no suspect identified,
cb5870b8b9ed25913c82506d33676e32ae22eccea973211918d9c116d4915bf6,2021-12,Cheshire Constabulary,Cheshire Constabulary,-2.434051,53.094743,On or near Supermarket,E01018464,Cheshire East 039B,Public order,Investigation complete; no suspect identified,
70807ba199e2180be84cd0545c278eaaa889ec931866394b9075d663978b89bf,2021-12,Cheshire Constabulary,Cheshire Constabulary,-2.441882,53.099685,On or near Supermarket,E01018464,Cheshire East 039B,Public order,Unable to prosecute suspect,
a2711f7e43fd897fcd3f02a11928b958c6ec3364d67f982c8cd3b701d910f2e7,2021-12,Cheshire Constabulary,Cheshire Constabulary,-2.436910,53.095488,On or near Petrol Station,E01018464,Cheshire East 039B,Public order,Investigation complete; no suspect identified,
a887d22bdbc570c8d2be8ddda800423b842602eabd022042c91a72fc088ed1c9,2021-12,Cheshire Constabulary,Cheshire Constabulary,-2.430419,53.100446,On or near Chestnut Grove,E01018464,Cheshire East 039B,Public order,Court result unavailable,
3dfe7d1659cb23241a64d8e8536c3c8ca7d0782e29368509b5fcdb42f1ac411b,2021-12,Cheshire Constabulary,Cheshire Constabulary,-2.442276,53.095908,On or near Eaton Street,E01018464,Cheshire East 039B,Public order,Unable to prosecute suspect,
b3507b453c4425a699f69a1a23bc831e2173aa3c48219a1b939e54d3ebd4f9f4,2021-12,Cheshire Constabulary,Cheshire Constabulary,-2.440909,53.095140,On or near Parking Area,E01018464,Cheshire East 039B,Public order,Investigation complete; no suspect identified,
067a2f5d4dba10d139c76ae1e5be2a4342d84eaae0ecb62d563a03e78c86511e,2021-12,Cheshire Constabulary,Cheshire Constabulary,-2.441158,53.099032,On or near Market Street,E01018464,Cheshire East 039B,Public order,Investigation complete; no suspect identified,
0108dcd98e4bf9df70b743619a3ccf1a2d49d4de0f4c6b8232793f3f91706673,2021-12,Cheshire Constabulary,Cheshire Constabulary,-2.436910,53.095488,On or near Petrol Station,E01018464,Cheshire East 039B,Shoplifting,Investigation complete; no suspect identified,
54094e2d5d47df38ca7cbaad6e790a9fc2b3b1b8ad640d46fa5977af9fcc1ff6,2021-12,Cheshire Constabulary,Cheshire Constabulary,-2.434051,53.094743,On or near Supermarket,E01018464,Cheshire East 039B,Shoplifting,Investigation complete; no suspect identified,
d832c3d698f4e034cb2951092f936baf5a4712eeb4a640df12bb9d6506bb49ab,2021-12,Cheshire Constabulary,Cheshire Constabulary,-2.440097,53.099009,On or near Heath Street,E01018464,Cheshire East 039B,Shoplifting,Court result unavailable,
3c8e5bd23c03e4cc3c42bd295f461cb33ea3b082edb52f390638e3e24fb13618,2021-12,Cheshire Constabulary,Cheshire Constabulary,-2.436910,53.095488,On or near Petrol Station,E01018464,Cheshire East 039B,Shoplifting,Local resolution,
dde73d69fdeab1e762f5df8265b5f98f309314843abc3ea4d0d701fe874e8647,2021-12,Cheshire Constabulary,Cheshire Constabulary,-2.435667,53.098027,On or near Earle Street,E01018464,Cheshire East 039B,Shoplifting,Investigation complete; no suspect identified,
2fecb803cd55fe5f69bf66f8c8f800ab788de2bf0df91cc898306fc2652a64e3,2021-12,Cheshire Constabulary,Cheshire Constabulary,-2.436910,53.095488,On or near Petrol Station,E01018464,Cheshire East 039B,Shoplifting,Unable to prosecute suspect,
db838fc1c13ab0acdd90ec1ff36232772c8a2df90304274e2d60c741bbc7a880,2021-12,Cheshire Constabulary,Cheshire Constabulary,-2.436910,53.095488,On or near Petrol Station,E01018464,Cheshire East 039B,Shoplifting,Unable to prosecute suspect,
48e2a89240b1837be9c87f4117297673271beb9e0d927b2356047516bff50153,2021-12,Cheshire Constabulary,Cheshire Constabulary,-2.435667,53.098027,On or near Earle Street,E01018464,Cheshire East 039B,Shoplifting,Court result unavailable,
67ffda5085e90568db4e724b9d5efbeb8f5bb822477783b0e022046603cc13a4,2021-12,Cheshire Constabulary,Cheshire Constabulary,-2.436910,53.095488,On or near Petrol Station,E01018464,Cheshire East 039B,Shoplifting,Investigation complete; no suspect identified,
bcb79cbf72430d9d6b34894a2a22ed29ac15fd6b80d4fb0844f53958f70f31c3,2021-12,Cheshire Constabulary,Cheshire Constabulary,-2.442196,53.099801,On or near Gladstone Street,E01018464,Cheshire East 039B,Shoplifting,Investigation complete; no suspect identified,
9a2216439e1af1fec896fef88767bde199341fb5fe84c4d59e6df16cf76fb107,2021-12,Cheshire Constabulary,Cheshire Constabulary,-2.442196,53.099801,On or near Gladstone Street,E01018464,Cheshire East 039B,Violence and sexual offences,Investigation complete; no suspect identified,
84d2836e603713074ae935688af1abc3acc0bc77cae906b87c142ca385d3168f,2021-12,Cheshire Constabulary,Cheshire Constabulary,-2.436910,53.095488,On or near Petrol Station,E01018464,Cheshire East 039B,Violence and sexual offences,Investigation complete; no suspect identified,
7a5a0ba527f28a4be6604fd5f3206af637fd2f828a40626e22757f9e7bc46a61,2021-12,Cheshire Constabulary,Cheshire Constabulary,-2.441158,53.099032,On or near Market Street,E01018464,Cheshire East 039B,Violence and sexual offences,Investigation complete; no suspect identified,
c311d0e1e666e34c122190b4b1b5528fa7185ff7593f2a43e4b42c3ab1acfff2,2021-12,Cheshire Constabulary,Cheshire Constabulary,-2.434051,53.094743,On or near Supermarket,E01018464,Cheshire East 039B,Violence and sexual offences,Investigation complete; no suspect identified,
a0cb1bc9b6192b0cf825c973da529af8b78e101df5f431962c47b48e6219a8c1,2021-12,Cheshire Constabulary,Cheshire Constabulary,-2.441711,53.097645,On or near Market Square,E01018464,Cheshire East 039B,Violence and sexual offences,Unable to prosecute suspect,
f931cb8f931ec09fe48f424b1d2d4cf76e9e6a5f9a74d6b731386d018b0a1774,2021-12,Cheshire Constabulary,Cheshire Constabulary,-2.435667,53.098027,On or near Earle Street,E01018464,Cheshire East 039B,Violence and sexual offences,Unable to prosecute suspect,
36dda13252f7a61ebaacf258006dc9029ed7c11263c9f88d571ff0dde0532785,2021-12,Cheshire Constabulary,Cheshire Constabulary,-2.432469,53.097823,On or near Manchester Bridge,E01018464,Cheshire East 039B,Violence and sexual offences,Unable to prosecute suspect,
81ab1c27670aad098d13eb3254da1b0884f0c6912a4e6dedfdd7f80e97b64b2f,2021-12,Cheshire Constabulary,Cheshire Constabulary,-2.440783,53.097370,On or near Sandon Street,E01018464,Cheshire East 039B,Violence and sexual offences,Unable to prosecute suspect,
b8f159d49a8c80a5eadc94021c45059c8778111af8276fb5e7bcaaf44aef1843,2021-12,Cheshire Constabulary,Cheshire Constabulary,-2.432569,53.098892,On or near Hall O'Shaw Street,E01018464,Cheshire East 039B,Violence and sexual offences,Unable to prosecute suspect,
c4fd56b0fcf5085f05a5bc7b20104d3d9458e5763dc7ead86ad5da3d148b63f5,2021-12,Cheshire Constabulary,Cheshire Constabulary,-2.441711,53.097645,On or near Market Square,E01018464,Cheshire East 039B,Violence and sexual offences,Unable to prosecute suspect,
eca11d029a49d5f04629d8cf1d1d51716545802f211a2fe93d4aca49138ff20c,2021-12,Cheshire Constabulary,Cheshire Constabulary,-2.430419,53.100446,On or near Chestnut Grove,E01018464,Cheshire East 039B,Violence and sexual offences,Unable to prosecute suspect,
fc90c817bf85e65a6d1405b96ca0587fb058a62b59810ba226abee798dfa0998,2021-12,Cheshire Constabulary,Cheshire Constabulary,-2.436910,53.095488,On or near Petrol Station,E01018464,Cheshire East 039B,Violence and sexual offences,Investigation complete; no suspect identified,
452cccbe128879c97f9bbb21d8212e65f18f95a6662cab4933ab74fef6215ff8,2021-12,Cheshire Constabulary,Cheshire Constabulary,-2.436910,53.095488,On or near Petrol Station,E01018464,Cheshire East 039B,Violence and sexual offences,Investigation complete; no suspect identified,
4ba3f88188bab68b7f4c5a4fb941b23462e9691a4207d5024a1f0dc19dd2da09,2021-12,Cheshire Constabulary,Cheshire Constabulary,-2.432469,53.097823,On or near Manchester Bridge,E01018464,Cheshire East 039B,Violence and sexual offences,Investigation complete; no suspect identified,
f46c0b07449a1c0534f69465c37900cb9bb6b7fe3a3ca71360b08ec1385c93a7,2021-12,Cheshire Constabulary,Cheshire Constabulary,-2.430419,53.100446,On or near Chestnut Grove,E01018464,Cheshire East 039B,Violence and sexual offences,Unable to prosecute suspect,
12d2400205cc444ba7a9ac42dc1137031f83c14c7ba6cc79869a482a7f74fdd3,2021-12,Cheshire Constabulary,Cheshire Constabulary,-2.440147,53.096527,On or near Moss Square,E01018464,Cheshire East 039B,Violence and sexual offences,Unable to prosecute suspect,
920c47e1a0be8cac27da08314a601def9ff99e7a90f51b56141daaf5adf3d852,2021-12,Cheshire Constabulary,Cheshire Constabulary,-2.436910,53.095488,On or near Petrol Station,E01018464,Cheshire East 039B,Other crime,Unable to prosecute suspect,
,2021-12,Cheshire Constabulary,Cheshire Constabulary,-2.464181,53.088750,On or near Dane Bank Avenue,E01018496,Cheshire East 039C,Anti-social behaviour,,
,2021-12,Cheshire Constabulary,Cheshire Constabulary,-2.459521,53.089964,On or near Moat House Drive,E01018496,Cheshire East 039C,Anti-social behaviour,,
,2021-12,Cheshire Constabulary,Cheshire Constabulary,-2.460988,53.093159,On or near Albion Street,E01018496,Cheshire East 039C,Anti-social behaviour,,
edd0a1b34eb42f4b0374ca0d35c49c2988ef042c5ef61dcf1786bc767ddb3864,2021-12,Cheshire Constabulary,Cheshire Constabulary,-2.458340,53.094059,On or near Rockwood Avenue,E01018496,Cheshire East 039C,Bicycle theft,Investigation complete; no suspect identified,
aee80116c8a87064b4b5173743c3e942e6ffab12d61314e1f88b99c98e2dfb7a,2021-12,Cheshire Constabulary,Cheshire Constabulary,-2.460988,53.093159,On or near Albion Street,E01018496,Cheshire East 039C,Criminal damage and arson,Unable to prosecute suspect,
8a3e35105395e0dbaf152b717b4c6d56772ae273c723bbf81eb01795bd563e1d,2021-12,Cheshire Constabulary,Cheshire Constabulary,-2.462268,53.089935,On or near Valley Road,E01018496,Cheshire East 039C,Other theft,Unable to prosecute suspect,
ad8fb14727da92accd67bf514f676ef0d32bce9c6cee6bdddc3b901c45fef545,2021-12,Cheshire Constabulary,Cheshire Constabulary,-2.456301,53.094732,On or near Alton Street,E01018496,Cheshire East 039C,Violence and sexual offences,Unable to prosecute suspect,
cbb494ae107eadedc7b870fcef1f49c1ae9816335022fbcbb08746863bc68e30,2021-12,Cheshire Constabulary,Cheshire Constabulary,-2.462268,53.089935,On or near Valley Road,E01018496,Cheshire East 039C,Violence and sexual offences,Unable to prosecute suspect,
4b69afaa9973b88c003a1f0062cdb3f4997950068559d9cfff449354f9c9f2aa,2021-12,Cheshire Constabulary,Cheshire Constabulary,-2.457264,53.095402,On or near Collins Street,E01018496,Cheshire East 039C,Violence and sexual offences,Unable to prosecute suspect,
e603750102edb6055b9b172d4000845e41fba92fbbe93db6eaf5c2231f5d3a17,2021-12,Cheshire Constabulary,Cheshire Constabulary,-2.460479,53.091659,On or near Clyde Grove,E01018496,Cheshire East 039C,Violence and sexual offences,Unable to prosecute suspect,
6640f9f289e9cab4d31462a0e51785c4b0a66c3272b693db35c400dc53bd2d53,2021-12,Cheshire Constabulary,Cheshire Constabulary,-2.462268,53.089935,On or near Valley Road,E01018496,Cheshire East 039C,Violence and sexual offences,Unable to prosecute suspect,
e9775fb1e0132faf8e782bf1a714c659cf7ff20f35a9526a6a78dcdab92dfe9d,2021-12,Cheshire Constabulary,Cheshire Constabulary,-2.460988,53.093159,On or near Albion Street,E01018496,Cheshire East 039C,Violence and sexual offences,Unable to prosecute suspect,
c2c339101a8422f2ada9add927ccff451817648d190ab51d8b0a33060ed352b8,2021-12,Cheshire Constabulary,Cheshire Constabulary,-2.456301,53.094732,On or near Alton Street,E01018496,Cheshire East 039C,Violence and sexual offences,Unable to prosecute suspect,
9332ba1135502320a230ab8ce907ea6b9af245c1e520b6365fdc796bfab8d012,2021-12,Cheshire Constabulary,Cheshire Constabulary,-2.456301,53.094732,On or near Alton Street,E01018496,Cheshire East 039C,Violence and sexual offences,Unable to prosecute suspect,
45a7ab0bad69ce4669fb94016fbc489c7c61f35782615ccef48b2810c62b5a2e,2021-12,Cheshire Constabulary,Cheshire Constabulary,-2.457264,53.095402,On or near Collins Street,E01018496,Cheshire East 039C,Violence and sexual offences,Investigation complete; no suspect identified,
9081444bf7857a3866b67e38860be81b21399480b85b9073308cd87078c318c0,2021-12,Cheshire Constabulary,Cheshire Constabulary,-2.460479,53.091659,On or near Clyde Grove,E01018496,Cheshire East 039C,Violence and sexual offences,Unable to prosecute suspect,
,2021-12,Cheshire Constabulary,Cheshire Constabulary,-2.447046,53.095064,On or near Duke Street,E01018497,Cheshire East 039D,Anti-social behaviour,,
,2021-12,Cheshire Constabulary,Cheshire Constabulary,-2.447046,53.095064,On or near Duke Street,E01018497,Cheshire East 039D,Anti-social behaviour,,
676649ac6f825ffeb54463aa6b651c176c3658fa97d6805cc992670109ccc05f,2021-12,Cheshire Constabulary,Cheshire Constabulary,-2.448830,53.095722,On or near Lewis Street,E01018497,Cheshire East 039D,Criminal damage and arson,Unable to prosecute suspect,
6bbd93e5a8857a2a8636f2b62ecdcd8c8cdf094d63ecc996c7cd2a0abc15377b,2021-12,Cheshire Constabulary,Cheshire Constabulary,-2.449049,53.095254,On or near Wistaston Road,E01018497,Cheshire East 039D,Criminal damage and arson,Unable to prosecute suspect,
d9a17f8ad6a8af2163f8c341ef9044c32bbbbc862fc31ee88af20cdd8f6f69aa,2021-12,Cheshire Constabulary,Cheshire Constabulary,-2.446649,53.094247,On or near Sports/Recreation Area,E01018497,Cheshire East 039D,Public order,Unable to prosecute suspect,
0be75bc270f96cc1010f9ec28134eb0657e1ed3970803622eb336d746bd4d43d,2021-12,Cheshire Constabulary,Cheshire Constabulary,-2.446802,53.093141,On or near Ruskin Road,E01018497,Cheshire East 039D,Vehicle crime,Unable to prosecute suspect,
21d36c979ec9d864325e9e2f7d6b59622c709078a322d814416d43ada161db53,2021-12,Cheshire Constabulary,Cheshire Constabulary,-2.446649,53.094247,On or near Sports/Recreation Area,E01018497,Cheshire East 039D,Violence and sexual offences,Investigation complete; no suspect identified,
6d199b97b68702bfe66ad386d8cab8f0927ebbb9c7fe061e51128b5bdffb0d0b,2021-12,Cheshire Constabulary,Cheshire Constabulary,-2.446802,53.093141,On or near Ruskin Road,E01018497,Cheshire East 039D,Violence and sexual offences,Unable to prosecute suspect,
55b76a74c34f722e58f4ab17d145fdc40a2d909da5f71bd907973915543aa08f,2021-12,Cheshire Constabulary,Cheshire Constabulary,-2.446649,53.094247,On or near Sports/Recreation Area,E01018497,Cheshire East 039D,Violence and sexual offences,Unable to prosecute suspect,
16495259848a7ca283c62c6ce1f2a31af06f834e91c4216f83186260bb52363a,2021-12,Cheshire Constabulary,Cheshire Constabulary,-2.446649,53.094247,On or near Sports/Recreation Area,E01018497,Cheshire East 039D,Violence and sexual offences,Investigation complete; no suspect identified,
189882f50e367bb7ead1ef1c1b445383f8a5fee5316ab74ae4a6f43278c7fdee,2021-12,Cheshire Constabulary,Cheshire Constabulary,-2.448830,53.095722,On or near Lewis Street,E01018497,Cheshire East 039D,Violence and sexual offences,Unable to prosecute suspect,
3ca36c3b3fedec9dde02188fdfaca93ec59d7214e373c1323a00114e33b1c70e,2021-12,Cheshire Constabulary,Cheshire Constabulary,-2.446649,53.094247,On or near Sports/Recreation Area,E01018497,Cheshire East 039D,Violence and sexual offences,Investigation complete; no suspect identified,
9f5d94dfa626d5e63d89bc45705e57779c366ec8704364b9926bbba49626d51d,2021-12,Cheshire Constabulary,Cheshire Constabulary,-2.448297,53.093315,On or near Stamford Avenue,E01018497,Cheshire East 039D,Violence and sexual offences,Unable to prosecute suspect,
bcdad4326391e71e00a69aa7fe05524ef32dc17ac28926374aca676e72450af6,2021-12,Cheshire Constabulary,Cheshire Constabulary,-2.465072,53.097979,On or near Petrol Station,E01018498,Cheshire East 039E,Other theft,Investigation complete; no suspect identified,
28df572f73eea844a3fe103c4c39c10751c2f0ceb1f9b410938c131118e288d5,2021-12,Cheshire Constabulary,Cheshire Constabulary,-2.465072,53.097979,On or near Petrol Station,E01018498,Cheshire East 039E,Violence and sexual offences,Status update unavailable,
07b7d48264c579609961b0cae2606d68f8fa05c190f2711779ad2a03dcb03ad4,2021-12,Cheshire Constabulary,Cheshire Constabulary,-2.461176,53.098174,On or near Coppenhall Heyes,E01018498,Cheshire East 039E,Violence and sexual offences,Unable to prosecute suspect,
02149553f0f3a2265cb31210104d75dd82907edb0bb7b2086c3aeeba83e119ea,2021-12,Cheshire Constabulary,Cheshire Constabulary,-2.465072,53.097979,On or near Petrol Station,E01018498,Cheshire East 039E,Violence and sexual offences,Unable to prosecute suspect,
bfe9f0e67e5b3e88d37a80a213cc9faf695024bcbad6a8a011f3c533be9c38ac,2021-12,Cheshire Constabulary,Cheshire Constabulary,-2.460901,53.094768,On or near Bowen Street,E01018498,Cheshire East 039E,Violence and sexual offences,Unable to prosecute suspect,
,2021-12,Cheshire Constabulary,Cheshire Constabulary,-2.298340,53.099377,On or near Elm Grove,E01018388,Cheshire East 040B,Anti-social behaviour,,
,2021-12,Cheshire Constabulary,Cheshire Constabulary,-2.294187,53.092618,On or near Talke Road,E01018389,Cheshire East 040C,Anti-social behaviour,,
,2021-12,Cheshire Constabulary,Cheshire Constabulary,-2.302463,53.095294,On or near Ashmore'S Lane,E01018389,Cheshire East 040C,Anti-social behaviour,,
,2021-12,Cheshire Constabulary,Cheshire Constabulary,-2.302463,53.095294,On or near Ashmore'S Lane,E01018389,Cheshire East 040C,Anti-social behaviour,,
,2021-12,Cheshire Constabulary,Cheshire Constabulary,-2.352471,53.091139,On or near Taylors Lane,E01018465,Cheshire East 041A,Anti-social behaviour,,
,2021-12,Cheshire Constabulary,Cheshire Constabulary,-2.333499,53.095814,On or near Kensington Court,E01018465,Cheshire East 041A,Anti-social behaviour,,
,2021-12,Cheshire Constabulary,Cheshire Constabulary,-2.404619,53.066261,On or near West Avenue,E01018465,Cheshire East 041A,Anti-social behaviour,,
1cbf74fffd959e47c37403f52a40dc3920f7c9aa6bc745b4e397cd49c4f233c4,2021-12,Cheshire Constabulary,Cheshire Constabulary,-2.410206,53.068400,On or near Fourways,E01018465,Cheshire East 041A,Criminal damage and arson,Investigation complete; no suspect identified,
984922627cd95720bea416ac27a8c1a5ba382e853fbcd988f36a518bd2dc904a,2021-12,Cheshire Constabulary,Cheshire Constabulary,-2.403180,53.095957,On or near Crewe Green Avenue,E01018465,Cheshire East 041A,Other theft,Unable to prosecute suspect,
7d8140162c66e4cfc79a31f763c6e93432b848291861a2d7f2d2f281f78bb0c1,2021-12,Cheshire Constabulary,Cheshire Constabulary,-2.406391,53.065833,On or near Mere Road,E01018465,Cheshire East 041A,Other theft,Unable to prosecute suspect,
0b2e949e660c99458ed061788f5cde98bc8deba4d3b0d9e33fe6f703112907f1,2021-12,Cheshire Constabulary,Cheshire Constabulary,-2.343058,53.065997,On or near Audley Road,E01018465,Cheshire East 041A,Public order,Unable to prosecute suspect,
693b9e2ff2905496015adf441d535aed53359fc6474930b50d52943ed98f81ef,2021-12,Cheshire Constabulary,Cheshire Constabulary,-2.333499,53.095814,On or near Kensington Court,E01018465,Cheshire East 041A,Public order,Unable to prosecute suspect,
2658660f2be54f6e2a781522e6e26ed02283c22dcd7b7615b077a6b85cec8494,2021-12,Cheshire Constabulary,Cheshire Constabulary,-2.404619,53.066261,On or near West Avenue,E01018465,Cheshire East 041A,Public order,Unable to prosecute suspect,
e62f27188b2f8c9abed72d12f0161ea801c527b4a1dc4eaabe77e896231c0dcc,2021-12,Cheshire Constabulary,Cheshire Constabulary,-2.393509,53.050784,On or near Sandford Crescent,E01018465,Cheshire East 041A,Violence and sexual offences,Unable to prosecute suspect,
619a8808d4de6d5843e27913ebb63af9b62a0602d998142f43b1726cd9645dce,2021-12,Cheshire Constabulary,Cheshire Constabulary,-2.393741,53.051664,On or near Brackenwood Mews,E01018465,Cheshire East 041A,Violence and sexual offences,Unable to prosecute suspect,
3e57e39b1ed648ac3a5be2619df11536f3865d9a6b0e5b36194964431e9ef2b5,2021-12,Cheshire Constabulary,Cheshire Constabulary,-2.346089,53.069943,On or near Radway Green Road,E01018465,Cheshire East 041A,Violence and sexual offences,Status update unavailable,
b108ee6a7368deaeab199356c6da6bc314b83d11b19ece55fb950c9ea629a95d,2021-12,Cheshire Constabulary,Cheshire Constabulary,-2.404619,53.066261,On or near West Avenue,E01018465,Cheshire East 041A,Violence and sexual offences,Unable to prosecute suspect,
2705c0f3f9bc44125932aba6c072d50bc34863850f3c6b691eed6d222ed90b65,2021-12,Cheshire Constabulary,Cheshire Constabulary,-2.393509,53.050784,On or near Sandford Crescent,E01018465,Cheshire East 041A,Violence and sexual offences,Unable to prosecute suspect,
861a3de8ad45c38838e907f24e7446542b35611573f341b6e641ae2251352cb2,2021-12,Cheshire Constabulary,Cheshire Constabulary,-2.404619,53.066261,On or near West Avenue,E01018465,Cheshire East 041A,Violence and sexual offences,Unable to prosecute suspect,
c286e3672f6868d0e1a8e34dfae152db5ddd8d15593688fb79202bdf53100bfa,2021-12,Cheshire Constabulary,Cheshire Constabulary,-2.393509,53.050784,On or near Sandford Crescent,E01018465,Cheshire East 041A,Violence and sexual offences,Unable to prosecute suspect,
2f5172c28e4705821f1dde9bb4df55cd8fb554ea99057e8bf6e17287ce752d01,2021-12,Cheshire Constabulary,Cheshire Constabulary,-2.404675,53.097669,On or near Cloverfields,E01018468,Cheshire East 041B,Violence and sexual offences,Investigation complete; no suspect identified,
59b095d3ee4b2325b03ad063f409dd96afff8b20179a5f8ea7e4cc738197d8a4,2021-12,Cheshire Constabulary,Cheshire Constabulary,-2.399085,53.097167,On or near Jessop Way,E01018468,Cheshire East 041B,Violence and sexual offences,Unable to prosecute suspect,
,2021-12,Cheshire Constabulary,Cheshire Constabulary,-2.399632,53.124015,On or near Park/Open Space,E01018469,Cheshire East 041C,Anti-social behaviour,,
e4f31816ecc6169dfedc0288beb2645bf1821fcf0ad8d673ef8333072452b893,2021-12,Cheshire Constabulary,Cheshire Constabulary,-2.393120,53.099838,On or near Parking Area,E01018469,Cheshire East 041C,Burglary,Investigation complete; no suspect identified,
395265c379f853d4576fd061860313d0f13f3774bfe41c38e4f84ee27775e0a7,2021-12,Cheshire Constabulary,Cheshire Constabulary,-2.392331,53.100129,On or near St Matthews Close,E01018469,Cheshire East 041C,Other crime,Further investigation is not in the public interest,
b82a33334023f814f550a432f82fbd0bc6a32184d88d9f4cee7de47eee061060,2021-12,Cheshire Constabulary,Cheshire Constabulary,-2.384306,53.111247,On or near Newtons Grove,E01018470,Cheshire East 041D,Public order,Unable to prosecute suspect,
10979b21eaa3a721539b85a0e1fe2e077c084806ce7d247f8103fc8b541e5fd0,2021-12,Cheshire Constabulary,Cheshire Constabulary,-2.384306,53.111247,On or near Newtons Grove,E01018470,Cheshire East 041D,Violence and sexual offences,Unable to prosecute suspect,
b885b14dfec36bf226248c3062b51571a1846fc20f1a5ca1c4ad73dd468aad72,2021-12,Cheshire Constabulary,Cheshire Constabulary,-2.382837,53.112313,On or near Newtons Lane,E01018470,Cheshire East 041D,Violence and sexual offences,Investigation complete; no suspect identified,
512f6af5edf9983b9573a60610be1107975d4686f1f7b03c2971c3db70ee45da,2021-12,Cheshire Constabulary,Cheshire Constabulary,-2.384306,53.111247,On or near Newtons Grove,E01018470,Cheshire East 041D,Violence and sexual offences,Unable to prosecute suspect,
430aabe0328a894b8aa8adc7fdbdc33d6ee3b827851547317a5ac4e46bbafa0a,2021-12,Cheshire Constabulary,Cheshire Constabulary,-2.384306,53.111247,On or near Newtons Grove,E01018470,Cheshire East 041D,Other crime,Unable to prosecute suspect,
b4e45d73036cf327b7249167d53523853084879ddf92f1c447226d620563d19e,2021-12,Cheshire Constabulary,Cheshire Constabulary,-2.376835,53.114444,On or near Bowkers Croft,E01018470,Cheshire East 041D,Other crime,Unable to prosecute suspect,
9dd7ab867fc3b439e9deafdcd1b3be8d6daf749ff15323e2dc30b9aaddabfece,2021-12,Cheshire Constabulary,Cheshire Constabulary,-2.398938,53.099028,On or near Balfour Close,E01018471,Cheshire East 041E,Violence and sexual offences,Court result unavailable,
619da92538ea00e119f7b03f9fe286e76a35e3da66cc5e06e426389dea9b2af6,2021-12,Cheshire Constabulary,Cheshire Constabulary,-2.398730,53.102373,On or near Grenville Close,E01018471,Cheshire East 041E,Violence and sexual offences,Unable to prosecute suspect,
fc4a73b87c2795f0010d91b7c9d8e4cf0820b1f474ef6e9f9b32f455f2937459,2021-12,Cheshire Constabulary,Cheshire Constabulary,-2.398938,53.099028,On or near Balfour Close,E01018471,Cheshire East 041E,Violence and sexual offences,Unable to prosecute suspect,
6a3fe6fe6c45f8233139d54beff5ac262a616a4a21ca743b4c3f6c0681e1da8a,2021-12,Cheshire Constabulary,Cheshire Constabulary,-2.398938,53.099028,On or near Balfour Close,E01018471,Cheshire East 041E,Violence and sexual offences,Unable to prosecute suspect,
a330dd2e09846a7657f88e5654cee402b40cd9c49eb4e744d87fe708504a076d,2021-12,Cheshire Constabulary,Cheshire Constabulary,-2.396817,53.102262,On or near Portland Grove,E01018471,Cheshire East 041E,Violence and sexual offences,Unable to prosecute suspect,
84e671de9544d1b3b92d72053941694d03b2e3699ab6d87c131f4b1db8f4c4b5,2021-12,Cheshire Constabulary,Cheshire Constabulary,-2.398938,53.099028,On or near Balfour Close,E01018471,Cheshire East 041E,Violence and sexual offences,Unable to prosecute suspect,
,2021-12,Cheshire Constabulary,Cheshire Constabulary,-2.306890,53.096182,On or near Supermarket,E01018386,Cheshire East 042A,Anti-social behaviour,,
,2021-12,Cheshire Constabulary,Cheshire Constabulary,-2.306890,53.096182,On or near Supermarket,E01018386,Cheshire East 042A,Anti-social behaviour,,
,2021-12,Cheshire Constabulary,Cheshire Constabulary,-2.326144,53.092841,On or near The Close,E01018391,Cheshire East 042B,Anti-social behaviour,,
,2021-12,Cheshire Constabulary,Cheshire Constabulary,-2.312288,53.093013,On or near Swettenham Close,E01018391,Cheshire East 042B,Anti-social behaviour,,
,2021-12,Cheshire Constabulary,Cheshire Constabulary,-2.311661,53.095064,On or near Parking Area,E01018391,Cheshire East 042B,Anti-social behaviour,,
dddf5c08087411b50c0d06c2eb925ff15c2dd0e132f0301a82c6f889e69fcaae,2021-12,Cheshire Constabulary,Cheshire Constabulary,-2.331536,53.098821,On or near Windsor Drive,E01018392,Cheshire East 042C,Public order,Status update unavailable,
,2021-12,Cheshire Constabulary,Cheshire Constabulary,-2.437963,53.090333,On or near Herdman Street,E01018486,Cheshire East 043A,Anti-social behaviour,,
,2021-12,Cheshire Constabulary,Cheshire Constabulary,-2.444348,53.088350,On or near Furnival Street,E01018486,Cheshire East 043A,Anti-social behaviour,,
9c41ecce43d83890c766a23f749e911db19144a85ae8570b72be0d39df3ca3b1,2021-12,Cheshire Constabulary,Cheshire Constabulary,-2.442045,53.089392,On or near Broady Court,E01018486,Cheshire East 043A,Criminal damage and arson,Investigation complete; no suspect identified,
8863061f9b3fb6961d73e8631984c3cf018fe5199e18a23b6cc69f4b37f9dd02,2021-12,Cheshire Constabulary,Cheshire Constabulary,-2.438928,53.089763,On or near Parking Area,E01018486,Cheshire East 043A,Public order,Investigation complete; no suspect identified,
c8cc9ac75567c89b03d0fea4f86623856e476d35126d6ce94bbd0d5de3e60d83,2021-12,Cheshire Constabulary,Cheshire Constabulary,-2.439529,53.091622,On or near Mill Street,E01018486,Cheshire East 043A,Shoplifting,Investigation complete; no suspect identified,
2f40869e7e81148443ec25bb731c3c82e2d7cb64cd5b2ddbda690a097ec55656,2021-12,Cheshire Constabulary,Cheshire Constabulary,-2.439529,53.091622,On or near Mill Street,E01018486,Cheshire East 043A,Shoplifting,Investigation complete; no suspect identified,
b52a8ff3c6f7c6116492bab1132d92867e97300f08f1ac10391aa79ea10b04f3,2021-12,Cheshire Constabulary,Cheshire Constabulary,-2.439529,53.091622,On or near Mill Street,E01018486,Cheshire East 043A,Shoplifting,Unable to prosecute suspect,
a7f038c0ac7f078a8dc9705ec2ba9004ff7d404abe6b0c4465d617f2912baf97,2021-12,Cheshire Constabulary,Cheshire Constabulary,-2.439529,53.091622,On or near Mill Street,E01018486,Cheshire East 043A,Shoplifting,Unable to prosecute suspect,
b0d75eae02ec5051be509a365fc69d6883e890471fd6951371273a9899fa5821,2021-12,Cheshire Constabulary,Cheshire Constabulary,-2.444348,53.088350,On or near Furnival Street,E01018486,Cheshire East 043A,Shoplifting,Unable to prosecute suspect,
d9d456b391dcecb27bf25e61c48ff91357508eebc9e95695af3d32d197aaa042,2021-12,Cheshire Constabulary,Cheshire Constabulary,-2.443603,53.091319,On or near Stalbridge Road,E01018486,Cheshire East 043A,Violence and sexual offences,Unable to prosecute suspect,
c5d2e8f2e925252183f20f19851a0b10c9f5003c4423fb0f979f935532a6bc66,2021-12,Cheshire Constabulary,Cheshire Constabulary,-2.441503,53.088972,On or near Supermarket,E01018486,Cheshire East 043A,Violence and sexual offences,Court result unavailable,
082623c969d191fcfba448c2799d5fca909c4944d78a9e430528694526a1a53d,2021-12,Cheshire Constabulary,Cheshire Constabulary,-2.444348,53.088350,On or near Furnival Street,E01018486,Cheshire East 043A,Violence and sexual offences,Unable to prosecute suspect,
69e1b4f7149f086a8c7e59aed63fc69eccfc6c719dfec5b91e68f063c580bb0e,2021-12,Cheshire Constabulary,Cheshire Constabulary,-2.442349,53.089966,On or near Brooklyn Street,E01018486,Cheshire East 043A,Violence and sexual offences,Action to be taken by another organisation,
3f0b58d41f8c22bfcc613e0f0c8579a434e2157c53c5e957356cc4ec87193ff2,2021-12,Cheshire Constabulary,Cheshire Constabulary,-2.442349,53.089966,On or near Brooklyn Street,E01018486,Cheshire East 043A,Violence and sexual offences,Unable to prosecute suspect,
07fe736598dfb23ec95bde16a0d99b6b6b4a6532691518cdbe6301f4abe68174,2021-12,Cheshire Constabulary,Cheshire Constabulary,-2.442045,53.089392,On or near Broady Court,E01018486,Cheshire East 043A,Violence and sexual offences,Unable to prosecute suspect,
393455737d832e624138a348d8e19f5bf19ad3e6cd94226d0c57120fd97f55fd,2021-12,Cheshire Constabulary,Cheshire Constabulary,-2.441503,53.088972,On or near Supermarket,E01018486,Cheshire East 043A,Violence and sexual offences,Court result unavailable,
00631468415f69d2cf87e9b1803d828e016ed3f5d94e991d1c9e36f0e27785ca,2021-12,Cheshire Constabulary,Cheshire Constabulary,-2.439529,53.091622,On or near Mill Street,E01018486,Cheshire East 043A,Violence and sexual offences,Unable to prosecute suspect,
45964e0d427d188f1c06a8147785b99b47889fb8f2e0d42d56c398677ac43b73,2021-12,Cheshire Constabulary,Cheshire Constabulary,-2.444348,53.088350,On or near Furnival Street,E01018486,Cheshire East 043A,Violence and sexual offences,Further action is not in the public interest,
ae344659c894279fb23d9d7190c28b367f3972935980447bad0c76aaf364e396,2021-12,Cheshire Constabulary,Cheshire Constabulary,-2.437007,53.090310,On or near Railway Street,E01018486,Cheshire East 043A,Violence and sexual offences,Unable to prosecute suspect,
c8a27652c37627d4bd1a94411706aeb155b6653bb90c59d4b15d07fa40b9fdd4,2021-12,Cheshire Constabulary,Cheshire Constabulary,-2.436012,53.089307,On or near Nantwich Road,E01018486,Cheshire East 043A,Violence and sexual offences,Court result unavailable,
ed099ef6232987bd389d81789236b4c6fc34770538a8c0a50aaea6107d1b58e8,2021-12,Cheshire Constabulary,Cheshire Constabulary,-2.437963,53.090333,On or near Herdman Street,E01018486,Cheshire East 043A,Violence and sexual offences,Unable to prosecute suspect,
48103ce975ebd7894777e2617a5fe11b187b6a24177fd4a9b8ee06b246c12d15,2021-12,Cheshire Constabulary,Cheshire Constabulary,-2.437007,53.090310,On or near Railway Street,E01018486,Cheshire East 043A,Violence and sexual offences,Unable to prosecute suspect,
2177197be224be0e1bc07dfb7dcbd64366acbcb0c03b77dee3ebd4a373f7ae5b,2021-12,Cheshire Constabulary,Cheshire Constabulary,-2.440517,53.088966,On or near Parking Area,E01018486,Cheshire East 043A,Violence and sexual offences,Investigation complete; no suspect identified,
,2021-12,Cheshire Constabulary,Cheshire Constabulary,-2.444974,53.092536,On or near Hammond Street,E01018487,Cheshire East 043B,Anti-social behaviour,,
,2021-12,Cheshire Constabulary,Cheshire Constabulary,-2.444064,53.092639,On or near Derrington Avenue,E01018487,Cheshire East 043B,Anti-social behaviour,,
c651a9eef077aac76d14a09db64d3db1530cfaa127ba5eeae2c8a0fc08513199,2021-12,Cheshire Constabulary,Cheshire Constabulary,-2.445314,53.093641,On or near Alton Street,E01018487,Cheshire East 043B,Criminal damage and arson,Unable to prosecute suspect,
48b74f9c3656a553803bb8041a17b5cd8fbffb8e7af2d26dcb0e08218ff90698,2021-12,Cheshire Constabulary,Cheshire Constabulary,-2.441424,53.091498,On or near Edleston Road,E01018487,Cheshire East 043B,Other theft,Unable to prosecute suspect,
8eac968f6558846a3450c6c535a429539b59cfb3d7a706515f6026f53e61199a,2021-12,Cheshire Constabulary,Cheshire Constabulary,-2.444064,53.092639,On or near Derrington Avenue,E01018487,Cheshire East 043B,Public order,Unable to prosecute suspect,
aa822b2e2bed7d78275c2e371ca6e895ae9ab99f1e9e843ba4d1d9f6698fae07,2021-12,Cheshire Constabulary,Cheshire Constabulary,-2.444064,53.092639,On or near Derrington Avenue,E01018487,Cheshire East 043B,Violence and sexual offences,Unable to prosecute suspect,
c9cc37838a3248105824f4a3b7475c8920855a7f9af2d8b42f5724ca9f2d9205,2021-12,Cheshire Constabulary,Cheshire Constabulary,-2.445314,53.093641,On or near Alton Street,E01018487,Cheshire East 043B,Violence and sexual offences,Unable to prosecute suspect,
256794c666d2e9f0942f6d21560469a641a429234fa3ef0e13a6e60dea9fc169,2021-12,Cheshire Constabulary,Cheshire Constabulary,-2.441424,53.091498,On or near Edleston Road,E01018487,Cheshire East 043B,Violence and sexual offences,Unable to prosecute suspect,
a36ae747d058e99a98306da51f0563c8bee73c85205c493783adb76e4b09a072,2021-12,Cheshire Constabulary,Cheshire Constabulary,-2.444974,53.092536,On or near Hammond Street,E01018487,Cheshire East 043B,Violence and sexual offences,Court result unavailable,
3c7e554b492d95f337763bfef6bdc88b9f89d43ad02b9087aefd21110d9a7367,2021-12,Cheshire Constabulary,Cheshire Constabulary,-2.444064,53.092639,On or near Derrington Avenue,E01018487,Cheshire East 043B,Violence and sexual offences,Unable to prosecute suspect,
96d9e296d58e874fd9507d7ddeee4cd5dc7e995af3a4a7cbfaed0249cf2b743a,2021-12,Cheshire Constabulary,Cheshire Constabulary,-2.446942,53.090812,On or near Rook Street,E01018487,Cheshire East 043B,Violence and sexual offences,Unable to prosecute suspect,
fad99f0fc0f5a6c11bc6782dd25687369dd4084df02d433f0c6e5b8133bd3d41,2021-12,Cheshire Constabulary,Cheshire Constabulary,-2.441424,53.091498,On or near Edleston Road,E01018487,Cheshire East 043B,Violence and sexual offences,Unable to prosecute suspect,
e0ee8dbdfb2435a342572356c34d0a278457e792cc93964d1cafd0d2fb79e624,2021-12,Cheshire Constabulary,Cheshire Constabulary,-2.445314,53.093641,On or near Alton Street,E01018487,Cheshire East 043B,Violence and sexual offences,Unable to prosecute suspect,
,2021-12,Cheshire Constabulary,Cheshire Constabulary,-2.453653,53.090005,On or near Jesmond Crescent,E01018488,Cheshire East 043C,Anti-social behaviour,,
,2021-12,Cheshire Constabulary,Cheshire Constabulary,-2.456312,53.091523,On or near Buchan Grove,E01018488,Cheshire East 043C,Anti-social behaviour,,
,2021-12,Cheshire Constabulary,Cheshire Constabulary,-2.452779,53.087878,On or near Further/Higher Educational Building,E01018488,Cheshire East 043C,Anti-social behaviour,,
2dcbd6942dcf7fb40867ca68f53852fd06652cfd3102bd50056384201fac4b3c,2021-12,Cheshire Constabulary,Cheshire Constabulary,-2.453653,53.090005,On or near Jesmond Crescent,E01018488,Cheshire East 043C,Burglary,Investigation complete; no suspect identified,
813566834dd5f7699ff48895965539e7b401183c255d9ecede8d3468874a8eb3,2021-12,Cheshire Constabulary,Cheshire Constabulary,-2.452279,53.090028,On or near Shopping Area,E01018488,Cheshire East 043C,Burglary,Investigation complete; no suspect identified,
6ac24a811eab2bff35a4eb9234e61b1ee6ec58741c98ecabcca988e0ed3ae1d3,2021-12,Cheshire Constabulary,Cheshire Constabulary,-2.453653,53.090005,On or near Jesmond Crescent,E01018488,Cheshire East 043C,Criminal damage and arson,Investigation complete; no suspect identified,
e3014f5c25665ea546b34aae9f29562393c6be987564d912bf95105bd4229041,2021-12,Cheshire Constabulary,Cheshire Constabulary,-2.456312,53.091523,On or near Buchan Grove,E01018488,Cheshire East 043C,Public order,Unable to prosecute suspect,
a57530a4e43f4a561cdb71c811984e80e65b8d94e4afbf2a259d05ee37954eea,2021-12,Cheshire Constabulary,Cheshire Constabulary,-2.449962,53.092572,On or near Clifton Avenue,E01018488,Cheshire East 043C,Violence and sexual offences,Unable to prosecute suspect,
bf8a97017e9b823545409a42fa898abd27c8d71335a75b39cd1c3c5c4ef3bedc,2021-12,Cheshire Constabulary,Cheshire Constabulary,-2.456312,53.091523,On or near Buchan Grove,E01018488,Cheshire East 043C,Violence and sexual offences,Unable to prosecute suspect,
b568659c76052dc55fea7b9bbfce056572fe239a1340e1856bf6a06baaad4494,2021-12,Cheshire Constabulary,Cheshire Constabulary,-2.452014,53.088896,On or near Claremont Road,E01018488,Cheshire East 043C,Violence and sexual offences,Investigation complete; no suspect identified,
1aab64a5e0f6da8b42b88a21d3c7110fee718c2193e107e3d5f2e68949677f1b,2021-12,Cheshire Constabulary,Cheshire Constabulary,-2.449962,53.092572,On or near Clifton Avenue,E01018488,Cheshire East 043C,Violence and sexual offences,Unable to prosecute suspect,
169d5411670475e0467591e2bc9f2ffd5e70ff7c45198aa77f49823cc2aec7a8,2021-12,Cheshire Constabulary,Cheshire Constabulary,-2.449962,53.092572,On or near Clifton Avenue,E01018488,Cheshire East 043C,Violence and sexual offences,Unable to prosecute suspect,
0c670e070aa3887a9c841aa987fa684f9763cf7f7bdecbe13c635f8733af2165,2021-12,Cheshire Constabulary,Cheshire Constabulary,-2.449962,53.092572,On or near Clifton Avenue,E01018488,Cheshire East 043C,Violence and sexual offences,Unable to prosecute suspect,
5038943d1c8c809c7eba9c9780ec7b69839e4731e0f006c5dc7a312606cdc25d,2021-12,Cheshire Constabulary,Cheshire Constabulary,-2.456312,53.091523,On or near Buchan Grove,E01018488,Cheshire East 043C,Violence and sexual offences,Unable to prosecute suspect,
d558e955c7ea97773fbe59495a631668152750f46748ad660cc88cb055241764,2021-12,Cheshire Constabulary,Cheshire Constabulary,-2.449962,53.092572,On or near Clifton Avenue,E01018488,Cheshire East 043C,Violence and sexual offences,Court result unavailable,
0a8b7898e82e40f3eeaedc4796429fc059eeb1c5796798fdad9a8c967ea04251,2021-12,Cheshire Constabulary,Cheshire Constabulary,-2.453653,53.090005,On or near Jesmond Crescent,E01018488,Cheshire East 043C,Violence and sexual offences,Unable to prosecute suspect,
3ea117698609377230f9bdd8f1843ef41f3f392bd68a6e1d6d6ee4902556cee9,2021-12,Cheshire Constabulary,Cheshire Constabulary,-2.456312,53.091523,On or near Buchan Grove,E01018488,Cheshire East 043C,Violence and sexual offences,Unable to prosecute suspect,
ac72ee61e847d6212708a304fa0554e90349af2f7dce487905a49ad3586ea42a,2021-12,Cheshire Constabulary,Cheshire Constabulary,-2.447913,53.089451,On or near Yates Street,E01018488,Cheshire East 043C,Violence and sexual offences,Unable to prosecute suspect,
979f6cbe2618160321f424b55961699e06b1845e2dfc0495b90581e0574505de,2021-12,Cheshire Constabulary,Cheshire Constabulary,-2.456312,53.091523,On or near Buchan Grove,E01018488,Cheshire East 043C,Violence and sexual offences,Unable to prosecute suspect,
8e6648e0d93e59ceffcf666f716da48fd7c2e8f9a9255722d94dc0367cb1bbc2,2021-12,Cheshire Constabulary,Cheshire Constabulary,-2.447913,53.089451,On or near Yates Street,E01018488,Cheshire East 043C,Violence and sexual offences,Unable to prosecute suspect,
83b320f2c8b1a4cbdb9185815792b864e26f4c8a9a9dc26883ca843b5c3406e6,2021-12,Cheshire Constabulary,Cheshire Constabulary,-2.446166,53.089449,On or near Owen Street,E01018489,Cheshire East 043D,Violence and sexual offences,Court result unavailable,
b1c91e0262e69a5c80d4ca7902fd3ef631b1ee88aff29fa9e370b5b5513dd50c,2021-12,Cheshire Constabulary,Cheshire Constabulary,-2.444785,53.090164,On or near Westminster Street,E01018489,Cheshire East 043D,Violence and sexual offences,Investigation complete; no suspect identified,
b5fcbfd19eeec0d71026794883206ed9f58e334c42cfd0ce5ae58c578f7e47f7,2021-12,Cheshire Constabulary,Cheshire Constabulary,-2.446166,53.089449,On or near Owen Street,E01018489,Cheshire East 043D,Violence and sexual offences,Unable to prosecute suspect,
c5b2d2f6229d774da09b24f4707a6384002552313b82c689133c60120b12e789,2021-12,Cheshire Constabulary,Cheshire Constabulary,-2.446166,53.089449,On or near Owen Street,E01018489,Cheshire East 043D,Violence and sexual offences,Unable to prosecute suspect,
ea5d6a90bcc41226391bb6e247d8c869410d55f78e17f4ac3da1ebfeb559587e,2021-12,Cheshire Constabulary,Cheshire Constabulary,-2.446166,53.089449,On or near Owen Street,E01018489,Cheshire East 043D,Violence and sexual offences,Offender given a caution,
d104639f48a6697850562d107312f4d9248a3f5c1e8ec3a0001c54d00135a67b,2021-12,Cheshire Constabulary,Cheshire Constabulary,-2.491217,53.089640,On or near Nantwich Road,E01018510,Cheshire East 044A,Public order,Unable to prosecute suspect,
2725ec30f3dc89040803e9fdbdd54431ea6aee530df673f5067a65c649aa025b,2021-12,Cheshire Constabulary,Cheshire Constabulary,-2.481340,53.090354,On or near Grizedale Close,E01018510,Cheshire East 044A,Violence and sexual offences,Unable to prosecute suspect,
fa74af1dce8f578db85419a13201f5ae25d2327032bf97364d189af3edbd84e8,2021-12,Cheshire Constabulary,Cheshire Constabulary,-2.482899,53.092227,On or near Patterdale Close,E01018510,Cheshire East 044A,Violence and sexual offences,Unable to prosecute suspect,
89a644fdd828a4fb314b61671f18b7390dcae9ad744dc4e334d5aa0fb3158761,2021-12,Cheshire Constabulary,Cheshire Constabulary,-2.481340,53.090354,On or near Grizedale Close,E01018510,Cheshire East 044A,Violence and sexual offences,Unable to prosecute suspect,
a911b3c4b6951a79a5adfe1d0eeb81af3540e507646d23863b44fc7fad52ee6d,2021-12,Cheshire Constabulary,Cheshire Constabulary,-2.491217,53.089640,On or near Nantwich Road,E01018510,Cheshire East 044A,Violence and sexual offences,Unable to prosecute suspect,
2afc6d0bdfb5e93bc9f7cd066192b2c0e7ee6feb57134b2460075f5715fefc65,2021-12,Cheshire Constabulary,Cheshire Constabulary,-2.481340,53.090354,On or near Grizedale Close,E01018510,Cheshire East 044A,Violence and sexual offences,Unable to prosecute suspect,
6502c463ede7dd6f7a247923d61e8d3e9418501b16b667bddafb87cf0222f340,2021-12,Cheshire Constabulary,Cheshire Constabulary,-2.481340,53.090354,On or near Grizedale Close,E01018510,Cheshire East 044A,Violence and sexual offences,Unable to prosecute suspect,
a0a8abb6e745890be23e8e9eb5f9ac999baf72b27fae5467e41a6bca3644e863,2021-12,Cheshire Constabulary,Cheshire Constabulary,-2.467812,53.089024,On or near Woodford Close,E01018511,Cheshire East 044B,Criminal damage and arson,Unable to prosecute suspect,
eae6e528bedd67f5ae0cdcd1c17a3b16a9284efa1d6fdbd68c2f5290e2a0ebdc,2021-12,Cheshire Constabulary,Cheshire Constabulary,-2.473258,53.090027,On or near Capesthorne Road,E01018511,Cheshire East 044B,Other theft,Investigation complete; no suspect identified,
e6ea33e5e9b738881c253ab32e3700f90509a15f0786454a9bc5452a219bd21c,2021-12,Cheshire Constabulary,Cheshire Constabulary,-2.472722,53.086065,On or near Sports/Recreation Area,E01018511,Cheshire East 044B,Vehicle crime,Investigation complete; no suspect identified,
df27bd357b8c8dc62d0c82f470e64137c5563a47d7fbe1304071f56fa3dda8b3,2021-12,Cheshire Constabulary,Cheshire Constabulary,-2.472722,53.086065,On or near Sports/Recreation Area,E01018511,Cheshire East 044B,Violence and sexual offences,Court result unavailable,
fc3b72bc45571deca477afe490280514a545d3c44595d9e12ea6f92cf957e18b,2021-12,Cheshire Constabulary,Cheshire Constabulary,-2.467812,53.089024,On or near Woodford Close,E01018511,Cheshire East 044B,Violence and sexual offences,Unable to prosecute suspect,
eefc0140bc8f6adcc9cbedac703ae47a90b82608675762ae1d48da94630b3f19,2021-12,Cheshire Constabulary,Cheshire Constabulary,-2.467812,53.089024,On or near Woodford Close,E01018511,Cheshire East 044B,Violence and sexual offences,Unable to prosecute suspect,
43a05e2e47e0d1a2750d0043d2477c27c8a85e541437aacbc2034352c48d6054,2021-12,Cheshire Constabulary,Cheshire Constabulary,-2.470524,53.088456,On or near Beech Drive,E01018511,Cheshire East 044B,Violence and sexual offences,Unable to prosecute suspect,
5b74eb030ee81cab6dfcd9bf46273e7f6f4b29b59e1f4c42b43853d46f1c38b3,2021-12,Cheshire Constabulary,Cheshire Constabulary,-2.467812,53.089024,On or near Woodford Close,E01018511,Cheshire East 044B,Violence and sexual offences,Unable to prosecute suspect,
,2021-12,Cheshire Constabulary,Cheshire Constabulary,-2.465936,53.095018,On or near Alton Street,E01018512,Cheshire East 044C,Anti-social behaviour,,
,2021-12,Cheshire Constabulary,Cheshire Constabulary,-2.465948,53.093400,On or near Hargrave Avenue,E01018512,Cheshire East 044C,Anti-social behaviour,,
,2021-12,Cheshire Constabulary,Cheshire Constabulary,-2.465936,53.095018,On or near Alton Street,E01018512,Cheshire East 044C,Anti-social behaviour,,
fe5eb509c28a9369a6ac3c6fd568e3bce46c43175573641d2cc0969e8d9fc8d2,2021-12,Cheshire Constabulary,Cheshire Constabulary,-2.464676,53.088946,On or near Readesdale Avenue,E01018512,Cheshire East 044C,Other theft,Investigation complete; no suspect identified,
59504f6df0598da916972efe3cf868d2aef124aff2381a8ae5b76f35e4817a77,2021-12,Cheshire Constabulary,Cheshire Constabulary,-2.466555,53.088714,On or near Wistaston Avenue,E01018512,Cheshire East 044C,Violence and sexual offences,Court result unavailable,
6cda24f29b9084ee52ed6d62266a9372ff4b31caa92b605ff68e0652f95b41e2,2021-12,Cheshire Constabulary,Cheshire Constabulary,-2.466979,53.092074,On or near Moreton Road,E01018512,Cheshire East 044C,Violence and sexual offences,Court result unavailable,
ec854b7e7727e79a9c0e68b09291f6cc7d3570745d085dff156337734ff4f50d,2021-12,Cheshire Constabulary,Cheshire Constabulary,-2.463883,53.091565,On or near Aldersey Road,E01018512,Cheshire East 044C,Violence and sexual offences,Unable to prosecute suspect,
a5d25b00244a8fd2d5ffa9bbcc968f14bdfdf0781aceb032458bfdc9e885359d,2021-12,Cheshire Constabulary,Cheshire Constabulary,-2.470259,53.091558,On or near Adlington Close,E01018512,Cheshire East 044C,Violence and sexual offences,Unable to prosecute suspect,
7169256d61e5080d5e50ca022ca29f9733d3c0712211d3be85d8c1434d290d65,2021-12,Cheshire Constabulary,Cheshire Constabulary,-2.464676,53.088946,On or near Readesdale Avenue,E01018512,Cheshire East 044C,Violence and sexual offences,Unable to prosecute suspect,
2ae4165d0c96c1fb4fb5936d465a271b8f3f192f53948ea078b1e31e89f27103,2021-12,Cheshire Constabulary,Cheshire Constabulary,-2.463883,53.091565,On or near Aldersey Road,E01018512,Cheshire East 044C,Violence and sexual offences,Unable to prosecute suspect,
ea26e319fe3b840e0d3563bb1f87550dd6d8872dfca7487abb8d7ffe4a0a2b56,2021-12,Cheshire Constabulary,Cheshire Constabulary,-2.470259,53.091558,On or near Adlington Close,E01018512,Cheshire East 044C,Violence and sexual offences,Unable to prosecute suspect,
,2021-12,Cheshire Constabulary,Cheshire Constabulary,-2.456182,53.083451,On or near Crewe Road,E01018513,Cheshire East 044D,Anti-social behaviour,,
,2021-12,Cheshire Constabulary,Cheshire Constabulary,-2.456182,53.083451,On or near Crewe Road,E01018513,Cheshire East 044D,Anti-social behaviour,,
7ffaf5f4df7f0cd30846871a42ebb7be42552463c4f7d59a26a7082c56efea4b,2021-12,Cheshire Constabulary,Cheshire Constabulary,-2.456182,53.083451,On or near Crewe Road,E01018513,Cheshire East 044D,Public order,Investigation complete; no suspect identified,
8629880e8e88e7f896289d2d05b4772cf6ac0422c046bbe67d0df912f271e312,2021-12,Cheshire Constabulary,Cheshire Constabulary,-2.456182,53.083451,On or near Crewe Road,E01018513,Cheshire East 044D,Violence and sexual offences,Unable to prosecute suspect,
7e8a2e6db0f4aea14efc6c5c981c18a06bc659615b49e1f81362aa2809429bca,2021-12,Cheshire Constabulary,Cheshire Constabulary,-2.458116,53.087030,On or near Dane Bank Avenue,E01018513,Cheshire East 044D,Violence and sexual offences,Unable to prosecute suspect,
5f8bde82bbf9a128abb7a779edfedba8dd10bc026f6f20bcc6eb9166f58c45e7,2021-12,Cheshire Constabulary,Cheshire Constabulary,-2.461855,53.087681,On or near Dane Bank Avenue,E01018513,Cheshire East 044D,Violence and sexual offences,Unable to prosecute suspect,
8c516021522d2dc2dbcfcd211b4e3eed5ed0f6dec9c1508ab8ce6c8781ca9d89,2021-12,Cheshire Constabulary,Cheshire Constabulary,-2.461855,53.087681,On or near Dane Bank Avenue,E01018513,Cheshire East 044D,Violence and sexual offences,Unable to prosecute suspect,
3334901741f1e3bea10640270f3fd4d069517ca2907cd9dc4f0f4f2099690b86,2021-12,Cheshire Constabulary,Cheshire Constabulary,-2.439107,53.083866,On or near Claughton Avenue,E01018445,Cheshire East 045A,Burglary,Investigation complete; no suspect identified,
5db75f7fb9329aa5fa86fdf70f3c9c055c7490310a593d2253f25c6117c4a5e1,2021-12,Cheshire Constabulary,Cheshire Constabulary,-2.442453,53.081166,On or near The Birches,E01018445,Cheshire East 045A,Burglary,Investigation complete; no suspect identified,
521cda5bc2dc6d25346ea1d4ae1e7e886a296046477f4458f5b68ee9a11c185a,2021-12,Cheshire Constabulary,Cheshire Constabulary,-2.440712,53.081720,On or near Davenport Avenue,E01018445,Cheshire East 045A,Criminal damage and arson,Unable to prosecute suspect,
1ced3b641055fc2dbe03abbd001913f97f39d1899774bf44b9b574fd8a7f2513,2021-12,Cheshire Constabulary,Cheshire Constabulary,-2.433679,53.083032,On or near Sports/Recreation Area,E01018445,Cheshire East 045A,Public order,Court result unavailable,
66c8d54a2645c99a3adfdd4363824648e7ff5910a56576867eef59103fdcd9e5,2021-12,Cheshire Constabulary,Cheshire Constabulary,-2.440928,53.080920,On or near Hinton Road,E01018445,Cheshire East 045A,Robbery,Investigation complete; no suspect identified,
d2b3a25b99066b6b752d47dd6ba94b0c3c993572eb65195c2f9dcb3d0eba9bd4,2021-12,Cheshire Constabulary,Cheshire Constabulary,-2.437685,53.086451,On or near Manning Street,E01018445,Cheshire East 045A,Violence and sexual offences,Unable to prosecute suspect,
1f29874ffb4ff400703baf15bb8a2b2928622724558be32d2cc3ce27c4dbc9e0,2021-12,Cheshire Constabulary,Cheshire Constabulary,-2.440923,53.080470,On or near Snape Road,E01018445,Cheshire East 045A,Violence and sexual offences,Court result unavailable,
a1c997b80e4499d12b7be11a9c809d81e3174d1a68f44084bd196e4696acddcc,2021-12,Cheshire Constabulary,Cheshire Constabulary,-2.440712,53.081720,On or near Davenport Avenue,E01018445,Cheshire East 045A,Violence and sexual offences,Unable to prosecute suspect,
b9229dccbeb185d650141bbfab5654a622f5a35ef15bbd6c3be466dafab47363,2021-12,Cheshire Constabulary,Cheshire Constabulary,-2.433679,53.083032,On or near Sports/Recreation Area,E01018445,Cheshire East 045A,Violence and sexual offences,Unable to prosecute suspect,
f96fd028adb3b42ed666f9791b139f9be24ed439e291eeef5c948d8f92de262e,2021-12,Cheshire Constabulary,Cheshire Constabulary,-2.433679,53.083032,On or near Sports/Recreation Area,E01018445,Cheshire East 045A,Violence and sexual offences,Court result unavailable,
640d2cbb126c5aaa8e1a29a4d2d12d8e343c2fd0c4f29193e62cdc002d4c3a94,2021-12,Cheshire Constabulary,Cheshire Constabulary,-2.437685,53.086451,On or near Manning Street,E01018445,Cheshire East 045A,Violence and sexual offences,Court result unavailable,
0c7f7530f381a43668414953f0680306d4e3e959a9542ee01e3ca6395c9bb732,2021-12,Cheshire Constabulary,Cheshire Constabulary,-2.433679,53.083032,On or near Sports/Recreation Area,E01018445,Cheshire East 045A,Violence and sexual offences,Court result unavailable,
929544d2c20f38551307e067ec78da111e51f68587617941dd5c32974fe91861,2021-12,Cheshire Constabulary,Cheshire Constabulary,-2.442453,53.081166,On or near The Birches,E01018445,Cheshire East 045A,Violence and sexual offences,Unable to prosecute suspect,
3ad615f23e0513dc5933f27077991515d6dbc071d5877e809f6c3c7945c8020f,2021-12,Cheshire Constabulary,Cheshire Constabulary,-2.442453,53.081166,On or near The Birches,E01018445,Cheshire East 045A,Violence and sexual offences,Court result unavailable,
c775b20028b5f61db11b6671d5f29e25dcd5afde39738a9d9b92ac2aa7bb7795,2021-12,Cheshire Constabulary,Cheshire Constabulary,-2.442453,53.081166,On or near The Birches,E01018445,Cheshire East 045A,Violence and sexual offences,Unable to prosecute suspect,
db9bcfa6929ee1d8a1e32222803242d692c2f7342c291743b97bcca34dd3937a,2021-12,Cheshire Constabulary,Cheshire Constabulary,-2.437191,53.084862,On or near Laura Street,E01018445,Cheshire East 045A,Violence and sexual offences,Unable to prosecute suspect,
46c45475a39e9db395ab9a301c32313d3e6297da69f6d3cccf725fd51dbabbb8,2021-12,Cheshire Constabulary,Cheshire Constabulary,-2.433679,53.083032,On or near Sports/Recreation Area,E01018445,Cheshire East 045A,Violence and sexual offences,Unable to prosecute suspect,
3eed05583d138ff2a8e788b5a6d897e00cc5dfb942f9df99606ad70bf342b15c,2021-12,Cheshire Constabulary,Cheshire Constabulary,-2.435738,53.087357,On or near Sports/Recreation Area,E01018445,Cheshire East 045A,Violence and sexual offences,Investigation complete; no suspect identified,
1c9e27a2d84af0dcecd88c3dc53f2993bd6f05f11674aab8aa01bd4e437f6026,2021-12,Cheshire Constabulary,Cheshire Constabulary,-2.442453,53.081166,On or near The Birches,E01018445,Cheshire East 045A,Violence and sexual offences,Unable to prosecute suspect,
e0652a9676f5fde39dbdcafe582d9dafb9ad680dfa3aebc2d06a2767be0e151a,2021-12,Cheshire Constabulary,Cheshire Constabulary,-2.442453,53.081166,On or near The Birches,E01018445,Cheshire East 045A,Violence and sexual offences,Unable to prosecute suspect,
c8380cd9821f1e2f130cb3b4b5c7b404a6bea45db122f527ad1c167119028cfe,2021-12,Cheshire Constabulary,Cheshire Constabulary,-2.434090,53.082320,On or near Sports/Recreation Area,E01018445,Cheshire East 045A,Violence and sexual offences,Unable to prosecute suspect,
481eb8640c99d002a9d0490c5dbbd65983f8931179bc49a34863932ba64d4a63,2021-12,Cheshire Constabulary,Cheshire Constabulary,-2.433679,53.083032,On or near Sports/Recreation Area,E01018445,Cheshire East 045A,Violence and sexual offences,Status update unavailable,
b62ebae999b31f890ba5f477f22a12c7b135ae3c54050d6bfc2f6b09913acc48,2021-12,Cheshire Constabulary,Cheshire Constabulary,-2.442453,53.081166,On or near The Birches,E01018445,Cheshire East 045A,Violence and sexual offences,Unable to prosecute suspect,
0dc718e764c003fa03163e9586b3f8296d237577c422aec98e8e3d8e69b9ff69,2021-12,Cheshire Constabulary,Cheshire Constabulary,-2.439107,53.083866,On or near Claughton Avenue,E01018445,Cheshire East 045A,Other crime,Further investigation is not in the public interest,
d027f3956bf1683e2013d1b0ad8ffc3c28742d6555c68c73e0ecaa6ccf3536a2,2021-12,Cheshire Constabulary,Cheshire Constabulary,-2.439711,53.083117,On or near Briggs Avenue,E01018446,Cheshire East 045B,Violence and sexual offences,Offender given a caution,
cf8ba5c19f7febbe5092b50a912323298502646b04c946a86ed391495be763db,2021-12,Cheshire Constabulary,Cheshire Constabulary,-2.445466,53.082314,On or near Brook House Drive,E01018446,Cheshire East 045B,Violence and sexual offences,Unable to prosecute suspect,
340a2e6fc38f4c5bd1278947901b03549f9a6d353e634611602d677bdd415bd2,2021-12,Cheshire Constabulary,Cheshire Constabulary,-2.445466,53.082314,On or near Brook House Drive,E01018446,Cheshire East 045B,Violence and sexual offences,Unable to prosecute suspect,
572624b792c06389463bfccda96a090ecd4966f807921c0277489fa333707d41,2021-12,Cheshire Constabulary,Cheshire Constabulary,-2.439711,53.083117,On or near Briggs Avenue,E01018446,Cheshire East 045B,Violence and sexual offences,Unable to prosecute suspect,
3febb458381c4582ae2f78dada13037427b88f90343ba7f882d02beedcd420e2,2021-12,Cheshire Constabulary,Cheshire Constabulary,-2.439711,53.083117,On or near Briggs Avenue,E01018446,Cheshire East 045B,Other crime,Unable to prosecute suspect,
,2021-12,Cheshire Constabulary,Cheshire Constabulary,-2.443457,53.087328,On or near Culland Street,E01018447,Cheshire East 045C,Anti-social behaviour,,
,2021-12,Cheshire Constabulary,Cheshire Constabulary,-2.445506,53.087626,On or near Walthall Street,E01018447,Cheshire East 045C,Anti-social behaviour,,
,2021-12,Cheshire Constabulary,Cheshire Constabulary,-2.436946,53.088683,On or near Hewitt Street,E01018447,Cheshire East 045C,Anti-social behaviour,,
,2021-12,Cheshire Constabulary,Cheshire Constabulary,-2.441115,53.086106,On or near Bedford Court,E01018447,Cheshire East 045C,Anti-social behaviour,,
,2021-12,Cheshire Constabulary,Cheshire Constabulary,-2.437341,53.087890,On or near Parking Area,E01018447,Cheshire East 045C,Anti-social behaviour,,
,2021-12,Cheshire Constabulary,Cheshire Constabulary,-2.446876,53.087325,On or near Ruskin Road,E01018447,Cheshire East 045C,Anti-social behaviour,,
,2021-12,Cheshire Constabulary,Cheshire Constabulary,-2.441094,53.088371,On or near Edleston Road,E01018447,Cheshire East 045C,Anti-social behaviour,,
,2021-12,Cheshire Constabulary,Cheshire Constabulary,-2.446876,53.087325,On or near Ruskin Road,E01018447,Cheshire East 045C,Anti-social behaviour,,
023285efe571a1d56be86b7579af17136e84810dbe07528d7d21b9dd6fb698a8,2021-12,Cheshire Constabulary,Cheshire Constabulary,-2.442318,53.088330,On or near Brooklyn Street,E01018447,Cheshire East 045C,Burglary,Investigation complete; no suspect identified,
7ec5b5ede1ba872d42741432e24027001a0414fd9a278aa76d7d92bec75031b1,2021-12,Cheshire Constabulary,Cheshire Constabulary,-2.441094,53.088371,On or near Edleston Road,E01018447,Cheshire East 045C,Criminal damage and arson,Investigation complete; no suspect identified,
cee413977a4595c7a8341355f5e5f80b5466e6dd836817ac4c73dfafe1422085,2021-12,Cheshire Constabulary,Cheshire Constabulary,-2.441094,53.088371,On or near Edleston Road,E01018447,Cheshire East 045C,Criminal damage and arson,Investigation complete; no suspect identified,
c92f59b2f47234a006922f654b9dafb9118f727b8ccba8f6a6c42596cf4637be,2021-12,Cheshire Constabulary,Cheshire Constabulary,-2.439411,53.088836,On or near Longford Street,E01018447,Cheshire East 045C,Criminal damage and arson,Unable to prosecute suspect,
998432ecb5fbd13567114ae4429947496bfeb4485ccf319df02f33af96c4f9bc,2021-12,Cheshire Constabulary,Cheshire Constabulary,-2.438398,53.089082,On or near Mill Street,E01018447,Cheshire East 045C,Criminal damage and arson,Unable to prosecute suspect,
3cbb4a2050fc0a1de0352096566e35fdf8cb89b600b1fb218f2ddddb025a355c,2021-12,Cheshire Constabulary,Cheshire Constabulary,-2.438398,53.089082,On or near Mill Street,E01018447,Cheshire East 045C,Drugs,Court result unavailable,
251171773b13da66c04d3279b254c8e01293cf2e5de5cd69b93bccde58b75763,2021-12,Cheshire Constabulary,Cheshire Constabulary,-2.437430,53.089319,On or near Arthur Street,E01018447,Cheshire East 045C,Other theft,Unable to prosecute suspect,
1c9d4168b5aa6f17b6740b536ab4a5ed4fd3a7c481683e9dcd9c4a41f310bd84,2021-12,Cheshire Constabulary,Cheshire Constabulary,-2.441094,53.088371,On or near Edleston Road,E01018447,Cheshire East 045C,Public order,Investigation complete; no suspect identified,
7a4ee71d132cdffde2200026b2ee042b8bbee4b3fa44958e2bc10c26b2599c71,2021-12,Cheshire Constabulary,Cheshire Constabulary,-2.438398,53.089082,On or near Mill Street,E01018447,Cheshire East 045C,Public order,Investigation complete; no suspect identified,
4905f5d8790e6a39a8e1ed8910123da85cb5da094f365b160749a8f0c318be94,2021-12,Cheshire Constabulary,Cheshire Constabulary,-2.446876,53.087325,On or near Ruskin Road,E01018447,Cheshire East 045C,Public order,Investigation complete; no suspect identified,
15c2735eb70d5c659b45d98a2ddda359be453693c49e9866312b728d30a4155d,2021-12,Cheshire Constabulary,Cheshire Constabulary,-2.446876,53.087325,On or near Ruskin Road,E01018447,Cheshire East 045C,Vehicle crime,Court result unavailable,
bc9feb87341ac72376c5095ec7f3ab35882930c4bd2f6fe72adee8e99490aace,2021-12,Cheshire Constabulary,Cheshire Constabulary,-2.438980,53.086042,On or near Herbert Swindells Close,E01018447,Cheshire East 045C,Vehicle crime,Investigation complete; no suspect identified,
5e1692b994bcfe2e0933df84b3a77b72aa6d6d171c553578def7995ee48eca9e,2021-12,Cheshire Constabulary,Cheshire Constabulary,-2.446876,53.087325,On or near Ruskin Road,E01018447,Cheshire East 045C,Vehicle crime,Court result unavailable,
d801af15166cff3b3dcab7d4dc92725f37c7c7917396e7561fcca0489683cb13,2021-12,Cheshire Constabulary,Cheshire Constabulary,-2.438701,53.088029,On or near Chambers Street,E01018447,Cheshire East 045C,Violence and sexual offences,Court result unavailable,
75467663d549bb69c480950601b0690f313bea5fcbe67d2337b6de9046bfe57f,2021-12,Cheshire Constabulary,Cheshire Constabulary,-2.441094,53.088371,On or near Edleston Road,E01018447,Cheshire East 045C,Violence and sexual offences,Unable to prosecute suspect,
59545ea806eabf71a232091ef7f0440adeeb0cae1dffcf6e8e642bbd3e725686,2021-12,Cheshire Constabulary,Cheshire Constabulary,-2.439411,53.088836,On or near Longford Street,E01018447,Cheshire East 045C,Violence and sexual offences,Court result unavailable,
a391508d876525347ac473231fa63b3c4fcb98e2c20b2cae2eaa4c9038621e72,2021-12,Cheshire Constabulary,Cheshire Constabulary,-2.439023,53.087354,On or near Catherine Street,E01018447,Cheshire East 045C,Violence and sexual offences,Unable to prosecute suspect,
a9d51b66aa8eea6a3330fb41ee5d6c0d6ec5c9e79f0f1c28f5266103ac6bfd51,2021-12,Cheshire Constabulary,Cheshire Constabulary,-2.439023,53.087354,On or near Catherine Street,E01018447,Cheshire East 045C,Violence and sexual offences,Unable to prosecute suspect,
943566376d2e3254b242ba2fc815766fcfa326825162b22c06af47761bb78ba4,2021-12,Cheshire Constabulary,Cheshire Constabulary,-2.441115,53.086106,On or near Bedford Court,E01018447,Cheshire East 045C,Violence and sexual offences,Local resolution,
83942f213ab9dfa55d183a579ac9544c40a720c411f21390853aca19c9492ac7,2021-12,Cheshire Constabulary,Cheshire Constabulary,-2.441094,53.088371,On or near Edleston Road,E01018447,Cheshire East 045C,Violence and sexual offences,Court result unavailable,
99085a5dcbbe0197ad3aa01cf8a36193afbfd884c31749df667108f99a36f8e0,2021-12,Cheshire Constabulary,Cheshire Constabulary,-2.440777,53.085172,On or near Neville Street,E01018447,Cheshire East 045C,Violence and sexual offences,Unable to prosecute suspect,
06aeada103e4bc4800b8be4641fd39bb80df5ccd54548eb6d43e08101f560a56,2021-12,Cheshire Constabulary,Cheshire Constabulary,-2.439023,53.087354,On or near Catherine Street,E01018447,Cheshire East 045C,Violence and sexual offences,Unable to prosecute suspect,
6c258c08c017e7b8c4bcd34c884232f99465d0cd8538bf90642df3c430ca57bb,2021-12,Cheshire Constabulary,Cheshire Constabulary,-2.439716,53.087971,On or near Wood Street,E01018447,Cheshire East 045C,Violence and sexual offences,Unable to prosecute suspect,
23970ef133f51e915bde7c87d359de613890bb500a387384db0813922c63fa54,2021-12,Cheshire Constabulary,Cheshire Constabulary,-2.438398,53.089082,On or near Mill Street,E01018447,Cheshire East 045C,Violence and sexual offences,Unable to prosecute suspect,
d2a5d840cba77f204b749d25c49eb3167856beb53c59cceb13702ec31844c206,2021-12,Cheshire Constabulary,Cheshire Constabulary,-2.443457,53.087328,On or near Culland Street,E01018447,Cheshire East 045C,Violence and sexual offences,Unable to prosecute suspect,
b0ce59d425ac4cc623a252619539f338f23a98d4bee19c0da958636acef6a9c9,2021-12,Cheshire Constabulary,Cheshire Constabulary,-2.438398,53.089082,On or near Mill Street,E01018447,Cheshire East 045C,Violence and sexual offences,Unable to prosecute suspect,
1477e41faac3e2b7aa787fa2540519cea10d393c439b7454ea74347083d7fbfd,2021-12,Cheshire Constabulary,Cheshire Constabulary,-2.441094,53.088371,On or near Edleston Road,E01018447,Cheshire East 045C,Violence and sexual offences,Unable to prosecute suspect,
896bcf73737ef8d3b78a9190f638fcc0f81d766391b46ebd27d9313e635db003,2021-12,Cheshire Constabulary,Cheshire Constabulary,-2.439411,53.088836,On or near Longford Street,E01018447,Cheshire East 045C,Violence and sexual offences,Unable to prosecute suspect,
a59d72e5d4a6f2aacd81f429ceb9df0a53926d2ecf56d110217d54f2c5eef70b,2021-12,Cheshire Constabulary,Cheshire Constabulary,-2.439023,53.087354,On or near Catherine Street,E01018447,Cheshire East 045C,Violence and sexual offences,Court result unavailable,
082af2f1d077fcb330164da0a32eaddc7f499e102f3f6b6fcb9c4d4df7d9d54a,2021-12,Cheshire Constabulary,Cheshire Constabulary,-2.439023,53.087354,On or near Catherine Street,E01018447,Cheshire East 045C,Violence and sexual offences,Court result unavailable,
,2021-12,Cheshire Constabulary,Cheshire Constabulary,-2.444630,53.085265,On or near St Andrew'S Avenue,E01018448,Cheshire East 045D,Anti-social behaviour,,
,2021-12,Cheshire Constabulary,Cheshire Constabulary,-2.447856,53.086835,On or near Smallman Road,E01018448,Cheshire East 045D,Anti-social behaviour,,
3aa0226872fb25cc275492c1a45c7bec022e95ba9a49d049c70428d818c8f064,2021-12,Cheshire Constabulary,Cheshire Constabulary,-2.452158,53.085570,On or near Dane Bank Avenue,E01018448,Cheshire East 045D,Other theft,Unable to prosecute suspect,
e762b8617ae520a2ad78849cb6c1be8f6fac72b25be279c55a55e5556f237416,2021-12,Cheshire Constabulary,Cheshire Constabulary,-2.447856,53.086835,On or near Smallman Road,E01018448,Cheshire East 045D,Public order,Investigation complete; no suspect identified,
135ed5b1a8a2a2c4a8642d9f9b617049540db9a2b318243feb29ec7071b92941,2021-12,Cheshire Constabulary,Cheshire Constabulary,-2.445005,53.086846,On or near Sherwin Street,E01018448,Cheshire East 045D,Shoplifting,Investigation complete; no suspect identified,
f425efabf1a647cb1cf63a187f06a57b7d8e142ce4c3d11506f99e8aba5528fe,2021-12,Cheshire Constabulary,Cheshire Constabulary,-2.452158,53.085570,On or near Dane Bank Avenue,E01018448,Cheshire East 045D,Violence and sexual offences,Unable to prosecute suspect,
5e5c07a9534997c4070201f2574a4180cce6f9d7f8b8175a17398c13e73a40b7,2021-12,Cheshire Constabulary,Cheshire Constabulary,-2.443586,53.085341,On or near Atholl Avenue,E01018448,Cheshire East 045D,Violence and sexual offences,Unable to prosecute suspect,
42f3b2c87de03cbc25c4f4cdb78debae2fce7b5fa93c271207f5618997cc2d3a,2021-12,Cheshire Constabulary,Cheshire Constabulary,-2.447856,53.086835,On or near Smallman Road,E01018448,Cheshire East 045D,Violence and sexual offences,Investigation complete; no suspect identified,
416170c66fd9a583eee2da3be8cd4480f04c64a1476c6bbae6f16f2613453d15,2021-12,Cheshire Constabulary,Cheshire Constabulary,-2.469264,53.081144,On or near Park Drive Gardens,E01018490,Cheshire East 046A,Vehicle crime,Investigation complete; no suspect identified,
9552e0eba87594bdf1f28cf78c8ffcbb8c2fc05d8599f08b8954347656c91555,2021-12,Cheshire Constabulary,Cheshire Constabulary,-2.469264,53.081144,On or near Park Drive Gardens,E01018490,Cheshire East 046A,Vehicle crime,Investigation complete; no suspect identified,
56bcf7501f5da6f6f0b8487810ad7e23229f88248a57b831d691dfd2ed5962e8,2021-12,Cheshire Constabulary,Cheshire Constabulary,-2.469696,53.083785,On or near Conference/Exhibition Centre,E01018490,Cheshire East 046A,Violence and sexual offences,Court result unavailable,
69f162a23b313b9423ae57c12cc3398dcb0f7fa2936a6ebb91689245f7c5ae94,2021-12,Cheshire Constabulary,Cheshire Constabulary,-2.471295,53.079814,On or near Princess Drive,E01018490,Cheshire East 046A,Violence and sexual offences,Investigation complete; no suspect identified,
fe4c166dc12959475aaf74e38e44a67d398eb2bdece759e9ab811a4ac8bac8e6,2021-12,Cheshire Constabulary,Cheshire Constabulary,-2.469696,53.083785,On or near Conference/Exhibition Centre,E01018490,Cheshire East 046A,Violence and sexual offences,Court result unavailable,
78b37a17ead1328491b5c4f4e13b5b8813d2da1039ccc770c2f5883708478b5d,2021-12,Cheshire Constabulary,Cheshire Constabulary,-2.469696,53.083785,On or near Conference/Exhibition Centre,E01018490,Cheshire East 046A,Violence and sexual offences,Court result unavailable,
d4177b8fab3ceab52610594f9f8033b41c353d52c5b945e0a0b4b93f1db88428,2021-12,Cheshire Constabulary,Cheshire Constabulary,-2.473816,53.078240,On or near Caernarvon Road,E01018490,Cheshire East 046A,Violence and sexual offences,Unable to prosecute suspect,
f95d36633180980088ceab95791668c823c8a53c848c52f65063a0159cf1cc16,2021-12,Cheshire Constabulary,Cheshire Constabulary,-2.471295,53.079814,On or near Princess Drive,E01018490,Cheshire East 046A,Violence and sexual offences,Investigation complete; no suspect identified,
,2021-12,Cheshire Constabulary,Cheshire Constabulary,-2.500457,53.077852,On or near Park/Open Space,E01018491,Cheshire East 046B,Anti-social behaviour,,
923bb3bcc46347a4e81bc9e15c90a42d80fd93c4285836ddbb3602391d4d4088,2021-12,Cheshire Constabulary,Cheshire Constabulary,-2.493793,53.076046,On or near Colleys Lane,E01018491,Cheshire East 046B,Burglary,Investigation complete; no suspect identified,
e943228c5c963e9a28850a5fd51af6ddb519127c6212fee0a902d9fb6d9cba2f,2021-12,Cheshire Constabulary,Cheshire Constabulary,-2.480751,53.072387,On or near Holly Place,E01018491,Cheshire East 046B,Burglary,Unable to prosecute suspect,
86a2799c49d5574448e4bdc61cfa32ad3617455bc9a88f0543805f70ca0b9d41,2021-12,Cheshire Constabulary,Cheshire Constabulary,-2.484650,53.071302,On or near The Spinney,E01018491,Cheshire East 046B,Criminal damage and arson,Investigation complete; no suspect identified,
098b1ae933eae06d291caf6d5b6d0ecdff6392865bed2b52d8e9cf0658a3ce2a,2021-12,Cheshire Constabulary,Cheshire Constabulary,-2.479310,53.082344,On or near Sports/Recreation Area,E01018491,Cheshire East 046B,Vehicle crime,Investigation complete; no suspect identified,
f81713cf4a3574dd4feaf53f758fdc3b4b49bdfc3f78831a1e3c2e9e8774e15a,2021-12,Cheshire Constabulary,Cheshire Constabulary,-2.479272,53.070865,On or near Orchard Street,E01018491,Cheshire East 046B,Violence and sexual offences,Unable to prosecute suspect,
120a12111f2206ffdc637f2efd8364467e212606db2daecd6a6c28b394d119ce,2021-12,Cheshire Constabulary,Cheshire Constabulary,-2.479272,53.070865,On or near Orchard Street,E01018491,Cheshire East 046B,Violence and sexual offences,Court result unavailable,
bc3f251d4ea3e05cdfc633229eb9db07b0d058c5638979989392170ff9a4b6e9,2021-12,Cheshire Constabulary,Cheshire Constabulary,-2.477805,53.074503,On or near Wistaston Road,E01018491,Cheshire East 046B,Violence and sexual offences,Unable to prosecute suspect,
8a2fd46942f57ce5c24f42edd17c8bc87635966f180b38fb12eb4fafd980dcd3,2021-12,Cheshire Constabulary,Cheshire Constabulary,-2.479272,53.070865,On or near Orchard Street,E01018491,Cheshire East 046B,Violence and sexual offences,Court result unavailable,
b7c6923c6128068cb2c21583192643c9cdae29c327df0f673426a396098fc0e6,2021-12,Cheshire Constabulary,Cheshire Constabulary,-2.462863,53.082778,On or near Meynell Close,E01018492,Cheshire East 046C,Other theft,Investigation complete; no suspect identified,
8b0de7950e451ed1dd0e492ca4b54fa4275e9c803f4c0a4840d2edbf4429a247,2021-12,Cheshire Constabulary,Cheshire Constabulary,-2.462863,53.082778,On or near Meynell Close,E01018492,Cheshire East 046C,Other theft,Unable to prosecute suspect,
e69cfa290a43d836b285b63915592c7e7c44e0363ec7b1a8c14109a40b722e68,2021-12,Cheshire Constabulary,Cheshire Constabulary,-2.462863,53.082778,On or near Meynell Close,E01018492,Cheshire East 046C,Violence and sexual offences,Unable to prosecute suspect,
42109092e6cee5c26d5345cc716712128c7386783fc75a7f4c45bfdd6bd53f8f,2021-12,Cheshire Constabulary,Cheshire Constabulary,-2.463108,53.080602,On or near Spencer Close,E01018492,Cheshire East 046C,Violence and sexual offences,Unable to prosecute suspect,
5ee79eb65c86265b9d73fb94dca6f91a6557c2196b597130e35672652599705b,2021-12,Cheshire Constabulary,Cheshire Constabulary,-2.462863,53.082778,On or near Meynell Close,E01018492,Cheshire East 046C,Violence and sexual offences,Unable to prosecute suspect,
1f6d93bf995d83971e2db015fbfff9735431464724f2a35b3a9dde5b7e0199af,2021-12,Cheshire Constabulary,Cheshire Constabulary,-2.453687,53.080458,On or near Batemans Court,E01018506,Cheshire East 046E,Other theft,Investigation complete; no suspect identified,
d78bdeafbe25e3a6932f86e55aad0f33ab439916bc19818db9878aef97e4b550,2021-12,Cheshire Constabulary,Cheshire Constabulary,-2.449974,53.078027,On or near Hanbury Close,E01018506,Cheshire East 046E,Other theft,Investigation complete; no suspect identified,
eb2a6af17bfdcb740b612d62c5bbfdf78856c134aa84c44b841468b270e4e368,2021-12,Cheshire Constabulary,Cheshire Constabulary,-2.454750,53.076562,On or near Whirlow Road,E01018506,Cheshire East 046E,Vehicle crime,Investigation complete; no suspect identified,
b552bf7b836f0d39d5c9f7c796f2323f5fd67de78946099c1bfdca4f08b7fb8f,2021-12,Cheshire Constabulary,Cheshire Constabulary,-2.453687,53.080458,On or near Batemans Court,E01018506,Cheshire East 046E,Violence and sexual offences,Investigation complete; no suspect identified,
80327630c61d927b5e9601b09ba122aad985bac86082203a126702e66a44bb85,2021-12,Cheshire Constabulary,Cheshire Constabulary,-2.456468,53.075216,On or near Laidon Avenue,E01018507,Cheshire East 046F,Criminal damage and arson,Investigation complete; no suspect identified,
da1ee34c2cdd4a159366363b7507b1e11938f3f2ea83a1fb5d8bd21660bfb5de,2021-12,Cheshire Constabulary,Cheshire Constabulary,-2.458148,53.083030,On or near Supermarket,E01018507,Cheshire East 046F,Violence and sexual offences,Unable to prosecute suspect,
ebf891a44ed273e719c5e4d2228f09df1275439317d7fcc05c4c32b84f47a126,2021-12,Cheshire Constabulary,Cheshire Constabulary,-2.460382,53.074149,On or near Bridge Close,E01018507,Cheshire East 046F,Violence and sexual offences,Unable to prosecute suspect,
64e86695e601df9d4126942044e6f5ba0a18289a61bbd7adaa560e74b1686009,2021-12,Cheshire Constabulary,Cheshire Constabulary,-2.460382,53.074149,On or near Bridge Close,E01018507,Cheshire East 046F,Violence and sexual offences,Unable to prosecute suspect,
5e94c751c6d5b31de029022482809ade9d12d90989a3eedebcf5643a1b090a71,2021-12,Cheshire Constabulary,Cheshire Constabulary,-2.460382,53.074149,On or near Bridge Close,E01018507,Cheshire East 046F,Violence and sexual offences,Unable to prosecute suspect,
,2021-12,Cheshire Constabulary,Cheshire Constabulary,-2.520231,53.068787,On or near Bus/Coach Station,E01018451,Cheshire East 047A,Anti-social behaviour,,
,2021-12,Cheshire Constabulary,Cheshire Constabulary,-2.520514,53.067555,On or near Shopping Area,E01018451,Cheshire East 047A,Anti-social behaviour,,
,2021-12,Cheshire Constabulary,Cheshire Constabulary,-2.520231,53.068787,On or near Bus/Coach Station,E01018451,Cheshire East 047A,Anti-social behaviour,,
,2021-12,Cheshire Constabulary,Cheshire Constabulary,-2.515817,53.067890,On or near Alvaston Road,E01018451,Cheshire East 047A,Anti-social behaviour,,
084c400192546931a289d47d84e77551b6a1834d9ca8b043d71d199ffe62add2,2021-12,Cheshire Constabulary,Cheshire Constabulary,-2.519329,53.070760,On or near Cowfields,E01018451,Cheshire East 047A,Public order,Unable to prosecute suspect,
288a6ee0a5bc0f2cf669ccbbd7cdc41f325bc1831229f6e4c85328f39920e86d,2021-12,Cheshire Constabulary,Cheshire Constabulary,-2.517914,53.068492,On or near Cromwell Court,E01018451,Cheshire East 047A,Public order,Unable to prosecute suspect,
84413c85666d30fafd57c06e7a98253c606293f68a0c2a0c9f3bfb8a829cbb8a,2021-12,Cheshire Constabulary,Cheshire Constabulary,-2.514262,53.067600,On or near Monks Orchard,E01018451,Cheshire East 047A,Public order,Unable to prosecute suspect,
f0cdc633f19b94801a8bb50a959580c4c48cad6ce8bd7de41987a245fa589058,2021-12,Cheshire Constabulary,Cheshire Constabulary,-2.514262,53.067600,On or near Monks Orchard,E01018451,Cheshire East 047A,Public order,Unable to prosecute suspect,
2b81bad95ca3ea887c375029cab3ccad5e1bf4c3e7d6d27630ac105af9b84012,2021-12,Cheshire Constabulary,Cheshire Constabulary,-2.517914,53.068492,On or near Cromwell Court,E01018451,Cheshire East 047A,Shoplifting,Unable to prosecute suspect,
2d03aa8ff6bf944dcd6df4e1cb25d912953cb7dfa2ef4b2359fcf902a88d0ae6,2021-12,Cheshire Constabulary,Cheshire Constabulary,-2.516090,53.070693,On or near Baronia Place,E01018451,Cheshire East 047A,Violence and sexual offences,Unable to prosecute suspect,
67b25e0440f97851cb3de9e162afa659afd2702a5ed34db5d77d857334090d0e,2021-12,Cheshire Constabulary,Cheshire Constabulary,-2.518810,53.067292,On or near Monks Lane,E01018451,Cheshire East 047A,Violence and sexual offences,Investigation complete; no suspect identified,
4c90e612068d412c25c1da1528b458a4f6d974b686a744c9b16cf93d9dad2f48,2021-12,Cheshire Constabulary,Cheshire Constabulary,-2.514985,53.069430,On or near The Crescent,E01018451,Cheshire East 047A,Violence and sexual offences,Investigation complete; no suspect identified,
d840a70f79ee1f83856316793c000eabc1c4e5c6ee70d7f76b7365fdd2c6e77f,2021-12,Cheshire Constabulary,Cheshire Constabulary,-2.514985,53.069430,On or near The Crescent,E01018451,Cheshire East 047A,Violence and sexual offences,Unable to prosecute suspect,
c26c3dc3a6042866f8a143dfd85bbac6beb239198cd29597e4d279a180f23240,2021-12,Cheshire Constabulary,Cheshire Constabulary,-2.519329,53.070760,On or near Cowfields,E01018451,Cheshire East 047A,Violence and sexual offences,Unable to prosecute suspect,
fbb750aad1b3a1009d1b3a6613de7c1d67cb5865eb825785361b6749e0d628df,2021-12,Cheshire Constabulary,Cheshire Constabulary,-2.513363,53.067280,On or near Turner Street,E01018451,Cheshire East 047A,Violence and sexual offences,Unable to prosecute suspect,
e4f212210b3fe716ac4e735d1d4ef90abdf329a4705664de5714b2454612c994,2021-12,Cheshire Constabulary,Cheshire Constabulary,-2.517914,53.068492,On or near Cromwell Court,E01018451,Cheshire East 047A,Violence and sexual offences,Unable to prosecute suspect,
679bf349849faaccf955816b5af9f1c7154c4af49325feabbd3bb177bb665372,2021-12,Cheshire Constabulary,Cheshire Constabulary,-2.512212,53.068427,On or near Imperial Court,E01018451,Cheshire East 047A,Violence and sexual offences,Unable to prosecute suspect,
fc5099d3a79407df3c8a2a3ca46333726d2277af0cf893a973d5ded010eafc7a,2021-12,Cheshire Constabulary,Cheshire Constabulary,-2.514985,53.069430,On or near The Crescent,E01018451,Cheshire East 047A,Violence and sexual offences,Further action is not in the public interest,
5e227667866982bab4051fe67bc3c722c2cdddf17833f83007826b20d8cd6a7c,2021-12,Cheshire Constabulary,Cheshire Constabulary,-2.519329,53.070760,On or near Cowfields,E01018451,Cheshire East 047A,Violence and sexual offences,Unable to prosecute suspect,
65a1649a01ffec75552e266ae030be707e98177a77ba14e452763e2a3578c504,2021-12,Cheshire Constabulary,Cheshire Constabulary,-2.519329,53.070760,On or near Cowfields,E01018451,Cheshire East 047A,Violence and sexual offences,Unable to prosecute suspect,
,2021-12,Cheshire Constabulary,Cheshire Constabulary,-2.521022,53.071274,On or near Prince Edward Street,E01018454,Cheshire East 047B,Anti-social behaviour,,
,2021-12,Cheshire Constabulary,Cheshire Constabulary,-2.522727,53.071590,On or near Manor Road,E01018454,Cheshire East 047B,Anti-social behaviour,,
d1023164c01c3a929cd2ece20aa4e170a59362ffd6a9025213cc74b05f7dcd9a,2021-12,Cheshire Constabulary,Cheshire Constabulary,-2.519671,53.073105,On or near Davenport Avenue,E01018454,Cheshire East 047B,Public order,Investigation complete; no suspect identified,
3f70e7b12406881a482ec8e6e38c36a286419c63e2feaee855963896c114d255,2021-12,Cheshire Constabulary,Cheshire Constabulary,-2.522179,53.070676,On or near Malbank,E01018454,Cheshire East 047B,Public order,Investigation complete; no suspect identified,
698b05d8df5b5d9aa61c25afce15fdfaec782355b65057393799b4f023e3b3f0,2021-12,Cheshire Constabulary,Cheshire Constabulary,-2.522727,53.071590,On or near Manor Road,E01018454,Cheshire East 047B,Violence and sexual offences,Unable to prosecute suspect,
34a25b84a411ba5329554da362ff0de56a29b1f93ad705a31f2b27713adad80c,2021-12,Cheshire Constabulary,Cheshire Constabulary,-2.520369,53.071609,On or near Weaver Road,E01018454,Cheshire East 047B,Violence and sexual offences,Unable to prosecute suspect,
4bd08e8d481679b485e96ab6a359d52811b287b629730aaf744eb5de4fcc4550,2021-12,Cheshire Constabulary,Cheshire Constabulary,-2.521022,53.071274,On or near Prince Edward Street,E01018454,Cheshire East 047B,Violence and sexual offences,Action to be taken by another organisation,
,2021-12,Cheshire Constabulary,Cheshire Constabulary,-2.514099,53.076482,On or near Middlewich Road,E01018455,Cheshire East 047C,Anti-social behaviour,,
,2021-12,Cheshire Constabulary,Cheshire Constabulary,-2.516329,53.074477,On or near Parking Area,E01018455,Cheshire East 047C,Anti-social behaviour,,
4063ec1071023e69c36eb225dcee6f8d9fff97ab3f1314cec76fdc080acd305d,2021-12,Cheshire Constabulary,Cheshire Constabulary,-2.514478,53.078242,On or near Petrol Station,E01018455,Cheshire East 047C,Other theft,Investigation complete; no suspect identified,
d48d862dcde61b89e85c8136d6c9b51646bd75fc3a4f8419099d4d06b4399197,2021-12,Cheshire Constabulary,Cheshire Constabulary,-2.512813,53.078762,On or near A51,E01018455,Cheshire East 047C,Other theft,Investigation complete; no suspect identified,
ec3a02ab736e8f75ae82c2fe15508afb5d9e362c63c9ac7ed87a0e8177729d1b,2021-12,Cheshire Constabulary,Cheshire Constabulary,-2.519091,53.076972,On or near Meadowvale Close,E01018455,Cheshire East 047C,Public order,Unable to prosecute suspect,
7d9390ede4b5850e70b91ba8dd67f2e885cb6be663292ee6e02aacd3faf19ec6,2021-12,Cheshire Constabulary,Cheshire Constabulary,-2.511142,53.075074,On or near Whitehouse Lane,E01018455,Cheshire East 047C,Public order,Unable to prosecute suspect,
a99a64fe2354f4f5956b133a8bb7105c8685a4bacb35cc5bbba483422a918dea,2021-12,Cheshire Constabulary,Cheshire Constabulary,-2.514478,53.078242,On or near Petrol Station,E01018455,Cheshire East 047C,Public order,Unable to prosecute suspect,
1c11e00c4d82531f0c495d7aa6a5fd8f03440297eb2af0386da9278700723452,2021-12,Cheshire Constabulary,Cheshire Constabulary,-2.518521,53.075510,On or near Barony Court,E01018455,Cheshire East 047C,Public order,Unable to prosecute suspect,
9c2458b6a9933e6f531a54e9b37fcf1a32e11689a4b197878061744d1e0baed3,2021-12,Cheshire Constabulary,Cheshire Constabulary,-2.514478,53.078242,On or near Petrol Station,E01018455,Cheshire East 047C,Shoplifting,Unable to prosecute suspect,
3b2dbc2e4486e18f15fbad1da87da62fe3d39201bc3087203ad72016817b4371,2021-12,Cheshire Constabulary,Cheshire Constabulary,-2.514478,53.078242,On or near Petrol Station,E01018455,Cheshire East 047C,Shoplifting,Investigation complete; no suspect identified,
87ebbd889e6f5eb91b8a9a35ee7840174f713cb72ebb77947a3471fdcb07741a,2021-12,Cheshire Constabulary,Cheshire Constabulary,-2.514478,53.078242,On or near Petrol Station,E01018455,Cheshire East 047C,Shoplifting,Court result unavailable,
ed20c2eb12b8c4f8a0491cedab2562966412b77166c971919c3885e6980ddc0c,2021-12,Cheshire Constabulary,Cheshire Constabulary,-2.514478,53.078242,On or near Petrol Station,E01018455,Cheshire East 047C,Shoplifting,Court result unavailable,
56e78cd75f308e353a4af79ea0913c59a8324407ddd38d99160bef05f8ab5144,2021-12,Cheshire Constabulary,Cheshire Constabulary,-2.514478,53.078242,On or near Petrol Station,E01018455,Cheshire East 047C,Shoplifting,Unable to prosecute suspect,
b3b883074cfb3a1424934e15ce77403adeda27c849c7c925716ed324d7596458,2021-12,Cheshire Constabulary,Cheshire Constabulary,-2.514099,53.076482,On or near Middlewich Road,E01018455,Cheshire East 047C,Shoplifting,Investigation complete; no suspect identified,
6502d5937beaed14b5ba296fa1287959e1db282e2eb88749c8bdd6b0ed40ffa9,2021-12,Cheshire Constabulary,Cheshire Constabulary,-2.514478,53.078242,On or near Petrol Station,E01018455,Cheshire East 047C,Shoplifting,Investigation complete; no suspect identified,
649a4414ab98828b6607ba50d6ebf05d403044d973ac9f12352641d20f7584e4,2021-12,Cheshire Constabulary,Cheshire Constabulary,-2.514478,53.078242,On or near Petrol Station,E01018455,Cheshire East 047C,Violence and sexual offences,Unable to prosecute suspect,
6d42d3105c5ec9ce925def330cb17f1073e58cb1369af7ec03a1e55afa227127,2021-12,Cheshire Constabulary,Cheshire Constabulary,-2.514478,53.078242,On or near Petrol Station,E01018455,Cheshire East 047C,Violence and sexual offences,Unable to prosecute suspect,
f4fd6d580a5eee6d5eb077e9d28be87155a82334f498f5c0647996c48404d4b6,2021-12,Cheshire Constabulary,Cheshire Constabulary,-2.508559,53.069961,On or near Princess Drive,E01018456,Cheshire East 047D,Drugs,Unable to prosecute suspect,
f04e04e8598bf47f76e1dc15fbf34a2555288e7d7ca4d1f6813fec337a5bb8c3,2021-12,Cheshire Constabulary,Cheshire Constabulary,-2.503885,53.064669,On or near St Josephs Way,E01018456,Cheshire East 047D,Other theft,Investigation complete; no suspect identified,
d419c40d699a293adf43fb5b23b226b9ce78bdd2a16928b72c44be32546017ee,2021-12,Cheshire Constabulary,Cheshire Constabulary,-2.513095,53.064836,On or near Hastings Road,E01018457,Cheshire East 047E,Public order,Unable to prosecute suspect,
1ae38368f3e5267cd110499ba974966467d3cb323fed30ec01dfd31aafaad1a9,2021-12,Cheshire Constabulary,Cheshire Constabulary,-2.515425,53.066246,On or near Rookery Close,E01018457,Cheshire East 047E,Violence and sexual offences,Court result unavailable,
1c9fa79daef6817de963ec08cba9c4f1a71e12e3b96e4b081998f49f59cd4a3c,2021-12,Cheshire Constabulary,Cheshire Constabulary,-2.515712,53.065283,On or near Spring Gardens,E01018457,Cheshire East 047E,Violence and sexual offences,Investigation complete; no suspect identified,
ead732d9879875a854b0029f519b2bee2bea77271e52004e155e5fb1cf5be161,2021-12,Cheshire Constabulary,Cheshire Constabulary,-2.514418,53.065639,On or near B5074,E01018457,Cheshire East 047E,Violence and sexual offences,Investigation complete; no suspect identified,
c365fbdbd6c6d08e02cf6ec76c7050959950c46dc23ff1af35ef6717e4708e8c,2021-12,Cheshire Constabulary,Cheshire Constabulary,-2.452211,53.060688,On or near Earls Road,E01018493,Cheshire East 048A,Violence and sexual offences,Unable to prosecute suspect,
225f012a7af6f586838a4a86b7cb7160dd756692692dbe7a645727e6c2c8afa9,2021-12,Cheshire Constabulary,Cheshire Constabulary,-2.452200,53.065362,On or near Burlea Drive,E01018493,Cheshire East 048A,Violence and sexual offences,Unable to prosecute suspect,
90a37caf1068468b6521cb5613ecca61e1a8a5df0177c81e53b2cf6ff98616c7,2021-12,Cheshire Constabulary,Cheshire Constabulary,-2.452211,53.060688,On or near Earls Road,E01018493,Cheshire East 048A,Violence and sexual offences,Unable to prosecute suspect,
,2021-12,Cheshire Constabulary,Cheshire Constabulary,-2.448648,53.066814,On or near Northfield Place,E01018494,Cheshire East 048B,Anti-social behaviour,,
,2021-12,Cheshire Constabulary,Cheshire Constabulary,-2.441170,53.078276,On or near Gresty Green Road,E01018494,Cheshire East 048B,Anti-social behaviour,,
5cbacf7e6f5ca0852665491a1b2be51c97a67182ce6302e67a6c2807ff640f69,2021-12,Cheshire Constabulary,Cheshire Constabulary,-2.440052,53.074073,On or near Hunter Avenue,E01018494,Cheshire East 048B,Public order,Unable to prosecute suspect,
a62e0e98a72b9402b67458de7ac0761c869ed86df567b5c2bbf1f89ae4b3d031,2021-12,Cheshire Constabulary,Cheshire Constabulary,-2.444364,53.063800,On or near The Orchards,E01018494,Cheshire East 048B,Violence and sexual offences,Unable to prosecute suspect,
846a4972dacd993adfcf7be722e472b30154de83cdb465daefbbeb3d1ca60ba6,2021-12,Cheshire Constabulary,Cheshire Constabulary,-2.444364,53.063800,On or near The Orchards,E01018494,Cheshire East 048B,Violence and sexual offences,Local resolution,
a615d956f1bde8f729b8ea2c2084f849caed78ecb18ba6f0e8504eb4a5fa2f59,2021-12,Cheshire Constabulary,Cheshire Constabulary,-2.444364,53.063800,On or near The Orchards,E01018494,Cheshire East 048B,Violence and sexual offences,Local resolution,
07cf2e68c5f0302045f82974b36ce2dc122a0c24abc5201b0ff37bc39febaf0b,2021-12,Cheshire Constabulary,Cheshire Constabulary,-2.448648,53.066814,On or near Northfield Place,E01018494,Cheshire East 048B,Violence and sexual offences,Unable to prosecute suspect,
dee669163fcba90b89007576bbdf5df87519d6925ae95164674bd609327c2507,2021-12,Cheshire Constabulary,Cheshire Constabulary,-2.448648,53.066814,On or near Northfield Place,E01018494,Cheshire East 048B,Violence and sexual offences,Unable to prosecute suspect,
3e6bf35ab6fbb253a228d58195afefabe7b815659becb761f02b80cac91c8dfa,2021-12,Cheshire Constabulary,Cheshire Constabulary,-2.440052,53.074073,On or near Hunter Avenue,E01018494,Cheshire East 048B,Violence and sexual offences,Unable to prosecute suspect,
fb6d0bb1c519701a992a8ceb26686dbcb829721f6b47a40e1cc854ec7afe3941,2021-12,Cheshire Constabulary,Cheshire Constabulary,-2.443714,53.064432,On or near Brook Avenue,E01018494,Cheshire East 048B,Violence and sexual offences,Unable to prosecute suspect,
6b1ff1a0f4f395d723b0017b7d56b0054cd3e68f231e8373776799d42ff974ca,2021-12,Cheshire Constabulary,Cheshire Constabulary,-2.444364,53.063800,On or near The Orchards,E01018494,Cheshire East 048B,Violence and sexual offences,Local resolution,
9fb55a52ed5a49deebb6916a60331d67a2297cb1f9225afad2907360709088fc,2021-12,Cheshire Constabulary,Cheshire Constabulary,-2.444364,53.063800,On or near The Orchards,E01018494,Cheshire East 048B,Violence and sexual offences,Local resolution,
249009a707234a411157f507bf197e692b78d6eb884abe88551fc61ae7903f3b,2021-12,Cheshire Constabulary,Cheshire Constabulary,-2.444364,53.063800,On or near The Orchards,E01018494,Cheshire East 048B,Violence and sexual offences,Unable to prosecute suspect,
137f61a1da6f570d15d1f6920d0678492720c31c19910c97c02ffb3fdc676d04,2021-12,Cheshire Constabulary,Cheshire Constabulary,-2.443714,53.064432,On or near Brook Avenue,E01018494,Cheshire East 048B,Violence and sexual offences,Unable to prosecute suspect,
cb2a9507ba72bd4eca26a283970ee81365ac42d62b24c694266f975ea7ee800a,2021-12,Cheshire Constabulary,Cheshire Constabulary,-2.440052,53.074073,On or near Hunter Avenue,E01018494,Cheshire East 048B,Violence and sexual offences,Unable to prosecute suspect,
80bd4d7f969630f7b6049d8f62f095770ba264f9325871680a1b0ac32752c56c,2021-12,Cheshire Constabulary,Cheshire Constabulary,-2.444364,53.063800,On or near The Orchards,E01018494,Cheshire East 048B,Violence and sexual offences,Unable to prosecute suspect,
e793a5a7e2d88d1e1a92e2e0633de56a1ae61ff116a97875172e359a2d1b9511,2021-12,Cheshire Constabulary,Cheshire Constabulary,-2.443714,53.064432,On or near Brook Avenue,E01018494,Cheshire East 048B,Violence and sexual offences,Unable to prosecute suspect,
f9ca1943cf77b11846bbe31f33ef27ac712a2e99c400dc73b4126423b60f2422,2021-12,Cheshire Constabulary,Cheshire Constabulary,-2.440052,53.074073,On or near Hunter Avenue,E01018494,Cheshire East 048B,Violence and sexual offences,Unable to prosecute suspect,
,2021-12,Cheshire Constabulary,Cheshire Constabulary,-2.455658,53.057870,On or near Huntersfield,E01018495,Cheshire East 048C,Anti-social behaviour,,
,2021-12,Cheshire Constabulary,Cheshire Constabulary,-2.446231,53.058148,On or near Stock Lane,E01018495,Cheshire East 048C,Anti-social behaviour,,
,2021-12,Cheshire Constabulary,Cheshire Constabulary,-2.498466,53.068323,On or near Shopping Area,E01018508,Cheshire East 048D,Anti-social behaviour,,
,2021-12,Cheshire Constabulary,Cheshire Constabulary,-2.494062,53.062975,On or near Newcastle Road,E01018508,Cheshire East 048D,Anti-social behaviour,,
1e2c5b2613d0bd6d753447e12f3fbe23d19b6807792a11f703531fdfaad06fc1,2021-12,Cheshire Constabulary,Cheshire Constabulary,-2.480363,53.065629,On or near Sports/Recreation Area,E01018508,Cheshire East 048D,Burglary,Investigation complete; no suspect identified,
09db3526248840c5c230f816db388be18d3c278b98856c0818b9a4c11a31910e,2021-12,Cheshire Constabulary,Cheshire Constabulary,-2.498466,53.068323,On or near Shopping Area,E01018508,Cheshire East 048D,Public order,Unable to prosecute suspect,
73180ac8512a669aa4842725199ba29c666a70cbec3c8317ca96eba461d93c92,2021-12,Cheshire Constabulary,Cheshire Constabulary,-2.481430,53.063665,On or near Kensington Drive,E01018508,Cheshire East 048D,Violence and sexual offences,Unable to prosecute suspect,
032689dc3852084c799c46a8482772a67ba0ad684058fa6255e7d28e357b7b06,2021-12,Cheshire Constabulary,Cheshire Constabulary,-2.485617,53.068403,On or near Brassey Way,E01018508,Cheshire East 048D,Violence and sexual offences,Unable to prosecute suspect,
,2021-12,Cheshire Constabulary,Cheshire Constabulary,-2.548146,53.074038,On or near Wilbraham Close,E01018444,Cheshire East 049A,Anti-social behaviour,,
,2021-12,Cheshire Constabulary,Cheshire Constabulary,-2.547930,53.073463,On or near St Marys Court,E01018444,Cheshire East 049A,Anti-social behaviour,,
0ac20dc17c39a70d29d38e8c618659b2e1edf32721e3d707dbe6d8a7b9eb763e,2021-12,Cheshire Constabulary,Cheshire Constabulary,-2.523716,53.015331,On or near Coole Lane,E01018444,Cheshire East 049A,Other theft,Unable to prosecute suspect,
dd2394c80c60653ce2adc3f1214adb9f3cc067bad1f54c96a034a577e89ac481,2021-12,Cheshire Constabulary,Cheshire Constabulary,-2.560262,53.073711,On or near Swanley Lane,E01018444,Cheshire East 049A,Other theft,Investigation complete; no suspect identified,
b42c674f2eb155cfad63d232c0111e0fba9b45ac190cc9a93bf5510ee61b92e3,2021-12,Cheshire Constabulary,Cheshire Constabulary,-2.540422,53.059106,On or near Green Lane,E01018444,Cheshire East 049A,Public order,Unable to prosecute suspect,
7bb5d104cd53bc220e341e3efcfcffaf43721036f79e4ade039ddde8322e6611,2021-12,Cheshire Constabulary,Cheshire Constabulary,-2.551061,53.073179,On or near Smithy Bank,E01018444,Cheshire East 049A,Violence and sexual offences,Unable to prosecute suspect,
8e4c4f06a64c84101face24af98379545dbc053c69062bd86fca4281e10502ae,2021-12,Cheshire Constabulary,Cheshire Constabulary,-2.557741,53.018404,On or near Heatley Lane,E01018444,Cheshire East 049A,Violence and sexual offences,Further action is not in the public interest,
b222a7f4726d2b2e86415af2c4b3256266be5a619278c5d2dfb89dce9eedafe4,2021-12,Cheshire Constabulary,Cheshire Constabulary,-2.557741,53.018404,On or near Heatley Lane,E01018444,Cheshire East 049A,Violence and sexual offences,Further action is not in the public interest,
,2021-12,Cheshire Constabulary,Cheshire Constabulary,-2.475863,53.117685,On or near Hospital,E01018480,Cheshire East 049B,Anti-social behaviour,,
,2021-12,Cheshire Constabulary,Cheshire Constabulary,-2.475863,53.117685,On or near Hospital,E01018480,Cheshire East 049B,Anti-social behaviour,,
05989c3de9a6b1736f811e3b0c74f369eea53a8fea25404a87c87c3726699adc,2021-12,Cheshire Constabulary,Cheshire Constabulary,-2.507506,53.150418,On or near Over Road,E01018480,Cheshire East 049B,Burglary,Investigation complete; no suspect identified,
2ca09594d5e13b37de1c57254779658de142019632f26ceac65c79b80867c6c6,2021-12,Cheshire Constabulary,Cheshire Constabulary,-2.525427,53.082473,On or near Sports/Recreation Area,E01018480,Cheshire East 049B,Criminal damage and arson,Unable to prosecute suspect,
788696cbfb1ac16462742e41e2becb21efbf4e7a4d883236d98581250c75a3bd,2021-12,Cheshire Constabulary,Cheshire Constabulary,-2.475863,53.117685,On or near Hospital,E01018480,Cheshire East 049B,Criminal damage and arson,Investigation complete; no suspect identified,
3e1de725caf498eb5c1aac9339c5f2abc108676a777f4c1f501fb3ac5b81bcc1,2021-12,Cheshire Constabulary,Cheshire Constabulary,-2.475863,53.117685,On or near Hospital,E01018480,Cheshire East 049B,Other theft,Unable to prosecute suspect,
c5571a34afb20280f040eb5b77f15d332d894c07f7629c8e82ae898b66d13783,2021-12,Cheshire Constabulary,Cheshire Constabulary,-2.475863,53.117685,On or near Hospital,E01018480,Cheshire East 049B,Other theft,Investigation complete; no suspect identified,
5ea2713baa759d1114d5af8d43f0d193d2a9f2ed9b9e7bea1ee777c6fda40684,2021-12,Cheshire Constabulary,Cheshire Constabulary,-2.475863,53.117685,On or near Hospital,E01018480,Cheshire East 049B,Public order,Court result unavailable,
75be4a61232856ffdd7ec18aea85bf3af4c61a319fcc56ea05bb44c9b134b215,2021-12,Cheshire Constabulary,Cheshire Constabulary,-2.475863,53.117685,On or near Hospital,E01018480,Cheshire East 049B,Public order,Court result unavailable,
abee44d0bd69049ad05fdba573dbef5f6af736805d0bb683d6e3db59df9ba260,2021-12,Cheshire Constabulary,Cheshire Constabulary,-2.475863,53.117685,On or near Hospital,E01018480,Cheshire East 049B,Vehicle crime,Investigation complete; no suspect identified,
f8cf9c6399b5b102e8731ac5c2f1093d8f38cafebf4c4bc55cb0019617e21135,2021-12,Cheshire Constabulary,Cheshire Constabulary,-2.557284,53.135499,On or near Chapel Close,E01018480,Cheshire East 049B,Violence and sexual offences,Unable to prosecute suspect,
1ef32d36d944600414448eaf69afa6caf637200ce600cbf7e0ac55d15a2443a0,2021-12,Cheshire Constabulary,Cheshire Constabulary,-2.475863,53.117685,On or near Hospital,E01018480,Cheshire East 049B,Violence and sexual offences,Unable to prosecute suspect,
ab6d4cebcde561aa52b4673f26b4f027764e28ceacf1ab8a326a55c2cf3fb9c6,2021-12,Cheshire Constabulary,Cheshire Constabulary,-2.475863,53.117685,On or near Hospital,E01018480,Cheshire East 049B,Violence and sexual offences,Unable to prosecute suspect,
6010bcd5194bf212be364700a4e939eaf7f5275f073e098ea070a73f2c13ebb3,2021-12,Cheshire Constabulary,Cheshire Constabulary,-2.512423,53.103726,On or near Main Road,E01018480,Cheshire East 049B,Violence and sexual offences,Unable to prosecute suspect,
f88b3e2925c9763632fb95982a4ce2a3f7b4953c320b891b680a18244fe34991,2021-12,Cheshire Constabulary,Cheshire Constabulary,-2.475863,53.117685,On or near Hospital,E01018480,Cheshire East 049B,Violence and sexual offences,Investigation complete; no suspect identified,
19237724bdbada3228a59f5be4778c64afcf4e414c322d464f89fd765a2dd560,2021-12,Cheshire Constabulary,Cheshire Constabulary,-2.475863,53.117685,On or near Hospital,E01018480,Cheshire East 049B,Violence and sexual offences,Unable to prosecute suspect,
c4a2d5ab159856065792afccae179f145bcb6ccf1543887ce83340cdd4d0a3ec,2021-12,Cheshire Constabulary,Cheshire Constabulary,-2.475863,53.117685,On or near Hospital,E01018480,Cheshire East 049B,Violence and sexual offences,Investigation complete; no suspect identified,
d6197c95f7da85bc77093af7522a9a426a26141f34aa8a4c34e0ae142cdedfe5,2021-12,Cheshire Constabulary,Cheshire Constabulary,-2.557284,53.135499,On or near Chapel Close,E01018480,Cheshire East 049B,Violence and sexual offences,Unable to prosecute suspect,
fd82da4e8aac672bcf445a709970f474385217b197b93c7a61b392617f1bf8db,2021-12,Cheshire Constabulary,Cheshire Constabulary,-2.475863,53.117685,On or near Hospital,E01018480,Cheshire East 049B,Violence and sexual offences,Unable to prosecute suspect,
dc5c5f97f0136f47d1c276ef9d861ac97cae3effb44908110c4f461d283ba589,2021-12,Cheshire Constabulary,Cheshire Constabulary,-2.522715,53.078008,On or near Barony Road,E01018480,Cheshire East 049B,Violence and sexual offences,Unable to prosecute suspect,
8dce9a35d7fa607651d71312973e69c45e4aa01598738651d20945b57f2f1b2d,2021-12,Cheshire Constabulary,Cheshire Constabulary,-2.475863,53.117685,On or near Hospital,E01018480,Cheshire East 049B,Violence and sexual offences,Unable to prosecute suspect,
dc7c4937853998bff1b975934ef9d99619fb91f9d2ad452dfad28e5fae5f8b69,2021-12,Cheshire Constabulary,Cheshire Constabulary,-2.475863,53.117685,On or near Hospital,E01018480,Cheshire East 049B,Violence and sexual offences,Unable to prosecute suspect,
0bddc69afb5ecbf956bf7c30bf5ace8b2a9a0c32e210f4eb34c6ace8eecd03c2,2021-12,Cheshire Constabulary,Cheshire Constabulary,-2.478160,53.126710,On or near Queen'S Crescent,E01018480,Cheshire East 049B,Violence and sexual offences,Unable to prosecute suspect,
3881620e49cc5163254d1f008f6c5aee9e887ec199f811f4ca05584c4a1e4295,2021-12,Cheshire Constabulary,Cheshire Constabulary,-2.400976,53.043585,On or near Hampstead Drive,E01018515,Cheshire East 049C,Public order,Unable to prosecute suspect,
487eac2dbb85ac210e04ee7862487abbddcc584223244990d6f85a9f8f69d582,2021-12,Cheshire Constabulary,Cheshire Constabulary,-2.400976,53.043585,On or near Hampstead Drive,E01018515,Cheshire East 049C,Violence and sexual offences,Unable to prosecute suspect,
a7b7405faa843d392e062bbc0a59b70a39b1627f74d4e42abc807bfc52c3b0ae,2021-12,Cheshire Constabulary,Cheshire Constabulary,-2.406146,53.055721,On or near Oakdale Close,E01018515,Cheshire East 049C,Violence and sexual offences,Unable to prosecute suspect,
f83384636e0a919f821b09d1c4bbf871f95e91206dc68d0afcce94b3b694bdcb,2021-12,Cheshire Constabulary,Cheshire Constabulary,-2.400976,53.043585,On or near Hampstead Drive,E01018515,Cheshire East 049C,Violence and sexual offences,Unable to prosecute suspect,
9600472484ace2eb3193eb282510acc726b27d3061fe6e1cd1db59c689a3cd48,2021-12,Cheshire Constabulary,Cheshire Constabulary,-2.406146,53.055721,On or near Oakdale Close,E01018515,Cheshire East 049C,Violence and sexual offences,Unable to prosecute suspect,
53782ac264679a64769339252e6b0492fe293dd08ef6c99031521d9b44fff31e,2021-12,Cheshire Constabulary,Cheshire Constabulary,-2.431442,53.025069,On or near Mill Lane,E01018515,Cheshire East 049C,Violence and sexual offences,Unable to prosecute suspect,
fb0af0cd7ff858a91926a47fa3ccf46cc3ad10d561b7447ac1f024ce21bc355a,2021-12,Cheshire Constabulary,Cheshire Constabulary,-2.406146,53.055721,On or near Oakdale Close,E01018515,Cheshire East 049C,Violence and sexual offences,Unable to prosecute suspect,
9d419cd5141fa6b494ef27ec1b4d9e4d7afc0da23ae760ad7341093abb53db38,2021-12,Cheshire Constabulary,Cheshire Constabulary,-2.446842,53.058110,On or near Nursery Close,E01018516,Cheshire East 049D,Violence and sexual offences,Unable to prosecute suspect,
33f57edcaf3cbc3d63a59be0e43f88877b569c5c9e6ae0ed628f4c25af47ce27,2021-12,Cheshire Constabulary,Cheshire Constabulary,-2.503688,53.060508,On or near Cherry Tree Court,E01033375,Cheshire East 049F,Public order,Unable to prosecute suspect,
710f70a8bc0537603a53b055c521b0f4f977d148ac66d704b7df96bdb7542004,2021-12,Cheshire Constabulary,Cheshire Constabulary,-2.503688,53.060508,On or near Cherry Tree Court,E01033375,Cheshire East 049F,Violence and sexual offences,Unable to prosecute suspect,
1a0967269610b6469135356e810d6af5d3ac450391db626c02df32c9abef590c,2021-12,Cheshire Constabulary,Cheshire Constabulary,-2.506658,53.061852,On or near Naylor Crescent,E01033375,Cheshire East 049F,Violence and sexual offences,Offender given a caution,
c70f8af6ba8c00935aee4643308afe584222b0026f3ff2d8b4ff00989aa603d1,2021-12,Cheshire Constabulary,Cheshire Constabulary,-2.507494,53.061912,On or near Horton Way,E01033376,Cheshire East 049G,Violence and sexual offences,Unable to prosecute suspect,
83685d58b9a5209d6e2bcdfd1808929fb2338873c508f02faba5c070e5b56a54,2021-12,Cheshire Constabulary,Cheshire Constabulary,-2.507494,53.061912,On or near Horton Way,E01033376,Cheshire East 049G,Violence and sexual offences,Unable to prosecute suspect,
1a218bcfb4f19ab182f6dc1ecd32a860e04fa8c974ad34f811bc66c3264afbb1,2021-12,Cheshire Constabulary,Cheshire Constabulary,-2.508367,53.062510,On or near Clonners Field,E01033376,Cheshire East 049G,Violence and sexual offences,Unable to prosecute suspect,
47ecbdb6735c5ebd86636bbb0ac1001013502c930b5bc8dc3aa1890b08251b96,2021-12,Cheshire Constabulary,Cheshire Constabulary,-2.511937,53.062873,On or near Birchall Close,E01033376,Cheshire East 049G,Violence and sexual offences,Investigation complete; no suspect identified,
,2021-12,Cheshire Constabulary,Cheshire Constabulary,-2.486343,53.042808,On or near Second Dig Lane,E01033378,Cheshire East 049H,Anti-social behaviour,,
c14c52e77e7c60c09c261a7e615395a03fff1e79b0ebc558c6f521baf7a335f5,2021-12,Cheshire Constabulary,Cheshire Constabulary,-2.500931,53.060843,On or near Hallams Drive,E01033378,Cheshire East 049H,Public order,Investigation complete; no suspect identified,
c146ded5a41dadc7b105173715a61cdb1916ee4f9f9b6f2382566b3fb042d5dd,2021-12,Cheshire Constabulary,Cheshire Constabulary,-2.488020,53.061796,On or near Cheerbrook Road,E01033378,Cheshire East 049H,Public order,Unable to prosecute suspect,
9d3b3d60255b2def9f61f8465ae45f14f73b5d38c8cf6614a2563a9a52bf2ea8,2021-12,Cheshire Constabulary,Cheshire Constabulary,-2.500931,53.060843,On or near Hallams Drive,E01033378,Cheshire East 049H,Violence and sexual offences,Unable to prosecute suspect,
8fc76034c5a2b71930e7c88f2408d16cf579d023085dadb9f3076463e3c20ae6,2021-12,Cheshire Constabulary,Cheshire Constabulary,-2.488020,53.061796,On or near Cheerbrook Road,E01033378,Cheshire East 049H,Violence and sexual offences,Unable to prosecute suspect,
b48e66a77f4768b7db4843a5c1f046778b775be4a1464771474c6bae4137b195,2021-12,Cheshire Constabulary,Cheshire Constabulary,-2.531754,53.061680,On or near Blagg Avenue,E01018452,Cheshire East 050A,Violence and sexual offences,Unable to prosecute suspect,
9daa83c9a0553238365e23b0f2e3540c0413c8290b9cb2f4d0b54b552e66a699,2021-12,Cheshire Constabulary,Cheshire Constabulary,-2.531754,53.061680,On or near Blagg Avenue,E01018452,Cheshire East 050A,Violence and sexual offences,Unable to prosecute suspect,
3c30f275774bb42212cdca8d771a80a72d600017f9678b551089aee664802845,2021-12,Cheshire Constabulary,Cheshire Constabulary,-2.523086,53.055633,On or near Lakeside View,E01018503,Cheshire East 050C,Public order,Unable to prosecute suspect,
15f83ec2fcc95092b4094f6a9af5d47adcef354d76e967997e33c78ffee07a98,2021-12,Cheshire Constabulary,Cheshire Constabulary,-2.523086,53.055633,On or near Lakeside View,E01018503,Cheshire East 050C,Violence and sexual offences,Unable to prosecute suspect,
,2021-12,Cheshire Constabulary,Cheshire Constabulary,-2.523336,53.066383,On or near Mill Street,E01018504,Cheshire East 050D,Anti-social behaviour,,
,2021-12,Cheshire Constabulary,Cheshire Constabulary,-2.523770,53.061572,On or near Shrewbridge Road,E01018504,Cheshire East 050D,Anti-social behaviour,,
7500271738d8c39a76053a3ecda1124b58fb40436b995498e38b60fc4e57ef77,2021-12,Cheshire Constabulary,Cheshire Constabulary,-2.520010,53.065354,On or near Pall Mall,E01018504,Cheshire East 050D,Bicycle theft,Investigation complete; no suspect identified,
1fcec6feeb48399b2e85cc761028e3f04edc3c04b510dc3947708fb47c269afd,2021-12,Cheshire Constabulary,Cheshire Constabulary,-2.519152,53.064675,On or near Supermarket,E01018504,Cheshire East 050D,Other theft,Investigation complete; no suspect identified,
84b45da5c1aaa3380c77d984e0d4a56c1959733580a63c30a983a8695f8ad320,2021-12,Cheshire Constabulary,Cheshire Constabulary,-2.520833,53.065486,On or near Pillory Street,E01018504,Cheshire East 050D,Other theft,Unable to prosecute suspect,
f9aab7465e5a7fa4786b367182c2c046fb14885a5300375991241348432bd909,2021-12,Cheshire Constabulary,Cheshire Constabulary,-2.519152,53.064675,On or near Supermarket,E01018504,Cheshire East 050D,Other theft,Unable to prosecute suspect,
96f7f2cce7e977016d4ae8acf8f48624e5cdcab12f5d3b62e6dea4f8cacd8ca6,2021-12,Cheshire Constabulary,Cheshire Constabulary,-2.522803,53.066780,On or near Nightclub,E01018504,Cheshire East 050D,Other theft,Investigation complete; no suspect identified,
e4fc65797bebfe0a479512d9f377a34bd943d547944d37402785db54439cf825,2021-12,Cheshire Constabulary,Cheshire Constabulary,-2.519152,53.064675,On or near Supermarket,E01018504,Cheshire East 050D,Shoplifting,Unable to prosecute suspect,
763a4fa2a70de38263dca4f154c2a0bceda7ffabdcad05a828716ea1fcbb826c,2021-12,Cheshire Constabulary,Cheshire Constabulary,-2.518865,53.064407,On or near Station Road,E01018504,Cheshire East 050D,Shoplifting,Investigation complete; no suspect identified,
0436c6ca3915d5b85b99e5ee4154584c7fd7e0f6697a863f2b31d4b0cb99a98a,2021-12,Cheshire Constabulary,Cheshire Constabulary,-2.522803,53.066780,On or near Nightclub,E01018504,Cheshire East 050D,Violence and sexual offences,Unable to prosecute suspect,
8efa937b5f41041629b9530ed8b1e6ffd6d7475d19035ed78bd538180d882fd4,2021-12,Cheshire Constabulary,Cheshire Constabulary,-2.520487,53.060354,On or near Tanners Way,E01018504,Cheshire East 050D,Violence and sexual offences,Unable to prosecute suspect,
fa2bd670aa973eed340f38a4083b21b5a2cba25a5edd0910c4e71c99b71b27ce,2021-12,Cheshire Constabulary,Cheshire Constabulary,-2.522803,53.066780,On or near Nightclub,E01018504,Cheshire East 050D,Violence and sexual offences,Unable to prosecute suspect,
a2462f8a9d7377feda00d85978c3316e2b3a45f7202a685609cfe38982a60d00,2021-12,Cheshire Constabulary,Cheshire Constabulary,-2.520833,53.065486,On or near Pillory Street,E01018504,Cheshire East 050D,Violence and sexual offences,Unable to prosecute suspect,
55a72f1e1620d2f6bda11c5db259a77be5eca54a4b8f23d109a026eacc2f31f9,2021-12,Cheshire Constabulary,Cheshire Constabulary,-2.522803,53.066780,On or near Nightclub,E01018504,Cheshire East 050D,Violence and sexual offences,Unable to prosecute suspect,
db7405f410246840899e3f32d1200836ec574a0ed45ab1202359c7664e6db173,2021-12,Cheshire Constabulary,Cheshire Constabulary,-2.522803,53.066780,On or near Nightclub,E01018504,Cheshire East 050D,Violence and sexual offences,Investigation complete; no suspect identified,
4150f066221271e64459117c0f2a4f1e0e0c30abca4ec7c7cd2544e938bb7a29,2021-12,Cheshire Constabulary,Cheshire Constabulary,-2.523336,53.066383,On or near Mill Street,E01018504,Cheshire East 050D,Violence and sexual offences,Unable to prosecute suspect,
385bcb677dad7f887e92497c9269be6a1da355c723197c5f62bf53896ee664f7,2021-12,Cheshire Constabulary,Cheshire Constabulary,-2.522803,53.066780,On or near Nightclub,E01018504,Cheshire East 050D,Violence and sexual offences,Investigation complete; no suspect identified,
d5638c27f271f2e52330a2d90d75c1ea864935f366960225ba4969433e2da1ea,2021-12,Cheshire Constabulary,Cheshire Constabulary,-2.523336,53.066383,On or near Mill Street,E01018504,Cheshire East 050D,Violence and sexual offences,Unable to prosecute suspect,
,2021-12,Cheshire Constabulary,Cheshire Constabulary,-2.535174,53.069108,On or near Welsh Row,E01033372,Cheshire East 050E,Anti-social behaviour,,
,2021-12,Cheshire Constabulary,Cheshire Constabulary,-2.533357,53.068172,On or near Telford Place,E01033372,Cheshire East 050E,Anti-social behaviour,,
bafba9f9ec33e96210fcd9d134ba75241d68e6d4a9287a7103c0bece5fa87e0d,2021-12,Cheshire Constabulary,Cheshire Constabulary,-2.534751,53.067509,On or near Williamson Drive,E01033372,Cheshire East 050E,Public order,Investigation complete; no suspect identified,
512e66f97ed319a27a0daed17b612067932b671e79e6c5d3619849849ceeebf6,2021-12,Cheshire Constabulary,Cheshire Constabulary,-2.534134,53.068276,On or near Sutton Close,E01033372,Cheshire East 050E,Public order,Unable to prosecute suspect,
34865207c53227a796642468e405a6bf7b28d3a8ba406747f8492633e275fd1e,2021-12,Cheshire Constabulary,Cheshire Constabulary,-2.527731,53.070678,On or near Waterlode,E01033372,Cheshire East 050E,Violence and sexual offences,Unable to prosecute suspect,
5d3f2dbc415974a11a36a8eb97809b7f77f901e387aa741d78a2ba9d43cdb7ec,2021-12,Cheshire Constabulary,Cheshire Constabulary,-2.531456,53.068944,On or near Lambert Crescent,E01033372,Cheshire East 050E,Violence and sexual offences,Unable to prosecute suspect,
3c82782b964261d6ebe0cd2b3989eb94217fb49af0c8f7272a54f486a296a57b,2021-12,Cheshire Constabulary,Cheshire Constabulary,-2.531456,53.068944,On or near Lambert Crescent,E01033372,Cheshire East 050E,Violence and sexual offences,Unable to prosecute suspect,
748e7d8da889f25b223ac30e66aa4b630dcd73227d49174f3bf124d49f21d954,2021-12,Cheshire Constabulary,Cheshire Constabulary,-2.533357,53.068172,On or near Telford Place,E01033372,Cheshire East 050E,Violence and sexual offences,Unable to prosecute suspect,
,2021-12,Cheshire Constabulary,Cheshire Constabulary,-2.523724,53.067594,On or near High Street,E01033373,Cheshire East 050F,Anti-social behaviour,,
,2021-12,Cheshire Constabulary,Cheshire Constabulary,-2.523822,53.069599,On or near Wall Lane,E01033373,Cheshire East 050F,Anti-social behaviour,,
77dcf204fba713a677c33b38f9a903039ffaa04c8c4426aef904694454b31013,2021-12,Cheshire Constabulary,Cheshire Constabulary,-2.523724,53.067594,On or near High Street,E01033373,Cheshire East 050F,Bicycle theft,Investigation complete; no suspect identified,
ec90d3871359080763396cc308cb7d61798e4c3cabb4834b91c3902e57a3870f,2021-12,Cheshire Constabulary,Cheshire Constabulary,-2.523724,53.067594,On or near High Street,E01033373,Cheshire East 050F,Bicycle theft,Investigation complete; no suspect identified,
949bd1314ce262f2f08ddae2e7e7e99abe221d44c1fd5e4eebb1f0e9788b5e9f,2021-12,Cheshire Constabulary,Cheshire Constabulary,-2.534187,53.062901,On or near Marsh Lane,E01033373,Cheshire East 050F,Criminal damage and arson,Unable to prosecute suspect,
8b1b0cee25a475b6954d8bf24813ae56ccce25dfcc231b2df07da3dfd7ecbdcd,2021-12,Cheshire Constabulary,Cheshire Constabulary,-2.519774,53.069293,On or near Lady Helen Walk,E01033373,Cheshire East 050F,Criminal damage and arson,Unable to prosecute suspect,
9ac510801c27679ab996098048ae66f071bd73f6fa524cc23ad635cefc26c664,2021-12,Cheshire Constabulary,Cheshire Constabulary,-2.522085,53.069058,On or near Parking Area,E01033373,Cheshire East 050F,Criminal damage and arson,Court result unavailable,
2a37b4d673dfd55e2265181892e65b842a86edb3b5e1a31f66d5bcd97e772b99,2021-12,Cheshire Constabulary,Cheshire Constabulary,-2.522883,53.068416,On or near Supermarket,E01033373,Cheshire East 050F,Drugs,Court result unavailable,
93633a182e2f75fa6596c9670b408c2804324f5bff72896149995dd66463b76c,2021-12,Cheshire Constabulary,Cheshire Constabulary,-2.522883,53.068416,On or near Supermarket,E01033373,Cheshire East 050F,Other theft,Investigation complete; no suspect identified,
3bdef6931bf7fb53b739e1fdc5c830667f1d0e78c4bddac45863ab20a8b7194d,2021-12,Cheshire Constabulary,Cheshire Constabulary,-2.525274,53.067453,On or near Wych House Bank,E01033373,Cheshire East 050F,Other theft,Investigation complete; no suspect identified,
29b157d7da988f833eef9f8ae342d48783d3419f558ec120fdc2053f410fe058,2021-12,Cheshire Constabulary,Cheshire Constabulary,-2.522085,53.069058,On or near Parking Area,E01033373,Cheshire East 050F,Other theft,Investigation complete; no suspect identified,
3d4ef3cc7c166e96b0dea9303b4d0e1990cd2e498ae495a29b95b474978f4f73,2021-12,Cheshire Constabulary,Cheshire Constabulary,-2.534187,53.062901,On or near Marsh Lane,E01033373,Cheshire East 050F,Violence and sexual offences,Unable to prosecute suspect,
be908e95ccada2860a63a1eea59a1ccfd7d68e798dbfb77e6df95b8f40188a9a,2021-12,Cheshire Constabulary,Cheshire Constabulary,-2.525274,53.067453,On or near Wych House Bank,E01033373,Cheshire East 050F,Violence and sexual offences,Unable to prosecute suspect,
81386a1c3037be8c32636853174bf27ca8c96133efdbaf319ae9c127b6887507,2021-12,Cheshire Constabulary,Cheshire Constabulary,-2.522883,53.068416,On or near Supermarket,E01033373,Cheshire East 050F,Violence and sexual offences,Court result unavailable,
2aaa06b7ebc3efd1f078f50e5b655f8fb734918fe525b542a6c6ebe58a0cd34a,2021-12,Cheshire Constabulary,Cheshire Constabulary,-2.519774,53.069293,On or near Lady Helen Walk,E01033373,Cheshire East 050F,Violence and sexual offences,Investigation complete; no suspect identified,
43a05e2e47e0d1a2750d0043d2477c27c8a85e541437aacbc2034352c48d6054,2021-12,Cheshire Constabulary,Cheshire Constabulary,-2.527465,53.064755,On or near Queen'S Drive,E01033373,Cheshire East 050F,Violence and sexual offences,Status update unavailable,
ba9ac657dd4497f1d834c2bc86d8dc09b5f656056015f044ff39bed0b95fe79a,2021-12,Cheshire Constabulary,Cheshire Constabulary,-2.525274,53.067453,On or near Wych House Bank,E01033373,Cheshire East 050F,Violence and sexual offences,Investigation complete; no suspect identified,
b2cf131b70c96b6504234a57878465dccb28e3fbebed8123fec64026a5a18ef4,2021-12,Cheshire Constabulary,Cheshire Constabulary,-2.523822,53.069599,On or near Wall Lane,E01033373,Cheshire East 050F,Violence and sexual offences,Investigation complete; no suspect identified,
9c31182b38ef7c5028a1b24917721f1f19e5d938b1e2bd3685bcc439e54b9e24,2021-12,Cheshire Constabulary,Cheshire Constabulary,-2.527465,53.064755,On or near Queen'S Drive,E01033373,Cheshire East 050F,Violence and sexual offences,Unable to prosecute suspect,
a91713c029e42867ff718631131370be056fb17fb13f3e5be5c4ff72f27b34b4,2021-12,Cheshire Constabulary,Cheshire Constabulary,-2.525274,53.067453,On or near Wych House Bank,E01033373,Cheshire East 050F,Violence and sexual offences,Investigation complete; no suspect identified,
7786ddfca92d2785d3ff0566b5547ab8ecd41a55851795de682138c4c09f50c4,2021-12,Cheshire Constabulary,Cheshire Constabulary,-2.527465,53.064755,On or near Queen'S Drive,E01033373,Cheshire East 050F,Violence and sexual offences,Unable to prosecute suspect,
c075c9d274affd94bea658ab7e2c2c9341637bc3e8f0a369427ab31f74dc0855,2021-12,Cheshire Constabulary,Cheshire Constabulary,-2.522883,53.068416,On or near Supermarket,E01033373,Cheshire East 050F,Violence and sexual offences,Investigation complete; no suspect identified,
54197383c67e2c23c4dd0b39b4d6fa91e461a0649ffcc826474a44aa6027779f,2021-12,Cheshire Constabulary,Cheshire Constabulary,-2.527465,53.064755,On or near Queen'S Drive,E01033373,Cheshire East 050F,Violence and sexual offences,Unable to prosecute suspect,
8b872bfcc8df8bcd687f3fd7c734f91154341d7550ecd9f69e3924c5fdca3792,2021-12,Cheshire Constabulary,Cheshire Constabulary,-2.517932,52.984128,On or near Weaver View,E01018449,Cheshire East 051A,Criminal damage and arson,Investigation complete; no suspect identified,
3089ce0dafb7e4ed804573adff977ff3c80df64a22a1401effd228637de6303d,2021-12,Cheshire Constabulary,Cheshire Constabulary,-2.512759,52.980042,On or near Green Lane,E01018449,Cheshire East 051A,Public order,Unable to prosecute suspect,
dcdf77f6aea0d21d794468266dbc0cb726e119f5a1adb967031ea75ad62b49c6,2021-12,Cheshire Constabulary,Cheshire Constabulary,-2.512759,52.980042,On or near Green Lane,E01018449,Cheshire East 051A,Violence and sexual offences,Unable to prosecute suspect,
bf268ee5149804e17f58d9806d2f6308b5fdb3778f04924901628178cc533fa8,2021-12,Cheshire Constabulary,Cheshire Constabulary,-2.508481,52.992403,On or near Cheshire Street,E01018450,Cheshire East 051B,Burglary,Investigation complete; no suspect identified,
2a17f54187c13a851ae1c27f1781826cc3d7aa0d4ce4d9a6ee6ab26534358297,2021-12,Cheshire Constabulary,Cheshire Constabulary,-2.507543,52.989899,On or near Churchfields,E01018450,Cheshire East 051B,Criminal damage and arson,Unable to prosecute suspect,
144215f85d5f812a21b0ca4161cba0e549bd902ec335b16c254e8d6d36cf4b50,2021-12,Cheshire Constabulary,Cheshire Constabulary,-2.507543,52.989899,On or near Churchfields,E01018450,Cheshire East 051B,Violence and sexual offences,Unable to prosecute suspect,
7dd6830248545b5507ed7e621232a25179830f14a03dd97c66f9f49f3cfd50de,2021-12,Cheshire Constabulary,Cheshire Constabulary,-2.585237,52.984813,On or near Dodd'S Green Lane,E01018450,Cheshire East 051B,Violence and sexual offences,Unable to prosecute suspect,
03f6ee8aa3452cfb03b812e462754ee79ac016ac818731ec3a590841cf7122b9,2021-12,Cheshire Constabulary,Cheshire Constabulary,-2.583091,53.006812,On or near Whitchurch Road,E01018450,Cheshire East 051B,Violence and sexual offences,Unable to prosecute suspect,
a4aa6233b43f3ff4263352a07801d725deff381a7fcbf5ec3b282641dec3fc85,2021-12,Cheshire Constabulary,Cheshire Constabulary,-2.555038,53.007530,On or near Heatley Lane,E01018450,Cheshire East 051B,Violence and sexual offences,Unable to prosecute suspect,
d2bd512cd76b99c39db7b63aa2423f29353b5458895c1152dd89a514899ec769,2021-12,Cheshire Constabulary,Cheshire Constabulary,-2.555038,53.007530,On or near Heatley Lane,E01018450,Cheshire East 051B,Violence and sexual offences,Unable to prosecute suspect,
,2021-12,Cheshire Constabulary,Cheshire Constabulary,-2.621725,53.130514,On or near Sports/Recreation Area,E01018458,Cheshire East 051C,Anti-social behaviour,,
f02cee0ee3665c96c101ac736338fd21a7a145eba62c25036306af720914e7fc,2021-12,Cheshire Constabulary,Cheshire Constabulary,-2.627383,53.132094,On or near Nantwich Road,E01018458,Cheshire East 051C,Burglary,Investigation complete; no suspect identified,
080ddb11883117c04754ce6b22f1c6ebe5545b55e778f5efd1173834665bba1b,2021-12,Cheshire Constabulary,Cheshire Constabulary,-2.655085,53.113849,On or near Wakes Meadow,E01018458,Cheshire East 051C,Violence and sexual offences,Unable to prosecute suspect,
515a575d78cd0968724a481915b6e15c19230ff001fa958a443482b4e3286f29,2021-12,Cheshire Constabulary,Cheshire Constabulary,-2.611075,53.125634,On or near The Chantry,E01018458,Cheshire East 051C,Violence and sexual offences,Investigation complete; no suspect identified,
cc471c634aa151ee0d448bbd615a315543698dffbc52a102bead7e7521014a78,2021-12,Cheshire Constabulary,Cheshire Constabulary,-2.583210,53.109549,On or near Wardle Avenue,E01018458,Cheshire East 051C,Violence and sexual offences,Investigation complete; no suspect identified,
d5dcbb308a3c4d7378c2697aa5e6c69d71b3dc73db4cdc91b0b5ce491581943d,2021-12,Cheshire Constabulary,Cheshire Constabulary,-2.655085,53.113849,On or near Wakes Meadow,E01018458,Cheshire East 051C,Violence and sexual offences,Unable to prosecute suspect,
4269ebebdc8610d50901e69776dc7b833531ea670f63be3bc7964837ff4a87ee,2021-12,Cheshire Constabulary,Cheshire Constabulary,-2.654324,53.116901,On or near Aldersey Way,E01018458,Cheshire East 051C,Violence and sexual offences,Unable to prosecute suspect,
6e27ef2a2affd43eb86809b28a0fab19d4a7484a38b3aceb1235c836d83527a4,2021-12,Cheshire Constabulary,Cheshire Constabulary,-2.654324,53.116901,On or near Aldersey Way,E01018458,Cheshire East 051C,Violence and sexual offences,Unable to prosecute suspect,
,2021-12,Cheshire Constabulary,Cheshire Constabulary,-2.661772,53.096903,On or near A49,E01018481,Cheshire East 051D,Anti-social behaviour,,
5f706aca76f78450a71fc692fc0aceedfb743a4abdcc173581d21b11e92d5b90,2021-12,Cheshire Constabulary,Cheshire Constabulary,-2.705216,53.089660,On or near Stone House Lane,E01018481,Cheshire East 051D,Other theft,Investigation complete; no suspect identified,
9725ca49bcbf77de7f1d1430004ed683cd9347020a915c50b2eeea59c870d5d8,2021-12,Cheshire Constabulary,Cheshire Constabulary,-2.691552,53.106299,On or near Stone House Lane,E01018481,Cheshire East 051D,Other theft,Investigation complete; no suspect identified,
bb570da5dd22360371f5393acad936e8dc3cf4b1165d7d65d15c5856acbf4fe2,2021-12,Cheshire Constabulary,Cheshire Constabulary,-2.700028,53.077295,On or near Cholmondeley Lane,E01018481,Cheshire East 051D,Other theft,Investigation complete; no suspect identified,
7dfc7187b06ec535de4c7f55e275190425f8d4a07758c5e57442171830cc97f7,2021-12,Cheshire Constabulary,Cheshire Constabulary,-2.738719,53.072036,On or near Goldford Lane,E01018481,Cheshire East 051D,Public order,Investigation complete; no suspect identified,
bc5293d6eb388edc5af33c38df75ce7f4d8c2e807bdb6add2926794d55aa6077,2021-12,Cheshire Constabulary,Cheshire Constabulary,-2.618172,53.103727,On or near Hall Lane,E01018481,Cheshire East 051D,Violence and sexual offences,Unable to prosecute suspect,
c58ad53c65ae97966fc3ba3b121807a332bf11f51133862e52f3895ab513da08,2021-12,Cheshire Constabulary,Cheshire Constabulary,-2.700028,53.077295,On or near Cholmondeley Lane,E01018481,Cheshire East 051D,Violence and sexual offences,Unable to prosecute suspect,
e642d81389fab96d5419c1d758a593726a176c7f9782eb2856741c19be29661f,2021-12,Cheshire Constabulary,Cheshire Constabulary,-2.603615,53.023061,On or near Sandfield Avenue,E01018514,Cheshire East 051E,Other theft,Unable to prosecute suspect,
159ee3243554a64eea1af1e32b7859afd2e601c3fec52d638bcf5bf45364ba2d,2021-12,Cheshire Constabulary,Cheshire Constabulary,-2.617418,53.029139,On or near Cholmondeley Road,E01018514,Cheshire East 051E,Possession of weapons,Unable to prosecute suspect,
e92483360f32a094b466ed844daf478454b40e5bdf8ce7af5bcfe1ef030c61ee,2021-12,Cheshire Constabulary,Cheshire Constabulary,-2.655523,53.009050,On or near School Close,E01018514,Cheshire East 051E,Public order,Unable to prosecute suspect,
e862abb195aae93b4b3c6d6d8b8c0a5392d271210b6c6d4417ba80d299decf0e,2021-12,Cheshire Constabulary,Cheshire Constabulary,-2.655523,53.009050,On or near School Close,E01018514,Cheshire East 051E,Public order,Unable to prosecute suspect,
b468f1bd8e048f8109a1a69fbbbc5400fe7b5a53601d06e4c3ead87207d5e568,2021-12,Cheshire Constabulary,Cheshire Constabulary,-2.655523,53.009050,On or near School Close,E01018514,Cheshire East 051E,Violence and sexual offences,Unable to prosecute suspect,
9c3f7b2bcfa1a8405ba497a0dd268e9e150e9485e7f3a1a3cc8967cd1121a8af,2021-12,Cheshire Constabulary,Cheshire Constabulary,-2.655523,53.009050,On or near School Close,E01018514,Cheshire East 051E,Violence and sexual offences,Unable to prosecute suspect,
8ee9db22111e121de65228334f5fc988accb1d5ce25db71a50d93abd09cee502,2021-12,Cheshire Constabulary,Cheshire Constabulary,-2.608304,53.025743,On or near Church Farm,E01018514,Cheshire East 051E,Violence and sexual offences,Unable to prosecute suspect,
50a89409b93cf44cc26dfc46526476c1e187009516b41761c9b07df96caf448c,2021-12,Cheshire Constabulary,Cheshire Constabulary,-2.608304,53.025743,On or near Church Farm,E01018514,Cheshire East 051E,Violence and sexual offences,Unable to prosecute suspect,
,2021-12,Cheshire Constabulary,Cheshire Constabulary,-3.063391,53.291838,On or near Parking Area,E01018534,Cheshire West and Chester 001A,Anti-social behaviour,,
,2021-12,Cheshire Constabulary,Cheshire Constabulary,-3.063730,53.291583,On or near Ladies Walk,E01018534,Cheshire West and Chester 001A,Anti-social behaviour,,
,2021-12,Cheshire Constabulary,Cheshire Constabulary,-3.062945,53.290808,On or near Parking Area,E01018534,Cheshire West and Chester 001A,Anti-social behaviour,,
,2021-12,Cheshire Constabulary,Cheshire Constabulary,-3.062539,53.292591,On or near Sytch Croft,E01018534,Cheshire West and Chester 001A,Anti-social behaviour,,
30cfd9bfdde3ed83d3bda793c427ab29aff36c12ce45aa1353cefebda3a5e157,2021-12,Cheshire Constabulary,Cheshire Constabulary,-3.065698,53.289884,On or near Parkgate Road,E01018534,Cheshire West and Chester 001A,Burglary,Unable to prosecute suspect,
c8a6fa0c31bc46f8ff8c3fb7b19364bfcafa855a46ab7a41fceb68e94c64223b,2021-12,Cheshire Constabulary,Cheshire Constabulary,-3.064261,53.290625,On or near Supermarket,E01018534,Cheshire West and Chester 001A,Criminal damage and arson,Investigation complete; no suspect identified,
fea3ac1f77f64b7635f6f8ef51e0f59c884b345b02c06e5fda4366a41752a90e,2021-12,Cheshire Constabulary,Cheshire Constabulary,-3.062539,53.292591,On or near Sytch Croft,E01018534,Cheshire West and Chester 001A,Criminal damage and arson,Investigation complete; no suspect identified,
39b43f63c1de3b6433d2452508f477ce07eb7ff26e723596b330335e31266705,2021-12,Cheshire Constabulary,Cheshire Constabulary,-3.063730,53.291583,On or near Ladies Walk,E01018534,Cheshire West and Chester 001A,Criminal damage and arson,Investigation complete; no suspect identified,
0cee12765f24c151d6ccd1db676e10bc1509f5aa78ddafbd7e214ce348087962,2021-12,Cheshire Constabulary,Cheshire Constabulary,-3.059206,53.290041,On or near Stanton Court,E01018534,Cheshire West and Chester 001A,Public order,Court result unavailable,
753994d1b43d3e96f680e309095b40a7acdc92f6d7db7ecaf2e8904f6e283a20,2021-12,Cheshire Constabulary,Cheshire Constabulary,-3.060352,53.292692,On or near Raby Park Close,E01018534,Cheshire West and Chester 001A,Public order,Unable to prosecute suspect,
c8d25280b9281e7514fd6ef2d6b6ad5f52e17d377bf6a928f9d22d9a557e8fc6,2021-12,Cheshire Constabulary,Cheshire Constabulary,-3.065698,53.289884,On or near Parkgate Road,E01018534,Cheshire West and Chester 001A,Public order,Unable to prosecute suspect,
43b2a3225879fd2171607f3c7b211eb411e44dc8b69b05f0f1efc9e34abc76aa,2021-12,Cheshire Constabulary,Cheshire Constabulary,-3.063391,53.291838,On or near Parking Area,E01018534,Cheshire West and Chester 001A,Shoplifting,Investigation complete; no suspect identified,
e543e4e2e8711a45c5cafc23aca4db6084ce97a604abfd861ca8aae40ba41433,2021-12,Cheshire Constabulary,Cheshire Constabulary,-3.065698,53.289884,On or near Parkgate Road,E01018534,Cheshire West and Chester 001A,Vehicle crime,Investigation complete; no suspect identified,
7063076076b2a090cfaa0c802232dac47573eabaf0e62ea318e5ad65b5b7065a,2021-12,Cheshire Constabulary,Cheshire Constabulary,-3.061326,53.293861,On or near Jonson Road,E01018534,Cheshire West and Chester 001A,Violence and sexual offences,Unable to prosecute suspect,
0415dd5878a9b29671879779f9eab1cc0c0fda81b216a6aeeda4f78cbdf2706a,2021-12,Cheshire Constabulary,Cheshire Constabulary,-3.060352,53.292692,On or near Raby Park Close,E01018534,Cheshire West and Chester 001A,Violence and sexual offences,Offender given a caution,
3181646c6b5c731dd3250547c90c478df0bb55a008e1e61db432da893c24c656,2021-12,Cheshire Constabulary,Cheshire Constabulary,-3.063730,53.291583,On or near Ladies Walk,E01018534,Cheshire West and Chester 001A,Violence and sexual offences,Unable to prosecute suspect,
0cb661e2a319794a22d2ab05c8d31f6ce0e9196f41319217ece79b484ddbae3b,2021-12,Cheshire Constabulary,Cheshire Constabulary,-3.065698,53.289884,On or near Parkgate Road,E01018534,Cheshire West and Chester 001A,Violence and sexual offences,Unable to prosecute suspect,
c1ba340caa9482a2c2a2165aeca86c5e557d8f7a71b68a612369cd84cb8d6eaf,2021-12,Cheshire Constabulary,Cheshire Constabulary,-3.054860,53.295707,On or near Raby Park Road,E01018535,Cheshire West and Chester 001B,Bicycle theft,Investigation complete; no suspect identified,
6c6b6385269d1b5f2d048d02abd07140b305f3c266949e1032fbe89808d3fd73,2021-12,Cheshire Constabulary,Cheshire Constabulary,-3.042684,53.294160,On or near Petrol Station,E01018535,Cheshire West and Chester 001B,Other theft,Investigation complete; no suspect identified,
946e3841cd5c97555253a8e60fefc7b6e6c0b6cd246e7e8a5dee2e883b12d259,2021-12,Cheshire Constabulary,Cheshire Constabulary,-3.042684,53.294160,On or near Petrol Station,E01018535,Cheshire West and Chester 001B,Other theft,Investigation complete; no suspect identified,
494cf109bd98ff90542f64c4bc66a9d41af79c49d1ae61e1078cab0b949d0a8c,2021-12,Cheshire Constabulary,Cheshire Constabulary,-3.042684,53.294160,On or near Petrol Station,E01018535,Cheshire West and Chester 001B,Other theft,Investigation complete; no suspect identified,
706e50051cd76d00e1931359e1658be704c1c9445ec6c1601e7063abf73ca0fd,2021-12,Cheshire Constabulary,Cheshire Constabulary,-3.054860,53.295707,On or near Raby Park Road,E01018535,Cheshire West and Chester 001B,Violence and sexual offences,Further action is not in the public interest,
78059df2c521fe85ca84168a8f86cfbe7bbcb427fdce7500463a9e7f5df34a6e,2021-12,Cheshire Constabulary,Cheshire Constabulary,-3.054860,53.295707,On or near Raby Park Road,E01018535,Cheshire West and Chester 001B,Violence and sexual offences,Unable to prosecute suspect,
15926dd5f7aaad6ab8011eb07294c975c7fb8b2f36a06aabb10576ef4c7ca7e3,2021-12,Cheshire Constabulary,Cheshire Constabulary,-3.054860,53.295707,On or near Raby Park Road,E01018535,Cheshire West and Chester 001B,Violence and sexual offences,Unable to prosecute suspect,
9b7a60df6a6c1bd4e68023fd7f0df3ea20a76d0cf1ac543740ad2eeeddb3cfc2,2021-12,Cheshire Constabulary,Cheshire Constabulary,-3.057154,53.297457,On or near Westlands Close,E01018535,Cheshire West and Chester 001B,Violence and sexual offences,Unable to prosecute suspect,
b8eb19dafbdfa5a5e719c7a97bc19b91a8cadb948902fc8ac0f6d4227a8bc29a,2021-12,Cheshire Constabulary,Cheshire Constabulary,-3.054860,53.295707,On or near Raby Park Road,E01018535,Cheshire West and Chester 001B,Violence and sexual offences,Unable to prosecute suspect,
2bc6ab9a5239a9e8131fca2977c8137201365c5f93746aea0d553d9df3e4ccbf,2021-12,Cheshire Constabulary,Cheshire Constabulary,-3.054860,53.295707,On or near Raby Park Road,E01018535,Cheshire West and Chester 001B,Violence and sexual offences,Unable to prosecute suspect,
24051b187b763f8edc0269424d0c688b71ba2dee46480712361ffad3aeeea109,2021-12,Cheshire Constabulary,Cheshire Constabulary,-3.080985,53.297019,On or near Brooklands Gardens,E01018536,Cheshire West and Chester 001C,Violence and sexual offences,Unable to prosecute suspect,
,2021-12,Cheshire Constabulary,Cheshire Constabulary,-3.089016,53.301306,On or near North Parade,E01018537,Cheshire West and Chester 001D,Anti-social behaviour,,
de987b8ccb0510805468c23ff7c4eae10f7d0753a2c7c2cea81174f2ab6466d4,2021-12,Cheshire Constabulary,Cheshire Constabulary,-3.066726,53.290217,On or near Mill Street,E01018537,Cheshire West and Chester 001D,Other theft,Investigation complete; no suspect identified,
630ee229db77b3c6edc88f70c1e8ef8eded6464677a0b9ecc5335c926807e812,2021-12,Cheshire Constabulary,Cheshire Constabulary,-3.070780,53.291547,On or near Parkgate Road,E01018537,Cheshire West and Chester 001D,Violence and sexual offences,Unable to prosecute suspect,
,2021-12,Cheshire Constabulary,Cheshire Constabulary,-2.716042,53.300704,On or near Riversdale,E01018685,Cheshire West and Chester 002A,Anti-social behaviour,,
,2021-12,Cheshire Constabulary,Cheshire Constabulary,-2.716042,53.300704,On or near Riversdale,E01018685,Cheshire West and Chester 002A,Anti-social behaviour,,
,2021-12,Cheshire Constabulary,Cheshire Constabulary,-2.722650,53.300143,On or near Wayford Mews,E01018685,Cheshire West and Chester 002A,Anti-social behaviour,,
,2021-12,Cheshire Constabulary,Cheshire Constabulary,-2.718725,53.300508,On or near Clifton Crescent,E01018685,Cheshire West and Chester 002A,Anti-social behaviour,,
,2021-12,Cheshire Constabulary,Cheshire Constabulary,-2.716042,53.300704,On or near Riversdale,E01018685,Cheshire West and Chester 002A,Anti-social behaviour,,
,2021-12,Cheshire Constabulary,Cheshire Constabulary,-2.716042,53.300704,On or near Riversdale,E01018685,Cheshire West and Chester 002A,Anti-social behaviour,,
,2021-12,Cheshire Constabulary,Cheshire Constabulary,-2.716042,53.300704,On or near Riversdale,E01018685,Cheshire West and Chester 002A,Anti-social behaviour,,
360f9bcab578bc830e34039a2bb429a798d3997dedc7ba197affcb590eca192b,2021-12,Cheshire Constabulary,Cheshire Constabulary,-2.721258,53.300385,On or near Ship Street,E01018685,Cheshire West and Chester 002A,Bicycle theft,Investigation complete; no suspect identified,
54fe6a977f078c9d04c6f971ab99ea40bbda1008b45eddb2260f8b251d1f9c3e,2021-12,Cheshire Constabulary,Cheshire Constabulary,-2.716042,53.300704,On or near Riversdale,E01018685,Cheshire West and Chester 002A,Public order,Investigation complete; no suspect identified,
30e893371f1a50ec707b8daf02d0ca237ad9288b322bc5a1232b014bd31e1596,2021-12,Cheshire Constabulary,Cheshire Constabulary,-2.716042,53.300704,On or near Riversdale,E01018685,Cheshire West and Chester 002A,Public order,Unable to prosecute suspect,
99ca0ec91d0b3be09b3bfe2f68cfb30dd63d16f1f91d77baf73f1f0c729892bd,2021-12,Cheshire Constabulary,Cheshire Constabulary,-2.716042,53.300704,On or near Riversdale,E01018685,Cheshire West and Chester 002A,Violence and sexual offences,Investigation complete; no suspect identified,
62edea9424a4a0c13c227db7bf3a622b490a5ce4aee11be355ea50739ff39e83,2021-12,Cheshire Constabulary,Cheshire Constabulary,-2.716042,53.300704,On or near Riversdale,E01018685,Cheshire West and Chester 002A,Violence and sexual offences,Unable to prosecute suspect,
2045f5ae069e97aacd8ddbbffedbd86570097423f5f160ba5990bab06fd94477,2021-12,Cheshire Constabulary,Cheshire Constabulary,-2.716042,53.300704,On or near Riversdale,E01018685,Cheshire West and Chester 002A,Violence and sexual offences,Unable to prosecute suspect,
,2021-12,Cheshire Constabulary,Cheshire Constabulary,-2.707069,53.300721,On or near Sutton Causeway,E01018686,Cheshire West and Chester 002B,Anti-social behaviour,,
a0648f83f2b8bf658c609b0d14e5d2cec2f708d52ae0d5c0563967ecca2bf98a,2021-12,Cheshire Constabulary,Cheshire Constabulary,-2.712998,53.301738,On or near Pennington Close,E01018686,Cheshire West and Chester 002B,Criminal damage and arson,Unable to prosecute suspect,
bb509179fbae776d8bae61965123602b41cbc5b4985b7f3d5d785fce49dfb244,2021-12,Cheshire Constabulary,Cheshire Constabulary,-2.714013,53.298703,On or near Petrol Station,E01018686,Cheshire West and Chester 002B,Other theft,Investigation complete; no suspect identified,
2998a82d94f7bc1a38b635586b4db57c20cd1333fa383c102cd8286e52d37f4c,2021-12,Cheshire Constabulary,Cheshire Constabulary,-2.707069,53.300721,On or near Sutton Causeway,E01018686,Cheshire West and Chester 002B,Public order,Investigation complete; no suspect identified,
b7326619d9885dfd08f2bd1d0f6454ff6fc25bd285437a22d7b0a81862f69dc8,2021-12,Cheshire Constabulary,Cheshire Constabulary,-2.712998,53.301738,On or near Pennington Close,E01018686,Cheshire West and Chester 002B,Violence and sexual offences,Unable to prosecute suspect,
de2fb0fd9a85f995df9ff6e45c8c703b6dd3a075ccd17d82f56d6454f499a6ce,2021-12,Cheshire Constabulary,Cheshire Constabulary,-2.710790,53.300726,On or near Coronation Drive,E01018686,Cheshire West and Chester 002B,Violence and sexual offences,Unable to prosecute suspect,
580823c906976b63eb1b7de4ee631559166a81502c73e225b0fb7c283f5d1d8d,2021-12,Cheshire Constabulary,Cheshire Constabulary,-2.712998,53.301738,On or near Pennington Close,E01018686,Cheshire West and Chester 002B,Violence and sexual offences,Unable to prosecute suspect,
bb2e7574c37b7fc888e8a30adb6a938a7f5ad1e3052283b7439b754cb8f34e01,2021-12,Cheshire Constabulary,Cheshire Constabulary,-2.711380,53.300067,On or near Weaver Road,E01018686,Cheshire West and Chester 002B,Violence and sexual offences,Unable to prosecute suspect,
6f48d75a7a0c89cd1724ba570d0e4dbd1f16454b407871b766f96e5bdb07917f,2021-12,Cheshire Constabulary,Cheshire Constabulary,-2.710790,53.300726,On or near Coronation Drive,E01018686,Cheshire West and Chester 002B,Violence and sexual offences,Unable to prosecute suspect,
47e5dfb674a2ecf676088ca6766e1b78d5d3563e4092cd9b84d1f313511af0e5,2021-12,Cheshire Constabulary,Cheshire Constabulary,-2.711380,53.300067,On or near Weaver Road,E01018686,Cheshire West and Chester 002B,Violence and sexual offences,Unable to prosecute suspect,
17a5495b712dcd6a63a3b4ec49c061ba316a63a8b203dd2c53d9db57e5b0fa9b,2021-12,Cheshire Constabulary,Cheshire Constabulary,-2.712166,53.291424,On or near Townfield Lane,E01018687,Cheshire West and Chester 002C,Violence and sexual offences,Unable to prosecute suspect,
3c8a0c5db2b9f785d827b164e38fdd50283426ef5886b39a239dab6722f47d39,2021-12,Cheshire Constabulary,Cheshire Constabulary,-2.713844,53.294910,On or near Coniston Drive,E01018687,Cheshire West and Chester 002C,Violence and sexual offences,Unable to prosecute suspect,
,2021-12,Cheshire Constabulary,Cheshire Constabulary,-2.723888,53.295317,On or near Parking Area,E01018688,Cheshire West and Chester 002D,Anti-social behaviour,,
,2021-12,Cheshire Constabulary,Cheshire Constabulary,-2.725060,53.292739,On or near Queensway,E01018688,Cheshire West and Chester 002D,Anti-social behaviour,,
7636270b7600242aec1e633d926a20a3d9c62e4b281af84c8e64d9b9a6c1a735,2021-12,Cheshire Constabulary,Cheshire Constabulary,-2.725060,53.292739,On or near Queensway,E01018688,Cheshire West and Chester 002D,Criminal damage and arson,Investigation complete; no suspect identified,
83b90e52c032b5327a15d2d371b7321d0e254540341cd3ef920f3294cfc39a7c,2021-12,Cheshire Constabulary,Cheshire Constabulary,-2.716387,53.298023,On or near Bridgewater Close,E01018688,Cheshire West and Chester 002D,Other theft,Unable to prosecute suspect,
60826ffce8d8ab5d93b66f57393f5bd99de74cbc490502aa8b46ef328a2f5e01,2021-12,Cheshire Constabulary,Cheshire Constabulary,-2.719823,53.296205,On or near Blue Hatch,E01018688,Cheshire West and Chester 002D,Public order,Unable to prosecute suspect,
ace184403e95256cc49acaa06c5e868fe337ab349af0038712c9b8c4b4eda568,2021-12,Cheshire Constabulary,Cheshire Constabulary,-2.719823,53.296205,On or near Blue Hatch,E01018688,Cheshire West and Chester 002D,Public order,Unable to prosecute suspect,
387ea4c723d7b0e4cca0b8120d9d8299c401255a89d40b5276f5f448acda934d,2021-12,Cheshire Constabulary,Cheshire Constabulary,-2.723421,53.294277,On or near Church Street,E01018688,Cheshire West and Chester 002D,Shoplifting,Investigation complete; no suspect identified,
c2fcdc91d0e0457cc42868bf85fb216052e8c0e04922004374bb52f8c34848c7,2021-12,Cheshire Constabulary,Cheshire Constabulary,-2.723421,53.294277,On or near Church Street,E01018688,Cheshire West and Chester 002D,Vehicle crime,Investigation complete; no suspect identified,
07e9575d9e81941bed680ba0ef3714a131e4ceb782c01f797f65bf3c1e7e5a4d,2021-12,Cheshire Constabulary,Cheshire Constabulary,-2.719823,53.296205,On or near Blue Hatch,E01018688,Cheshire West and Chester 002D,Vehicle crime,Investigation complete; no suspect identified,
12a3f4498dd66a6267c2a0cc7b58fa1cbbb34466ef3627bcf0676715b042707f,2021-12,Cheshire Constabulary,Cheshire Constabulary,-2.724712,53.296130,On or near Supermarket,E01018688,Cheshire West and Chester 002D,Violence and sexual offences,Unable to prosecute suspect,
1c6a6b89f7d5e2e91156cfaa521ead21fadb7b4c92f43cdefc51818f7c6fd0e9,2021-12,Cheshire Constabulary,Cheshire Constabulary,-2.724571,53.295771,On or near Parking Area,E01018688,Cheshire West and Chester 002D,Violence and sexual offences,Unable to prosecute suspect,
7aeb5d5a97e04d00bc0de82e859b6dd400e7384d490b5861d9c270dff4d6f897,2021-12,Cheshire Constabulary,Cheshire Constabulary,-2.724571,53.295771,On or near Parking Area,E01018688,Cheshire West and Chester 002D,Violence and sexual offences,Unable to prosecute suspect,
,2021-12,Cheshire Constabulary,Cheshire Constabulary,-2.719516,53.298499,On or near Belvedere Close,E01018689,Cheshire West and Chester 002E,Anti-social behaviour,,
,2021-12,Cheshire Constabulary,Cheshire Constabulary,-2.721680,53.291609,On or near Froda Avenue,E01018689,Cheshire West and Chester 002E,Anti-social behaviour,,
,2021-12,Cheshire Constabulary,Cheshire Constabulary,-2.723721,53.297817,On or near Plumpstons Lane,E01018689,Cheshire West and Chester 002E,Anti-social behaviour,,
2c2d0d92af85b0fdf7756066527c343d686628e71d876cdb09cc3eee27b9f973,2021-12,Cheshire Constabulary,Cheshire Constabulary,-2.729323,53.293756,On or near Fountain Lane,E01018689,Cheshire West and Chester 002E,Burglary,Unable to prosecute suspect,
bc7ef63ce5a5864850034c7313cdc8fba5c2ff677253b8f2e055cba3b7445f13,2021-12,Cheshire Constabulary,Cheshire Constabulary,-2.732365,53.295292,On or near Tilbey Drive,E01018689,Cheshire West and Chester 002E,Criminal damage and arson,Unable to prosecute suspect,
8067d0ead8656baf2d700f42fd49defb4474cd148ef8719c7c8876c7ae2f1e87,2021-12,Cheshire Constabulary,Cheshire Constabulary,-2.723721,53.297817,On or near Plumpstons Lane,E01018689,Cheshire West and Chester 002E,Criminal damage and arson,Investigation complete; no suspect identified,
6fb11ed69ca15455a2eb9df688e3973b857ccc004950bb07662843855531c9ab,2021-12,Cheshire Constabulary,Cheshire Constabulary,-2.723721,53.297817,On or near Plumpstons Lane,E01018689,Cheshire West and Chester 002E,Public order,Investigation complete; no suspect identified,
c0dad32ceca1365866f72b4d96bf5bc35cac7b22d88cf5b880f8e20bb02202bd,2021-12,Cheshire Constabulary,Cheshire Constabulary,-2.726281,53.296615,On or near Greenfield Lane,E01018689,Cheshire West and Chester 002E,Violence and sexual offences,Investigation complete; no suspect identified,
302b25b07cd01be792b86840dba1cb3a113aaef28c3632924126faf7f1069e91,2021-12,Cheshire Constabulary,Cheshire Constabulary,-2.730891,53.289782,On or near Netherton Drive,E01018690,Cheshire West and Chester 002F,Burglary,Investigation complete; no suspect identified,
bde59d14eeb9589f2aecc53a6dc49a303352820b0773c8186975af9938796036,2021-12,Cheshire Constabulary,Cheshire Constabulary,-2.709201,53.281796,On or near Top Road,E01018690,Cheshire West and Chester 002F,Public order,Unable to prosecute suspect,
8fe290c194fd88b5ad2bdc6d01a019cb0ff9380e47d822c1bc15cda5256c4fb8,2021-12,Cheshire Constabulary,Cheshire Constabulary,-2.734477,53.288106,On or near Matty'S Lane,E01018690,Cheshire West and Chester 002F,Violence and sexual offences,Unable to prosecute suspect,
b4a4e64e9f09507632f69bb1df7fd9a3ca9466d3a5b3866447475dfc39fbd4c1,2021-12,Cheshire Constabulary,Cheshire Constabulary,-2.734477,53.288106,On or near Matty'S Lane,E01018690,Cheshire West and Chester 002F,Violence and sexual offences,Unable to prosecute suspect,
1dda6d4750d97f65ed154e79217605f3a1bb9551c3571c5090b74422712a42c4,2021-12,Cheshire Constabulary,Cheshire Constabulary,-2.718622,53.288158,On or near Elm Rise,E01018690,Cheshire West and Chester 002F,Other crime,Unable to prosecute suspect,
,2021-12,Cheshire Constabulary,Cheshire Constabulary,-2.524167,53.281926,On or near Parking Area,E01018675,Cheshire West and Chester 003A,Anti-social behaviour,,
5340e7246bf9500df75ca6ab8309c771f7e9074f853667f12c8b0b35c6fbfc5a,2021-12,Cheshire Constabulary,Cheshire Constabulary,-2.530533,53.272774,On or near Park/Open Space,E01018675,Cheshire West and Chester 003A,Criminal damage and arson,Unable to prosecute suspect,
0dc63f9de93878d891f0bf3149ef4fc99d95931246b7055d1289f9e6bd0b6fe4,2021-12,Cheshire Constabulary,Cheshire Constabulary,-2.534614,53.293368,On or near Mather Drive,E01018675,Cheshire West and Chester 003A,Violence and sexual offences,Unable to prosecute suspect,
cbcab4eca9753d796a8fffa95478ffe353236579a7e38e87b50960041cc49d10,2021-12,Cheshire Constabulary,Cheshire Constabulary,-2.532516,53.274267,On or near New Road,E01018675,Cheshire West and Chester 003A,Violence and sexual offences,Investigation complete; no suspect identified,
41b2271d4e416e2042f9871ec5fc62591b1acbdbe52e1b67e4ca393d998cbab5,2021-12,Cheshire Constabulary,Cheshire Constabulary,-2.616051,53.275905,On or near Chapel Lane,E01018708,Cheshire West and Chester 003B,Public order,Unable to prosecute suspect,
5ecf18648022be25b85eaa2984f60bed8251d34762578be5c9064780e1374902,2021-12,Cheshire Constabulary,Cheshire Constabulary,-2.638807,53.265268,On or near Gabriel Bank,E01018708,Cheshire West and Chester 003B,Public order,Investigation complete; no suspect identified,
f7fb1261bd8349240e4261d251ea2dc0843d5573bc897dff04690037da316c6d,2021-12,Cheshire Constabulary,Cheshire Constabulary,-2.705130,53.302360,On or near Mill Lane,E01018708,Cheshire West and Chester 003B,Other crime,Unable to prosecute suspect,
9d2ba574a672689d455b1ec778c505e708d9c0ae480ca7e308879ac7eba6a90e,2021-12,Cheshire Constabulary,Cheshire Constabulary,-2.498679,53.286611,On or near Hall Drive,E01018721,Cheshire West and Chester 003C,Public order,Unable to prosecute suspect,
c0b388697d290f697ab400c28beaa872832d2ac473f8de88da84045e12166ff4,2021-12,Cheshire Constabulary,Cheshire Constabulary,-3.001408,53.274198,On or near Petrol Station,E01018518,Cheshire West and Chester 004A,Public order,Investigation complete; no suspect identified,
866d82ba5c3c2a68a5b891a48f34bc78bb509053614abe688b694ac7ef63e3c1,2021-12,Cheshire Constabulary,Cheshire Constabulary,-2.999878,53.296648,On or near Wood Lane,E01018569,Cheshire West and Chester 004B,Violence and sexual offences,Unable to prosecute suspect,
8496a8c8184f6dcfbdee8d930928702c0225a166b3e94f2b7e6e24b84154f86a,2021-12,Cheshire Constabulary,Cheshire Constabulary,-2.999878,53.296648,On or near Wood Lane,E01018569,Cheshire West and Chester 004B,Violence and sexual offences,Unable to prosecute suspect,
,2021-12,Cheshire Constabulary,Cheshire Constabulary,-2.981742,53.296808,On or near Hooton Road,E01018570,Cheshire West and Chester 004C,Anti-social behaviour,,
5be622a92e2ad0389943cada73f73b713c7314a1cc0119d0e18f3e4104bac445,2021-12,Cheshire Constabulary,Cheshire Constabulary,-2.981742,53.296808,On or near Hooton Road,E01018570,Cheshire West and Chester 004C,Burglary,Court result unavailable,
abff835693281a4742b4916908827ecd546d1bf0fdea0404ca5d2e4a02448e9c,2021-12,Cheshire Constabulary,Cheshire Constabulary,-2.981742,53.296808,On or near Hooton Road,E01018570,Cheshire West and Chester 004C,Criminal damage and arson,Court result unavailable,
a8855b8244e2aacf633187b65ec93ea6b387e8798ff9a273b1b07e2acca05c38,2021-12,Cheshire Constabulary,Cheshire Constabulary,-2.973010,53.299459,On or near Dale Hey,E01018570,Cheshire West and Chester 004C,Criminal damage and arson,Court result unavailable,
7686eccbcdc6a5e06322c047f3add3653ade793bf272947c00f62ce1f3713a93,2021-12,Cheshire Constabulary,Cheshire Constabulary,-2.973726,53.297988,On or near Oak Road,E01018570,Cheshire West and Chester 004C,Other theft,Status update unavailable,
f0d349ddbcef184b85253134fc18ecd5dd0ef0d7fbd169a868bcc3c0a958190c,2021-12,Cheshire Constabulary,Cheshire Constabulary,-2.981742,53.296808,On or near Hooton Road,E01018570,Cheshire West and Chester 004C,Public order,Unable to prosecute suspect,
63a543dfd46d7f2c8d9521e95deb63ba09076d187605d0aa54a5562073c7d543,2021-12,Cheshire Constabulary,Cheshire Constabulary,-2.973010,53.299459,On or near Dale Hey,E01018570,Cheshire West and Chester 004C,Public order,Unable to prosecute suspect,
6ed516bd7edca86b51bf32db0196d47792b0bc8aa504d576a11d59f654835493,2021-12,Cheshire Constabulary,Cheshire Constabulary,-2.971728,53.289932,On or near Heath Lane,E01018570,Cheshire West and Chester 004C,Public order,Investigation complete; no suspect identified,
66563488ff647d9b4d36ebb0ccdafa6d68fb9c5c224026a9727a533d1418fb83,2021-12,Cheshire Constabulary,Cheshire Constabulary,-2.981742,53.296808,On or near Hooton Road,E01018570,Cheshire West and Chester 004C,Public order,Unable to prosecute suspect,
424a5d5b991fb2fb96f6093251c2ed066066800c5f85f4de53d986f22483b6ce,2021-12,Cheshire Constabulary,Cheshire Constabulary,-2.981742,53.296808,On or near Hooton Road,E01018570,Cheshire West and Chester 004C,Violence and sexual offences,Court result unavailable,
c72a95ce6893e5abf7454f526f6fa5494cc636bd4f446b6ab7e0d509c1185def,2021-12,Cheshire Constabulary,Cheshire Constabulary,-2.953873,53.294508,On or near Chester Road,E01018570,Cheshire West and Chester 004C,Violence and sexual offences,Unable to prosecute suspect,
3cedfc7f2c85d28fd90c77a9ee05699a0d2cf4a42d05d0bf7eb4ed2e51dacf03,2021-12,Cheshire Constabulary,Cheshire Constabulary,-2.953873,53.294508,On or near Chester Road,E01018570,Cheshire West and Chester 004C,Violence and sexual offences,Status update unavailable,
fb860228b22092f6bd5062c559f5c86d0c34747948413b6de7b27364d585c997,2021-12,Cheshire Constabulary,Cheshire Constabulary,-2.981742,53.296808,On or near Hooton Road,E01018570,Cheshire West and Chester 004C,Violence and sexual offences,Investigation complete; no suspect identified,
bb2fa7b0753ad3f0fb27eb65425ec3b00d7b3234fd2edfd77d5c1d1c7fd94d6d,2021-12,Cheshire Constabulary,Cheshire Constabulary,-2.981742,53.296808,On or near Hooton Road,E01018570,Cheshire West and Chester 004C,Other crime,Court result unavailable,
,2021-12,Cheshire Constabulary,Cheshire Constabulary,-3.025502,53.294030,On or near Hanns Hall Road,E01018571,Cheshire West and Chester 004D,Anti-social behaviour,,
ea77e97518c266b3a7820109aa600d1b14bd4bb30fc5738d337470a2ac3d8603,2021-12,Cheshire Constabulary,Cheshire Constabulary,-3.025502,53.294030,On or near Hanns Hall Road,E01018571,Cheshire West and Chester 004D,Public order,Investigation complete; no suspect identified,
5a9844a57cccf4d42b5563f6ad15348c1a413321c4c5a11a61de1a8f8ec180ab,2021-12,Cheshire Constabulary,Cheshire Constabulary,-3.004848,53.289127,On or near Wallcroft,E01018571,Cheshire West and Chester 004D,Vehicle crime,Investigation complete; no suspect identified,
,2021-12,Cheshire Constabulary,Cheshire Constabulary,-2.928294,53.285586,On or near Ferguson Avenue,E01018546,Cheshire West and Chester 005A,Anti-social behaviour,,
a06d39491c7222469c6a5c4048030e67b779b8f36f068d8e2e7e2c4aa43dab8c,2021-12,Cheshire Constabulary,Cheshire Constabulary,-2.926102,53.285522,On or near Crossley Avenue,E01018546,Cheshire West and Chester 005A,Bicycle theft,Investigation complete; no suspect identified,
5a371edb9ae6df8c1aa66571c27758de57be1c05a9992710d2cf601bab93782c,2021-12,Cheshire Constabulary,Cheshire Constabulary,-2.923964,53.285134,On or near Overpool Road,E01018546,Cheshire West and Chester 005A,Burglary,Investigation complete; no suspect identified,
52ad48b4300e55d99792abe09e75b5d4a027e526c7bc692548e4bd7a14096e82,2021-12,Cheshire Constabulary,Cheshire Constabulary,-2.928294,53.285586,On or near Ferguson Avenue,E01018546,Cheshire West and Chester 005A,Criminal damage and arson,Investigation complete; no suspect identified,
a5bb12c73e6454dfd56608382e9a9b7f1238c2863dbcaf81d378489288404e97,2021-12,Cheshire Constabulary,Cheshire Constabulary,-2.928294,53.285586,On or near Ferguson Avenue,E01018546,Cheshire West and Chester 005A,Criminal damage and arson,Unable to prosecute suspect,
807514ede332474e8fbefb409deec6689c7207ce9878ca8aa5519db74d1bb670,2021-12,Cheshire Constabulary,Cheshire Constabulary,-2.923964,53.285134,On or near Overpool Road,E01018546,Cheshire West and Chester 005A,Shoplifting,Investigation complete; no suspect identified,
f4773748e5c12680b57b3122116ea23738dd6468bc9d297202aa3f2fd3ceb6e3,2021-12,Cheshire Constabulary,Cheshire Constabulary,-2.925072,53.286438,On or near Rossmore Road West,E01018546,Cheshire West and Chester 005A,Theft from the person,Unable to prosecute suspect,
d84d5daafa7925c5a556669f25da50b863f1513beca01bb15ff140dac469df0b,2021-12,Cheshire Constabulary,Cheshire Constabulary,-2.925072,53.286438,On or near Rossmore Road West,E01018546,Cheshire West and Chester 005A,Violence and sexual offences,Unable to prosecute suspect,
52558569fe79b77967ef70db82da1bee67c906fbce244f8f537b556f00fe2d6c,2021-12,Cheshire Constabulary,Cheshire Constabulary,-2.920692,53.285052,On or near Straker Avenue,E01018546,Cheshire West and Chester 005A,Violence and sexual offences,Unable to prosecute suspect,
d4b4f734299a37942c073b323fb5c0fa8aa50f986e8e861829bb323a09d89d19,2021-12,Cheshire Constabulary,Cheshire Constabulary,-2.928294,53.285586,On or near Ferguson Avenue,E01018546,Cheshire West and Chester 005A,Violence and sexual offences,Local resolution,
865d7cd73735b789802c60fce3d9749d3c8be736babdd30755585413f846024c,2021-12,Cheshire Constabulary,Cheshire Constabulary,-2.925759,53.289084,On or near Forest Road,E01018546,Cheshire West and Chester 005A,Violence and sexual offences,Unable to prosecute suspect,
2e43e535e052daeefe6f067c4c8506ef89e362e4d2ae4c0b6d9bbb17117dcf77,2021-12,Cheshire Constabulary,Cheshire Constabulary,-2.925040,53.284955,On or near Himalayan Birch Close,E01018546,Cheshire West and Chester 005A,Violence and sexual offences,Unable to prosecute suspect,
2e7c0f254300f77f8c9319286d155188640590922a7cbea6f45b17310f9d5cc4,2021-12,Cheshire Constabulary,Cheshire Constabulary,-2.928294,53.285586,On or near Ferguson Avenue,E01018546,Cheshire West and Chester 005A,Violence and sexual offences,Unable to prosecute suspect,
5631f912fd007bfd4ab6e18992537d01914536b6e805dfcec6de13cdb547675d,2021-12,Cheshire Constabulary,Cheshire Constabulary,-2.920692,53.285052,On or near Straker Avenue,E01018546,Cheshire West and Chester 005A,Other crime,Court result unavailable,
,2021-12,Cheshire Constabulary,Cheshire Constabulary,-2.930892,53.286420,On or near Rossmore Road West,E01018547,Cheshire West and Chester 005B,Anti-social behaviour,,
168dd8b16fdceadc710df69a3e365ff5079d16bfce92524a1a988793ba1b1163,2021-12,Cheshire Constabulary,Cheshire Constabulary,-2.939869,53.286718,On or near Station Green,E01018547,Cheshire West and Chester 005B,Violence and sexual offences,Court result unavailable,
,2021-12,Cheshire Constabulary,Cheshire Constabulary,-2.920971,53.286164,On or near Bailey Avenue,E01018548,Cheshire West and Chester 005C,Anti-social behaviour,,
,2021-12,Cheshire Constabulary,Cheshire Constabulary,-2.923584,53.291870,On or near Childwall Road,E01018548,Cheshire West and Chester 005C,Anti-social behaviour,,
7579cbbad48995ab7335cbbd13019297a7f6f403db7c9f22f45b55db458e4446,2021-12,Cheshire Constabulary,Cheshire Constabulary,-2.923584,53.291870,On or near Childwall Road,E01018548,Cheshire West and Chester 005C,Burglary,Investigation complete; no suspect identified,
3b6b1e2accebe09dc4f689cfe9983bed96f38d917997189832015a16ca622f41,2021-12,Cheshire Constabulary,Cheshire Constabulary,-2.940290,53.296342,On or near Sports/Recreation Area,E01018548,Cheshire West and Chester 005C,Criminal damage and arson,Investigation complete; no suspect identified,
88b57c103a94177bc2f254f117a0fd5e78df156e8446dbfd6d52114c15bb1eae,2021-12,Cheshire Constabulary,Cheshire Constabulary,-2.925258,53.288109,On or near Wellswood Road,E01018548,Cheshire West and Chester 005C,Other theft,Unable to prosecute suspect,
646dbd165d3ce32aa543558313419bfd7abeb32aae251a6233f70b88c61b47e4,2021-12,Cheshire Constabulary,Cheshire Constabulary,-2.940290,53.296342,On or near Sports/Recreation Area,E01018548,Cheshire West and Chester 005C,Other theft,Court result unavailable,
188a31a2163f2b02c39ac0d5031485fffc457b3dbdd365a2ac425c01362df5a3,2021-12,Cheshire Constabulary,Cheshire Constabulary,-2.923584,53.291870,On or near Childwall Road,E01018548,Cheshire West and Chester 005C,Other theft,Unable to prosecute suspect,
492822e52ede394ccb070a448b50d3c0f08d3d1c85b850602f23d575422df7a3,2021-12,Cheshire Constabulary,Cheshire Constabulary,-2.940290,53.296342,On or near Sports/Recreation Area,E01018548,Cheshire West and Chester 005C,Other theft,Unable to prosecute suspect,
ba262ceaea7210d45e0111c872969ef01a2e9a157ed08442f5255cbb70de982d,2021-12,Cheshire Constabulary,Cheshire Constabulary,-2.921452,53.289666,On or near Matterhorn Road,E01018548,Cheshire West and Chester 005C,Other theft,Investigation complete; no suspect identified,
362c60e2f8c140faef31aa72ba4cae90a0bdf3eb08033150632cf636800e34a4,2021-12,Cheshire Constabulary,Cheshire Constabulary,-2.940290,53.296342,On or near Sports/Recreation Area,E01018548,Cheshire West and Chester 005C,Other theft,Investigation complete; no suspect identified,
735db3e546032a70dce006eb2782eb260912750bd190571aae6cec0356046ab8,2021-12,Cheshire Constabulary,Cheshire Constabulary,-2.925258,53.288109,On or near Wellswood Road,E01018548,Cheshire West and Chester 005C,Public order,Court result unavailable,
02c3419bdd81ab35fafd45c991efac9ff0bcd6e1717dfae905f3f87b6319974e,2021-12,Cheshire Constabulary,Cheshire Constabulary,-2.928576,53.291687,On or near Moorland Road,E01018548,Cheshire West and Chester 005C,Vehicle crime,Investigation complete; no suspect identified,
c2addab81c5ec1d557325a001e52c3ae4b1b6d2b3a6658c38d530aa04afc7891,2021-12,Cheshire Constabulary,Cheshire Constabulary,-2.922805,53.293997,On or near Carlton Crescent,E01018548,Cheshire West and Chester 005C,Violence and sexual offences,Unable to prosecute suspect,
74bfb31448d2de70ec6d9cd7839692b1526bb4d5f6d55693e267852a6fcd555e,2021-12,Cheshire Constabulary,Cheshire Constabulary,-2.933257,53.290320,On or near Lynndene,E01018548,Cheshire West and Chester 005C,Violence and sexual offences,Unable to prosecute suspect,
bb75a29df5804b47b5456c583f43ccbf5d44177fce88c12d718965bf05f39749,2021-12,Cheshire Constabulary,Cheshire Constabulary,-2.928576,53.291687,On or near Moorland Road,E01018548,Cheshire West and Chester 005C,Violence and sexual offences,Unable to prosecute suspect,
ef6c681340b96ea82e52ba0583cb5b23428660319e7ad3df45c2322aa590a8c4,2021-12,Cheshire Constabulary,Cheshire Constabulary,-2.923584,53.291870,On or near Childwall Road,E01018548,Cheshire West and Chester 005C,Violence and sexual offences,Unable to prosecute suspect,
c4093370712b27ee795fd541aa869147c5258260356a487178891d52c93b9546,2021-12,Cheshire Constabulary,Cheshire Constabulary,-2.920971,53.286164,On or near Bailey Avenue,E01018548,Cheshire West and Chester 005C,Violence and sexual offences,Unable to prosecute suspect,
3e35aca1737cc31f4c1334b86e802137beef0fbe1414d662bd78fd9b3d808494,2021-12,Cheshire Constabulary,Cheshire Constabulary,-2.920971,53.286164,On or near Bailey Avenue,E01018548,Cheshire West and Chester 005C,Violence and sexual offences,Unable to prosecute suspect,
13ad57e8df66960e246c0930bca48782aba3fe47b1d43570657959328373aaa7,2021-12,Cheshire Constabulary,Cheshire Constabulary,-2.940290,53.296342,On or near Sports/Recreation Area,E01018548,Cheshire West and Chester 005C,Violence and sexual offences,Unable to prosecute suspect,
9c80971b9b5b340933ace3d25877b98710e4aea7974f8af6184bbd4424b0dc66,2021-12,Cheshire Constabulary,Cheshire Constabulary,-2.923584,53.291870,On or near Childwall Road,E01018548,Cheshire West and Chester 005C,Violence and sexual offences,Investigation complete; no suspect identified,
ecb4fdafb9c702aa5daeb145ca2a041ffaf579a0ef801311bf9fa94fd49266d7,2021-12,Cheshire Constabulary,Cheshire Constabulary,-2.920971,53.286164,On or near Bailey Avenue,E01018548,Cheshire West and Chester 005C,Violence and sexual offences,Unable to prosecute suspect,
f8a0f6e501345c0a48a9721e6a30984e7ba9db6afac8c55356519fc863c30e31,2021-12,Cheshire Constabulary,Cheshire Constabulary,-2.935126,53.291402,On or near Mossvale,E01018548,Cheshire West and Chester 005C,Violence and sexual offences,Unable to prosecute suspect,
bb571fb80d5d178a705e10a8634e840ce79ec38cf08bc52dcafa376a0feaf155,2021-12,Cheshire Constabulary,Cheshire Constabulary,-2.920971,53.286164,On or near Bailey Avenue,E01018548,Cheshire West and Chester 005C,Violence and sexual offences,Unable to prosecute suspect,
f4e9260f2e5c90293b7596477efffa3e534b292a77b8c6bec12faac5543165a2,2021-12,Cheshire Constabulary,Cheshire Constabulary,-2.933257,53.290320,On or near Lynndene,E01018548,Cheshire West and Chester 005C,Violence and sexual offences,Unable to prosecute suspect,
85a35882c257e98c8642c13644250893d4a4f191c3b7604b46a45c0ec8c67d10,2021-12,Cheshire Constabulary,Cheshire Constabulary,-2.921452,53.289666,On or near Matterhorn Road,E01018548,Cheshire West and Chester 005C,Violence and sexual offences,Unable to prosecute suspect,
67c9896d7a94dbc0bb8c013f03c12fe921234f629f86f709888a988c6972f071,2021-12,Cheshire Constabulary,Cheshire Constabulary,-2.921452,53.289666,On or near Matterhorn Road,E01018548,Cheshire West and Chester 005C,Violence and sexual offences,Investigation complete; no suspect identified,
,2021-12,Cheshire Constabulary,Cheshire Constabulary,-3.059625,53.284545,On or near West Vale,E01018532,Cheshire West and Chester 006A,Anti-social behaviour,,
,2021-12,Cheshire Constabulary,Cheshire Constabulary,-3.059546,53.287440,On or near Stanney Close,E01018532,Cheshire West and Chester 006A,Anti-social behaviour,,
dd24421e1a4ed9d1339b97eb5bb704ec9bfb31b535aa201c95dfb929612793bc,2021-12,Cheshire Constabulary,Cheshire Constabulary,-3.053392,53.283027,On or near Town Lane,E01018532,Cheshire West and Chester 006A,Criminal damage and arson,Investigation complete; no suspect identified,
b3f4d48ca569ee820fe2dcce612c7b68dc98e80e3c3d3cf7be6240075adb443d,2021-12,Cheshire Constabulary,Cheshire Constabulary,-3.055144,53.284711,On or near Talbot Close,E01018532,Cheshire West and Chester 006A,Criminal damage and arson,Unable to prosecute suspect,
a95e8ed4cb2e832c2f706f9b5158584670e664965ae66a1dba83928e86e32c83,2021-12,Cheshire Constabulary,Cheshire Constabulary,-3.055283,53.287910,On or near Station Close,E01018532,Cheshire West and Chester 006A,Other theft,Unable to prosecute suspect,
9ab37a09f89c335758fe0590a2e4f79798bf7dba2b74f50e4ca64c2ad0182cf7,2021-12,Cheshire Constabulary,Cheshire Constabulary,-3.055283,53.287910,On or near Station Close,E01018532,Cheshire West and Chester 006A,Other theft,Unable to prosecute suspect,
b2ffd64d260bad18a42cd66f3a62d01042648b6ac76b54868887519a82bbe71b,2021-12,Cheshire Constabulary,Cheshire Constabulary,-3.053392,53.283027,On or near Town Lane,E01018532,Cheshire West and Chester 006A,Violence and sexual offences,Unable to prosecute suspect,
a290a883c143b9ceaf2226436803f99c1338aa18c11683d6d3c248ee746e6d76,2021-12,Cheshire Constabulary,Cheshire Constabulary,-3.056448,53.285283,On or near Rydal Close,E01018532,Cheshire West and Chester 006A,Violence and sexual offences,Unable to prosecute suspect,
936134c9da9121c90ccef2c471cd4cea074c713993bc79f1c7490e71cefef06a,2021-12,Cheshire Constabulary,Cheshire Constabulary,-3.055283,53.287910,On or near Station Close,E01018532,Cheshire West and Chester 006A,Violence and sexual offences,Unable to prosecute suspect,
67839e66625300db97de99b893d3a937cc0ee2552a8c545f0bcfe41cd1a2c020,2021-12,Cheshire Constabulary,Cheshire Constabulary,-3.053392,53.283027,On or near Town Lane,E01018532,Cheshire West and Chester 006A,Violence and sexual offences,Unable to prosecute suspect,
0a07b4cb8fd6b1d4e946f6af494070001ea994684e83165cb3f5aba7ba21b4dc,2021-12,Cheshire Constabulary,Cheshire Constabulary,-3.055283,53.287910,On or near Station Close,E01018532,Cheshire West and Chester 006A,Other crime,Unable to prosecute suspect,
a768a3c2dd2da7d745e9fa5a7eb208bcc23b5ff0677d46c150cdd2ac0e7ad7b3,2021-12,Cheshire Constabulary,Cheshire Constabulary,-3.048599,53.282683,On or near Rock Farm Grove,E01018533,Cheshire West and Chester 006B,Violence and sexual offences,Offender given a caution,
77b8e029faebaed2abf7121b59ea2f08b91450bc8ccd713e9928df5ffcdc1ddb,2021-12,Cheshire Constabulary,Cheshire Constabulary,-3.059570,53.279898,On or near Greenfields Croft,E01018544,Cheshire West and Chester 006C,Violence and sexual offences,Unable to prosecute suspect,
46b586f4427f841a0cfe3d354e82d18c511a00927a1358819d6ad69cb56a56dc,2021-12,Cheshire Constabulary,Cheshire Constabulary,-3.059570,53.279898,On or near Greenfields Croft,E01018544,Cheshire West and Chester 006C,Violence and sexual offences,Unable to prosecute suspect,
16e6a9963fefd22dc7f25c9a50cb0864de4d8340aec8557c1f206eb61f092d36,2021-12,Cheshire Constabulary,Cheshire Constabulary,-3.060228,53.276782,On or near Snabwood Close,E01018544,Cheshire West and Chester 006C,Violence and sexual offences,Unable to prosecute suspect,
,2021-12,Cheshire Constabulary,Cheshire Constabulary,-3.063712,53.282432,On or near Arden Drive,E01018545,Cheshire West and Chester 006D,Anti-social behaviour,,
,2021-12,Cheshire Constabulary,Cheshire Constabulary,-3.060764,53.286342,On or near Burton Road,E01018545,Cheshire West and Chester 006D,Anti-social behaviour,,
8ec545f6e5010ae5ac1bb5a589a0b13ece441a9c0baf432c65f05ae79e0c7ec6,2021-12,Cheshire Constabulary,Cheshire Constabulary,-3.065120,53.280523,On or near Warwick Close,E01018545,Cheshire West and Chester 006D,Criminal damage and arson,Unable to prosecute suspect,
44b9c819e29d83b28c722b411cfbefaabe8e3bf3e0cae4338c8485ca1e7793bd,2021-12,Cheshire Constabulary,Cheshire Constabulary,-3.060764,53.286342,On or near Burton Road,E01018545,Cheshire West and Chester 006D,Public order,Investigation complete; no suspect identified,
9d40654fabcf48a80c150dd8ffd4ed9a39017a202807fc842da6ec5346e2cd06,2021-12,Cheshire Constabulary,Cheshire Constabulary,-3.060764,53.286342,On or near Burton Road,E01018545,Cheshire West and Chester 006D,Public order,Investigation complete; no suspect identified,
,2021-12,Cheshire Constabulary,Cheshire Constabulary,-2.900993,53.280573,On or near Victoria Road,E01018519,Cheshire West and Chester 007A,Anti-social behaviour,,
,2021-12,Cheshire Constabulary,Cheshire Constabulary,-2.899391,53.277825,On or near Shopping Area,E01018519,Cheshire West and Chester 007A,Anti-social behaviour,,
026a0cc116c91433afa78181ee66d108a7cf63c5a2875e7e09824d04079a1910,2021-12,Cheshire Constabulary,Cheshire Constabulary,-2.902434,53.280625,On or near Enfield Road,E01018519,Cheshire West and Chester 007A,Bicycle theft,Investigation complete; no suspect identified,
347f2732829c3b9017cd845e90be95b5f0f1145cdc97e02f30fcca9d63ad69cd,2021-12,Cheshire Constabulary,Cheshire Constabulary,-2.904117,53.279327,On or near Heathfield Road,E01018519,Cheshire West and Chester 007A,Criminal damage and arson,Investigation complete; no suspect identified,
d8b14f5701850fc69cc027cd834a25a91ba76b35f4832b52bd4641696c475a7e,2021-12,Cheshire Constabulary,Cheshire Constabulary,-2.902453,53.282225,On or near Princes Road,E01018519,Cheshire West and Chester 007A,Other theft,Unable to prosecute suspect,
ccff87d83353aa05f6c06757664f6191fc19fdee76698eff7577a351b132da35,2021-12,Cheshire Constabulary,Cheshire Constabulary,-2.904218,53.277762,On or near Petrol Station,E01018519,Cheshire West and Chester 007A,Other theft,Investigation complete; no suspect identified,
32961f2ab7714f81e08594de9c1265ff9cd58e8e74cb3d22e9677b2e4af9bc55,2021-12,Cheshire Constabulary,Cheshire Constabulary,-2.899391,53.277825,On or near Shopping Area,E01018519,Cheshire West and Chester 007A,Other theft,Investigation complete; no suspect identified,
a69443d40a11533d470f7f60e6485969dc21f066a354c0bdda0125df1dd1ed7f,2021-12,Cheshire Constabulary,Cheshire Constabulary,-2.900993,53.280573,On or near Victoria Road,E01018519,Cheshire West and Chester 007A,Public order,Investigation complete; no suspect identified,
8b40e56b7797e8a4cc3b6ee04411c30b8b9d5dfc607d4b21d0d060f4ec61d9d4,2021-12,Cheshire Constabulary,Cheshire Constabulary,-2.904218,53.277762,On or near Petrol Station,E01018519,Cheshire West and Chester 007A,Robbery,Court result unavailable,
efd47fd9c03bac137f91799c96b7d2d67795d74d53a2566e6ebf539219661afd,2021-12,Cheshire Constabulary,Cheshire Constabulary,-2.902453,53.282225,On or near Princes Road,E01018519,Cheshire West and Chester 007A,Violence and sexual offences,Unable to prosecute suspect,
828df8f56de584dc0965a1a29248809f79249322634ac10d4568f6716edb4f8a,2021-12,Cheshire Constabulary,Cheshire Constabulary,-2.902615,53.279230,On or near Oldfield Road,E01018519,Cheshire West and Chester 007A,Violence and sexual offences,Court result unavailable,
cb91450ceea206e1fc8dd5188230e89f5fbed2e2246b67de78e0218dadfedae5,2021-12,Cheshire Constabulary,Cheshire Constabulary,-2.902615,53.279230,On or near Oldfield Road,E01018519,Cheshire West and Chester 007A,Violence and sexual offences,Unable to prosecute suspect,
62bcdd836944da54558a91d70c5d5bc88e1768394e61e512d89721b8e5f3a70a,2021-12,Cheshire Constabulary,Cheshire Constabulary,-2.900749,53.277527,On or near Shopping Area,E01018519,Cheshire West and Chester 007A,Violence and sexual offences,Investigation complete; no suspect identified,
146bb1fe48a14cb9e05c3bab6dd0eba44ab1520872d07d3319d4370f92297bc2,2021-12,Cheshire Constabulary,Cheshire Constabulary,-2.902502,53.281020,On or near Hollyfield Road,E01018519,Cheshire West and Chester 007A,Violence and sexual offences,Unable to prosecute suspect,
dd3285337bffa3cda9a839c1e01c0c0ffd25dbe30a771b5f30618efbdd7e59a1,2021-12,Cheshire Constabulary,Cheshire Constabulary,-2.900993,53.280573,On or near Victoria Road,E01018519,Cheshire West and Chester 007A,Violence and sexual offences,Unable to prosecute suspect,
15b3292769c5b9295a107e45251b1e0f3fa3cfd8aaa4ff6315af39e1142e5e1b,2021-12,Cheshire Constabulary,Cheshire Constabulary,-2.900993,53.280573,On or near Victoria Road,E01018519,Cheshire West and Chester 007A,Violence and sexual offences,Unable to prosecute suspect,
b03cefd476cbadf4fa7fbaeb38bfd96dd5632b3a50cebd3c8fce582e438857fc,2021-12,Cheshire Constabulary,Cheshire Constabulary,-2.902453,53.282225,On or near Princes Road,E01018519,Cheshire West and Chester 007A,Violence and sexual offences,Unable to prosecute suspect,
,2021-12,Cheshire Constabulary,Cheshire Constabulary,-2.897372,53.281679,On or near Whitby Road,E01018520,Cheshire West and Chester 007B,Anti-social behaviour,,
,2021-12,Cheshire Constabulary,Cheshire Constabulary,-2.899896,53.279053,On or near York Road,E01018520,Cheshire West and Chester 007B,Anti-social behaviour,,
,2021-12,Cheshire Constabulary,Cheshire Constabulary,-2.897515,53.280653,On or near Newton Road,E01018520,Cheshire West and Chester 007B,Anti-social behaviour,,
,2021-12,Cheshire Constabulary,Cheshire Constabulary,-2.899247,53.277413,On or near Wellington Road,E01018520,Cheshire West and Chester 007B,Anti-social behaviour,,
,2021-12,Cheshire Constabulary,Cheshire Constabulary,-2.896800,53.278708,On or near Supermarket,E01018520,Cheshire West and Chester 007B,Anti-social behaviour,,
7894ffaed92a3865224a36402481154c901bc6fae54a0cc41b6ad7a93d1b2c84,2021-12,Cheshire Constabulary,Cheshire Constabulary,-2.897478,53.279611,On or near Norfolk Road,E01018520,Cheshire West and Chester 007B,Other theft,Investigation complete; no suspect identified,
6cc244688fa93ea2a3e5b64f8f3553c173b4a88eba5a81b42645c0739d6dd5b3,2021-12,Cheshire Constabulary,Cheshire Constabulary,-2.897478,53.279611,On or near Norfolk Road,E01018520,Cheshire West and Chester 007B,Other theft,Investigation complete; no suspect identified,
87e4ffb847953d844caccf931c5ce60095726b9af6d34398b01944dd3204c829,2021-12,Cheshire Constabulary,Cheshire Constabulary,-2.897515,53.280653,On or near Newton Road,E01018520,Cheshire West and Chester 007B,Public order,Unable to prosecute suspect,
b7107d0831df085e11099c9ae7be379dacd166ea3c3d1479655538952076da5a,2021-12,Cheshire Constabulary,Cheshire Constabulary,-2.897515,53.280653,On or near Newton Road,E01018520,Cheshire West and Chester 007B,Public order,Unable to prosecute suspect,
0313ba08ae117665e949cc595091b8623dd8b230eb479859248dfc2c40218136,2021-12,Cheshire Constabulary,Cheshire Constabulary,-2.899896,53.279053,On or near York Road,E01018520,Cheshire West and Chester 007B,Public order,Investigation complete; no suspect identified,
4ba2845ed16968796392f82c538cd367791406e3aa0881661b6753d6ba4d1d33,2021-12,Cheshire Constabulary,Cheshire Constabulary,-2.897478,53.279611,On or near Norfolk Road,E01018520,Cheshire West and Chester 007B,Public order,Unable to prosecute suspect,
7c6bb075496cc3d0dc8e4735a21ee5d4d968bf8c07bf9ef9c5feb69d440096c9,2021-12,Cheshire Constabulary,Cheshire Constabulary,-2.899247,53.277413,On or near Wellington Road,E01018520,Cheshire West and Chester 007B,Shoplifting,Court result unavailable,
b3cd09ba0affb79d4ede54b5d32e4e300662c5912a3805786a4b9f588faff4e6,2021-12,Cheshire Constabulary,Cheshire Constabulary,-2.896800,53.278708,On or near Supermarket,E01018520,Cheshire West and Chester 007B,Shoplifting,Investigation complete; no suspect identified,
bc9c9ab67e03662d28adecde568dd7220dcf42c96fd0b3d5a05ddc2d6ad0da72,2021-12,Cheshire Constabulary,Cheshire Constabulary,-2.898316,53.281636,On or near Woodfield Road North,E01018520,Cheshire West and Chester 007B,Vehicle crime,Investigation complete; no suspect identified,
9fd2fd18fde37a364f1ff2ed381adf7935b88c66d9af9aac5a9c22112804f63a,2021-12,Cheshire Constabulary,Cheshire Constabulary,-2.897515,53.280653,On or near Newton Road,E01018520,Cheshire West and Chester 007B,Violence and sexual offences,Unable to prosecute suspect,
dfc098027c25258430948e9e28b73f3cefe0f6f071268810ddbf76a30bba86e7,2021-12,Cheshire Constabulary,Cheshire Constabulary,-2.896792,53.280515,On or near Kingsley Road,E01018520,Cheshire West and Chester 007B,Violence and sexual offences,Unable to prosecute suspect,
b3206e1deb9ebaf23fcef666bc7a055c27c77f339e3bf6a58204d7d4c982d925,2021-12,Cheshire Constabulary,Cheshire Constabulary,-2.896792,53.280515,On or near Kingsley Road,E01018520,Cheshire West and Chester 007B,Violence and sexual offences,Unable to prosecute suspect,
7dfa384ce758259876d8539bcf1503a6c6ff2d059e3e3b6cf669c04d026f1c2a,2021-12,Cheshire Constabulary,Cheshire Constabulary,-2.894181,53.279725,On or near Wellington Road North,E01018520,Cheshire West and Chester 007B,Violence and sexual offences,Court result unavailable,
1878fc10af6355e54820bafa86500e560cc60a6ed18ccb3badf2f4cc2538db4b,2021-12,Cheshire Constabulary,Cheshire Constabulary,-2.894181,53.279725,On or near Wellington Road North,E01018520,Cheshire West and Chester 007B,Violence and sexual offences,Unable to prosecute suspect,
178eb733b9dca5c147b1e263f6961775d780d728f2f64c81651f9f846471f811,2021-12,Cheshire Constabulary,Cheshire Constabulary,-2.899896,53.279053,On or near York Road,E01018520,Cheshire West and Chester 007B,Violence and sexual offences,Unable to prosecute suspect,
3aae53379e1c13df5b89c411c2b8d214e3c357c60ed89f9e237975d838bb6cba,2021-12,Cheshire Constabulary,Cheshire Constabulary,-2.899896,53.279053,On or near York Road,E01018520,Cheshire West and Chester 007B,Violence and sexual offences,Status update unavailable,
0eed0c9c553b37ed97acccb1e5da374af22680d458c4621b60bd84e2f6c33f90,2021-12,Cheshire Constabulary,Cheshire Constabulary,-2.899896,53.279053,On or near York Road,E01018520,Cheshire West and Chester 007B,Violence and sexual offences,Status update unavailable,
f769cbca7fd9f7d426c9f9021e754412a62291494bac0d88ba496abe6e87a1c2,2021-12,Cheshire Constabulary,Cheshire Constabulary,-2.899896,53.279053,On or near York Road,E01018520,Cheshire West and Chester 007B,Violence and sexual offences,Investigation complete; no suspect identified,
9485bca065152592d4f2828d180fe59393a276a06a4054b86f6b43b9b8caf40b,2021-12,Cheshire Constabulary,Cheshire Constabulary,-2.894181,53.279725,On or near Wellington Road North,E01018520,Cheshire West and Chester 007B,Violence and sexual offences,Unable to prosecute suspect,
72c05d0a1e5f9da67594ce523a99df43f8e842c16224fdeda92a8878f314ac1d,2021-12,Cheshire Constabulary,Cheshire Constabulary,-2.897515,53.280653,On or near Newton Road,E01018520,Cheshire West and Chester 007B,Violence and sexual offences,Unable to prosecute suspect,
41d6c0bdb402121467efd9432726310ecf7c30d4d3b7fa51b7c8a8bb9d5d9276,2021-12,Cheshire Constabulary,Cheshire Constabulary,-2.896070,53.280376,On or near Holly Road,E01018520,Cheshire West and Chester 007B,Violence and sexual offences,Unable to prosecute suspect,
b6762c6b635b652ac53effcdebd1adfe652e50e55ecaa4a3c6c09c2dcbbbe963,2021-12,Cheshire Constabulary,Cheshire Constabulary,-2.895120,53.279439,On or near Cambridge Road,E01018520,Cheshire West and Chester 007B,Violence and sexual offences,Court result unavailable,
2576d0cd4a2f82b39642fb65369a40b469e4ecc0d439d00d31d0b7e99b6a87be,2021-12,Cheshire Constabulary,Cheshire Constabulary,-2.898087,53.280046,On or near Exeter Road,E01018520,Cheshire West and Chester 007B,Violence and sexual offences,Unable to prosecute suspect,
87990e356cea17edb216b0559e486c337827c4b4f3aa1a45a8e899431b5464e9,2021-12,Cheshire Constabulary,Cheshire Constabulary,-2.898087,53.280046,On or near Exeter Road,E01018520,Cheshire West and Chester 007B,Violence and sexual offences,Unable to prosecute suspect,
c60b34631b1176963641d72e1b728c26df5f958e6725c8fc800a6666c616beec,2021-12,Cheshire Constabulary,Cheshire Constabulary,-2.896792,53.280515,On or near Kingsley Road,E01018520,Cheshire West and Chester 007B,Violence and sexual offences,Unable to prosecute suspect,
c75be0e3c8452f2aba610ee2e8a37cf8a974fc75851025636676b22445e41041,2021-12,Cheshire Constabulary,Cheshire Constabulary,-2.893812,53.276411,On or near Milton Road,E01018520,Cheshire West and Chester 007B,Violence and sexual offences,Unable to prosecute suspect,
c9c254ee08d9f3230306ab30904345f87f80b770ad5f4b8e03fccccdcbf7948b,2021-12,Cheshire Constabulary,Cheshire Constabulary,-2.895120,53.279439,On or near Cambridge Road,E01018520,Cheshire West and Chester 007B,Violence and sexual offences,Court result unavailable,
1e2f959e74e8105ebf929ea90412dcec24ff6db79dd32e2866a7707a4424eebf,2021-12,Cheshire Constabulary,Cheshire Constabulary,-2.899273,53.280802,On or near Woodfield Road,E01018520,Cheshire West and Chester 007B,Violence and sexual offences,Unable to prosecute suspect,
eb5c7754799fcaa12a2122918f8a1b5b744f03bfb9c834806fb44445eeeb2700,2021-12,Cheshire Constabulary,Cheshire Constabulary,-2.893605,53.277986,On or near Arthur Avenue,E01018520,Cheshire West and Chester 007B,Violence and sexual offences,Court result unavailable,
046ad8b6ac82c52d746289bb4afd4ce28f7352a51571216d98785a9e65a4689b,2021-12,Cheshire Constabulary,Cheshire Constabulary,-2.897515,53.280653,On or near Newton Road,E01018520,Cheshire West and Chester 007B,Violence and sexual offences,Unable to prosecute suspect,
45eabb5362b6ad92839434f974b6ffef66173ed8f09109d03316d6f336a327dc,2021-12,Cheshire Constabulary,Cheshire Constabulary,-2.894181,53.279725,On or near Wellington Road North,E01018520,Cheshire West and Chester 007B,Violence and sexual offences,Unable to prosecute suspect,
618eca4ce696added67b960a989d3c08fcc58be45e562ca9098c5835d6a2b45b,2021-12,Cheshire Constabulary,Cheshire Constabulary,-2.897902,53.281936,On or near Parking Area,E01018520,Cheshire West and Chester 007B,Violence and sexual offences,Unable to prosecute suspect,
a2b7dc2d7d258f1d5fb82cad690ffdfdb5e8bc69bf705b17d5c37008a88dfda6,2021-12,Cheshire Constabulary,Cheshire Constabulary,-2.896800,53.278708,On or near Supermarket,E01018520,Cheshire West and Chester 007B,Violence and sexual offences,Unable to prosecute suspect,
d1eaa4da5ac5e0df00446ef335b0f1d4653c0e4e0114551a4698c4a6a703d1f5,2021-12,Cheshire Constabulary,Cheshire Constabulary,-2.899273,53.280802,On or near Woodfield Road,E01018520,Cheshire West and Chester 007B,Violence and sexual offences,Court result unavailable,
c51cb05d0bbb63ae4a069adf27185c938a69166ec92f8a2463dfb62c06ff0c42,2021-12,Cheshire Constabulary,Cheshire Constabulary,-2.894181,53.279725,On or near Wellington Road North,E01018520,Cheshire West and Chester 007B,Violence and sexual offences,Unable to prosecute suspect,
89b7db289053150d138f84266ef2a9147fd89903812d18962498cae82f9e79e4,2021-12,Cheshire Constabulary,Cheshire Constabulary,-2.894181,53.279725,On or near Wellington Road North,E01018520,Cheshire West and Chester 007B,Violence and sexual offences,Unable to prosecute suspect,
09bb6b3ca31ff062d4cf2a650a76b055d939e44489fcbad22ee16fedcfa8a41e,2021-12,Cheshire Constabulary,Cheshire Constabulary,-2.899247,53.277413,On or near Wellington Road,E01018520,Cheshire West and Chester 007B,Violence and sexual offences,Investigation complete; no suspect identified,
15a582a82e66bb99a89a447fc47f2613c33cafa2b4bfbdbb76bf4cc85450c653,2021-12,Cheshire Constabulary,Cheshire Constabulary,-2.898087,53.280046,On or near Exeter Road,E01018520,Cheshire West and Chester 007B,Violence and sexual offences,Unable to prosecute suspect,
0ea6153e832a889c740da28073c63c3a0289fde8bf9c0ff82b169a6578ae70af,2021-12,Cheshire Constabulary,Cheshire Constabulary,-2.899247,53.277413,On or near Wellington Road,E01018520,Cheshire West and Chester 007B,Violence and sexual offences,Court result unavailable,
4bc1d3f3044791cbb3a1b02b952af58ecf6e8d8b420d833edc332870e54c8d27,2021-12,Cheshire Constabulary,Cheshire Constabulary,-2.897515,53.280653,On or near Newton Road,E01018520,Cheshire West and Chester 007B,Other crime,Unable to prosecute suspect,
,2021-12,Cheshire Constabulary,Cheshire Constabulary,-2.908265,53.281174,On or near Queens Gardens,E01018525,Cheshire West and Chester 007C,Anti-social behaviour,,
3eb3e07f806c454abe8ed5a557d54513be83ad7f3ff545ff2cf7663f15336888,2021-12,Cheshire Constabulary,Cheshire Constabulary,-2.909111,53.281455,On or near Fleet Street,E01018525,Cheshire West and Chester 007C,Criminal damage and arson,Unable to prosecute suspect,
3ada604a5da787592c971dab49795a118d912cf7b5bd7c95c85493724d4d4fb5,2021-12,Cheshire Constabulary,Cheshire Constabulary,-2.909111,53.281455,On or near Fleet Street,E01018525,Cheshire West and Chester 007C,Criminal damage and arson,Unable to prosecute suspect,
9362e9d402a99277bdb079284d19665d76159148f02efd792cd99c3bdd2f8b41,2021-12,Cheshire Constabulary,Cheshire Constabulary,-2.909111,53.281455,On or near Fleet Street,E01018525,Cheshire West and Chester 007C,Public order,Investigation complete; no suspect identified,
52a26d97a9028a30bde41af4efb3bd3c14da5f264dbbfee7fcfe8744318871ad,2021-12,Cheshire Constabulary,Cheshire Constabulary,-2.908540,53.279985,On or near Further/Higher Educational Building,E01018525,Cheshire West and Chester 007C,Vehicle crime,Investigation complete; no suspect identified,
835513e6279535dbbacdbb44845ca06a105ff5d01d241c3301131f65069350c5,2021-12,Cheshire Constabulary,Cheshire Constabulary,-2.909111,53.281455,On or near Fleet Street,E01018525,Cheshire West and Chester 007C,Violence and sexual offences,Court result unavailable,
11368cd8483250af189d56037a75bb03a41f320cecd26bfa28709786af883e38,2021-12,Cheshire Constabulary,Cheshire Constabulary,-2.907271,53.280975,On or near Earls Gardens,E01018525,Cheshire West and Chester 007C,Violence and sexual offences,Unable to prosecute suspect,
9d7b00b35976fe155589951e5b0235b33a0706d0753ef210b0f6fc8d78210704,2021-12,Cheshire Constabulary,Cheshire Constabulary,-2.909111,53.281455,On or near Fleet Street,E01018525,Cheshire West and Chester 007C,Violence and sexual offences,Investigation complete; no suspect identified,
2c3900c649b48d8aa1765dc08da3697df7af4ceee80f75a30a834f15aa393371,2021-12,Cheshire Constabulary,Cheshire Constabulary,-2.905404,53.279910,On or near Flatt Lane,E01018525,Cheshire West and Chester 007C,Violence and sexual offences,Unable to prosecute suspect,
e13e20e81ada11b5c107126905cb19c043d3e508781d66875e20b8264c4e0cfc,2021-12,Cheshire Constabulary,Cheshire Constabulary,-2.907271,53.280975,On or near Earls Gardens,E01018525,Cheshire West and Chester 007C,Violence and sexual offences,Unable to prosecute suspect,
828344abec40763f42fe8e10dc527414ee0d182490925194022c710b59e39cee,2021-12,Cheshire Constabulary,Cheshire Constabulary,-2.907271,53.280975,On or near Earls Gardens,E01018525,Cheshire West and Chester 007C,Violence and sexual offences,Unable to prosecute suspect,
1b898cc4ff8991e22119dbfcb279dd0614a36d03600e05a2b5462dfb647cae6b,2021-12,Cheshire Constabulary,Cheshire Constabulary,-2.914441,53.277504,On or near Sutton Way,E01018525,Cheshire West and Chester 007C,Violence and sexual offences,Unable to prosecute suspect,
4bbf6c67d2979b27304b94ba1b7c852d48da48b15519de7dce05c3f085bd9acf,2021-12,Cheshire Constabulary,Cheshire Constabulary,-2.909111,53.281455,On or near Fleet Street,E01018525,Cheshire West and Chester 007C,Violence and sexual offences,Court result unavailable,
aa15d4820273728a394540b460f0b0e5198bfb43ceb51b1495aeeecc9f4816f7,2021-12,Cheshire Constabulary,Cheshire Constabulary,-2.909111,53.281455,On or near Fleet Street,E01018525,Cheshire West and Chester 007C,Violence and sexual offences,Investigation complete; no suspect identified,
07357eb769d6eb9b727f87b8477705ec23fc604cba1e15af47b2084a2e33e92a,2021-12,Cheshire Constabulary,Cheshire Constabulary,-2.914441,53.277504,On or near Sutton Way,E01018525,Cheshire West and Chester 007C,Violence and sexual offences,Investigation complete; no suspect identified,
f51d4b25c722c97170b3985c01f2703d995908540c3479d68c861e49e3b7f444,2021-12,Cheshire Constabulary,Cheshire Constabulary,-2.909111,53.281455,On or near Fleet Street,E01018525,Cheshire West and Chester 007C,Violence and sexual offences,Investigation complete; no suspect identified,
70f3ff3905469e841faaee54a58686a9cd55d51e4005b1a2742860b18a0ca218,2021-12,Cheshire Constabulary,Cheshire Constabulary,-2.909111,53.281455,On or near Fleet Street,E01018525,Cheshire West and Chester 007C,Violence and sexual offences,Court result unavailable,
f10e442165ba8a192ed6a381dc83ed5b7d49a2127419bfbfd3e50d821ffe3d1c,2021-12,Cheshire Constabulary,Cheshire Constabulary,-2.914629,53.278563,On or near Luton Road,E01018525,Cheshire West and Chester 007C,Violence and sexual offences,Court result unavailable,
,2021-12,Cheshire Constabulary,Cheshire Constabulary,-2.918064,53.285593,On or near Woodend Road,E01018563,Cheshire West and Chester 007D,Anti-social behaviour,,
,2021-12,Cheshire Constabulary,Cheshire Constabulary,-2.907819,53.288431,On or near Slackswood Close,E01018563,Cheshire West and Chester 007D,Anti-social behaviour,,
,2021-12,Cheshire Constabulary,Cheshire Constabulary,-2.908190,53.289660,On or near Rossfield Road North,E01018563,Cheshire West and Chester 007D,Anti-social behaviour,,
,2021-12,Cheshire Constabulary,Cheshire Constabulary,-2.915551,53.290844,On or near Leven Walk,E01018563,Cheshire West and Chester 007D,Anti-social behaviour,,
95f6e0391ffe45acd6cc69f72fceb0782fc8217a72ad5b82bc66b5c46846164d,2021-12,Cheshire Constabulary,Cheshire Constabulary,-2.917651,53.287304,On or near Shallacres,E01018563,Cheshire West and Chester 007D,Burglary,Unable to prosecute suspect,
de5f1ecd0b9f9540b9378594b517b01f4336d6046691b5660df3d1de33651882,2021-12,Cheshire Constabulary,Cheshire Constabulary,-2.914744,53.289592,On or near Aire Close,E01018563,Cheshire West and Chester 007D,Criminal damage and arson,Investigation complete; no suspect identified,
85d2ea34b2e1dc250eb3d078fe6bf06dbc26517a30160f8402f7e985b2ad2820,2021-12,Cheshire Constabulary,Cheshire Constabulary,-2.908420,53.294153,On or near M53,E01018563,Cheshire West and Chester 007D,Drugs,Court result unavailable,
21b694dd0101bc338d8e2d62cf27878834994e61b9e142bf0eacdf9ba9dd1f93,2021-12,Cheshire Constabulary,Cheshire Constabulary,-2.913084,53.289137,On or near Tees Court,E01018563,Cheshire West and Chester 007D,Drugs,Court result unavailable,
e33577ac05f048279e596948881bd0b061cd408e6e921afcc059f9c12f7ca48d,2021-12,Cheshire Constabulary,Cheshire Constabulary,-2.910466,53.283818,On or near Ross Road,E01018563,Cheshire West and Chester 007D,Other theft,Unable to prosecute suspect,
8d2b89a0f67bd17d232b0719f8e8407f9d9c01298079c48fd480e2f081ed088a,2021-12,Cheshire Constabulary,Cheshire Constabulary,-2.901775,53.283533,On or near Monks Grove,E01018563,Cheshire West and Chester 007D,Other theft,Investigation complete; no suspect identified,
2256ef2b0c97b3a2458030d6dbcdd83f4a56422b03ada95c18c80bf9f611f7d8,2021-12,Cheshire Constabulary,Cheshire Constabulary,-2.908190,53.289660,On or near Rossfield Road North,E01018563,Cheshire West and Chester 007D,Other theft,Court result unavailable,
aedd015cc48ba0e3ad02c8ff312f5ecee98d4f5ad88418d9a0a4be49dbe856b8,2021-12,Cheshire Constabulary,Cheshire Constabulary,-2.913084,53.289137,On or near Tees Court,E01018563,Cheshire West and Chester 007D,Public order,Investigation complete; no suspect identified,
7c29416c4301089aa0be5c2b45ed0bea90e74b135c3b8c75c933d65446e2d78b,2021-12,Cheshire Constabulary,Cheshire Constabulary,-2.914744,53.289592,On or near Aire Close,E01018563,Cheshire West and Chester 007D,Public order,Investigation complete; no suspect identified,
747d589fddee6d98d6ba1d8ed20ee84ce037c6543e1f0ba4d08e4cccecb63b53,2021-12,Cheshire Constabulary,Cheshire Constabulary,-2.907819,53.288431,On or near Slackswood Close,E01018563,Cheshire West and Chester 007D,Public order,Investigation complete; no suspect identified,
55631184a46a742d18658d0245b4ba89c4e3ff8c08d1240ca3dcbbc9aaef3330,2021-12,Cheshire Constabulary,Cheshire Constabulary,-2.908018,53.285769,On or near Broad Birches,E01018563,Cheshire West and Chester 007D,Public order,Unable to prosecute suspect,
71d2a1da76e3fb84a7249a94f1c65a299f05f669ade012d5dc0b7509e493c1fd,2021-12,Cheshire Constabulary,Cheshire Constabulary,-2.903236,53.285221,On or near Imperial Mews,E01018563,Cheshire West and Chester 007D,Public order,Unable to prosecute suspect,
aec129c2fec2cc30d50908251066320c7ceea59a49cde78554c3387319ba88cd,2021-12,Cheshire Constabulary,Cheshire Constabulary,-2.896882,53.285494,On or near Parking Area,E01018563,Cheshire West and Chester 007D,Violence and sexual offences,Unable to prosecute suspect,
49f53645366fd89c979d49580547c4766a51d4e4293dc007bfdbae6ef1258f38,2021-12,Cheshire Constabulary,Cheshire Constabulary,-2.896882,53.285494,On or near Parking Area,E01018563,Cheshire West and Chester 007D,Violence and sexual offences,Unable to prosecute suspect,
98e76593e7db57716f13e663f10858ca681fcf3b12c6c38fcd91911257ed5cb7,2021-12,Cheshire Constabulary,Cheshire Constabulary,-2.917651,53.287304,On or near Shallacres,E01018563,Cheshire West and Chester 007D,Violence and sexual offences,Unable to prosecute suspect,
8cef530d10e8a2a40693c1af025dea1a5c681b4e8594db85cf752927d2c0e60c,2021-12,Cheshire Constabulary,Cheshire Constabulary,-2.897131,53.282373,On or near Pedestrian Subway,E01018563,Cheshire West and Chester 007D,Violence and sexual offences,Status update unavailable,
906839323b8b544ce9ca87791e976d6e67a88c6db1cf90ad65026ff492900e68,2021-12,Cheshire Constabulary,Cheshire Constabulary,-2.919697,53.291073,On or near Nalor Place,E01018563,Cheshire West and Chester 007D,Violence and sexual offences,Investigation complete; no suspect identified,
aab553a92018a3fd2dd32847feefa4d5825e525c28ef2c116cfe2274ca1e8084,2021-12,Cheshire Constabulary,Cheshire Constabulary,-2.910466,53.283818,On or near Ross Road,E01018563,Cheshire West and Chester 007D,Violence and sexual offences,Unable to prosecute suspect,
446e1e7d9951c2cbb36fbf49c26d1f290169dd83560c012341f822fb0f80b252,2021-12,Cheshire Constabulary,Cheshire Constabulary,-2.917829,53.290045,On or near Atlas Way,E01018563,Cheshire West and Chester 007D,Violence and sexual offences,Unable to prosecute suspect,
8291bea72e4d5f594df0643be699228a57b969b99f3a8782f88956d85dd2db39,2021-12,Cheshire Constabulary,Cheshire Constabulary,-2.916029,53.290733,On or near Dove Close,E01018563,Cheshire West and Chester 007D,Violence and sexual offences,Unable to prosecute suspect,
04abfe9710d20bc538001eea0cbe9152345c73218eb0df39b5287d6961bf3323,2021-12,Cheshire Constabulary,Cheshire Constabulary,-2.896882,53.285494,On or near Parking Area,E01018563,Cheshire West and Chester 007D,Violence and sexual offences,Unable to prosecute suspect,
137f721669b5768af2344cfce8ba4a381419189877f893109887031c2ea0cbdb,2021-12,Cheshire Constabulary,Cheshire Constabulary,-2.896598,53.283402,On or near John Nicholas Crescent,E01018563,Cheshire West and Chester 007D,Violence and sexual offences,Unable to prosecute suspect,
2062bf07c9646295af19e4db97f53f09ceafe1f65df0d93737569d60fa17b43e,2021-12,Cheshire Constabulary,Cheshire Constabulary,-2.908156,53.285948,On or near Clover Birches,E01018563,Cheshire West and Chester 007D,Violence and sexual offences,Unable to prosecute suspect,
e4741b1ab8dd8b94039ab3861ffd30928a6ab522bbd6d825322b2b70ae15dfac,2021-12,Cheshire Constabulary,Cheshire Constabulary,-2.896882,53.285494,On or near Parking Area,E01018563,Cheshire West and Chester 007D,Violence and sexual offences,Local resolution,
9336e68f288ace4622b75873f3931093decaa202251f92a355e8114d6d9ef81b,2021-12,Cheshire Constabulary,Cheshire Constabulary,-2.896882,53.285494,On or near Parking Area,E01018563,Cheshire West and Chester 007D,Violence and sexual offences,Unable to prosecute suspect,
37604f114e35405c4e78e0682d83605b0fdb4500cc048dae2bde4bbc01f7ae47,2021-12,Cheshire Constabulary,Cheshire Constabulary,-2.915564,53.290017,On or near Ure Court,E01018563,Cheshire West and Chester 007D,Other crime,Unable to prosecute suspect,
,2021-12,Cheshire Constabulary,Cheshire Constabulary,-2.899914,53.287745,On or near Livingstone Road,E01018564,Cheshire West and Chester 007E,Anti-social behaviour,,
,2021-12,Cheshire Constabulary,Cheshire Constabulary,-2.899909,53.286792,On or near Grace Road,E01018564,Cheshire West and Chester 007E,Anti-social behaviour,,
,2021-12,Cheshire Constabulary,Cheshire Constabulary,-2.893848,53.287467,On or near Grosvenor Wharf Road,E01018564,Cheshire West and Chester 007E,Anti-social behaviour,,
025ae8ae5b6a839ce0ef0efff538ea5e3bf73d3e8ec575a87ac3b0eb819925a6,2021-12,Cheshire Constabulary,Cheshire Constabulary,-2.901165,53.291565,On or near Shopping Area,E01018564,Cheshire West and Chester 007E,Criminal damage and arson,Unable to prosecute suspect,
e31acd996fd080b23a904e461775a7ce1d2ea496c2f1e1ac096c2d77778453a6,2021-12,Cheshire Constabulary,Cheshire Constabulary,-2.899914,53.287745,On or near Livingstone Road,E01018564,Cheshire West and Chester 007E,Criminal damage and arson,Court result unavailable,
4cb5e7cae55f5a45f19e72b77a0cbde0f74fdb849c6d202106142b3ac3ebd579,2021-12,Cheshire Constabulary,Cheshire Constabulary,-2.903979,53.289135,On or near Frome Court,E01018564,Cheshire West and Chester 007E,Criminal damage and arson,Court result unavailable,
5a662ba8fbc795309e8487ff325c6b0eb32e9c07346da6451d0bf77d18ba3a67,2021-12,Cheshire Constabulary,Cheshire Constabulary,-2.899466,53.288531,On or near Grafton Road,E01018564,Cheshire West and Chester 007E,Criminal damage and arson,Investigation complete; no suspect identified,
eaa2e2a03d8b8110b5b51c536904654ef152795b801b7a342ee4318f6365c247,2021-12,Cheshire Constabulary,Cheshire Constabulary,-2.900647,53.284800,On or near Wilkinson Street,E01018564,Cheshire West and Chester 007E,Drugs,Local resolution,
efb61d0156101d176fac0b1872ad95879957b03a890654ddbb26a527a7cd656c,2021-12,Cheshire Constabulary,Cheshire Constabulary,-2.900647,53.287632,On or near Blakemere Court,E01018564,Cheshire West and Chester 007E,Other theft,Unable to prosecute suspect,
24ae586d965a2e40fb1262ce2d477cdc16ac9b61070bca3d9c764b84a513300e,2021-12,Cheshire Constabulary,Cheshire Constabulary,-2.892264,53.284162,On or near Crescent Road,E01018564,Cheshire West and Chester 007E,Other theft,Local resolution,
ea317aad63556ba996fded69ba9d58aeb1b9e29e47af6df8c092f2a1aec17aba,2021-12,Cheshire Constabulary,Cheshire Constabulary,-2.894968,53.285805,On or near Worcester Street,E01018564,Cheshire West and Chester 007E,Public order,Investigation complete; no suspect identified,
d6a967024e87140c5f5095f9556171a1265799b57b3f82b802c9460b510ca543,2021-12,Cheshire Constabulary,Cheshire Constabulary,-2.899914,53.287745,On or near Livingstone Road,E01018564,Cheshire West and Chester 007E,Public order,Court result unavailable,
1748d86094244f77ebb727de9086ad39cca7144117bf7bc272681ca21eb3db37,2021-12,Cheshire Constabulary,Cheshire Constabulary,-2.892264,53.284162,On or near Crescent Road,E01018564,Cheshire West and Chester 007E,Public order,Status update unavailable,
9196ad6bae0f93180d42413ebbb1f5a70ca7f1c242cca1ca4f2fc34b95a47b4f,2021-12,Cheshire Constabulary,Cheshire Constabulary,-2.899358,53.289862,On or near Elm Street,E01018564,Cheshire West and Chester 007E,Public order,Investigation complete; no suspect identified,
367c6dfac3e6427722b9ba2ec5b77808cdc66b9c3e9b6094ee16837be2b5d15f,2021-12,Cheshire Constabulary,Cheshire Constabulary,-2.896174,53.286776,On or near Old Church Close,E01018564,Cheshire West and Chester 007E,Public order,Investigation complete; no suspect identified,
07736ad6347c67b8d7b6bba9da672900fe625ed283fe820d4b93033c8e07bbd3,2021-12,Cheshire Constabulary,Cheshire Constabulary,-2.891458,53.283611,On or near Meadow Lane,E01018564,Cheshire West and Chester 007E,Public order,Court result unavailable,
416fbd5a36cb25934879de0526aa72bc34ed1b4c2ed5a9c5eeee60b818f33d69,2021-12,Cheshire Constabulary,Cheshire Constabulary,-2.899914,53.287745,On or near Livingstone Road,E01018564,Cheshire West and Chester 007E,Public order,Court result unavailable,
08b1bf3c1f2d7a864ece2e153e0a102118ffef13b39a2319132deba33cdadbce,2021-12,Cheshire Constabulary,Cheshire Constabulary,-2.896174,53.286776,On or near Old Church Close,E01018564,Cheshire West and Chester 007E,Public order,Investigation complete; no suspect identified,
2e08af086fdd01ac969cb3c1e0f30564ac797ba8970ea657195360d72bdb6c83,2021-12,Cheshire Constabulary,Cheshire Constabulary,-2.896174,53.286776,On or near Old Church Close,E01018564,Cheshire West and Chester 007E,Public order,Investigation complete; no suspect identified,
001647ecc9dd920ad9e485cf29b7ce1f4f6bc862932df567973da8059ca62f00,2021-12,Cheshire Constabulary,Cheshire Constabulary,-2.892264,53.284162,On or near Crescent Road,E01018564,Cheshire West and Chester 007E,Shoplifting,Investigation complete; no suspect identified,
2773378ede4055fb75bb993ee101aae523f8a19702064b171a794f775005a9a2,2021-12,Cheshire Constabulary,Cheshire Constabulary,-2.901478,53.283661,On or near Percival Road,E01018564,Cheshire West and Chester 007E,Violence and sexual offences,Unable to prosecute suspect,
2f4379791c67663479a9a571f70f73d758485904668b38fac0b5af90ac1d4f9a,2021-12,Cheshire Constabulary,Cheshire Constabulary,-2.892264,53.284162,On or near Crescent Road,E01018564,Cheshire West and Chester 007E,Violence and sexual offences,Court result unavailable,
150900c2c042dc96f5daef4cf8d1b8f3837962164ac5fc46eb4f3ebf8d7a2f7b,2021-12,Cheshire Constabulary,Cheshire Constabulary,-2.903979,53.289135,On or near Frome Court,E01018564,Cheshire West and Chester 007E,Violence and sexual offences,Unable to prosecute suspect,
dc6c91124c1a4986738845f6cd4e31ffabd146eb678eecb9b0ae0dcbf09f0ebb,2021-12,Cheshire Constabulary,Cheshire Constabulary,-2.891458,53.283611,On or near Meadow Lane,E01018564,Cheshire West and Chester 007E,Violence and sexual offences,Court result unavailable,
5064535353cfa09fcd068bdf166f72ae247eb5a00d0780871f3d94b1aa4fc06b,2021-12,Cheshire Constabulary,Cheshire Constabulary,-2.899914,53.287745,On or near Livingstone Road,E01018564,Cheshire West and Chester 007E,Violence and sexual offences,Unable to prosecute suspect,
00e470229962edb6f519d6c3bd017515ea60ca74e9fa62bd7ab2b88038b5becb,2021-12,Cheshire Constabulary,Cheshire Constabulary,-2.896174,53.286776,On or near Old Church Close,E01018564,Cheshire West and Chester 007E,Violence and sexual offences,Investigation complete; no suspect identified,
eef4052432fb59c16166f7e77abc502426fd5e41ff4678447c286656b6d64639,2021-12,Cheshire Constabulary,Cheshire Constabulary,-2.901478,53.283661,On or near Percival Road,E01018564,Cheshire West and Chester 007E,Violence and sexual offences,Unable to prosecute suspect,
99c919523fc412832577a931e90bc5eeae79add8989ca5d5f243129317dfa134,2021-12,Cheshire Constabulary,Cheshire Constabulary,-2.896174,53.286776,On or near Old Church Close,E01018564,Cheshire West and Chester 007E,Violence and sexual offences,Investigation complete; no suspect identified,
b2ef09b9121f72d3c3b23f1884d7f026c621c4033f59dcd532f0ee9b907f2b14,2021-12,Cheshire Constabulary,Cheshire Constabulary,-2.892264,53.284162,On or near Crescent Road,E01018564,Cheshire West and Chester 007E,Violence and sexual offences,Court result unavailable,
11e9ec6cc930918b4badc2516896a67a081226c85cfd4da2872d94bf65585371,2021-12,Cheshire Constabulary,Cheshire Constabulary,-2.899914,53.287745,On or near Livingstone Road,E01018564,Cheshire West and Chester 007E,Violence and sexual offences,Unable to prosecute suspect,
b145b1be53a7801464d3238d05f3ac61a5ba5fb1b03508dba6e03a434c65a3e8,2021-12,Cheshire Constabulary,Cheshire Constabulary,-2.894870,53.287558,On or near Dock Street,E01018564,Cheshire West and Chester 007E,Violence and sexual offences,Unable to prosecute suspect,
10890e8e25f5da504cc855a280b0e12a8c2aed8b6ba6cd90f169776642182688,2021-12,Cheshire Constabulary,Cheshire Constabulary,-2.892264,53.284162,On or near Crescent Road,E01018564,Cheshire West and Chester 007E,Violence and sexual offences,Investigation complete; no suspect identified,
80491f62eadc6185b5ef4b1ebed3494a119d7a2ca2538f71919da3a29a798fe7,2021-12,Cheshire Constabulary,Cheshire Constabulary,-2.898931,53.288804,On or near Stanley Road,E01018564,Cheshire West and Chester 007E,Violence and sexual offences,Unable to prosecute suspect,
cceba9ffd576b6f88b8390814978afa3f708a6f4352ca2d97a7f41a26596f0a2,2021-12,Cheshire Constabulary,Cheshire Constabulary,-2.891458,53.283611,On or near Meadow Lane,E01018564,Cheshire West and Chester 007E,Violence and sexual offences,Court result unavailable,
90990504dae8a6aa3fcefde2afed4e26f63d4c9e6754e45ec69b50c9ad6245e4,2021-12,Cheshire Constabulary,Cheshire Constabulary,-2.901478,53.283661,On or near Percival Road,E01018564,Cheshire West and Chester 007E,Other crime,Status update unavailable,
a23f055555379c73e111921677b3acf54abcc07a4aa39f692770d0aec554653b,2021-12,Cheshire Constabulary,Cheshire Constabulary,-2.894968,53.285805,On or near Worcester Street,E01018564,Cheshire West and Chester 007E,Other crime,Unable to prosecute suspect,
06d546ff84e6c759bcc78034fcdb7dd262b5918a601f46a5a683e54ea112d6ab,2021-12,Cheshire Constabulary,Cheshire Constabulary,-2.895173,53.284104,On or near Station Road,E01035368,Cheshire West and Chester 007I,Vehicle crime,Investigation complete; no suspect identified,
6823ea3db73c365cbeabb8f421d059844737d0bbc7b501c26b8072f342b256b7,2021-12,Cheshire Constabulary,Cheshire Constabulary,-2.929091,53.278101,On or near Wilmslow Avenue,E01018523,Cheshire West and Chester 008A,Violence and sexual offences,Awaiting court outcome,
,2021-12,Cheshire Constabulary,Cheshire Constabulary,-2.925537,53.282255,On or near Farndon Road,E01018523,Cheshire West and Chester 008A,Anti-social behaviour,,
1c974ea60777796351f12534db7fefa892d3942070ba615292bcc49610965382,2021-12,Cheshire Constabulary,Cheshire Constabulary,-2.929590,53.277558,On or near Wilmslow Drive,E01018523,Cheshire West and Chester 008A,Criminal damage and arson,Investigation complete; no suspect identified,
dd0ee03ff2e67ccd8449fbb39404185a75dd008ca097545aceb07246ad89285e,2021-12,Cheshire Constabulary,Cheshire Constabulary,-2.924518,53.276743,On or near Tarporley Road,E01018523,Cheshire West and Chester 008A,Other theft,Investigation complete; no suspect identified,
b207cadd94d4b106982c5b274cd5182b20c7122e17c2e5a9991a9e65f5e1bb41,2021-12,Cheshire Constabulary,Cheshire Constabulary,-2.924518,53.276743,On or near Tarporley Road,E01018523,Cheshire West and Chester 008A,Vehicle crime,Investigation complete; no suspect identified,
ca490be47fc8fb1ddf22d9bdbaf9f2a05e0f78daa7846a8456dfd9f28555a60e,2021-12,Cheshire Constabulary,Cheshire Constabulary,-2.925537,53.282255,On or near Farndon Road,E01018523,Cheshire West and Chester 008A,Violence and sexual offences,Status update unavailable,
d5e05f48b53ebbbbd53188255433a28d6eb755f067e931af807086744aaa7fad,2021-12,Cheshire Constabulary,Cheshire Constabulary,-2.925733,53.276761,On or near Thelwall Road,E01018523,Cheshire West and Chester 008A,Violence and sexual offences,Investigation complete; no suspect identified,
b26c9129cbec5c6a3101a74f9122d67a0bc0a38c669af95d86d97cd1b37317c3,2021-12,Cheshire Constabulary,Cheshire Constabulary,-2.925537,53.282255,On or near Farndon Road,E01018523,Cheshire West and Chester 008A,Violence and sexual offences,Status update unavailable,
,2021-12,Cheshire Constabulary,Cheshire Constabulary,-2.922268,53.282298,On or near Norley Avenue,E01018524,Cheshire West and Chester 008B,Anti-social behaviour,,
,2021-12,Cheshire Constabulary,Cheshire Constabulary,-2.922385,53.283573,On or near Servite Close,E01018524,Cheshire West and Chester 008B,Anti-social behaviour,,
612ffbb1ad8c8d437c7b4f28784e1690bcec34a578b8384b30f304aff4067b41,2021-12,Cheshire Constabulary,Cheshire Constabulary,-2.919841,53.281031,On or near Barnston Avenue,E01018524,Cheshire West and Chester 008B,Burglary,Unable to prosecute suspect,
a8fe1f913c5ac6140c98d7e65bcd1bbe6f1ba6feb810655449317f0b4bc4a706,2021-12,Cheshire Constabulary,Cheshire Constabulary,-2.922268,53.282298,On or near Norley Avenue,E01018524,Cheshire West and Chester 008B,Criminal damage and arson,Unable to prosecute suspect,
b62ad65a51fabd089712f64bae824be8bc0f4c6e19d0e1f554e2d1e8de7248d3,2021-12,Cheshire Constabulary,Cheshire Constabulary,-2.922268,53.282298,On or near Norley Avenue,E01018524,Cheshire West and Chester 008B,Criminal damage and arson,Investigation complete; no suspect identified,
af6633d64a90290da6bd64772385f33b720584e34b6c6021af6fec5b1e737bc0,2021-12,Cheshire Constabulary,Cheshire Constabulary,-2.921532,53.282969,On or near Marbury Gardens,E01018524,Cheshire West and Chester 008B,Criminal damage and arson,Investigation complete; no suspect identified,
2c71fa4671c7a7a47c0c4156b2fffddb2c8a06cf9e01e8085a5544935a54f2e4,2021-12,Cheshire Constabulary,Cheshire Constabulary,-2.919841,53.281031,On or near Barnston Avenue,E01018524,Cheshire West and Chester 008B,Drugs,Unable to prosecute suspect,
7dddd311f13f7c46c0e2f7362064c21a7f8d45916acc66e25c474505728d516c,2021-12,Cheshire Constabulary,Cheshire Constabulary,-2.922268,53.282298,On or near Norley Avenue,E01018524,Cheshire West and Chester 008B,Other theft,Investigation complete; no suspect identified,
d763701f872370b4e69ad00b262c7789e525dd50d4b6252590b6ebaeb370f7d1,2021-12,Cheshire Constabulary,Cheshire Constabulary,-2.922268,53.282298,On or near Norley Avenue,E01018524,Cheshire West and Chester 008B,Public order,Unable to prosecute suspect,
9b503479883406aa826ed93fa96929aa0b09bf57061fbcf66e7f538b9a0f0334,2021-12,Cheshire Constabulary,Cheshire Constabulary,-2.919841,53.281031,On or near Barnston Avenue,E01018524,Cheshire West and Chester 008B,Public order,Court result unavailable,
18e943d7f46c888f4bdeecacbdf485c55749a849661640e916b3222c8ec0c664,2021-12,Cheshire Constabulary,Cheshire Constabulary,-2.915554,53.281873,On or near Stamford Street,E01018524,Cheshire West and Chester 008B,Public order,Unable to prosecute suspect,
8f681acc60839d8bb82c9970872c04e4cb51a788ccec1c174fae2983123df71b,2021-12,Cheshire Constabulary,Cheshire Constabulary,-2.922268,53.282298,On or near Norley Avenue,E01018524,Cheshire West and Chester 008B,Public order,Investigation complete; no suspect identified,
1b6c0f18a1014ab94bb9b6627d32d7829adfe7c940c58c5c327730a0f76d05fd,2021-12,Cheshire Constabulary,Cheshire Constabulary,-2.922268,53.282298,On or near Norley Avenue,E01018524,Cheshire West and Chester 008B,Violence and sexual offences,Unable to prosecute suspect,
1a0ebbf129f0ddc922c84c9c319552461feb9e9c96a14a11f17a3274bee4e02e,2021-12,Cheshire Constabulary,Cheshire Constabulary,-2.922268,53.282298,On or near Norley Avenue,E01018524,Cheshire West and Chester 008B,Violence and sexual offences,Investigation complete; no suspect identified,
412160ca23f130b8e02f9a06e395b369f2065a7ec4befd490a28af0b34de35ad,2021-12,Cheshire Constabulary,Cheshire Constabulary,-2.922268,53.282298,On or near Norley Avenue,E01018524,Cheshire West and Chester 008B,Violence and sexual offences,Unable to prosecute suspect,
b75fbd6105c24231f361b426ca1031402d69883d715762c7f7da78191bfa8b52,2021-12,Cheshire Constabulary,Cheshire Constabulary,-2.924733,53.283250,On or near Romiley Road,E01018524,Cheshire West and Chester 008B,Violence and sexual offences,Unable to prosecute suspect,
,2021-12,Cheshire Constabulary,Cheshire Constabulary,-2.937027,53.274758,On or near Green Lane,E01018541,Cheshire West and Chester 008C,Anti-social behaviour,,
,2021-12,Cheshire Constabulary,Cheshire Constabulary,-2.937544,53.275787,On or near Hallfield Park,E01018541,Cheshire West and Chester 008C,Anti-social behaviour,,
,2021-12,Cheshire Constabulary,Cheshire Constabulary,-2.937544,53.275787,On or near Hallfield Park,E01018541,Cheshire West and Chester 008C,Anti-social behaviour,,
5c315de30fca77cf040d99aa958f018fa93a060f02efe9e473f14ebfa835dd47,2021-12,Cheshire Constabulary,Cheshire Constabulary,-2.937027,53.274758,On or near Green Lane,E01018541,Cheshire West and Chester 008C,Burglary,Investigation complete; no suspect identified,
b20b49701430cfed4978b58aecb13fdb14c61e8fd05bc73960de477e115110bb,2021-12,Cheshire Constabulary,Cheshire Constabulary,-2.937544,53.275787,On or near Hallfield Park,E01018541,Cheshire West and Chester 008C,Public order,Unable to prosecute suspect,
d2e4a20502dffa87b71c808b64345923804c9b775c4716e441574a9fc97b359a,2021-12,Cheshire Constabulary,Cheshire Constabulary,-2.935291,53.274942,On or near Heswall Road,E01018541,Cheshire West and Chester 008C,Public order,Unable to prosecute suspect,
715da85187923347d262295867908872e32540f5e142960b9ec979cc50ee02c7,2021-12,Cheshire Constabulary,Cheshire Constabulary,-2.937027,53.274758,On or near Green Lane,E01018541,Cheshire West and Chester 008C,Public order,Investigation complete; no suspect identified,
646cd6f292efd59981ecc026710607fcb691aeddcd04d8742edc44f88569d44e,2021-12,Cheshire Constabulary,Cheshire Constabulary,-2.937077,53.276357,On or near Old Chester Road,E01018541,Cheshire West and Chester 008C,Public order,Unable to prosecute suspect,
d6d3830c07787566b61c1ad94483daefb1fd9a8036f54b542249b9b7486a33b3,2021-12,Cheshire Constabulary,Cheshire Constabulary,-2.935938,53.281194,On or near Parklands,E01018541,Cheshire West and Chester 008C,Violence and sexual offences,Unable to prosecute suspect,
2b00e23ded30c15fa6274ec4d62fc96f9098cf4e82681e3859547a87352d515a,2021-12,Cheshire Constabulary,Cheshire Constabulary,-2.937544,53.275787,On or near Hallfield Park,E01018541,Cheshire West and Chester 008C,Violence and sexual offences,Unable to prosecute suspect,
fc33ee4304a2f7d32f157060a675550d99dc195ffbd94eae022ddd4bbf1678bb,2021-12,Cheshire Constabulary,Cheshire Constabulary,-2.933994,53.280085,On or near Brook Road,E01018541,Cheshire West and Chester 008C,Violence and sexual offences,Unable to prosecute suspect,
e0882103eb02db7a3bdf2c29bd7080f1ea0b655316c5b38d7d89670242ac25fc,2021-12,Cheshire Constabulary,Cheshire Constabulary,-2.936230,53.276049,On or near Cygnet Close,E01018541,Cheshire West and Chester 008C,Violence and sexual offences,Unable to prosecute suspect,
b13e6187b74bd24013cef0ccf6fff78599396951e14bdec4cf37c84a5e0be11d,2021-12,Cheshire Constabulary,Cheshire Constabulary,-2.934145,53.274646,On or near Sutton Way,E01018541,Cheshire West and Chester 008C,Violence and sexual offences,Unable to prosecute suspect,
8b4ce8f6665503e54bf12d266cc72381b93039c6d3d1ba1b5416329509dc6d24,2021-12,Cheshire Constabulary,Cheshire Constabulary,-2.933994,53.280085,On or near Brook Road,E01018541,Cheshire West and Chester 008C,Violence and sexual offences,Unable to prosecute suspect,
c3027272edc7589ab32e7d3f4c853f6fce0cac6bd6680dc390cb7b8d2292e6c9,2021-12,Cheshire Constabulary,Cheshire Constabulary,-2.935938,53.281194,On or near Parklands,E01018541,Cheshire West and Chester 008C,Violence and sexual offences,Unable to prosecute suspect,
f1945699808bd1a25ac4c8b004f0d1b6068d8412587f0c6928e48c51a9208929,2021-12,Cheshire Constabulary,Cheshire Constabulary,-2.935291,53.274942,On or near Heswall Road,E01018541,Cheshire West and Chester 008C,Violence and sexual offences,Unable to prosecute suspect,
29846a1c2b7214117e3583d1679b4d1466de40969dcbf67ebbcb562a8feaa28e,2021-12,Cheshire Constabulary,Cheshire Constabulary,-2.937544,53.275787,On or near Hallfield Park,E01018541,Cheshire West and Chester 008C,Violence and sexual offences,Unable to prosecute suspect,
,2021-12,Cheshire Constabulary,Cheshire Constabulary,-2.933427,53.280935,On or near Valley Drive,E01018542,Cheshire West and Chester 008D,Anti-social behaviour,,
,2021-12,Cheshire Constabulary,Cheshire Constabulary,-2.932270,53.283586,On or near Woodvale Road,E01018542,Cheshire West and Chester 008D,Anti-social behaviour,,
,2021-12,Cheshire Constabulary,Cheshire Constabulary,-2.932270,53.283586,On or near Woodvale Road,E01018542,Cheshire West and Chester 008D,Anti-social behaviour,,
,2021-12,Cheshire Constabulary,Cheshire Constabulary,-2.932270,53.283586,On or near Woodvale Road,E01018542,Cheshire West and Chester 008D,Anti-social behaviour,,
e510ce84632f9e354bf737c7ffc7c69f11c5e4dc4df9c8b425ac874ffc69f78f,2021-12,Cheshire Constabulary,Cheshire Constabulary,-2.935889,53.281706,On or near Parklands View,E01018542,Cheshire West and Chester 008D,Burglary,Investigation complete; no suspect identified,
4048f9ffd8c237b735d4df8d1d80bc5fb3942589f1b6f62d9cc660278abf9632,2021-12,Cheshire Constabulary,Cheshire Constabulary,-2.932270,53.283586,On or near Woodvale Road,E01018542,Cheshire West and Chester 008D,Criminal damage and arson,Unable to prosecute suspect,
fedf38a35cfa28015a57a1ce2929447a0a285de0fd69b62951ea7dc5d038ccdc,2021-12,Cheshire Constabulary,Cheshire Constabulary,-2.932270,53.283586,On or near Woodvale Road,E01018542,Cheshire West and Chester 008D,Public order,Unable to prosecute suspect,
940be60d07cf74ad39873cc12e5b3b7bb00889af8fdffdb4840e8364fafacb31,2021-12,Cheshire Constabulary,Cheshire Constabulary,-2.935889,53.281706,On or near Parklands View,E01018542,Cheshire West and Chester 008D,Public order,Investigation complete; no suspect identified,
23afb188c9568ef6516ca5cd28319d09f318fdc11275c92c094dc05ea5dc53ac,2021-12,Cheshire Constabulary,Cheshire Constabulary,-2.934097,53.284129,On or near Parklea,E01018542,Cheshire West and Chester 008D,Public order,Investigation complete; no suspect identified,
7354723e9e174e8ad698a0a8a3681b582692b3f953149a649174bc893dfe53e9,2021-12,Cheshire Constabulary,Cheshire Constabulary,-2.932270,53.283586,On or near Woodvale Road,E01018542,Cheshire West and Chester 008D,Violence and sexual offences,Unable to prosecute suspect,
b2babc35cae862d727cda2dba56ddeb7fb176e72640cdaef5764cc54dbc2542f,2021-12,Cheshire Constabulary,Cheshire Constabulary,-2.935889,53.281706,On or near Parklands View,E01018542,Cheshire West and Chester 008D,Violence and sexual offences,Unable to prosecute suspect,
4c261bea63b51e44afc66b7f096c472fdaa416a559d6986ae1f552ab38f65cd8,2021-12,Cheshire Constabulary,Cheshire Constabulary,-2.932270,53.283586,On or near Woodvale Road,E01018542,Cheshire West and Chester 008D,Violence and sexual offences,Unable to prosecute suspect,
,2021-12,Cheshire Constabulary,Cheshire Constabulary,-2.938154,53.282417,On or near Maple Avenue,E01018543,Cheshire West and Chester 008E,Anti-social behaviour,,
e1a1b3595264c61b743d0cbc2a82f508ffbfde94f0b70ba5e7c3a663c03fa438,2021-12,Cheshire Constabulary,Cheshire Constabulary,-2.940622,53.281390,On or near Dunbar Close,E01018543,Cheshire West and Chester 008E,Other theft,Investigation complete; no suspect identified,
bcda80940d289c8c008c5bafe55313868eb721ecbfac7dc1d47cc0e8ebaca9a9,2021-12,Cheshire Constabulary,Cheshire Constabulary,-2.940622,53.281390,On or near Dunbar Close,E01018543,Cheshire West and Chester 008E,Other theft,Investigation complete; no suspect identified,
bce529d74ee6062f09cea7c6057941fdc3678514152918875dffffa9a07392df,2021-12,Cheshire Constabulary,Cheshire Constabulary,-2.944566,53.284074,On or near Parking Area,E01018543,Cheshire West and Chester 008E,Other theft,Investigation complete; no suspect identified,
596154a5d75eefd4c05883c85c8b3a133ba40b500c3abbc5126a28e69ee63da7,2021-12,Cheshire Constabulary,Cheshire Constabulary,-2.938667,53.283222,On or near Cedar Avenue,E01018543,Cheshire West and Chester 008E,Violence and sexual offences,Court result unavailable,
baa6552900ac4167834d380caa5a7aa56b31e6f42944c36d951276b3b0a485e2,2021-12,Cheshire Constabulary,Cheshire Constabulary,-2.938667,53.283222,On or near Cedar Avenue,E01018543,Cheshire West and Chester 008E,Violence and sexual offences,Unable to prosecute suspect,
f6d0e69a9c26e4857629167abca219cbf76591da0a1c6d221fa01e83359d6933,2021-12,Cheshire Constabulary,Cheshire Constabulary,-2.943669,53.284225,On or near Briardale Gardens,E01018543,Cheshire West and Chester 008E,Violence and sexual offences,Unable to prosecute suspect,
,2021-12,Cheshire Constabulary,Cheshire Constabulary,-2.942538,53.281213,On or near Supermarket,E01018528,Cheshire West and Chester 009A,Anti-social behaviour,,
,2021-12,Cheshire Constabulary,Cheshire Constabulary,-2.944052,53.281192,On or near Elland Drive,E01018528,Cheshire West and Chester 009A,Anti-social behaviour,,
edbde1579a97a593c308db10b2971cf8236834b7bd61c268cf45ad45a89c4b88,2021-12,Cheshire Constabulary,Cheshire Constabulary,-2.947457,53.279179,On or near Wetherby Way,E01018528,Cheshire West and Chester 009A,Other theft,Investigation complete; no suspect identified,
,2021-12,Cheshire Constabulary,Cheshire Constabulary,-2.962011,53.284761,On or near Stiperstones Close,E01018530,Cheshire West and Chester 009C,Anti-social behaviour,,
1cf2a0aa3d734500cd0ecf5c4236391f81fca757d3b279cd68b4f1b2ca6a5810,2021-12,Cheshire Constabulary,Cheshire Constabulary,-2.962011,53.284761,On or near Stiperstones Close,E01018530,Cheshire West and Chester 009C,Burglary,Court result unavailable,
a7a797acef45e822c87c9eb6f7582836d5e6135221b139c4b3d5b51701ef680b,2021-12,Cheshire Constabulary,Cheshire Constabulary,-2.962480,53.286277,On or near Barnwood,E01018530,Cheshire West and Chester 009C,Other theft,Investigation complete; no suspect identified,
f51b29aeab325a921df5c86b07532abc578c9b19d1a7340419c339f724c9c9b8,2021-12,Cheshire Constabulary,Cheshire Constabulary,-2.962011,53.284761,On or near Stiperstones Close,E01018530,Cheshire West and Chester 009C,Public order,Investigation complete; no suspect identified,
db4db4ea3c2ba40883a2d8c795a098849e84f30277c5a4a2cdb570866fd2d7ee,2021-12,Cheshire Constabulary,Cheshire Constabulary,-2.962011,53.284761,On or near Stiperstones Close,E01018530,Cheshire West and Chester 009C,Public order,Court result unavailable,
9bb6debe049ea7b8a8950e6855c56a205235cbb953af33ae8643fb85aa16199a,2021-12,Cheshire Constabulary,Cheshire Constabulary,-2.962011,53.284761,On or near Stiperstones Close,E01018530,Cheshire West and Chester 009C,Violence and sexual offences,Court result unavailable,
,2021-12,Cheshire Constabulary,Cheshire Constabulary,-2.946992,53.284576,On or near Parking Area,E01018531,Cheshire West and Chester 009D,Anti-social behaviour,,
2a8080da45ffa2e77faaa4000994481a11cad1bf0c7798212788d12c09f24169,2021-12,Cheshire Constabulary,Cheshire Constabulary,-2.949040,53.286304,On or near Heathlands Road,E01018531,Cheshire West and Chester 009D,Other theft,Unable to prosecute suspect,
c03248f91ebb008f46e423906aa3dd43083e2567efa4de0a1174d1ff45ca9497,2021-12,Cheshire Constabulary,Cheshire Constabulary,-2.950844,53.281085,On or near Starbeck Drive,E01018531,Cheshire West and Chester 009D,Violence and sexual offences,Unable to prosecute suspect,
5fe7ecff6c852504a6e5131ca415090b87c15182ccfb45e4b32ff38c83b3e9af,2021-12,Cheshire Constabulary,Cheshire Constabulary,-2.946992,53.284576,On or near Parking Area,E01018531,Cheshire West and Chester 009D,Violence and sexual offences,Unable to prosecute suspect,
f6bd86774145bfd147ac260edd9084b03bd8e3e4d69b2d627bed21c6198b619b,2021-12,Cheshire Constabulary,Cheshire Constabulary,-2.941536,53.273832,On or near Elaine Close,E01018560,Cheshire West and Chester 009E,Burglary,Unable to prosecute suspect,
ac2d104cda6cee50ddae83f1daee12c68554357a69fd72e76df44c8b8bdb94bf,2021-12,Cheshire Constabulary,Cheshire Constabulary,-2.937754,53.272361,On or near Adam Avenue,E01018560,Cheshire West and Chester 009E,Violence and sexual offences,Unable to prosecute suspect,
b78b655fb529f743a7bde8f3a68c9602d9c3794aaccdccec87de935200cff793,2021-12,Cheshire Constabulary,Cheshire Constabulary,-2.942846,53.267988,On or near Mount Farm Way,E01018560,Cheshire West and Chester 009E,Violence and sexual offences,Unable to prosecute suspect,
bffeceee16def165ae27f2a650ffe3cbb39a0304f7d54f7362fbe3484b978f35,2021-12,Cheshire Constabulary,Cheshire Constabulary,-2.937754,53.272361,On or near Adam Avenue,E01018560,Cheshire West and Chester 009E,Violence and sexual offences,Unable to prosecute suspect,
4517cb4db3cc885e6d3bb2ec7f52f890f359e81e202fcf2f1cb9dba82903056a,2021-12,Cheshire Constabulary,Cheshire Constabulary,-2.929632,53.260865,On or near Brecon Drive,E01018562,Cheshire West and Chester 009G,Public order,Unable to prosecute suspect,
,2021-12,Cheshire Constabulary,Cheshire Constabulary,-2.920190,53.277010,On or near The Boulevard,E01018522,Cheshire West and Chester 010A,Anti-social behaviour,,
,2021-12,Cheshire Constabulary,Cheshire Constabulary,-2.925061,53.278977,On or near Eccleston Avenue,E01018522,Cheshire West and Chester 010A,Anti-social behaviour,,
a5d9ad022d8f71a1a28cd03e31851771359603b40b4249c015fc6f5d41a58406,2021-12,Cheshire Constabulary,Cheshire Constabulary,-2.919218,53.282043,On or near Bostock Green,E01018522,Cheshire West and Chester 010A,Bicycle theft,Investigation complete; no suspect identified,
78aa16958674d260c15e665f6931f8bea0377ad09ed436490d58659c117059be,2021-12,Cheshire Constabulary,Cheshire Constabulary,-2.925061,53.278977,On or near Eccleston Avenue,E01018522,Cheshire West and Chester 010A,Criminal damage and arson,Investigation complete; no suspect identified,
2e9b75cd3aba31ecc06e533991cd1b3803a3a5c5e58adaea0ae5547ba4af83b0,2021-12,Cheshire Constabulary,Cheshire Constabulary,-2.916895,53.277233,On or near Sutton Way,E01018522,Cheshire West and Chester 010A,Possession of weapons,Unable to prosecute suspect,
0fd34ee740a3f59a24edd913aa87b441a28a4fe9f0a02f6086e8034878f25340,2021-12,Cheshire Constabulary,Cheshire Constabulary,-2.920190,53.277010,On or near The Boulevard,E01018522,Cheshire West and Chester 010A,Public order,Court result unavailable,
ce5bf503bc62a0ca43d185699e60d77346e42bece216a74897d0dc874c58877e,2021-12,Cheshire Constabulary,Cheshire Constabulary,-2.925061,53.278977,On or near Eccleston Avenue,E01018522,Cheshire West and Chester 010A,Public order,Unable to prosecute suspect,
92fca2ba9f8f453936963c8b83d0c70b56a3e22890dc6f6a948084e3efa78cc4,2021-12,Cheshire Constabulary,Cheshire Constabulary,-2.916287,53.278245,On or near Suffolk Avenue,E01018522,Cheshire West and Chester 010A,Public order,Unable to prosecute suspect,
44be62d3941debf69a992d9b0a0d3610cfe8c8e3bba9445878234d87c69014c4,2021-12,Cheshire Constabulary,Cheshire Constabulary,-2.925061,53.278977,On or near Eccleston Avenue,E01018522,Cheshire West and Chester 010A,Public order,Unable to prosecute suspect,
de88b6f36eb6462a367bc62e7a364dc4098307acf5c551fc33bb0eadff0e8f6f,2021-12,Cheshire Constabulary,Cheshire Constabulary,-2.921434,53.278376,On or near Brooklyn Drive,E01018522,Cheshire West and Chester 010A,Violence and sexual offences,Court result unavailable,
778e08b623acaa945dd186726f723e3f8ad92f874263eeaef26f8f91cb0646e3,2021-12,Cheshire Constabulary,Cheshire Constabulary,-2.920190,53.277010,On or near The Boulevard,E01018522,Cheshire West and Chester 010A,Violence and sexual offences,Court result unavailable,
046ab2b5593ef2f1d05b419cf994ef1799aa9169ed6afebccea2095a71db7fd2,2021-12,Cheshire Constabulary,Cheshire Constabulary,-2.920190,53.277010,On or near The Boulevard,E01018522,Cheshire West and Chester 010A,Violence and sexual offences,Court result unavailable,
b5661fe4c89720c2b69114dd5bdf25ce02a8b4d30740185123dd2a33c38b78ef,2021-12,Cheshire Constabulary,Cheshire Constabulary,-2.920190,53.277010,On or near The Boulevard,E01018522,Cheshire West and Chester 010A,Violence and sexual offences,Court result unavailable,
bb2bcb6254b6909cb459b6719aa0daa4841345705e47dead7dc75ce84b762f34,2021-12,Cheshire Constabulary,Cheshire Constabulary,-2.920190,53.277010,On or near The Boulevard,E01018522,Cheshire West and Chester 010A,Violence and sexual offences,Unable to prosecute suspect,
c172cb553db0626e75ea54425ed71ca601dc8c582c07e0df6e5369869409e556,2021-12,Cheshire Constabulary,Cheshire Constabulary,-2.926050,53.277549,On or near Gawsworth Road,E01018522,Cheshire West and Chester 010A,Violence and sexual offences,Unable to prosecute suspect,
a7c2fe27fb5fcdcaa31e020fcce9304a79912322b2592fedfafb0a44fd444a98,2021-12,Cheshire Constabulary,Cheshire Constabulary,-2.926050,53.277549,On or near Gawsworth Road,E01018522,Cheshire West and Chester 010A,Violence and sexual offences,Offender given a caution,
c7639d7362068fac604f3ef6fc251fea1d6c5b55b9ffa7de36a466cf8892c6df,2021-12,Cheshire Constabulary,Cheshire Constabulary,-2.920190,53.277010,On or near The Boulevard,E01018522,Cheshire West and Chester 010A,Violence and sexual offences,Unable to prosecute suspect,
7a2f3fc7ad127281db1d85642f667a9a1a8508614408d5f65f2ed52b5c496e4f,2021-12,Cheshire Constabulary,Cheshire Constabulary,-2.911990,53.280705,On or near Regent Street,E01018522,Cheshire West and Chester 010A,Violence and sexual offences,Unable to prosecute suspect,
56f908629b0412da1411ad9e36a0e645a41c54535cbe838601f47de5e7acdc2d,2021-12,Cheshire Constabulary,Cheshire Constabulary,-2.910144,53.275011,On or near Cavell Drive,E01018538,Cheshire West and Chester 010B,Violence and sexual offences,Unable to prosecute suspect,
f4e634335be7f9de4fc953574b3c645c71e0f9f207b3a5d9106b93bc08880109,2021-12,Cheshire Constabulary,Cheshire Constabulary,-2.912559,53.275766,On or near Tennyson Road,E01018538,Cheshire West and Chester 010B,Violence and sexual offences,Unable to prosecute suspect,
ca26cb4e99a2658e7fa2da5afac829da9f6c3e1379932e38a25480a0c039f54a,2021-12,Cheshire Constabulary,Cheshire Constabulary,-2.913676,53.275397,On or near Faraday Road,E01018538,Cheshire West and Chester 010B,Violence and sexual offences,Unable to prosecute suspect,
31c99a5fdb1468b4ea8f6f2f58796d7c468551810ca8fdc2388c14b958a88085,2021-12,Cheshire Constabulary,Cheshire Constabulary,-2.907336,53.276947,On or near Sports/Recreation Area,E01018538,Cheshire West and Chester 010B,Violence and sexual offences,Action to be taken by another organisation,
caa873dcd8c8c5e96a3a1ae7a7f02300ad2f313cab8ca82682cf92fe1d7ef12a,2021-12,Cheshire Constabulary,Cheshire Constabulary,-2.907336,53.276947,On or near Sports/Recreation Area,E01018538,Cheshire West and Chester 010B,Violence and sexual offences,Investigation complete; no suspect identified,
887b72ab19d4f9ff4e915eabb04690f962f229b77399e25efcf2e6a1fa19bbcd,2021-12,Cheshire Constabulary,Cheshire Constabulary,-2.910144,53.275011,On or near Cavell Drive,E01018538,Cheshire West and Chester 010B,Violence and sexual offences,Unable to prosecute suspect,
0cd2f541d7908d36e3c3b380a64268b3de3a3123b124e0e41f25c4c01d3b1728,2021-12,Cheshire Constabulary,Cheshire Constabulary,-2.913676,53.275397,On or near Faraday Road,E01018538,Cheshire West and Chester 010B,Violence and sexual offences,Court result unavailable,
4a5833ab94909714835904fb816225b72124224d7ab5cd6eb7f36f0a0e663dae,2021-12,Cheshire Constabulary,Cheshire Constabulary,-2.907336,53.276947,On or near Sports/Recreation Area,E01018538,Cheshire West and Chester 010B,Violence and sexual offences,Action to be taken by another organisation,
7027a8566fcccde41be5fa7b22bb1c2249780564718430ca32a1fcde636d7663,2021-12,Cheshire Constabulary,Cheshire Constabulary,-2.910144,53.275011,On or near Cavell Drive,E01018538,Cheshire West and Chester 010B,Violence and sexual offences,Unable to prosecute suspect,
,2021-12,Cheshire Constabulary,Cheshire Constabulary,-2.920388,53.275795,On or near Singleton Road,E01018539,Cheshire West and Chester 010C,Anti-social behaviour,,
,2021-12,Cheshire Constabulary,Cheshire Constabulary,-2.920388,53.275795,On or near Singleton Road,E01018539,Cheshire West and Chester 010C,Anti-social behaviour,,
,2021-12,Cheshire Constabulary,Cheshire Constabulary,-2.920190,53.274233,On or near Bruera Road,E01018539,Cheshire West and Chester 010C,Anti-social behaviour,,
660f61cc62332efe13375e68d357695278f034a4b8e5ca064bac25c7c8d2d2c4,2021-12,Cheshire Constabulary,Cheshire Constabulary,-2.920388,53.275795,On or near Singleton Road,E01018539,Cheshire West and Chester 010C,Criminal damage and arson,Investigation complete; no suspect identified,
a261ef13d3a7686ab2c7c81427b4f1849b2dd50b3eea9b61678c035698b099a6,2021-12,Cheshire Constabulary,Cheshire Constabulary,-2.917894,53.272075,On or near Grappenhall Road,E01018539,Cheshire West and Chester 010C,Possession of weapons,Court result unavailable,
12ac7c4e493d6ee2c9d952c2225e0fab3e6434f51a1915bb12fc6c61316b2b3e,2021-12,Cheshire Constabulary,Cheshire Constabulary,-2.920190,53.274233,On or near Bruera Road,E01018539,Cheshire West and Chester 010C,Public order,Investigation complete; no suspect identified,
654c5e05b151e570d87d413d98234d199c20e42b031c02aad02263761e5180a5,2021-12,Cheshire Constabulary,Cheshire Constabulary,-2.920388,53.275795,On or near Singleton Road,E01018539,Cheshire West and Chester 010C,Public order,Unable to prosecute suspect,
a68848da863e54f53364ee6081e8f2b16c89225717782b018343128be21d4858,2021-12,Cheshire Constabulary,Cheshire Constabulary,-2.920388,53.275795,On or near Singleton Road,E01018539,Cheshire West and Chester 010C,Violence and sexual offences,Investigation complete; no suspect identified,
ac4e53e1ea716e66a1d5661a086e5915cf2446022b6af2f9c61d5c6743c23ca9,2021-12,Cheshire Constabulary,Cheshire Constabulary,-2.920190,53.274233,On or near Bruera Road,E01018539,Cheshire West and Chester 010C,Violence and sexual offences,Unable to prosecute suspect,
cb072ab2381f6c88926b756669d92c1f2fa57d887a3bf6eddf3335aa642d36a4,2021-12,Cheshire Constabulary,Cheshire Constabulary,-2.920388,53.275795,On or near Singleton Road,E01018539,Cheshire West and Chester 010C,Violence and sexual offences,Unable to prosecute suspect,
,2021-12,Cheshire Constabulary,Cheshire Constabulary,-2.912092,53.272839,On or near Supermarket,E01018540,Cheshire West and Chester 010D,Anti-social behaviour,,
5ec1620f242a2d6ccd50f71f46df55dfdd20cb02c0026c3318914ba2df3b969a,2021-12,Cheshire Constabulary,Cheshire Constabulary,-2.912092,53.272839,On or near Supermarket,E01018540,Cheshire West and Chester 010D,Bicycle theft,Investigation complete; no suspect identified,
2e9e073a468f0787f5ca5aa1f91d304b822eb0e4d28dabcbaebbbe0dc541ca15,2021-12,Cheshire Constabulary,Cheshire Constabulary,-2.912231,53.268082,On or near Pleck Road,E01018540,Cheshire West and Chester 010D,Bicycle theft,Investigation complete; no suspect identified,
ec432beae29692b7e4e53db196027dfb2952a1363bc0e83a6acead150f4fa118,2021-12,Cheshire Constabulary,Cheshire Constabulary,-2.916675,53.271842,On or near Appleton Drive,E01018540,Cheshire West and Chester 010D,Criminal damage and arson,Further action is not in the public interest,
6f7d34e7c4921f47787b3d605132e3f68e66f08f809a8ee91b41771f30638aa7,2021-12,Cheshire Constabulary,Cheshire Constabulary,-2.912092,53.272839,On or near Supermarket,E01018540,Cheshire West and Chester 010D,Drugs,Court result unavailable,
eb6551568112bad961b673c812047c7d3c3b2235abe9b2bd1b3fec0ac455faf2,2021-12,Cheshire Constabulary,Cheshire Constabulary,-2.912092,53.272839,On or near Supermarket,E01018540,Cheshire West and Chester 010D,Other theft,Investigation complete; no suspect identified,
372cc189d616294dc600b56d65f66f160a9c0edc736df6e839177da54af6b924,2021-12,Cheshire Constabulary,Cheshire Constabulary,-2.912092,53.272839,On or near Supermarket,E01018540,Cheshire West and Chester 010D,Other theft,Investigation complete; no suspect identified,
32ee6ef5babd789edc66bb02039ad9a45947047530aa4485c102e8e88063b46e,2021-12,Cheshire Constabulary,Cheshire Constabulary,-2.912092,53.272839,On or near Supermarket,E01018540,Cheshire West and Chester 010D,Other theft,Investigation complete; no suspect identified,
4105a9ee6b1f0a85a02a15a1b2cf247e9019598212cf48d73a77ef85f4f71381,2021-12,Cheshire Constabulary,Cheshire Constabulary,-2.912092,53.272839,On or near Supermarket,E01018540,Cheshire West and Chester 010D,Other theft,Investigation complete; no suspect identified,
afe9c252598a5d9bfdcce1530b82266d31249d7c4fbb795911973a6b114dfd11,2021-12,Cheshire Constabulary,Cheshire Constabulary,-2.916675,53.271842,On or near Appleton Drive,E01018540,Cheshire West and Chester 010D,Violence and sexual offences,Unable to prosecute suspect,
d96ed90b21b31bbeb493eb810fc9e0c64fae1ed945d9c866a13f51918d1e958a,2021-12,Cheshire Constabulary,Cheshire Constabulary,-2.916675,53.271842,On or near Appleton Drive,E01018540,Cheshire West and Chester 010D,Violence and sexual offences,Investigation complete; no suspect identified,
9cfee91a2ef042a15a7fa29a3e359d22b824eebaa5a6c510eb5a7d03667e3c9e,2021-12,Cheshire Constabulary,Cheshire Constabulary,-2.912231,53.268082,On or near Pleck Road,E01018540,Cheshire West and Chester 010D,Violence and sexual offences,Investigation complete; no suspect identified,
570f872db681dcd6b8118d08801280510e75361f7d5dbb8bd173d7f74b665374,2021-12,Cheshire Constabulary,Cheshire Constabulary,-2.910300,53.266830,On or near Chester Road,E01018540,Cheshire West and Chester 010D,Violence and sexual offences,Local resolution,
9222a6f900b8825fe376b3b83dfabfa6b229351c1f4ed06509ed2d0067e5f78e,2021-12,Cheshire Constabulary,Cheshire Constabulary,-2.915499,53.271581,On or near Capenhurst Lane,E01018540,Cheshire West and Chester 010D,Violence and sexual offences,Unable to prosecute suspect,
9b87cc0f310e16364e65042924e3cbb1f6532f3f966d86cb430984e6d6611a17,2021-12,Cheshire Constabulary,Cheshire Constabulary,-2.910345,53.270371,On or near Queens Avenue,E01018540,Cheshire West and Chester 010D,Violence and sexual offences,Unable to prosecute suspect,
,2021-12,Cheshire Constabulary,Cheshire Constabulary,-2.898979,53.276085,On or near Central Avenue,E01018521,Cheshire West and Chester 011A,Anti-social behaviour,,
,2021-12,Cheshire Constabulary,Cheshire Constabulary,-2.901354,53.276354,On or near Bus/Coach Station,E01018521,Cheshire West and Chester 011A,Anti-social behaviour,,
,2021-12,Cheshire Constabulary,Cheshire Constabulary,-2.897167,53.276215,On or near Mcgarva Way,E01018521,Cheshire West and Chester 011A,Anti-social behaviour,,
,2021-12,Cheshire Constabulary,Cheshire Constabulary,-2.897521,53.277327,On or near Grange Road,E01018521,Cheshire West and Chester 011A,Anti-social behaviour,,
,2021-12,Cheshire Constabulary,Cheshire Constabulary,-2.898043,53.273647,On or near Green Lane,E01018521,Cheshire West and Chester 011A,Anti-social behaviour,,
,2021-12,Cheshire Constabulary,Cheshire Constabulary,-2.901354,53.276354,On or near Bus/Coach Station,E01018521,Cheshire West and Chester 011A,Anti-social behaviour,,
,2021-12,Cheshire Constabulary,Cheshire Constabulary,-2.897167,53.276215,On or near Mcgarva Way,E01018521,Cheshire West and Chester 011A,Anti-social behaviour,,
31b0ae1d71257d32cc075b9258dcee67c58828facb68c1674451e68e89a5e0e6,2021-12,Cheshire Constabulary,Cheshire Constabulary,-2.901354,53.276354,On or near Bus/Coach Station,E01018521,Cheshire West and Chester 011A,Bicycle theft,Investigation complete; no suspect identified,
b34a9ba123e83e5e47055f6ba95310d9edd2340b1fcfd323723a41c4bf79c379,2021-12,Cheshire Constabulary,Cheshire Constabulary,-2.897521,53.277327,On or near Grange Road,E01018521,Cheshire West and Chester 011A,Burglary,Investigation complete; no suspect identified,
df524636d8fe81077d3c8de920f146fc79a1859d8382a80ed8e82e7c39024472,2021-12,Cheshire Constabulary,Cheshire Constabulary,-2.898979,53.276085,On or near Central Avenue,E01018521,Cheshire West and Chester 011A,Criminal damage and arson,Unable to prosecute suspect,
471a777d120431d9df85ebd8ed5443750eaab0412b9bdcc6f9aff8969f12bfeb,2021-12,Cheshire Constabulary,Cheshire Constabulary,-2.894802,53.275720,On or near Newnham Drive,E01018521,Cheshire West and Chester 011A,Criminal damage and arson,Investigation complete; no suspect identified,
be3a488a1f6bce2653e9cc8677694d289a7ed2df737d616fb572806e37fb2016,2021-12,Cheshire Constabulary,Cheshire Constabulary,-2.896494,53.276283,On or near Stanlaw Road,E01018521,Cheshire West and Chester 011A,Criminal damage and arson,Court result unavailable,
bdb7995460724f60ff5f96a69189371a3c5134d21dae4a255cc5abbff1bbf6b2,2021-12,Cheshire Constabulary,Cheshire Constabulary,-2.902496,53.277146,On or near Civic Way,E01018521,Cheshire West and Chester 011A,Other theft,Investigation complete; no suspect identified,
59baf0e468eb7a05849d2f944b68f4664021e07f98a6ca9591c6e8ba6aae39d2,2021-12,Cheshire Constabulary,Cheshire Constabulary,-2.901354,53.276354,On or near Bus/Coach Station,E01018521,Cheshire West and Chester 011A,Public order,Investigation complete; no suspect identified,
0953bb3c029ffdfab91e16cb832d933ad78436ec850534e1b6b712af468a77bc,2021-12,Cheshire Constabulary,Cheshire Constabulary,-2.896391,53.275646,On or near Stoke Gardens,E01018521,Cheshire West and Chester 011A,Public order,Unable to prosecute suspect,
1c9f0352a5d1d9e68dbcf2fda32bfb010ec4e0f131d8b7728136c088b35b625c,2021-12,Cheshire Constabulary,Cheshire Constabulary,-2.897167,53.276215,On or near Mcgarva Way,E01018521,Cheshire West and Chester 011A,Public order,Investigation complete; no suspect identified,
944654a0553c8f56ef3785b881cc851ca73bc2c76349ebf6bd52dc422c508909,2021-12,Cheshire Constabulary,Cheshire Constabulary,-2.897950,53.272784,On or near Clifton Gardens,E01018521,Cheshire West and Chester 011A,Public order,Investigation complete; no suspect identified,
75babcaa5d91813cc5a1b337d9b52489e2a7c9f8841ba24396656e80c5d03a49,2021-12,Cheshire Constabulary,Cheshire Constabulary,-2.897167,53.276215,On or near Mcgarva Way,E01018521,Cheshire West and Chester 011A,Shoplifting,Unable to prosecute suspect,
e2e07f91382f89f0505d873f35da413dfb54d7e372c11f1451c30bf137b54809,2021-12,Cheshire Constabulary,Cheshire Constabulary,-2.897167,53.276215,On or near Mcgarva Way,E01018521,Cheshire West and Chester 011A,Shoplifting,Investigation complete; no suspect identified,
ba491dc81b0d17a92530e3761050b5872c6fbc69431ff9b6033b79b6200133f3,2021-12,Cheshire Constabulary,Cheshire Constabulary,-2.896673,53.277675,On or near Mornington Avenue,E01018521,Cheshire West and Chester 011A,Shoplifting,Investigation complete; no suspect identified,
c07c025453d36b70cae21e5cdbd3beb3ad246e768d522402c8f45dcfb6da4b0e,2021-12,Cheshire Constabulary,Cheshire Constabulary,-2.898958,53.275069,On or near Park Road,E01018521,Cheshire West and Chester 011A,Violence and sexual offences,Unable to prosecute suspect,
6306eb1b86dff6b0f2594f8ab77554bfede41e2e15be82dbe8c653599d14c3ea,2021-12,Cheshire Constabulary,Cheshire Constabulary,-2.896494,53.276283,On or near Stanlaw Road,E01018521,Cheshire West and Chester 011A,Violence and sexual offences,Unable to prosecute suspect,
fb46728f76807bee54c5a0f62cafda561c29f49412ca6d212637f6f91b934fbf,2021-12,Cheshire Constabulary,Cheshire Constabulary,-2.897167,53.276215,On or near Mcgarva Way,E01018521,Cheshire West and Chester 011A,Violence and sexual offences,Unable to prosecute suspect,
039b4f9e11b91f6e9a10876ef0d53d42c0e0906fe73a3a7de2cc913e9fb3c478,2021-12,Cheshire Constabulary,Cheshire Constabulary,-2.897950,53.272784,On or near Clifton Gardens,E01018521,Cheshire West and Chester 011A,Violence and sexual offences,Investigation complete; no suspect identified,
7cacaad6fa0957d0e8266473097962dfd03c80db2e58be0c7010849d92cccf73,2021-12,Cheshire Constabulary,Cheshire Constabulary,-2.897950,53.272784,On or near Clifton Gardens,E01018521,Cheshire West and Chester 011A,Violence and sexual offences,Court result unavailable,
4ca51dfd36dd0094cbb6b3b706590699d8d7fdc1aba55453ce9868d8c1b83dac,2021-12,Cheshire Constabulary,Cheshire Constabulary,-2.898958,53.275069,On or near Park Road,E01018521,Cheshire West and Chester 011A,Violence and sexual offences,Unable to prosecute suspect,
c01a01fff0cedd9cd0136a2045ec94569c1963e6de6369a57b327b0e15bb7816,2021-12,Cheshire Constabulary,Cheshire Constabulary,-2.883743,53.271740,On or near Ludlow Drive,E01018550,Cheshire West and Chester 011B,Criminal damage and arson,Investigation complete; no suspect identified,
d2eaa0853405cb8a459a10f43f8e11706e8d9af945484cefbac50b77c1b033b8,2021-12,Cheshire Constabulary,Cheshire Constabulary,-2.882649,53.272485,On or near Thornton Road,E01018550,Cheshire West and Chester 011B,Other theft,Unable to prosecute suspect,
fe65beee16709825ae1c3e2164a019a904a152cd74fd5b095511d1e82ef5dc1f,2021-12,Cheshire Constabulary,Cheshire Constabulary,-2.883743,53.271740,On or near Ludlow Drive,E01018550,Cheshire West and Chester 011B,Public order,Unable to prosecute suspect,
2d72308a2e0e0c63cf72fa5a4e555fc1b51ce56ff3af96bc9228840127f7b04d,2021-12,Cheshire Constabulary,Cheshire Constabulary,-2.882649,53.272485,On or near Thornton Road,E01018550,Cheshire West and Chester 011B,Public order,Unable to prosecute suspect,
d1c7f1ddffe5326e1951682b356c0e06a7453814acb7b34fc68f20f71c176458,2021-12,Cheshire Constabulary,Cheshire Constabulary,-2.883743,53.271740,On or near Ludlow Drive,E01018550,Cheshire West and Chester 011B,Public order,Investigation complete; no suspect identified,
310dafdc8ef6c2a5b5e6fd893578222bfff5b7d756d9b783c70b5ae6a973781d,2021-12,Cheshire Constabulary,Cheshire Constabulary,-2.882649,53.272485,On or near Thornton Road,E01018550,Cheshire West and Chester 011B,Violence and sexual offences,Action to be taken by another organisation,
803ef23ebe7ba4976a9baf77493f64854a895a47a1903e7d9e056bb493298c21,2021-12,Cheshire Constabulary,Cheshire Constabulary,-2.883615,53.267732,On or near Warwick Court,E01018550,Cheshire West and Chester 011B,Violence and sexual offences,Unable to prosecute suspect,
d6c36d0ed41e7fab1fdc5cb4d35f207569bc31702eee27796ff3aa22af4438cf,2021-12,Cheshire Constabulary,Cheshire Constabulary,-2.882640,53.268449,On or near Kenilworth Court,E01018550,Cheshire West and Chester 011B,Violence and sexual offences,Unable to prosecute suspect,
c339c17fe8638417657ca2202b62b9ac603ef0178179996ec2afd74de9573d3f,2021-12,Cheshire Constabulary,Cheshire Constabulary,-2.883743,53.271740,On or near Ludlow Drive,E01018550,Cheshire West and Chester 011B,Violence and sexual offences,Unable to prosecute suspect,
ae49fa5fb2cd4d5a8a5cd8cebc3a5ea8c631ad33e5f59aa46bf590b66342f50d,2021-12,Cheshire Constabulary,Cheshire Constabulary,-2.882649,53.272485,On or near Thornton Road,E01018550,Cheshire West and Chester 011B,Violence and sexual offences,Unable to prosecute suspect,
4e4a4462ead2a4c66c125fe29e7f74a8008462bcf9b4e6a349fbc1cc76eacfe4,2021-12,Cheshire Constabulary,Cheshire Constabulary,-2.882640,53.268449,On or near Kenilworth Court,E01018550,Cheshire West and Chester 011B,Violence and sexual offences,Unable to prosecute suspect,
8d2ad787e11dc78e0ac40a68d7728872edb8532f6dafc5fcfdf3585e33ebaee3,2021-12,Cheshire Constabulary,Cheshire Constabulary,-2.882640,53.268449,On or near Kenilworth Court,E01018550,Cheshire West and Chester 011B,Violence and sexual offences,Unable to prosecute suspect,
,2021-12,Cheshire Constabulary,Cheshire Constabulary,-2.877445,53.262213,On or near A5117,E01018551,Cheshire West and Chester 011C,Anti-social behaviour,,
,2021-12,Cheshire Constabulary,Cheshire Constabulary,-2.877445,53.262213,On or near A5117,E01018551,Cheshire West and Chester 011C,Anti-social behaviour,,
,2021-12,Cheshire Constabulary,Cheshire Constabulary,-2.883359,53.264039,On or near Shopping Area,E01018551,Cheshire West and Chester 011C,Anti-social behaviour,,
,2021-12,Cheshire Constabulary,Cheshire Constabulary,-2.881172,53.264136,On or near Cheshire Oaks Way,E01018551,Cheshire West and Chester 011C,Anti-social behaviour,,
,2021-12,Cheshire Constabulary,Cheshire Constabulary,-2.885687,53.270027,On or near Barnard Drive,E01018551,Cheshire West and Chester 011C,Anti-social behaviour,,
,2021-12,Cheshire Constabulary,Cheshire Constabulary,-2.888403,53.267975,On or near Caernarvon Court,E01018551,Cheshire West and Chester 011C,Anti-social behaviour,,
,2021-12,Cheshire Constabulary,Cheshire Constabulary,-2.883359,53.264039,On or near Shopping Area,E01018551,Cheshire West and Chester 011C,Anti-social behaviour,,
,2021-12,Cheshire Constabulary,Cheshire Constabulary,-2.887853,53.270361,On or near Rochester Drive,E01018551,Cheshire West and Chester 011C,Anti-social behaviour,,
,2021-12,Cheshire Constabulary,Cheshire Constabulary,-2.877445,53.262213,On or near A5117,E01018551,Cheshire West and Chester 011C,Anti-social behaviour,,
,2021-12,Cheshire Constabulary,Cheshire Constabulary,-2.889497,53.266483,On or near Ewloe Court,E01018551,Cheshire West and Chester 011C,Anti-social behaviour,,
26cc38676aadb063bd45c20929549ec066e41ddfbca2188f88b4fa008e058422,2021-12,Cheshire Constabulary,Cheshire Constabulary,-2.883900,53.266983,On or near Bodiam Court,E01018551,Cheshire West and Chester 011C,Criminal damage and arson,Investigation complete; no suspect identified,
2486a6804eddb371bc8014fd7ad1b34f8e9d94e4fc057b5e2d7af9a68b9dc7fd,2021-12,Cheshire Constabulary,Cheshire Constabulary,-2.885687,53.270027,On or near Barnard Drive,E01018551,Cheshire West and Chester 011C,Criminal damage and arson,Investigation complete; no suspect identified,
2c35b5d191faeb43d3fcbf10c74cbc06b024fa26cc2e5242531b8b4b79a13d40,2021-12,Cheshire Constabulary,Cheshire Constabulary,-2.882304,53.267409,On or near Hylton Court,E01018551,Cheshire West and Chester 011C,Criminal damage and arson,Investigation complete; no suspect identified,
d0a01af32b00b869e7f5292b488e324c0a9db1fa82a4fa84e4b274caecace902,2021-12,Cheshire Constabulary,Cheshire Constabulary,-2.891916,53.268883,On or near Conway Court,E01018551,Cheshire West and Chester 011C,Criminal damage and arson,Investigation complete; no suspect identified,
0844a7487e4d35d6b29c898420e23be99288d03330302a271a9732c5fb53aa8b,2021-12,Cheshire Constabulary,Cheshire Constabulary,-2.885687,53.270027,On or near Barnard Drive,E01018551,Cheshire West and Chester 011C,Criminal damage and arson,Unable to prosecute suspect,
f0ae1f09bca2bb312d0d7814ac4c7772b786a502fd4e797b6bdd8821ac87f02c,2021-12,Cheshire Constabulary,Cheshire Constabulary,-2.885687,53.270027,On or near Barnard Drive,E01018551,Cheshire West and Chester 011C,Drugs,Court result unavailable,
09cde3c90b2a572b7f51e600552ad6834ee7cc74415021ddf902e1cd0200ec24,2021-12,Cheshire Constabulary,Cheshire Constabulary,-2.883900,53.266983,On or near Bodiam Court,E01018551,Cheshire West and Chester 011C,Other theft,Investigation complete; no suspect identified,
39650b3e5c9a92ecb6d65f244b118283b5c1a3c979adc454e95e54d3405a12e3,2021-12,Cheshire Constabulary,Cheshire Constabulary,-2.883359,53.264039,On or near Shopping Area,E01018551,Cheshire West and Chester 011C,Other theft,Investigation complete; no suspect identified,
19efc4d8e7aca62bc9a072a36d6f05f8b169190b848237c23613dae9ac71bcb4,2021-12,Cheshire Constabulary,Cheshire Constabulary,-2.883900,53.266983,On or near Bodiam Court,E01018551,Cheshire West and Chester 011C,Other theft,Investigation complete; no suspect identified,
697b1ae1fc0aa7b1cbf4cf5ad4f34b379be3c74cb3eb22ee8f410eb6d9786a0b,2021-12,Cheshire Constabulary,Cheshire Constabulary,-2.881664,53.266883,On or near Shopping Area,E01018551,Cheshire West and Chester 011C,Other theft,Investigation complete; no suspect identified,
2a197997cb1381868f0e4b7f0277c31b4da5917bb23a828ebc66ed8f33f510f8,2021-12,Cheshire Constabulary,Cheshire Constabulary,-2.886553,53.267692,On or near Bunbury Green,E01018551,Cheshire West and Chester 011C,Other theft,Unable to prosecute suspect,
6a059580bf83fb395e3fb678836274e734cd01d9cd2870d266d395908e5d5fb6,2021-12,Cheshire Constabulary,Cheshire Constabulary,-2.886472,53.270299,On or near Raby Court,E01018551,Cheshire West and Chester 011C,Possession of weapons,Court result unavailable,
e6fa8897ba3288820ee5ce60d4f2dff098a3f59de1d63380388740b3752ef415,2021-12,Cheshire Constabulary,Cheshire Constabulary,-2.889929,53.267802,On or near Flint Court,E01018551,Cheshire West and Chester 011C,Public order,Unable to prosecute suspect,
6ebbc828e8edc730f11900ba781a745f1a7f436c57913fe6add199d7c6f7d264,2021-12,Cheshire Constabulary,Cheshire Constabulary,-2.889497,53.266483,On or near Ewloe Court,E01018551,Cheshire West and Chester 011C,Public order,Investigation complete; no suspect identified,
0e2f501dd60ae1c5f7801d48aed9640ab15db4600db0e66237ee17fc586df24d,2021-12,Cheshire Constabulary,Cheshire Constabulary,-2.877445,53.262213,On or near A5117,E01018551,Cheshire West and Chester 011C,Public order,Investigation complete; no suspect identified,
a9442e14588a844174d22fede95983c72bd11abd003d3c60fa67a656f7d3edf2,2021-12,Cheshire Constabulary,Cheshire Constabulary,-2.881664,53.266883,On or near Shopping Area,E01018551,Cheshire West and Chester 011C,Public order,Investigation complete; no suspect identified,
236ac2ba1c352449f542545ada352e27b4af82c6c2a2e761a640b521663873d1,2021-12,Cheshire Constabulary,Cheshire Constabulary,-2.877445,53.262213,On or near A5117,E01018551,Cheshire West and Chester 011C,Public order,Investigation complete; no suspect identified,
68a61b6327c2edb4541c2110c86bd2480b6eb5bc94be5b353dd4566a6b305450,2021-12,Cheshire Constabulary,Cheshire Constabulary,-2.883359,53.264039,On or near Shopping Area,E01018551,Cheshire West and Chester 011C,Public order,Investigation complete; no suspect identified,
2e9a9fbc5d009cf863f3719b77236db0485d363738bffb22f63b94ff031ba0ce,2021-12,Cheshire Constabulary,Cheshire Constabulary,-2.889929,53.267802,On or near Flint Court,E01018551,Cheshire West and Chester 011C,Public order,Unable to prosecute suspect,
bbdc2906d50ee89ac8b4b1736058c7e90f67c07d1a166d19536d7445772204ba,2021-12,Cheshire Constabulary,Cheshire Constabulary,-2.889929,53.267802,On or near Flint Court,E01018551,Cheshire West and Chester 011C,Public order,Investigation complete; no suspect identified,
0e352926fcbd11b12bc8fc7557edc6af4b686514bc56afb2e2f303ac1da5cd64,2021-12,Cheshire Constabulary,Cheshire Constabulary,-2.881172,53.264136,On or near Cheshire Oaks Way,E01018551,Cheshire West and Chester 011C,Shoplifting,Investigation complete; no suspect identified,
0ebf0a8ce05a374c7e05617a2a3626852a0bc18ba7c45d7dd06d544fa8d452e1,2021-12,Cheshire Constabulary,Cheshire Constabulary,-2.883359,53.264039,On or near Shopping Area,E01018551,Cheshire West and Chester 011C,Shoplifting,Investigation complete; no suspect identified,
17967b6274a8099f90701a5cf1946629d4fdbdccd33c61c2128f01d686535b50,2021-12,Cheshire Constabulary,Cheshire Constabulary,-2.881664,53.266883,On or near Shopping Area,E01018551,Cheshire West and Chester 011C,Shoplifting,Court result unavailable,
f7dbeb49cb95c81f2f96ea9de4e709f52fa8f9ff57ab956efc27ccd3a9ee6bd6,2021-12,Cheshire Constabulary,Cheshire Constabulary,-2.879099,53.263217,On or near Supermarket,E01018551,Cheshire West and Chester 011C,Shoplifting,Investigation complete; no suspect identified,
97bd85423fd08bb107064b3f0ccd8b203e68a9b1c3d546fe46b4052f69f171fb,2021-12,Cheshire Constabulary,Cheshire Constabulary,-2.889929,53.267802,On or near Flint Court,E01018551,Cheshire West and Chester 011C,Vehicle crime,Investigation complete; no suspect identified,
7d5068f3616cb0a348139be4b2e4796d706e7f7446ba440f1e10c72c8bc6f639,2021-12,Cheshire Constabulary,Cheshire Constabulary,-2.881172,53.264136,On or near Cheshire Oaks Way,E01018551,Cheshire West and Chester 011C,Vehicle crime,Investigation complete; no suspect identified,
32fc3e15df32efda3ea60f937ac9ea0f53ece29d93a40981e243c68049164e44,2021-12,Cheshire Constabulary,Cheshire Constabulary,-2.885687,53.270027,On or near Barnard Drive,E01018551,Cheshire West and Chester 011C,Violence and sexual offences,Unable to prosecute suspect,
73a9aeee5757325934c5d73396fca9bb43d6d7b6fa3d5fa58f66ff1e64cea027,2021-12,Cheshire Constabulary,Cheshire Constabulary,-2.889929,53.267802,On or near Flint Court,E01018551,Cheshire West and Chester 011C,Violence and sexual offences,Investigation complete; no suspect identified,
6dd2adee600df10aa2c30f546c1e856d9f53e81182bf7e4c2950cdcb08432ee7,2021-12,Cheshire Constabulary,Cheshire Constabulary,-2.885687,53.270027,On or near Barnard Drive,E01018551,Cheshire West and Chester 011C,Violence and sexual offences,Unable to prosecute suspect,
2483198560c19eeddcd2d55bc4e094a6139b05738a61896d46e2cbfbdc70a5f6,2021-12,Cheshire Constabulary,Cheshire Constabulary,-2.889497,53.266483,On or near Ewloe Court,E01018551,Cheshire West and Chester 011C,Violence and sexual offences,Investigation complete; no suspect identified,
dcfeeb2ca18430e76caa0889afbc1e68bc0f480ee32a4f7f61804e958d06703c,2021-12,Cheshire Constabulary,Cheshire Constabulary,-2.889497,53.266483,On or near Ewloe Court,E01018551,Cheshire West and Chester 011C,Violence and sexual offences,Court result unavailable,
0a740278df843879a851679d7b48b2d7e4dd0cda834c9c60c8223f856c86c1da,2021-12,Cheshire Constabulary,Cheshire Constabulary,-2.889929,53.267802,On or near Flint Court,E01018551,Cheshire West and Chester 011C,Violence and sexual offences,Investigation complete; no suspect identified,
f86c165761862ecd1070dc09aecfcc6e1e7b4c9c5230c183a3a8421d280834a3,2021-12,Cheshire Constabulary,Cheshire Constabulary,-2.889497,53.266483,On or near Ewloe Court,E01018551,Cheshire West and Chester 011C,Violence and sexual offences,Court result unavailable,
eebfb1e31e0aec4a5a720e4fa364f1a7b14cd10110199a7ef9cb960cc5f15aa1,2021-12,Cheshire Constabulary,Cheshire Constabulary,-2.889497,53.266483,On or near Ewloe Court,E01018551,Cheshire West and Chester 011C,Violence and sexual offences,Unable to prosecute suspect,
10e8ffd843940f33aa49b250aeb840360c0814645d150f370e0e68e751c0d888,2021-12,Cheshire Constabulary,Cheshire Constabulary,-2.881664,53.266883,On or near Shopping Area,E01018551,Cheshire West and Chester 011C,Violence and sexual offences,Court result unavailable,
ae8546703a6678288ed6e19e4f04fe5b8bb6bbcc8384ec6953d6d36bdf8bbfa8,2021-12,Cheshire Constabulary,Cheshire Constabulary,-2.885780,53.267275,On or near Alnwick Drive,E01018551,Cheshire West and Chester 011C,Violence and sexual offences,Unable to prosecute suspect,
b4e6b0b08a701cb76103c0fa564beb1345d626414304727e434f42f96628e128,2021-12,Cheshire Constabulary,Cheshire Constabulary,-2.888163,53.269397,On or near Colwyn Close,E01018551,Cheshire West and Chester 011C,Violence and sexual offences,Unable to prosecute suspect,
1b0908f71ab21e8f31c3f7fdbb38cd526f303fd3b8c7a9fe7edc5eda224e491d,2021-12,Cheshire Constabulary,Cheshire Constabulary,-2.889497,53.266483,On or near Ewloe Court,E01018551,Cheshire West and Chester 011C,Violence and sexual offences,Court result unavailable,
e9f0b31c14a63a8dc7165ab441e32122098c9883974ff9667ce98826bc613973,2021-12,Cheshire Constabulary,Cheshire Constabulary,-2.886553,53.267692,On or near Bunbury Green,E01018551,Cheshire West and Chester 011C,Violence and sexual offences,Unable to prosecute suspect,
80dc9fe04beca73c81a47faae67811184d14a7a2471756e9167a73ab6777e721,2021-12,Cheshire Constabulary,Cheshire Constabulary,-2.882304,53.267409,On or near Hylton Court,E01018551,Cheshire West and Chester 011C,Violence and sexual offences,Unable to prosecute suspect,
1d4ec0f0f2ed6346a6c1165ae509f0d1892146c7ab606a165228294c2e396c89,2021-12,Cheshire Constabulary,Cheshire Constabulary,-2.889497,53.266483,On or near Ewloe Court,E01018551,Cheshire West and Chester 011C,Violence and sexual offences,Unable to prosecute suspect,
918f9a3902af500d43ad9526c6b0842e13c0151883acadf509dae836c17af3b7,2021-12,Cheshire Constabulary,Cheshire Constabulary,-2.881172,53.264136,On or near Cheshire Oaks Way,E01018551,Cheshire West and Chester 011C,Violence and sexual offences,Investigation complete; no suspect identified,
78c0909c736db7c799158cbbdf30fd66b61edd42f2d6fb108a245ac753b242fc,2021-12,Cheshire Constabulary,Cheshire Constabulary,-2.889497,53.266483,On or near Ewloe Court,E01018551,Cheshire West and Chester 011C,Violence and sexual offences,Court result unavailable,
,2021-12,Cheshire Constabulary,Cheshire Constabulary,-2.885242,53.276799,On or near Robinson Road,E01018552,Cheshire West and Chester 011D,Anti-social behaviour,,
ad950afa7f4ce95ba7af774355034e4f5ecf7aac0a7e7908ba948b76111f5c8d,2021-12,Cheshire Constabulary,Cheshire Constabulary,-2.873906,53.273952,On or near New Bridge Road,E01018552,Cheshire West and Chester 011D,Bicycle theft,Investigation complete; no suspect identified,
23a5675e4c24dee950f9a5f006146363b2c8a40e719142362261516a65686da6,2021-12,Cheshire Constabulary,Cheshire Constabulary,-2.892175,53.277035,On or near Girton Close,E01018552,Cheshire West and Chester 011D,Criminal damage and arson,Unable to prosecute suspect,
072cccf93893b92573e7fa289da8a6314c5a21f2c95ed1d0333d37175b31848e,2021-12,Cheshire Constabulary,Cheshire Constabulary,-2.889675,53.275040,On or near Eton Road,E01018552,Cheshire West and Chester 011D,Drugs,Offender given a caution,
00546f12d2835b247f3b3229681f092a642b15672f17911a38967375989a585e,2021-12,Cheshire Constabulary,Cheshire Constabulary,-2.884326,53.274585,On or near Telford Road,E01018552,Cheshire West and Chester 011D,Other theft,Investigation complete; no suspect identified,
0f137b1372a9838207f846d04152afc75ae3a770a7fae50d7baab74430715ad2,2021-12,Cheshire Constabulary,Cheshire Constabulary,-2.873048,53.282632,On or near Indigo Road,E01018552,Cheshire West and Chester 011D,Other theft,Investigation complete; no suspect identified,
c6e1f02f4d1d318df5ce9dde0a6fabed06d525d84d3cd35fb8d1edc78a302e65,2021-12,Cheshire Constabulary,Cheshire Constabulary,-2.884326,53.274585,On or near Telford Road,E01018552,Cheshire West and Chester 011D,Other theft,Investigation complete; no suspect identified,
85b1ab48c0dba328ffd848f9d3f603633608f48986e1e201f0323c675b1ea980,2021-12,Cheshire Constabulary,Cheshire Constabulary,-2.873048,53.282632,On or near Indigo Road,E01018552,Cheshire West and Chester 011D,Other theft,Court result unavailable,
f19bf9476d86534761c1efc2de3381f77e9b92ec1fa165e924c617b7ae26d202,2021-12,Cheshire Constabulary,Cheshire Constabulary,-2.884326,53.274585,On or near Telford Road,E01018552,Cheshire West and Chester 011D,Public order,Court result unavailable,
564e970607a069a340b963adff20cad15415a7cc3c9733b48dae1a09962cfe57,2021-12,Cheshire Constabulary,Cheshire Constabulary,-2.887660,53.274066,On or near Repton Road,E01018552,Cheshire West and Chester 011D,Public order,Unable to prosecute suspect,
980a566257a8905b7ddaeb90393baf232da1ad6c014030ebd5259b2becd197eb,2021-12,Cheshire Constabulary,Cheshire Constabulary,-2.885242,53.276799,On or near Robinson Road,E01018552,Cheshire West and Chester 011D,Public order,Court result unavailable,
fc7383913f9e7334379171a0ad357c58ddffce6c4b30683d6148869a69eeae75,2021-12,Cheshire Constabulary,Cheshire Constabulary,-2.888289,53.272596,On or near Ruskin Drive,E01018552,Cheshire West and Chester 011D,Public order,Unable to prosecute suspect,
86ef7f2d3ea971234ae6d161af76229bc1b583e3654a67384081a16c664fec73,2021-12,Cheshire Constabulary,Cheshire Constabulary,-2.889675,53.275040,On or near Eton Road,E01018552,Cheshire West and Chester 011D,Violence and sexual offences,Unable to prosecute suspect,
74f96b063e7b8ffe3ba95d5eb6180b4bfed1a02621ae9bb09e6338501b202128,2021-12,Cheshire Constabulary,Cheshire Constabulary,-2.884326,53.274585,On or near Telford Road,E01018552,Cheshire West and Chester 011D,Violence and sexual offences,Court result unavailable,
d1b45bb2bc41f3b3e4e30794a1b70cd646ed30eceb9952f28caf5c7e2f2ff45b,2021-12,Cheshire Constabulary,Cheshire Constabulary,-2.892175,53.277035,On or near Girton Close,E01018552,Cheshire West and Chester 011D,Violence and sexual offences,Unable to prosecute suspect,
6fd01bd44d326b1d9172a104140536c7a7cfec5dbce7d3cf1e06a9a54537cef2,2021-12,Cheshire Constabulary,Cheshire Constabulary,-2.884326,53.274585,On or near Telford Road,E01018552,Cheshire West and Chester 011D,Violence and sexual offences,Court result unavailable,
23db16f689a64e3c2094c7d60a047e1f2397fb12f314cf313dd55d4f5adaa788,2021-12,Cheshire Constabulary,Cheshire Constabulary,-2.889675,53.275040,On or near Eton Road,E01018552,Cheshire West and Chester 011D,Violence and sexual offences,Unable to prosecute suspect,
00bb4f76c5852d64ea6aad5cb9a64f56a1fac388c139c1804c4c8a4f2de22e9d,2021-12,Cheshire Constabulary,Cheshire Constabulary,-2.883397,53.274601,On or near Burnell Road,E01018552,Cheshire West and Chester 011D,Violence and sexual offences,Unable to prosecute suspect,
,2021-12,Cheshire Constabulary,Cheshire Constabulary,-2.886490,53.264645,On or near Coliseum Way,E01018553,Cheshire West and Chester 011E,Anti-social behaviour,,
,2021-12,Cheshire Constabulary,Cheshire Constabulary,-2.886490,53.264645,On or near Coliseum Way,E01018553,Cheshire West and Chester 011E,Anti-social behaviour,,
,2021-12,Cheshire Constabulary,Cheshire Constabulary,-2.892020,53.266689,On or near Stanney Lane,E01018553,Cheshire West and Chester 011E,Anti-social behaviour,,
,2021-12,Cheshire Constabulary,Cheshire Constabulary,-2.886490,53.264645,On or near Coliseum Way,E01018553,Cheshire West and Chester 011E,Anti-social behaviour,,
,2021-12,Cheshire Constabulary,Cheshire Constabulary,-2.886490,53.264645,On or near Coliseum Way,E01018553,Cheshire West and Chester 011E,Anti-social behaviour,,
,2021-12,Cheshire Constabulary,Cheshire Constabulary,-2.886490,53.264645,On or near Coliseum Way,E01018553,Cheshire West and Chester 011E,Anti-social behaviour,,
,2021-12,Cheshire Constabulary,Cheshire Constabulary,-2.884141,53.264896,On or near Shopping Area,E01018553,Cheshire West and Chester 011E,Anti-social behaviour,,
,2021-12,Cheshire Constabulary,Cheshire Constabulary,-2.886490,53.264645,On or near Coliseum Way,E01018553,Cheshire West and Chester 011E,Anti-social behaviour,,
,2021-12,Cheshire Constabulary,Cheshire Constabulary,-2.892020,53.266689,On or near Stanney Lane,E01018553,Cheshire West and Chester 011E,Anti-social behaviour,,
,2021-12,Cheshire Constabulary,Cheshire Constabulary,-2.891141,53.266255,On or near Dover Drive,E01018553,Cheshire West and Chester 011E,Anti-social behaviour,,
,2021-12,Cheshire Constabulary,Cheshire Constabulary,-2.886490,53.264645,On or near Coliseum Way,E01018553,Cheshire West and Chester 011E,Anti-social behaviour,,
,2021-12,Cheshire Constabulary,Cheshire Constabulary,-2.884141,53.264896,On or near Shopping Area,E01018553,Cheshire West and Chester 011E,Anti-social behaviour,,
,2021-12,Cheshire Constabulary,Cheshire Constabulary,-2.886490,53.264645,On or near Coliseum Way,E01018553,Cheshire West and Chester 011E,Anti-social behaviour,,
,2021-12,Cheshire Constabulary,Cheshire Constabulary,-2.892020,53.266689,On or near Stanney Lane,E01018553,Cheshire West and Chester 011E,Anti-social behaviour,,
,2021-12,Cheshire Constabulary,Cheshire Constabulary,-2.884141,53.264896,On or near Shopping Area,E01018553,Cheshire West and Chester 011E,Anti-social behaviour,,
,2021-12,Cheshire Constabulary,Cheshire Constabulary,-2.886490,53.264645,On or near Coliseum Way,E01018553,Cheshire West and Chester 011E,Anti-social behaviour,,
,2021-12,Cheshire Constabulary,Cheshire Constabulary,-2.886490,53.264645,On or near Coliseum Way,E01018553,Cheshire West and Chester 011E,Anti-social behaviour,,
bb88b242638d4a972d635fb6d7f68b28aa230b004303c75a90fe508d29abd47f,2021-12,Cheshire Constabulary,Cheshire Constabulary,-2.886490,53.264645,On or near Coliseum Way,E01018553,Cheshire West and Chester 011E,Criminal damage and arson,Investigation complete; no suspect identified,
feeaeaa6c4ce4e2a1fa0470580dcfca238febed8110167070a18ce8836aa7ae1,2021-12,Cheshire Constabulary,Cheshire Constabulary,-2.886490,53.264645,On or near Coliseum Way,E01018553,Cheshire West and Chester 011E,Criminal damage and arson,Investigation complete; no suspect identified,
5d550472213fdd0f8e1e0fa50e14399b0f11eca8fa4e5fba087f498e41f5b43f,2021-12,Cheshire Constabulary,Cheshire Constabulary,-2.892020,53.266689,On or near Stanney Lane,E01018553,Cheshire West and Chester 011E,Criminal damage and arson,Investigation complete; no suspect identified,
1a9719ded756a7432e91ba7ce4ffbdcedb6cb8f9174641063fec8e6fb31330bb,2021-12,Cheshire Constabulary,Cheshire Constabulary,-2.886490,53.264645,On or near Coliseum Way,E01018553,Cheshire West and Chester 011E,Criminal damage and arson,Investigation complete; no suspect identified,
fb59c75cd33c495092a2cbe053c89eed109fba804a1ee5a262c1431baa96ace8,2021-12,Cheshire Constabulary,Cheshire Constabulary,-2.892440,53.267432,On or near Sandringham Gardens,E01018553,Cheshire West and Chester 011E,Other theft,Unable to prosecute suspect,
94365ec60ee13695805b9efa17e7b728354c208bc503b3aba611e55b463e90dc,2021-12,Cheshire Constabulary,Cheshire Constabulary,-2.886490,53.264645,On or near Coliseum Way,E01018553,Cheshire West and Chester 011E,Other theft,Investigation complete; no suspect identified,
a7de5435bb67f106666fe7ce40f8152ee22adb6ecdc654d263eabdde3c9d1dae,2021-12,Cheshire Constabulary,Cheshire Constabulary,-2.891141,53.266255,On or near Dover Drive,E01018553,Cheshire West and Chester 011E,Public order,Court result unavailable,
a96bf3ca08749759768b30093a8bc2ae004e68798ab5ba6c1781b9b12f4958f5,2021-12,Cheshire Constabulary,Cheshire Constabulary,-2.890485,53.274350,On or near Milton Road,E01018553,Cheshire West and Chester 011E,Public order,Unable to prosecute suspect,
03f75843a9c5300b1eecfc577e9c3e3bc3cde1c0033d2072928af434aabd8dd7,2021-12,Cheshire Constabulary,Cheshire Constabulary,-2.886490,53.264645,On or near Coliseum Way,E01018553,Cheshire West and Chester 011E,Public order,Unable to prosecute suspect,
3d1b0901545766969e3204f765fb1f7b73dbd8cbcea9b5cc5ebef16901456ca0,2021-12,Cheshire Constabulary,Cheshire Constabulary,-2.886490,53.264645,On or near Coliseum Way,E01018553,Cheshire West and Chester 011E,Public order,Investigation complete; no suspect identified,
12a72a4a547f93871aa7458b1c3feacd0559bf338d643f00a94f9fd80da715e0,2021-12,Cheshire Constabulary,Cheshire Constabulary,-2.886490,53.264645,On or near Coliseum Way,E01018553,Cheshire West and Chester 011E,Public order,Investigation complete; no suspect identified,
febdd2d42992ff590e97acda5a5997f0a5e46348344861d77e3c55e871371fb9,2021-12,Cheshire Constabulary,Cheshire Constabulary,-2.890485,53.274350,On or near Milton Road,E01018553,Cheshire West and Chester 011E,Robbery,Court result unavailable,
e60ac3f7f83a6f7bed54f70fcb578784ac084abff0650ea50a32f45a6251d99e,2021-12,Cheshire Constabulary,Cheshire Constabulary,-2.886490,53.264645,On or near Coliseum Way,E01018553,Cheshire West and Chester 011E,Vehicle crime,Court result unavailable,
7b7c1d80b4b59651a1f9aec53871125b248504b356993fded8ae60c7d751a18d,2021-12,Cheshire Constabulary,Cheshire Constabulary,-2.884429,53.263582,On or near Shopping Area,E01018553,Cheshire West and Chester 011E,Violence and sexual offences,Unable to prosecute suspect,
a5e2e955e48caaf53929bed42df7076e06d3413da47874769f216f17ee213f38,2021-12,Cheshire Constabulary,Cheshire Constabulary,-2.890485,53.274350,On or near Milton Road,E01018553,Cheshire West and Chester 011E,Violence and sexual offences,Unable to prosecute suspect,
986d0210fdc16d04f9e62665b9024a428e5b53dd30ba86118680264ba8c76c61,2021-12,Cheshire Constabulary,Cheshire Constabulary,-2.892020,53.266689,On or near Stanney Lane,E01018553,Cheshire West and Chester 011E,Violence and sexual offences,Unable to prosecute suspect,
465fc1b47ceafc05f057642aeab641d336ce219c946ee48ffea7f7c62e7b3cef,2021-12,Cheshire Constabulary,Cheshire Constabulary,-2.892020,53.266689,On or near Stanney Lane,E01018553,Cheshire West and Chester 011E,Violence and sexual offences,Unable to prosecute suspect,
1aeecc9ee5f19dae8e73f82f44f2181430e862e363e78b505ee7148a923767b8,2021-12,Cheshire Constabulary,Cheshire Constabulary,-2.892020,53.266689,On or near Stanney Lane,E01018553,Cheshire West and Chester 011E,Violence and sexual offences,Unable to prosecute suspect,
45deb7db88d5082a00c4ca94d96187b36d3f385ea45d2c232d29f592a416036d,2021-12,Cheshire Constabulary,Cheshire Constabulary,-2.890485,53.274350,On or near Milton Road,E01018553,Cheshire West and Chester 011E,Violence and sexual offences,Unable to prosecute suspect,
eb60d36f03f7aeeb7b26c24778b2d779d40e82ee9abd89c401b0e1322302476f,2021-12,Cheshire Constabulary,Cheshire Constabulary,-2.892020,53.266689,On or near Stanney Lane,E01018553,Cheshire West and Chester 011E,Violence and sexual offences,Investigation complete; no suspect identified,
f727badf05a998a4030e656228d9ae33ed01fa5e7e7a95e56b2d128cbff2fa5e,2021-12,Cheshire Constabulary,Cheshire Constabulary,-2.890485,53.274350,On or near Milton Road,E01018553,Cheshire West and Chester 011E,Violence and sexual offences,Unable to prosecute suspect,
ab9405c8398fad785da2eb0902b081689e69dafc9c4cc008abc41c9dc3adadd6,2021-12,Cheshire Constabulary,Cheshire Constabulary,-2.886490,53.264645,On or near Coliseum Way,E01018553,Cheshire West and Chester 011E,Violence and sexual offences,Investigation complete; no suspect identified,
1efb39fdf4d2296c426ba0188a1c80bf406168b315d92886e18f91b4ff3358ed,2021-12,Cheshire Constabulary,Cheshire Constabulary,-2.890485,53.274350,On or near Milton Road,E01018553,Cheshire West and Chester 011E,Violence and sexual offences,Unable to prosecute suspect,
e4f1b90929c0e18db79d21f2d9328b8db3253e6b4dbaf8b340f8e13ac1959de3,2021-12,Cheshire Constabulary,Cheshire Constabulary,-2.892408,53.270219,On or near Harlech Way,E01018553,Cheshire West and Chester 011E,Violence and sexual offences,Unable to prosecute suspect,
dff02488c9666626f64b20d6b374a6a3e2f5f6eef19470dbce52f3163b0af2c5,2021-12,Cheshire Constabulary,Cheshire Constabulary,-2.886490,53.264645,On or near Coliseum Way,E01018553,Cheshire West and Chester 011E,Violence and sexual offences,Unable to prosecute suspect,
2a1392ee199ea1960db9855d72817f82fa1d9e582f987a198133aaca760482cd,2021-12,Cheshire Constabulary,Cheshire Constabulary,-2.886490,53.264645,On or near Coliseum Way,E01018553,Cheshire West and Chester 011E,Violence and sexual offences,Unable to prosecute suspect,
b06e6fc53fae5fb45e8182941348dad0d5889be034fb35dcc541ff3f51bea80d,2021-12,Cheshire Constabulary,Cheshire Constabulary,-2.890485,53.274350,On or near Milton Road,E01018553,Cheshire West and Chester 011E,Violence and sexual offences,Unable to prosecute suspect,
53926aacc430dc053dec69c179e9561c7ced12ef9607b86816038ba96356020c,2021-12,Cheshire Constabulary,Cheshire Constabulary,-2.554501,53.277879,On or near Whitehall Close,E01018672,Cheshire West and Chester 012B,Violence and sexual offences,Unable to prosecute suspect,
eb130fa79e21b9d78881dcb1cadcdef1aef9182869e7a4d75469265b7c0057e3,2021-12,Cheshire Constabulary,Cheshire Constabulary,-2.556020,53.277009,On or near Broomsfield Lane,E01018672,Cheshire West and Chester 012B,Violence and sexual offences,Unable to prosecute suspect,
b38a8518feb3c1053937228afb329d1b3b1ecf58b688eed7e2dd19124275ad79,2021-12,Cheshire Constabulary,Cheshire Constabulary,-2.554501,53.277879,On or near Whitehall Close,E01018672,Cheshire West and Chester 012B,Violence and sexual offences,Court result unavailable,
9c3e5cd5019c08e8c9b9f0757da3d17ad60a4d03750daf9768c9e21bbe088ab6,2021-12,Cheshire Constabulary,Cheshire Constabulary,-2.557225,53.276275,On or near Westfield Grove,E01018672,Cheshire West and Chester 012B,Violence and sexual offences,Unable to prosecute suspect,
ca7a0b45ac73a3855f181c66f5b2f9aa497aeab57f3dc04691d9be2b7498ef2c,2021-12,Cheshire Constabulary,Cheshire Constabulary,-2.556020,53.277009,On or near Broomsfield Lane,E01018672,Cheshire West and Chester 012B,Violence and sexual offences,Unable to prosecute suspect,
ae3333bb0b38ab138f67546b97fb2ee398d3e0ccd1ea71cbb1014922d4c01e0c,2021-12,Cheshire Constabulary,Cheshire Constabulary,-2.554501,53.277879,On or near Whitehall Close,E01018672,Cheshire West and Chester 012B,Violence and sexual offences,Court result unavailable,
,2021-12,Cheshire Constabulary,Cheshire Constabulary,-2.552202,53.270564,On or near Plumbs Fold,E01018674,Cheshire West and Chester 012D,Anti-social behaviour,,
,2021-12,Cheshire Constabulary,Cheshire Constabulary,-2.547554,53.270522,On or near Old School Close,E01018674,Cheshire West and Chester 012D,Anti-social behaviour,,
e9c5ef4e9a325b2ec2086ab49d844d3f616f422264a1411468aeaf0cfd1935a0,2021-12,Cheshire Constabulary,Cheshire Constabulary,-2.545504,53.272087,On or near Supermarket,E01018674,Cheshire West and Chester 012D,Burglary,Investigation complete; no suspect identified,
0f6b51cc4f2647dd3765a5f82cca24c2554b766884e2ed2691337204c358dac5,2021-12,Cheshire Constabulary,Cheshire Constabulary,-2.548555,53.271452,On or near Whitley Avenue,E01018674,Cheshire West and Chester 012D,Public order,Investigation complete; no suspect identified,
45c5a1f66911c9bcbf37ac369837574b648242e4a25167931f7f28ea7ea19feb,2021-12,Cheshire Constabulary,Cheshire Constabulary,-2.552202,53.270564,On or near Plumbs Fold,E01018674,Cheshire West and Chester 012D,Violence and sexual offences,Unable to prosecute suspect,
f02c0edade87ab3aa436dfc0278b361e39b3b9f06b9c8245b0577cc7bbc2f4a0,2021-12,Cheshire Constabulary,Cheshire Constabulary,-2.545504,53.272087,On or near Supermarket,E01018674,Cheshire West and Chester 012D,Violence and sexual offences,Unable to prosecute suspect,
fb6c36eae42bc347731be85b025818906178fe0980d5f288aecc03ca1a14d08f,2021-12,Cheshire Constabulary,Cheshire Constabulary,-2.931284,53.274093,On or near Caldy Drive,E01018556,Cheshire West and Chester 013A,Violence and sexual offences,Unable to prosecute suspect,
6f40f90e85403bc9e075fb09c6351d615f1ac1f1fec854525635528e5834a1a6,2021-12,Cheshire Constabulary,Cheshire Constabulary,-2.935326,53.269656,On or near Chester Road,E01018556,Cheshire West and Chester 013A,Violence and sexual offences,Unable to prosecute suspect,
8f74b56d602c4b718f5da1e85e51e0575df54d759b5096d9a12bcfd19c5aee0f,2021-12,Cheshire Constabulary,Cheshire Constabulary,-2.931284,53.274093,On or near Caldy Drive,E01018556,Cheshire West and Chester 013A,Violence and sexual offences,Unable to prosecute suspect,
28f733fcf87d0f8141e00bb34b9243b1fd7e7470ffba9a66f5ecf67bb81fcb75,2021-12,Cheshire Constabulary,Cheshire Constabulary,-2.935326,53.269656,On or near Chester Road,E01018556,Cheshire West and Chester 013A,Violence and sexual offences,Unable to prosecute suspect,
,2021-12,Cheshire Constabulary,Cheshire Constabulary,-2.923608,53.275582,On or near Sutton Way,E01018557,Cheshire West and Chester 013B,Anti-social behaviour,,
4a03b54024a75d45f9a48dcb770701f9068d2b4f2e6bff9306e4adfa5acbef2c,2021-12,Cheshire Constabulary,Cheshire Constabulary,-2.928770,53.274346,On or near Northern Rise,E01018557,Cheshire West and Chester 013B,Burglary,Investigation complete; no suspect identified,
8e0ad7ca3eacc06cf8a7489eb6bbe3d3d09c612503cdb601a08f811fdd5b7b39,2021-12,Cheshire Constabulary,Cheshire Constabulary,-2.926653,53.274228,On or near Carlyle Crescent,E01018557,Cheshire West and Chester 013B,Criminal damage and arson,Court result unavailable,
48e2fe7e3978c8ed1c01cdd26f67b9691774f98835f5654a1e8a87fd6b6247f9,2021-12,Cheshire Constabulary,Cheshire Constabulary,-2.927516,53.272522,On or near Heather Close,E01018557,Cheshire West and Chester 013B,Public order,Unable to prosecute suspect,
e647f96938ef191576ccf3ed6539a7e6e0498acd31701e22f0fe6c15bc3b0e1c,2021-12,Cheshire Constabulary,Cheshire Constabulary,-2.928375,53.273432,On or near Bracken Road,E01018557,Cheshire West and Chester 013B,Violence and sexual offences,Court result unavailable,
36083556fc7c8ca8d3410caf0bf875a6d6f023c3553e52e103de59115f877c86,2021-12,Cheshire Constabulary,Cheshire Constabulary,-2.923608,53.275582,On or near Sutton Way,E01018557,Cheshire West and Chester 013B,Violence and sexual offences,Unable to prosecute suspect,
64aa7225fe1846159a9225f1b8137b236cf1062bbb110f7e65c83f52c004b32f,2021-12,Cheshire Constabulary,Cheshire Constabulary,-2.923608,53.275582,On or near Sutton Way,E01018557,Cheshire West and Chester 013B,Violence and sexual offences,Unable to prosecute suspect,
17d4ef70fa2c35385a4f16e9f6da28aeb330ca15628feeb07de9a078233364bc,2021-12,Cheshire Constabulary,Cheshire Constabulary,-2.923840,53.272443,On or near Charter Crescent,E01018557,Cheshire West and Chester 013B,Violence and sexual offences,Offender given a caution,
199d8caef5c2b4f4fcb8f26f584fd11534229cb93d6663f7af79b1d2328b884d,2021-12,Cheshire Constabulary,Cheshire Constabulary,-2.927516,53.272522,On or near Heather Close,E01018557,Cheshire West and Chester 013B,Violence and sexual offences,Unable to prosecute suspect,
dc1e952a7b57d45a3b162f407fe59dde5605ba7865f428e774efcb57fc6b040b,2021-12,Cheshire Constabulary,Cheshire Constabulary,-2.930394,53.275259,On or near Greasby Drive,E01018557,Cheshire West and Chester 013B,Violence and sexual offences,Unable to prosecute suspect,
2945317e90096ecfa73b1e3f71b2d544ccea22023aa948de64dce51263b7fd58,2021-12,Cheshire Constabulary,Cheshire Constabulary,-2.923321,53.271997,On or near Hardy Close,E01018557,Cheshire West and Chester 013B,Violence and sexual offences,Unable to prosecute suspect,
faf0128173c43f4ece8a847c119c07a494f1544663045b97e7ab23539dbf2ceb,2021-12,Cheshire Constabulary,Cheshire Constabulary,-2.926653,53.274228,On or near Carlyle Crescent,E01018557,Cheshire West and Chester 013B,Other crime,Unable to prosecute suspect,
d0deb28f6a65913d9265820dcc311c8c4d2f65d3d26a9095eb25613a72d16dc2,2021-12,Cheshire Constabulary,Cheshire Constabulary,-2.921480,53.272182,On or near Overpool Road,E01018558,Cheshire West and Chester 013C,Public order,Unable to prosecute suspect,
b20ae0d92896b4f0169e2e63fdbb94da5e94c4e61cc839a5f42e4462c3bddcdb,2021-12,Cheshire Constabulary,Cheshire Constabulary,-2.921480,53.272182,On or near Overpool Road,E01018558,Cheshire West and Chester 013C,Violence and sexual offences,Court result unavailable,
f8acba6c3b9534b068d201e32a63879fe23825a99f73fa53e5622acae283b7e2,2021-12,Cheshire Constabulary,Cheshire Constabulary,-2.921480,53.272182,On or near Overpool Road,E01018558,Cheshire West and Chester 013C,Violence and sexual offences,Status update unavailable,
0ab24a01c0337ab2f72947b7ba5aead6dd7d382ca1337d8d605374f9c6054ca3,2021-12,Cheshire Constabulary,Cheshire Constabulary,-2.921480,53.272182,On or near Overpool Road,E01018558,Cheshire West and Chester 013C,Violence and sexual offences,Unable to prosecute suspect,
,2021-12,Cheshire Constabulary,Cheshire Constabulary,-2.927050,53.269712,On or near Baker Drive,E01018559,Cheshire West and Chester 013D,Anti-social behaviour,,
5ec4d8de2dac922fc4b5a8f01350cd5d62b82d230510234d059be3c34487ede1,2021-12,Cheshire Constabulary,Cheshire Constabulary,-2.929132,53.266819,On or near Kendal Drive,E01018559,Cheshire West and Chester 013D,Public order,Unable to prosecute suspect,
07d795143087eda7c1c0d8d7ec9c6856b9f1952953e803879427d717f958e671,2021-12,Cheshire Constabulary,Cheshire Constabulary,-2.929132,53.266819,On or near Kendal Drive,E01018559,Cheshire West and Chester 013D,Public order,Unable to prosecute suspect,
ecfe20839062d5cfe7b3f4c84c3eab18415e110ef3123c783ea947519b6844b8,2021-12,Cheshire Constabulary,Cheshire Constabulary,-2.929132,53.266819,On or near Kendal Drive,E01018559,Cheshire West and Chester 013D,Public order,Unable to prosecute suspect,
9c0babeb1a5b7129b1d87d0ecc0a886d05b85503a17ca3077d30c0ba7f328b48,2021-12,Cheshire Constabulary,Cheshire Constabulary,-2.929132,53.266819,On or near Kendal Drive,E01018559,Cheshire West and Chester 013D,Violence and sexual offences,Unable to prosecute suspect,
6e5609bfb788b1cf1fda47dd567ef8c6153eec70271bcf08c8514497e1513049,2021-12,Cheshire Constabulary,Cheshire Constabulary,-2.927604,53.268269,On or near Shepton Road,E01018559,Cheshire West and Chester 013D,Violence and sexual offences,Unable to prosecute suspect,
,2021-12,Cheshire Constabulary,Cheshire Constabulary,-2.908324,53.271933,On or near Thames Gardens,E01018565,Cheshire West and Chester 014A,Anti-social behaviour,,
fe559fea232cbb5753c89676f7d466183549a5666bf6d2b5781b3d541fd24bf5,2021-12,Cheshire Constabulary,Cheshire Constabulary,-2.909431,53.273201,On or near Parking Area,E01018565,Cheshire West and Chester 014A,Public order,Unable to prosecute suspect,
9936741cdf63cc98ba89a324f9c5f7cc5d9e9196e0ee6dadb98d41871fcdfe5b,2021-12,Cheshire Constabulary,Cheshire Constabulary,-2.907959,53.274533,On or near Dawn Gardens,E01018565,Cheshire West and Chester 014A,Violence and sexual offences,Unable to prosecute suspect,
36f75279e3df148d9f28d30762e56b8ee5d00354d83d19c808a4af7c24948176,2021-12,Cheshire Constabulary,Cheshire Constabulary,-2.903976,53.275525,On or near Old Hall Drive,E01018565,Cheshire West and Chester 014A,Violence and sexual offences,Further action is not in the public interest,
c82d664a0b5d43d11fe4949e10b29d6cc8e969af01b9e5c3b497430ff4b9d007,2021-12,Cheshire Constabulary,Cheshire Constabulary,-2.907237,53.274395,On or near St Thomas' View,E01018565,Cheshire West and Chester 014A,Violence and sexual offences,Unable to prosecute suspect,
419fd9a2ba42a4f47a4fcdf8e41b50482ce768884fe4b1265677dc391a448d3f,2021-12,Cheshire Constabulary,Cheshire Constabulary,-2.907959,53.274533,On or near Dawn Gardens,E01018565,Cheshire West and Chester 014A,Violence and sexual offences,Unable to prosecute suspect,
26d213b62dcba55809201d06002286bcdef7ceb2f72db32c0c15a86c529e62f1,2021-12,Cheshire Constabulary,Cheshire Constabulary,-2.899359,53.266311,On or near Ambleside Road,E01018566,Cheshire West and Chester 014B,Public order,Unable to prosecute suspect,
99dc6129c63c64fe672d627ce66a80247a56c6f375f61175b7b6696520942fda,2021-12,Cheshire Constabulary,Cheshire Constabulary,-2.899878,53.266738,On or near Windermere Road,E01018566,Cheshire West and Chester 014B,Violence and sexual offences,Unable to prosecute suspect,
bd2165b93044692a9d458c765eeeb0027c628247f3e01f3b2de0d71a0dad11c9,2021-12,Cheshire Constabulary,Cheshire Constabulary,-2.902598,53.264911,On or near Greenlea Close,E01018566,Cheshire West and Chester 014B,Violence and sexual offences,Local resolution,
2cd045dbe81dc9eb67333924d5411afa915ddad5940d4b5e2eb528cdef8e44f2,2021-12,Cheshire Constabulary,Cheshire Constabulary,-2.902598,53.264911,On or near Greenlea Close,E01018566,Cheshire West and Chester 014B,Violence and sexual offences,Unable to prosecute suspect,
3e5cad5c93e8dcb941a72ac0670ba14c9afe5ec98c2ff2b8bf04e4c79a675273,2021-12,Cheshire Constabulary,Cheshire Constabulary,-2.909487,53.264571,On or near Supermarket,E01018567,Cheshire West and Chester 014C,Bicycle theft,Investigation complete; no suspect identified,
3afae83a823c6dc7073f973c6a98c4bd81ef4934e09753dd95d17a9ff131f7ed,2021-12,Cheshire Constabulary,Cheshire Constabulary,-2.910252,53.265293,On or near Chester Road,E01018567,Cheshire West and Chester 014C,Public order,Unable to prosecute suspect,
4dab2c036e12f89ddc94f13baee89a3cae6c15abb7ddc39f0477b5603c043dc6,2021-12,Cheshire Constabulary,Cheshire Constabulary,-2.909487,53.264571,On or near Supermarket,E01018567,Cheshire West and Chester 014C,Violence and sexual offences,Unable to prosecute suspect,
9ed3f781e77da1f4a9c3f50d33816ed120787d6b5739770108e56cd58ce08295,2021-12,Cheshire Constabulary,Cheshire Constabulary,-2.909487,53.264571,On or near Supermarket,E01018567,Cheshire West and Chester 014C,Violence and sexual offences,Unable to prosecute suspect,
429e89246e7a6b6448b07d2c965031b0f5690c3af234ba26445c417fb28cced9,2021-12,Cheshire Constabulary,Cheshire Constabulary,-2.909487,53.264571,On or near Supermarket,E01018567,Cheshire West and Chester 014C,Violence and sexual offences,Unable to prosecute suspect,
44b4f6090b6c143285322d77e07aca081f89fc14c81881b6c0119e2b99255174,2021-12,Cheshire Constabulary,Cheshire Constabulary,-2.910252,53.265293,On or near Chester Road,E01018567,Cheshire West and Chester 014C,Violence and sexual offences,Unable to prosecute suspect,
52a4214590a6ddbd960208126f456cbe257f2f186a0b3b926cf9f954d948772b,2021-12,Cheshire Constabulary,Cheshire Constabulary,-2.909487,53.264571,On or near Supermarket,E01018567,Cheshire West and Chester 014C,Violence and sexual offences,Unable to prosecute suspect,
dddc61c15b09e8380564c2f302e5fd15bff654702b79e295957f92141cbf13c2,2021-12,Cheshire Constabulary,Cheshire Constabulary,-2.909487,53.264571,On or near Supermarket,E01018567,Cheshire West and Chester 014C,Violence and sexual offences,Unable to prosecute suspect,
2097a2824a65193f7de28b643c202a1e776ff3a70795f253e4618199612ddbf2,2021-12,Cheshire Constabulary,Cheshire Constabulary,-2.894049,53.261892,On or near Orkney Close,E01018568,Cheshire West and Chester 014D,Public order,Investigation complete; no suspect identified,
c5e6c0242c82c9439b05fc252c11dd39f1c5966ac7335244ecc76a7b6aeb95e0,2021-12,Cheshire Constabulary,Cheshire Constabulary,-2.894049,53.261892,On or near Orkney Close,E01018568,Cheshire West and Chester 014D,Public order,Court result unavailable,
ac0c417db4a3613da9485d8261f264e4e5e88534ad9f2d2070d771efdd9d1007,2021-12,Cheshire Constabulary,Cheshire Constabulary,-2.894439,53.261206,On or near Shetland Drive,E01018568,Cheshire West and Chester 014D,Public order,Unable to prosecute suspect,
1fbe9cc952aa8bc3f03e5ad2ff16c213425a9c561bb438c8e9832d56c2ac1e34,2021-12,Cheshire Constabulary,Cheshire Constabulary,-2.894049,53.261892,On or near Orkney Close,E01018568,Cheshire West and Chester 014D,Shoplifting,Investigation complete; no suspect identified,
6f2fbed0f25696592918a6793380954bf311fdc68ce00345a80b94eef8344ce4,2021-12,Cheshire Constabulary,Cheshire Constabulary,-2.894049,53.261892,On or near Orkney Close,E01018568,Cheshire West and Chester 014D,Shoplifting,Court result unavailable,
44ef4a4ac29ff8b290f4dcd8bc9a8706cfefdb016fd6b4fbcf9eca51585c14fa,2021-12,Cheshire Constabulary,Cheshire Constabulary,-2.894049,53.261892,On or near Orkney Close,E01018568,Cheshire West and Chester 014D,Shoplifting,Court result unavailable,
378ce2abe9f0ee6ec54a85ea1c4423dee2f69d661b9f8952102d24454c2d6f11,2021-12,Cheshire Constabulary,Cheshire Constabulary,-2.894049,53.261892,On or near Orkney Close,E01018568,Cheshire West and Chester 014D,Shoplifting,Investigation complete; no suspect identified,
3a25b1fc833a5d88017b2774a19681834758fe5474f6cd04a44a9c2352906018,2021-12,Cheshire Constabulary,Cheshire Constabulary,-2.894049,53.261892,On or near Orkney Close,E01018568,Cheshire West and Chester 014D,Shoplifting,Investigation complete; no suspect identified,
663432515fec09f9e71d53bb1fc39196879e4ac931f8516628277bef6cc526da,2021-12,Cheshire Constabulary,Cheshire Constabulary,-2.898432,53.261418,On or near Ramsey Road,E01018568,Cheshire West and Chester 014D,Violence and sexual offences,Unable to prosecute suspect,
c3b5ce9c2ce7feb17319fd009436b2ba87c26c472843489158a97e7c6ab0f55e,2021-12,Cheshire Constabulary,Cheshire Constabulary,-2.898432,53.261418,On or near Ramsey Road,E01018568,Cheshire West and Chester 014D,Violence and sexual offences,Unable to prosecute suspect,
,2021-12,Cheshire Constabulary,Cheshire Constabulary,-2.679272,53.241628,On or near Ashton Road,E01018684,Cheshire West and Chester 015A,Anti-social behaviour,,
,2021-12,Cheshire Constabulary,Cheshire Constabulary,-2.707578,53.255270,On or near Kingswood Park,E01018684,Cheshire West and Chester 015A,Anti-social behaviour,,
,2021-12,Cheshire Constabulary,Cheshire Constabulary,-2.679272,53.241628,On or near Ashton Road,E01018684,Cheshire West and Chester 015A,Anti-social behaviour,,
29af3a87aa4f06a354c6024e8956a71ea0e17e8b8354303a6a4c52f8b40be510,2021-12,Cheshire Constabulary,Cheshire Constabulary,-2.679272,53.241628,On or near Ashton Road,E01018684,Cheshire West and Chester 015A,Bicycle theft,Investigation complete; no suspect identified,
225628849745524169c75d63a2c46bb3a6c564fa24906a10087c79340c72a773,2021-12,Cheshire Constabulary,Cheshire Constabulary,-2.667104,53.237706,On or near B5152,E01018684,Cheshire West and Chester 015A,Drugs,Court result unavailable,
f774688d0e272a50db658c24a0bf83b5afaa4577bcbdffe7f1284f1d0cfe9672,2021-12,Cheshire Constabulary,Cheshire Constabulary,-2.667104,53.237706,On or near B5152,E01018684,Cheshire West and Chester 015A,Drugs,Court result unavailable,
784c1cdac9955cf9b146a1dd766588c705f466ecdc21a7b9af3c07058dd85bdd,2021-12,Cheshire Constabulary,Cheshire Constabulary,-2.679272,53.241628,On or near Ashton Road,E01018684,Cheshire West and Chester 015A,Other theft,Investigation complete; no suspect identified,
fce2d1b9ab6d854ccd3744d5d095904759d6de04aefb3c83950c6d1d38e21c32,2021-12,Cheshire Constabulary,Cheshire Constabulary,-2.667104,53.237706,On or near B5152,E01018684,Cheshire West and Chester 015A,Other theft,Court result unavailable,
260caae98c088fb9ff5efe09547c8bd6c3fed356765e79a86801877838688048,2021-12,Cheshire Constabulary,Cheshire Constabulary,-2.717071,53.251942,On or near New Pale Road,E01018684,Cheshire West and Chester 015A,Public order,Unable to prosecute suspect,
15351f7b1451743cc6a7f97bee92733ddd1a5a5c9575f74e5b28ad56e6f019b5,2021-12,Cheshire Constabulary,Cheshire Constabulary,-2.679272,53.241628,On or near Ashton Road,E01018684,Cheshire West and Chester 015A,Public order,Investigation complete; no suspect identified,
84f94d4d27a7bcf9d2d7231c8a8d9c6d4eaa160b0915e76e8afc7cc795e59416,2021-12,Cheshire Constabulary,Cheshire Constabulary,-2.679272,53.241628,On or near Ashton Road,E01018684,Cheshire West and Chester 015A,Vehicle crime,Investigation complete; no suspect identified,
b54b811184b9ca3df91854abe893c7196294fbaa5dd1ae3fbe59ef506f96740b,2021-12,Cheshire Constabulary,Cheshire Constabulary,-2.679272,53.241628,On or near Ashton Road,E01018684,Cheshire West and Chester 015A,Violence and sexual offences,Investigation complete; no suspect identified,
,2021-12,Cheshire Constabulary,Cheshire Constabulary,-2.778064,53.263038,On or near Sports/Recreation Area,E01018695,Cheshire West and Chester 015B,Anti-social behaviour,,
de4dbe1c8f31c1a2533fc3c558a3add4d51aa72c561a7df34132782a98814645,2021-12,Cheshire Constabulary,Cheshire Constabulary,-2.773662,53.263381,On or near Hill View Avenue,E01018695,Cheshire West and Chester 015B,Other theft,Unable to prosecute suspect,
64d6aaae9f54af5114c14f8191aab4b137dc70e7f20a5a79454719624b0e0055,2021-12,Cheshire Constabulary,Cheshire Constabulary,-2.775620,53.267144,On or near Neston Close,E01018695,Cheshire West and Chester 015B,Violence and sexual offences,Unable to prosecute suspect,
9cb03f9075c615224b259a5d1d9d6282ac96e787491e2741f6c88dbaa4c4b1ef,2021-12,Cheshire Constabulary,Cheshire Constabulary,-2.775620,53.267144,On or near Neston Close,E01018695,Cheshire West and Chester 015B,Violence and sexual offences,Unable to prosecute suspect,
a593386126fdf7a6b4e9e9aff4ff7de3592b9814a90d1e2045c4cf89897d30aa,2021-12,Cheshire Constabulary,Cheshire Constabulary,-2.771951,53.268228,On or near Longster Close,E01018695,Cheshire West and Chester 015B,Violence and sexual offences,Court result unavailable,
efdedca196611de860df4666cbb5393df1eb9843a5b6983077bafa09aa6fbcbf,2021-12,Cheshire Constabulary,Cheshire Constabulary,-2.771213,53.267244,On or near Crossland Terrace,E01018695,Cheshire West and Chester 015B,Violence and sexual offences,Unable to prosecute suspect,
86763e641d920a23dde44b01edafd378bc4420451afd0bb861c14beefcd8a4c4,2021-12,Cheshire Constabulary,Cheshire Constabulary,-2.774645,53.267168,On or near Callender Gardens,E01018695,Cheshire West and Chester 015B,Violence and sexual offences,Unable to prosecute suspect,
e5656ba56e38d47c2c4237058aeb562aaac2cfcb38ea1f2b6de31039741d3177,2021-12,Cheshire Constabulary,Cheshire Constabulary,-2.760859,53.278547,On or near Barn Croft,E01018696,Cheshire West and Chester 015C,Criminal damage and arson,Unable to prosecute suspect,
b5d49e7ee7b4ccb1b66c563d35f0af973d2652b5db8d92013919845e8364dffd,2021-12,Cheshire Constabulary,Cheshire Constabulary,-2.763037,53.278767,On or near Dove Close,E01018696,Cheshire West and Chester 015C,Other theft,Investigation complete; no suspect identified,
1d5861da6a185778abbb98c66b19230f39f649eed22e2c7174697202fda0568f,2021-12,Cheshire Constabulary,Cheshire Constabulary,-2.750161,53.278291,On or near Sports/Recreation Area,E01018696,Cheshire West and Chester 015C,Public order,Investigation complete; no suspect identified,
b773fbd491f5e476f3b8206b934e5888005eb3787abee9887a4b70cc184f6443,2021-12,Cheshire Constabulary,Cheshire Constabulary,-2.758865,53.276070,On or near Portland Place,E01018696,Cheshire West and Chester 015C,Violence and sexual offences,Unable to prosecute suspect,
441b2888b2963d5ec6db367c209384fb2b2003db82c2507bab5a7b8d69f8e563,2021-12,Cheshire Constabulary,Cheshire Constabulary,-2.767768,53.276642,On or near Vale Gardens,E01018697,Cheshire West and Chester 015D,Other theft,Unable to prosecute suspect,
628550be0ace5e4b5f7ceb26e15dac2679a91b13cd7e7bace7fc913df7372af2,2021-12,Cheshire Constabulary,Cheshire Constabulary,-2.774201,53.271594,On or near Sherwood Grove,E01018697,Cheshire West and Chester 015D,Violence and sexual offences,Unable to prosecute suspect,
6efc7ca5946546a41fb475918c36dbe0ab914447d8df3d3a8354ddfafc370e58,2021-12,Cheshire Constabulary,Cheshire Constabulary,-2.771269,53.272862,On or near Kings Drive,E01018697,Cheshire West and Chester 015D,Violence and sexual offences,Unable to prosecute suspect,
,2021-12,Cheshire Constabulary,Cheshire Constabulary,-2.672448,53.267977,On or near The Brow,E01018698,Cheshire West and Chester 015E,Anti-social behaviour,,
41e6fefc03c33e2d9d520308f7f6f8f1d69cea58765bbf84d3490d47d84fe04a,2021-12,Cheshire Constabulary,Cheshire Constabulary,-2.677588,53.268730,On or near Horseshoe Close,E01018698,Cheshire West and Chester 015E,Burglary,Unable to prosecute suspect,
910dbb43f8d4adf032a1378b19e09e1dd1f9e8a82a44bccbbffb62f4fb5f03a3,2021-12,Cheshire Constabulary,Cheshire Constabulary,-2.672448,53.267977,On or near The Brow,E01018698,Cheshire West and Chester 015E,Other theft,Unable to prosecute suspect,
a9c9c7beab6f184b9e42de917c1b9d14319fc03cf5152e4a956ab568478d858a,2021-12,Cheshire Constabulary,Cheshire Constabulary,-2.698832,53.275026,On or near Kingsley Road,E01018698,Cheshire West and Chester 015E,Violence and sexual offences,Court result unavailable,
7cd838bdba87081af7f3e80bcbc24700531a494d55035f9b36c97243a6ec32c3,2021-12,Cheshire Constabulary,Cheshire Constabulary,-2.675222,53.263251,On or near Beech View Road,E01018698,Cheshire West and Chester 015E,Violence and sexual offences,Unable to prosecute suspect,
2b04a5709a9af1b8b02aef1f0e3e3a4fc51da2efd5831026d021b57947d58559,2021-12,Cheshire Constabulary,Cheshire Constabulary,-2.675222,53.263251,On or near Beech View Road,E01018698,Cheshire West and Chester 015E,Violence and sexual offences,Unable to prosecute suspect,
733459173a379af5f9737e22d62d84b2d80eebfb8affc1fc1243694a014cdb0a,2021-12,Cheshire Constabulary,Cheshire Constabulary,-2.702147,53.266862,On or near Meeting House Lane,E01018698,Cheshire West and Chester 015E,Violence and sexual offences,Unable to prosecute suspect,
80bf3a5da2f31a483e6a31d3f0328f437b46c02c4a319a1c1c68646934ecc2e5,2021-12,Cheshire Constabulary,Cheshire Constabulary,-2.675222,53.263251,On or near Beech View Road,E01018698,Cheshire West and Chester 015E,Violence and sexual offences,Unable to prosecute suspect,
74e83c487cafb979a5bc869514cb760282f9956d125bd16a5ea18ddd161741df,2021-12,Cheshire Constabulary,Cheshire Constabulary,-2.914538,53.266600,On or near Overpool Road,E01018526,Cheshire West and Chester 016A,Violence and sexual offences,Unable to prosecute suspect,
78dba6cac082d0a700752c542185fe27e93d67d7b926efa307ebbce6263ab2e7,2021-12,Cheshire Constabulary,Cheshire Constabulary,-2.915924,53.261995,On or near Walnut Grove,E01018526,Cheshire West and Chester 016A,Violence and sexual offences,Unable to prosecute suspect,
c29dfcf4ad268be3518a9b46c2274be43620a5fb7b05cbb5fa7c1208a9c4b5a0,2021-12,Cheshire Constabulary,Cheshire Constabulary,-2.914538,53.266600,On or near Overpool Road,E01018526,Cheshire West and Chester 016A,Violence and sexual offences,Unable to prosecute suspect,
,2021-12,Cheshire Constabulary,Cheshire Constabulary,-2.923921,53.264379,On or near Whitecroft Road,E01018527,Cheshire West and Chester 016B,Anti-social behaviour,,
4f8bbb50fc2a577548ee559b643ef7d3d9f298d8ffd042e7b9fa61b84f58d499,2021-12,Cheshire Constabulary,Cheshire Constabulary,-2.921281,53.262224,On or near Whitebeam Avenue,E01018527,Cheshire West and Chester 016B,Drugs,Court result unavailable,
f1f61c1a490d43089543426e4bcdb134d1fe5a1c61627ce078b06955f3d006b6,2021-12,Cheshire Constabulary,Cheshire Constabulary,-2.920815,53.264241,On or near Broadland Gardens,E01018527,Cheshire West and Chester 016B,Other theft,Status update unavailable,
3f8b750aaef3093dcf8af57a6b8355b867ab160c67fa52854cad0afec0535661,2021-12,Cheshire Constabulary,Cheshire Constabulary,-2.923136,53.266201,On or near Summertrees Road,E01018527,Cheshire West and Chester 016B,Violence and sexual offences,Investigation complete; no suspect identified,
fa0cf783a5ff568a4afcaa00f67157de65781cad7220723e551b7aa8f98967da,2021-12,Cheshire Constabulary,Cheshire Constabulary,-2.926628,53.259899,On or near Parking Area,E01018554,Cheshire West and Chester 016C,Public order,Offender given a caution,
75497b0d92b559c84054a0632aac93cd8fd8e4741241e617a1762704fa915910,2021-12,Cheshire Constabulary,Cheshire Constabulary,-2.917783,53.258502,On or near Snowberry Way,E01018554,Cheshire West and Chester 016C,Violence and sexual offences,Unable to prosecute suspect,
e93ee2b189c363b16fdb215068834d047fe37ca9c0ff46c7b0036adb403a0fe1,2021-12,Cheshire Constabulary,Cheshire Constabulary,-2.917783,53.258502,On or near Snowberry Way,E01018554,Cheshire West and Chester 016C,Violence and sexual offences,Unable to prosecute suspect,
7de4382abbfb952e1b61eb4f4f6bc00425eb3765ae4c8320604608dcea6f2741,2021-12,Cheshire Constabulary,Cheshire Constabulary,-2.917783,53.258502,On or near Snowberry Way,E01018554,Cheshire West and Chester 016C,Violence and sexual offences,Unable to prosecute suspect,
64853f927014243803ca1a4a82bbebb5d4172334e3fc5d3a6ad5bace84f1ef3c,2021-12,Cheshire Constabulary,Cheshire Constabulary,-2.926628,53.259899,On or near Parking Area,E01018554,Cheshire West and Chester 016C,Violence and sexual offences,Unable to prosecute suspect,
,2021-12,Cheshire Constabulary,Cheshire Constabulary,-2.457272,53.271910,On or near Cheshire Avenue,E01018704,Cheshire West and Chester 017A,Anti-social behaviour,,
,2021-12,Cheshire Constabulary,Cheshire Constabulary,-2.460795,53.271860,On or near Manchester Road,E01018704,Cheshire West and Chester 017A,Anti-social behaviour,,
353d458eeb7c8cf5a0637930ca7870b23a5814e734a66ecd77812f1ec0896363,2021-12,Cheshire Constabulary,Cheshire Constabulary,-2.457272,53.271910,On or near Cheshire Avenue,E01018704,Cheshire West and Chester 017A,Criminal damage and arson,Investigation complete; no suspect identified,
a07d5e9e95e015c3c741abe1eb76aa73bd2f3cff9452b54aaf4e66d6aee61ddf,2021-12,Cheshire Constabulary,Cheshire Constabulary,-2.466185,53.272450,On or near Grove Avenue,E01018704,Cheshire West and Chester 017A,Other theft,Unable to prosecute suspect,
16b2c2ccbf881238b13e688097d566cb073321fcdadf42c37c585fa950487304,2021-12,Cheshire Constabulary,Cheshire Constabulary,-2.457272,53.271910,On or near Cheshire Avenue,E01018704,Cheshire West and Chester 017A,Shoplifting,Investigation complete; no suspect identified,
e326a806ccb3eaf5982268521155e93ccfc0e761626f38a7f9077510e024ba25,2021-12,Cheshire Constabulary,Cheshire Constabulary,-2.457272,53.271910,On or near Cheshire Avenue,E01018704,Cheshire West and Chester 017A,Violence and sexual offences,Unable to prosecute suspect,
f7d8b9215ec27fcc542a3cb49145ca5383bec3f4dceb2738ea1a0e3d7311e05a,2021-12,Cheshire Constabulary,Cheshire Constabulary,-2.457272,53.271910,On or near Cheshire Avenue,E01018704,Cheshire West and Chester 017A,Violence and sexual offences,Unable to prosecute suspect,
0460982836cd9a8775f675d9add5f2219d1b28be8168a55cd18e168c68888e61,2021-12,Cheshire Constabulary,Cheshire Constabulary,-2.465076,53.269767,On or near Fitton Street,E01018704,Cheshire West and Chester 017A,Violence and sexual offences,Unable to prosecute suspect,
c5ff55e919fa700eb5931be4f3367f665c017d694372bdc1909e3e2673fc6b12,2021-12,Cheshire Constabulary,Cheshire Constabulary,-2.466458,53.283739,On or near Birch Grove,E01018705,Cheshire West and Chester 017B,Criminal damage and arson,Investigation complete; no suspect identified,
9769d7f0d41155ca37ff4b037105d0f7315dd337d3967593b7ec11abf434a59f,2021-12,Cheshire Constabulary,Cheshire Constabulary,-2.463413,53.283787,On or near Keats Lane,E01018705,Cheshire West and Chester 017B,Theft from the person,Investigation complete; no suspect identified,
7cb30a7e1461f0c23d50ea27619356b9eb48df2cef23cb58f721afc4cf691bf4,2021-12,Cheshire Constabulary,Cheshire Constabulary,-2.471418,53.284681,On or near Pickmere Lane,E01018705,Cheshire West and Chester 017B,Violence and sexual offences,Unable to prosecute suspect,
894e8bf60571583137c8d3aa7eed3209d3939641ea033b0a1baeadb1caf8b272,2021-12,Cheshire Constabulary,Cheshire Constabulary,-2.466458,53.283739,On or near Birch Grove,E01018705,Cheshire West and Chester 017B,Violence and sexual offences,Unable to prosecute suspect,
b16c65a5156077ca6b584e94a9deee8e300231889b711e5bc2599a3b76c8883e,2021-12,Cheshire Constabulary,Cheshire Constabulary,-2.464145,53.283488,On or near Milton Close,E01018705,Cheshire West and Chester 017B,Violence and sexual offences,Court result unavailable,
a967dcd900836d617e5f0657e56ee6b8a2b1be11119c0c59cbc2c03022e8e04c,2021-12,Cheshire Constabulary,Cheshire Constabulary,-2.471800,53.279880,On or near Green Lane,E01018705,Cheshire West and Chester 017B,Violence and sexual offences,Unable to prosecute suspect,
d7c80cca5604ba8ccb096edef90d2386a096c6350d9a047fa343387d0b6e4e7b,2021-12,Cheshire Constabulary,Cheshire Constabulary,-2.465209,53.284805,On or near The Woodlands,E01018705,Cheshire West and Chester 017B,Violence and sexual offences,Unable to prosecute suspect,
1b46e290117e769a35640709f3b3ca6c8b2f0e0d93a304d8df96ddca36790e16,2021-12,Cheshire Constabulary,Cheshire Constabulary,-2.466458,53.283739,On or near Birch Grove,E01018705,Cheshire West and Chester 017B,Violence and sexual offences,Unable to prosecute suspect,
3789ba3a8e70fca0a4586fbc0607f655a12dd649bf6671521420b277e3d7b1a9,2021-12,Cheshire Constabulary,Cheshire Constabulary,-2.464145,53.283488,On or near Milton Close,E01018705,Cheshire West and Chester 017B,Violence and sexual offences,Unable to prosecute suspect,
907b71a76f780e56dbb17b50da47702bd88a9469a7edc6083ed69f746d6c1ebd,2021-12,Cheshire Constabulary,Cheshire Constabulary,-2.464145,53.283488,On or near Milton Close,E01018705,Cheshire West and Chester 017B,Violence and sexual offences,Unable to prosecute suspect,
,2021-12,Cheshire Constabulary,Cheshire Constabulary,-2.463625,53.272829,On or near Townshend Road,E01018706,Cheshire West and Chester 017C,Anti-social behaviour,,
a3ffcfcb1dabbbc868dd541aa5d4fa083a4a4411b4c9a7fa065fb31c9e023d41,2021-12,Cheshire Constabulary,Cheshire Constabulary,-2.463625,53.272829,On or near Townshend Road,E01018706,Cheshire West and Chester 017C,Other theft,Unable to prosecute suspect,
1b084abf68a223ca2267f6b6dff0fddebbde01980bb2d7c2b543c6e0f9aaacc6,2021-12,Cheshire Constabulary,Cheshire Constabulary,-2.459478,53.269312,On or near Aitchison Road,E01018706,Cheshire West and Chester 017C,Public order,Unable to prosecute suspect,
ac464054c9d7951ab39741d2df49237e661164d539deadf11c7ca738d030b032,2021-12,Cheshire Constabulary,Cheshire Constabulary,-2.459478,53.269312,On or near Aitchison Road,E01018706,Cheshire West and Chester 017C,Violence and sexual offences,Unable to prosecute suspect,
3bbfa798aa8c508e594155f6106319fa163b9696160c88a8639ec938fde79942,2021-12,Cheshire Constabulary,Cheshire Constabulary,-2.479719,53.257142,On or near Farm Road,E01018718,Cheshire West and Chester 017D,Burglary,Investigation complete; no suspect identified,
06e5a31de4ba6b6e175cdbd3d8888385ba6a0ab8022480c006c3347359cfad7a,2021-12,Cheshire Constabulary,Cheshire Constabulary,-2.477302,53.252820,On or near Waterside View,E01018718,Cheshire West and Chester 017D,Criminal damage and arson,Unable to prosecute suspect,
4a2021cfe0a05ba6272628a698bf28ffd21a3f6bf82cf5bfea58ed5ededed070,2021-12,Cheshire Constabulary,Cheshire Constabulary,-2.477302,53.252820,On or near Waterside View,E01018718,Cheshire West and Chester 017D,Criminal damage and arson,Unable to prosecute suspect,
d54b21eeee810becbfe88ba77e0febd814a5a98a178e8118dccba194346f52c2,2021-12,Cheshire Constabulary,Cheshire Constabulary,-2.484056,53.257592,On or near Supermarket,E01018718,Cheshire West and Chester 017D,Vehicle crime,Investigation complete; no suspect identified,
ec21fe2bf6f75e62c4e7ceb6b48d9d4135dbefe687b140095c3a1025a51b997c,2021-12,Cheshire Constabulary,Cheshire Constabulary,-2.477302,53.252820,On or near Waterside View,E01018718,Cheshire West and Chester 017D,Violence and sexual offences,Unable to prosecute suspect,
e96c9216f6cb15b4836ce5a3905a4d6db8f7dff7c9a4e529feebb2acadad7623,2021-12,Cheshire Constabulary,Cheshire Constabulary,-2.477280,53.257575,On or near Cottage Close,E01018718,Cheshire West and Chester 017D,Violence and sexual offences,Court result unavailable,
7224acc339ab3c5a187c2389ccafd919a0ece719b3a834174076e10df8af1769,2021-12,Cheshire Constabulary,Cheshire Constabulary,-2.482936,53.254019,On or near Central Road,E01018718,Cheshire West and Chester 017D,Violence and sexual offences,Unable to prosecute suspect,
3cf30a8a82899874ce0d15e7837c0e8cd77af19567fc050e357e9cc0a2a3cfe7,2021-12,Cheshire Constabulary,Cheshire Constabulary,-2.410717,53.198811,On or near Holmes Chapel Road,E01018722,Cheshire West and Chester 017E,Criminal damage and arson,Investigation complete; no suspect identified,
4efb42ba49abf1f9afe55953bd7a50852cb83abd134b1e80da8aaa28f90f7c09,2021-12,Cheshire Constabulary,Cheshire Constabulary,-2.397460,53.243126,On or near Middlewich Road,E01018722,Cheshire West and Chester 017E,Other theft,Investigation complete; no suspect identified,
1d5e492e9d7447b4096f8734672a1c076bb0b156eb730901d4bfba37175cb90b,2021-12,Cheshire Constabulary,Cheshire Constabulary,-2.390961,53.184450,On or near Airport/Airfield,E01018722,Cheshire West and Chester 017E,Violence and sexual offences,Unable to prosecute suspect,
fab937340455d8b370a115f70749355d4d3197ec2aec02be9430c57dc8e188db,2021-12,Cheshire Constabulary,Cheshire Constabulary,-2.465138,53.256140,On or near Cookes Lane,E01018722,Cheshire West and Chester 017E,Violence and sexual offences,Unable to prosecute suspect,
7badee9cbd40002fc8fdd58fae9712cff1322d1517ed47d4d877656e034e8ef6,2021-12,Cheshire Constabulary,Cheshire Constabulary,-2.465138,53.256140,On or near Cookes Lane,E01018722,Cheshire West and Chester 017E,Violence and sexual offences,Unable to prosecute suspect,
1e3418ccc025e2957382a5a8923c2c5e56b94b448dae2a00d99a85fb89bf04b8,2021-12,Cheshire Constabulary,Cheshire Constabulary,-2.383150,53.256539,On or near Heath Lane,E01018722,Cheshire West and Chester 017E,Violence and sexual offences,Status update unavailable,
0d548b25b8de08c7ee2f81a78548747e2521a8eb7512da6eb40d05a383315ca6,2021-12,Cheshire Constabulary,Cheshire Constabulary,-2.402435,53.196843,On or near Wren Avenue,E01018722,Cheshire West and Chester 017E,Violence and sexual offences,Court result unavailable,
a7974674ec699986d86801674be8f38edca701352855d16ddb3bbf3041b70594,2021-12,Cheshire Constabulary,Cheshire Constabulary,-2.390961,53.184450,On or near Airport/Airfield,E01018722,Cheshire West and Chester 017E,Violence and sexual offences,Unable to prosecute suspect,
e42282b8e5bfc0eb8d172906b75f31fabf9e7d835a9e669a5176a2258e18a7ad,2021-12,Cheshire Constabulary,Cheshire Constabulary,-2.390961,53.184450,On or near Airport/Airfield,E01018722,Cheshire West and Chester 017E,Violence and sexual offences,Unable to prosecute suspect,
2a2946c15c079598541b5982242e4e8183c42a209f40c4b6efd276e175e456e4,2021-12,Cheshire Constabulary,Cheshire Constabulary,-2.390961,53.184450,On or near Airport/Airfield,E01018722,Cheshire West and Chester 017E,Violence and sexual offences,Unable to prosecute suspect,
c5bc8276e2ddcef287bd2f6fec4c3e9a38d73ef355ef240ece54b84c64dc4af4,2021-12,Cheshire Constabulary,Cheshire Constabulary,-2.390961,53.184450,On or near Airport/Airfield,E01018722,Cheshire West and Chester 017E,Violence and sexual offences,Unable to prosecute suspect,
4731cafab509285be45d59dc2fec238930f29dcce9003fce82e0414db740abb7,2021-12,Cheshire Constabulary,Cheshire Constabulary,-2.390961,53.184450,On or near Airport/Airfield,E01018722,Cheshire West and Chester 017E,Violence and sexual offences,Unable to prosecute suspect,
,2021-12,Cheshire Constabulary,Cheshire Constabulary,-2.530638,53.263111,On or near Elmridge Way,E01018713,Cheshire West and Chester 018A,Anti-social behaviour,,
,2021-12,Cheshire Constabulary,Cheshire Constabulary,-2.541208,53.266731,On or near Park/Open Space,E01018713,Cheshire West and Chester 018A,Anti-social behaviour,,
7b2012a6161c9a931a3848fa721d084df53a6f3f18729757249123476c281252,2021-12,Cheshire Constabulary,Cheshire Constabulary,-2.533438,53.261624,On or near Sports/Recreation Area,E01018713,Cheshire West and Chester 018A,Criminal damage and arson,Unable to prosecute suspect,
a0204a2b91d28177ad65b787da5d6f02fc8303c2c24859b857abdd5013ab661b,2021-12,Cheshire Constabulary,Cheshire Constabulary,-2.528147,53.264174,On or near Northway,E01018713,Cheshire West and Chester 018A,Criminal damage and arson,Investigation complete; no suspect identified,
df53ae01c09c1fc12639bcb23f7f389cdb8d9897b956e754b39e85749f36744f,2021-12,Cheshire Constabulary,Cheshire Constabulary,-2.530638,53.263111,On or near Elmridge Way,E01018713,Cheshire West and Chester 018A,Criminal damage and arson,Unable to prosecute suspect,
e9a403e135db56405417b7d4c90da2e6b005dcf7c2f01ecf0f6829418174536e,2021-12,Cheshire Constabulary,Cheshire Constabulary,-2.529032,53.264197,On or near Bond Street,E01018713,Cheshire West and Chester 018A,Vehicle crime,Investigation complete; no suspect identified,
52c4b296638b3b417267fa187d8aa4c3383a476ed5e37305872f9d5c7143c9c7,2021-12,Cheshire Constabulary,Cheshire Constabulary,-2.534829,53.261411,On or near Sports/Recreation Area,E01018713,Cheshire West and Chester 018A,Violence and sexual offences,Unable to prosecute suspect,
b2edd960cf0c5333a3dcf41be942c8b4dffc9f7f1953b25378ed75a934d5de9e,2021-12,Cheshire Constabulary,Cheshire Constabulary,-2.528147,53.264174,On or near Northway,E01018713,Cheshire West and Chester 018A,Violence and sexual offences,Investigation complete; no suspect identified,
e8cd5b75a08d2f6ade6523e20f900f638f3d7477929dd3f4cf062f5dfc5adbbd,2021-12,Cheshire Constabulary,Cheshire Constabulary,-2.541645,53.262172,On or near Parking Area,E01018713,Cheshire West and Chester 018A,Violence and sexual offences,Unable to prosecute suspect,
b694f4eb0c666529ef724f3732bad35ff97283c899da08c090f021a9999c840b,2021-12,Cheshire Constabulary,Cheshire Constabulary,-2.528902,53.265797,On or near Hollybank Close,E01018713,Cheshire West and Chester 018A,Violence and sexual offences,Investigation complete; no suspect identified,
c6419eb1fe0e66eeaad3531baaccfef988d5e452f1d44e83609ac1024684e3a4,2021-12,Cheshire Constabulary,Cheshire Constabulary,-2.532889,53.265690,On or near Sports/Recreation Area,E01018713,Cheshire West and Chester 018A,Violence and sexual offences,Unable to prosecute suspect,
c38859a66ef27e1434d2ff8b676d0d1b1374b39fc7fc2bb60c29afb07fed264e,2021-12,Cheshire Constabulary,Cheshire Constabulary,-2.529032,53.264197,On or near Bond Street,E01018713,Cheshire West and Chester 018A,Violence and sexual offences,Unable to prosecute suspect,
,2021-12,Cheshire Constabulary,Cheshire Constabulary,-2.511717,53.256740,On or near Waterbank Row,E01018714,Cheshire West and Chester 018B,Anti-social behaviour,,
,2021-12,Cheshire Constabulary,Cheshire Constabulary,-2.501727,53.262562,On or near Station Road,E01018714,Cheshire West and Chester 018B,Anti-social behaviour,,
,2021-12,Cheshire Constabulary,Cheshire Constabulary,-2.508272,53.263244,On or near Petrol Station,E01018714,Cheshire West and Chester 018B,Anti-social behaviour,,
,2021-12,Cheshire Constabulary,Cheshire Constabulary,-2.514280,53.261691,On or near Crown Street,E01018714,Cheshire West and Chester 018B,Anti-social behaviour,,
,2021-12,Cheshire Constabulary,Cheshire Constabulary,-2.506423,53.264106,On or near Oak Street,E01018714,Cheshire West and Chester 018B,Anti-social behaviour,,
,2021-12,Cheshire Constabulary,Cheshire Constabulary,-2.512185,53.263282,On or near Parking Area,E01018714,Cheshire West and Chester 018B,Anti-social behaviour,,
,2021-12,Cheshire Constabulary,Cheshire Constabulary,-2.514280,53.261691,On or near Crown Street,E01018714,Cheshire West and Chester 018B,Anti-social behaviour,,
,2021-12,Cheshire Constabulary,Cheshire Constabulary,-2.501727,53.262562,On or near Station Road,E01018714,Cheshire West and Chester 018B,Anti-social behaviour,,
,2021-12,Cheshire Constabulary,Cheshire Constabulary,-2.514280,53.261691,On or near Crown Street,E01018714,Cheshire West and Chester 018B,Anti-social behaviour,,
,2021-12,Cheshire Constabulary,Cheshire Constabulary,-2.513273,53.257740,On or near Naylor Court,E01018714,Cheshire West and Chester 018B,Anti-social behaviour,,
,2021-12,Cheshire Constabulary,Cheshire Constabulary,-2.508043,53.261699,On or near Parking Area,E01018714,Cheshire West and Chester 018B,Anti-social behaviour,,
,2021-12,Cheshire Constabulary,Cheshire Constabulary,-2.513201,53.259205,On or near Theatre Court,E01018714,Cheshire West and Chester 018B,Anti-social behaviour,,
,2021-12,Cheshire Constabulary,Cheshire Constabulary,-2.512185,53.263282,On or near Parking Area,E01018714,Cheshire West and Chester 018B,Anti-social behaviour,,
,2021-12,Cheshire Constabulary,Cheshire Constabulary,-2.505980,53.264692,On or near Leicester Street,E01018714,Cheshire West and Chester 018B,Anti-social behaviour,,
,2021-12,Cheshire Constabulary,Cheshire Constabulary,-2.514280,53.261691,On or near Crown Street,E01018714,Cheshire West and Chester 018B,Anti-social behaviour,,
,2021-12,Cheshire Constabulary,Cheshire Constabulary,-2.515206,53.260140,On or near Watling Street,E01018714,Cheshire West and Chester 018B,Anti-social behaviour,,
,2021-12,Cheshire Constabulary,Cheshire Constabulary,-2.512185,53.263282,On or near Parking Area,E01018714,Cheshire West and Chester 018B,Anti-social behaviour,,
,2021-12,Cheshire Constabulary,Cheshire Constabulary,-2.506507,53.263647,On or near Ash Street,E01018714,Cheshire West and Chester 018B,Anti-social behaviour,,
,2021-12,Cheshire Constabulary,Cheshire Constabulary,-2.512185,53.263282,On or near Parking Area,E01018714,Cheshire West and Chester 018B,Anti-social behaviour,,
,2021-12,Cheshire Constabulary,Cheshire Constabulary,-2.514280,53.261691,On or near Crown Street,E01018714,Cheshire West and Chester 018B,Anti-social behaviour,,
,2021-12,Cheshire Constabulary,Cheshire Constabulary,-2.512760,53.263693,On or near Parking Area,E01018714,Cheshire West and Chester 018B,Anti-social behaviour,,
,2021-12,Cheshire Constabulary,Cheshire Constabulary,-2.506507,53.263647,On or near Ash Street,E01018714,Cheshire West and Chester 018B,Anti-social behaviour,,
,2021-12,Cheshire Constabulary,Cheshire Constabulary,-2.509071,53.261156,On or near Chester Way,E01018714,Cheshire West and Chester 018B,Anti-social behaviour,,
,2021-12,Cheshire Constabulary,Cheshire Constabulary,-2.511505,53.262835,On or near Parking Area,E01018714,Cheshire West and Chester 018B,Anti-social behaviour,,
,2021-12,Cheshire Constabulary,Cheshire Constabulary,-2.505980,53.264692,On or near Leicester Street,E01018714,Cheshire West and Chester 018B,Anti-social behaviour,,
,2021-12,Cheshire Constabulary,Cheshire Constabulary,-2.508043,53.261699,On or near Parking Area,E01018714,Cheshire West and Chester 018B,Anti-social behaviour,,
,2021-12,Cheshire Constabulary,Cheshire Constabulary,-2.511971,53.261665,On or near Timber Lane,E01018714,Cheshire West and Chester 018B,Anti-social behaviour,,
,2021-12,Cheshire Constabulary,Cheshire Constabulary,-2.515206,53.260140,On or near Watling Street,E01018714,Cheshire West and Chester 018B,Anti-social behaviour,,
,2021-12,Cheshire Constabulary,Cheshire Constabulary,-2.511505,53.262835,On or near Parking Area,E01018714,Cheshire West and Chester 018B,Anti-social behaviour,,
,2021-12,Cheshire Constabulary,Cheshire Constabulary,-2.512508,53.262732,On or near Shopping Area,E01018714,Cheshire West and Chester 018B,Anti-social behaviour,,
,2021-12,Cheshire Constabulary,Cheshire Constabulary,-2.511505,53.262835,On or near Parking Area,E01018714,Cheshire West and Chester 018B,Anti-social behaviour,,
,2021-12,Cheshire Constabulary,Cheshire Constabulary,-2.513201,53.259205,On or near Theatre Court,E01018714,Cheshire West and Chester 018B,Anti-social behaviour,,
,2021-12,Cheshire Constabulary,Cheshire Constabulary,-2.513201,53.259205,On or near Theatre Court,E01018714,Cheshire West and Chester 018B,Anti-social behaviour,,
,2021-12,Cheshire Constabulary,Cheshire Constabulary,-2.510799,53.262757,On or near Tabley Street,E01018714,Cheshire West and Chester 018B,Anti-social behaviour,,
bd31ab7a3f2befe1367848e3a7f722e587cc893b2d7c6062ab406f0998644708,2021-12,Cheshire Constabulary,Cheshire Constabulary,-2.508043,53.261699,On or near Parking Area,E01018714,Cheshire West and Chester 018B,Bicycle theft,Investigation complete; no suspect identified,
30f1f3f9cb3a51b20d2baa06cc31b5db7c688eaa420cedef59813b561a517d21,2021-12,Cheshire Constabulary,Cheshire Constabulary,-2.514280,53.261691,On or near Crown Street,E01018714,Cheshire West and Chester 018B,Bicycle theft,Investigation complete; no suspect identified,
c8bab7c9876d82cf7d55ec92e46473ff14cfc0c0349e62c97a8898f0a1471372,2021-12,Cheshire Constabulary,Cheshire Constabulary,-2.514601,53.260997,On or near Market Street,E01018714,Cheshire West and Chester 018B,Criminal damage and arson,Unable to prosecute suspect,
6b9c73de0f9d0f6ffa87fc3794c1280093b1668911be322c346f60aeca0ac3ff,2021-12,Cheshire Constabulary,Cheshire Constabulary,-2.499936,53.261985,On or near Station Road,E01018714,Cheshire West and Chester 018B,Criminal damage and arson,Unable to prosecute suspect,
35b4e7717e1449391e4fb693f6d8f66f2c9b2a5d422c44b384ea7f187fb39e5e,2021-12,Cheshire Constabulary,Cheshire Constabulary,-2.515206,53.260140,On or near Watling Street,E01018714,Cheshire West and Chester 018B,Criminal damage and arson,Court result unavailable,
131d952c222a9eaf917019f1427b958826cc4dc9ff8fe754f4a54474308fb29f,2021-12,Cheshire Constabulary,Cheshire Constabulary,-2.515206,53.260140,On or near Watling Street,E01018714,Cheshire West and Chester 018B,Criminal damage and arson,Unable to prosecute suspect,
f773f5ea7a99bf1ab4e80c8454f604ecb8190d6c15201e4abcb68134fb00fbbe,2021-12,Cheshire Constabulary,Cheshire Constabulary,-2.514344,53.262023,On or near Weaver Way,E01018714,Cheshire West and Chester 018B,Criminal damage and arson,Court result unavailable,
1b9b7e21799a8251eedc28cf46e2b122abf18a6ee961713a256fd70e2bc8ebfd,2021-12,Cheshire Constabulary,Cheshire Constabulary,-2.512185,53.263282,On or near Parking Area,E01018714,Cheshire West and Chester 018B,Criminal damage and arson,Investigation complete; no suspect identified,
ae8e41bcf1e14abd98c5b18997425697e81761cda6972bb1986feaeeb4eb234a,2021-12,Cheshire Constabulary,Cheshire Constabulary,-2.511180,53.259439,On or near Heber Walk,E01018714,Cheshire West and Chester 018B,Criminal damage and arson,Investigation complete; no suspect identified,
8bf0dee92218e820c2bc9521eaa252c041870ad7123b76c6e756476159097df5,2021-12,Cheshire Constabulary,Cheshire Constabulary,-2.503779,53.262356,On or near Forest Place,E01018714,Cheshire West and Chester 018B,Criminal damage and arson,Investigation complete; no suspect identified,
cc478cd0fd46d545b74c7b86d2c86b78550ee58c2fa56d1ba92766db17a469a0,2021-12,Cheshire Constabulary,Cheshire Constabulary,-2.511180,53.259439,On or near Heber Walk,E01018714,Cheshire West and Chester 018B,Criminal damage and arson,Investigation complete; no suspect identified,
2081df80225b791631e809f4aa4a2817798dbdfe8c3db83279f09e16d4cda554,2021-12,Cheshire Constabulary,Cheshire Constabulary,-2.514280,53.261691,On or near Crown Street,E01018714,Cheshire West and Chester 018B,Drugs,Unable to prosecute suspect,
a1166d79984781a3d9b6d96e9de0427c0ec2dbc9fed08982750367e4433b67ba,2021-12,Cheshire Constabulary,Cheshire Constabulary,-2.508130,53.262652,On or near Albion Road,E01018714,Cheshire West and Chester 018B,Other theft,Investigation complete; no suspect identified,
3d381c939022f5d4b8ac98909fca32a92dc0c076bc1b2f89c783b75fbbf66221,2021-12,Cheshire Constabulary,Cheshire Constabulary,-2.500000,53.262327,On or near Hadfield Street,E01018714,Cheshire West and Chester 018B,Public order,Investigation complete; no suspect identified,
a7231bb35b10b38c6a2ef1b13e350d8163832b5a81955152015d83bdd6f2eed7,2021-12,Cheshire Constabulary,Cheshire Constabulary,-2.513201,53.259205,On or near Theatre Court,E01018714,Cheshire West and Chester 018B,Public order,Investigation complete; no suspect identified,
85c6325c149d075a7dd6a4071b3fb544accf09c120a0960676c2c1c2fa800f80,2021-12,Cheshire Constabulary,Cheshire Constabulary,-2.513201,53.259205,On or near Theatre Court,E01018714,Cheshire West and Chester 018B,Public order,Investigation complete; no suspect identified,
efead991961d1ba3adb1052f549056e193751cce34287fe7f8ccdc1f9b92c7da,2021-12,Cheshire Constabulary,Cheshire Constabulary,-2.515206,53.260140,On or near Watling Street,E01018714,Cheshire West and Chester 018B,Public order,Unable to prosecute suspect,
1bd85be3ecdbd4cba68929909e8e714f644546e7be886423719fb3eaada8edab,2021-12,Cheshire Constabulary,Cheshire Constabulary,-2.515206,53.260140,On or near Watling Street,E01018714,Cheshire West and Chester 018B,Public order,Unable to prosecute suspect,
9001569e61aae1b3eca940e9e29f61af1b167aae2ff7a78955eafb3070af140d,2021-12,Cheshire Constabulary,Cheshire Constabulary,-2.513201,53.259205,On or near Theatre Court,E01018714,Cheshire West and Chester 018B,Public order,Unable to prosecute suspect,
289093fd0999fe14ccd0810eb4da7b76df83e39ccfcd4079e0e0b9e98b61e4ea,2021-12,Cheshire Constabulary,Cheshire Constabulary,-2.511717,53.256740,On or near Waterbank Row,E01018714,Cheshire West and Chester 018B,Public order,Court result unavailable,
c393502a0b6d9c51543aa5abdd1c2e502f2891969ce932de94ee7e263805e2da,2021-12,Cheshire Constabulary,Cheshire Constabulary,-2.514280,53.261691,On or near Crown Street,E01018714,Cheshire West and Chester 018B,Public order,Investigation complete; no suspect identified,
5e988952c07459adcbc1612cd5e352bda941cf253aacf03225436fd3b5dfc1d1,2021-12,Cheshire Constabulary,Cheshire Constabulary,-2.514285,53.260908,On or near Shopping Area,E01018714,Cheshire West and Chester 018B,Public order,Unable to prosecute suspect,
34de14447fa3a17b07f938375fe0cf1a538d2d3d92fbef704bf36c585d494713,2021-12,Cheshire Constabulary,Cheshire Constabulary,-2.515206,53.260140,On or near Watling Street,E01018714,Cheshire West and Chester 018B,Public order,Unable to prosecute suspect,
ab3b8dfacd94d3ffa8c2a884cc19746c05acd069cbdea74ce7b5567b6a4695c9,2021-12,Cheshire Constabulary,Cheshire Constabulary,-2.505980,53.264692,On or near Leicester Street,E01018714,Cheshire West and Chester 018B,Public order,Unable to prosecute suspect,
e54b31f188e4aac41273a334dfc56f9bb229fc7e720556c04be9371e8d88f90b,2021-12,Cheshire Constabulary,Cheshire Constabulary,-2.508272,53.263244,On or near Petrol Station,E01018714,Cheshire West and Chester 018B,Public order,Investigation complete; no suspect identified,
7faf82dfb00d6ac6496bf2b3bbfa89627867ee97e124d62de82a5656d0b55ce0,2021-12,Cheshire Constabulary,Cheshire Constabulary,-2.514280,53.261691,On or near Crown Street,E01018714,Cheshire West and Chester 018B,Public order,Investigation complete; no suspect identified,
f31686857d27dd48bf992c2670882f3658f38b208f7e17b65331df6a68cda380,2021-12,Cheshire Constabulary,Cheshire Constabulary,-2.513201,53.259205,On or near Theatre Court,E01018714,Cheshire West and Chester 018B,Public order,Investigation complete; no suspect identified,
6e5c74b56d5c87ca1c276bab34f3c6b535555d96173a0dfc869cb40c68ba6266,2021-12,Cheshire Constabulary,Cheshire Constabulary,-2.512508,53.262732,On or near Shopping Area,E01018714,Cheshire West and Chester 018B,Public order,Unable to prosecute suspect,
7417e3c3d361e250f9fdde17e894aa5826714d4379cf23175b441e534401c363,2021-12,Cheshire Constabulary,Cheshire Constabulary,-2.511971,53.261665,On or near Timber Lane,E01018714,Cheshire West and Chester 018B,Shoplifting,Investigation complete; no suspect identified,
c26658e5f50172ed87d22310560019531337ecb02736439adba74bd9e2eb4643,2021-12,Cheshire Constabulary,Cheshire Constabulary,-2.514285,53.260908,On or near Shopping Area,E01018714,Cheshire West and Chester 018B,Shoplifting,Unable to prosecute suspect,
ca3851117d86aaabe0e772d6afe88d960afefc0bdb50f503685620f53ea3a67c,2021-12,Cheshire Constabulary,Cheshire Constabulary,-2.508272,53.263244,On or near Petrol Station,E01018714,Cheshire West and Chester 018B,Shoplifting,Investigation complete; no suspect identified,
ebf76fbc2a4876e091d5af32cc1a6fe42e2a09e9fa77f2f8baf8f3043f5755e3,2021-12,Cheshire Constabulary,Cheshire Constabulary,-2.512508,53.262732,On or near Shopping Area,E01018714,Cheshire West and Chester 018B,Shoplifting,Unable to prosecute suspect,
f68c9a9e61ed8ddb4c21bcbd84e5259f18fa499ad441f997eacd52ed87e6a3ef,2021-12,Cheshire Constabulary,Cheshire Constabulary,-2.513273,53.257740,On or near Naylor Court,E01018714,Cheshire West and Chester 018B,Shoplifting,Investigation complete; no suspect identified,
44a66829272a03c39ddba76641ce7d4e286f7b3d5a5d81f036a6da6c625a18e3,2021-12,Cheshire Constabulary,Cheshire Constabulary,-2.508272,53.263244,On or near Petrol Station,E01018714,Cheshire West and Chester 018B,Shoplifting,Unable to prosecute suspect,
3b76025874e44c456e92e644a094c3f989055a0863e4d306b3b2534d21f369ea,2021-12,Cheshire Constabulary,Cheshire Constabulary,-2.511971,53.261665,On or near Timber Lane,E01018714,Cheshire West and Chester 018B,Shoplifting,Investigation complete; no suspect identified,
6eb0b749c584ff0044310b82e4f0a73fdd0498ca02ff2f01a7c193535661051b,2021-12,Cheshire Constabulary,Cheshire Constabulary,-2.511244,53.262324,On or near Supermarket,E01018714,Cheshire West and Chester 018B,Shoplifting,Unable to prosecute suspect,
617761486af108f228970d5ea7f224001b75bb121fadaedd247fa1495fc92fa1,2021-12,Cheshire Constabulary,Cheshire Constabulary,-2.512508,53.262732,On or near Shopping Area,E01018714,Cheshire West and Chester 018B,Shoplifting,Unable to prosecute suspect,
c2e7670ce5e9203d7dad9119b3e719ee7cfd648593b5e3b5fbfdd35761ef4d1c,2021-12,Cheshire Constabulary,Cheshire Constabulary,-2.513273,53.257740,On or near Naylor Court,E01018714,Cheshire West and Chester 018B,Shoplifting,Unable to prosecute suspect,
64e34851801a3f2860cb72b5ad06899cc3dc193b00caa782b86472b552b11162,2021-12,Cheshire Constabulary,Cheshire Constabulary,-2.512185,53.263282,On or near Parking Area,E01018714,Cheshire West and Chester 018B,Shoplifting,Court result unavailable,
9055cf628ae6d089f9988ce6221e9b50c9bb130fd0d42db810a0b384cfa5988e,2021-12,Cheshire Constabulary,Cheshire Constabulary,-2.512760,53.263693,On or near Parking Area,E01018714,Cheshire West and Chester 018B,Violence and sexual offences,Unable to prosecute suspect,
3aef4d7a040b749ad412ab7b561453fef77acdee19e1d210585a4efa909b68bc,2021-12,Cheshire Constabulary,Cheshire Constabulary,-2.514601,53.260997,On or near Market Street,E01018714,Cheshire West and Chester 018B,Violence and sexual offences,Unable to prosecute suspect,
f2505260f62465461c5bf07ffa9e0d4176975ba7e94c46b7db558aa01e1a5bcd,2021-12,Cheshire Constabulary,Cheshire Constabulary,-2.511971,53.261665,On or near Timber Lane,E01018714,Cheshire West and Chester 018B,Violence and sexual offences,Unable to prosecute suspect,
f094ba83bbf266403b3d7a1c05a83450c172816918ad39ca70276e0e69f8a0b2,2021-12,Cheshire Constabulary,Cheshire Constabulary,-2.507896,53.259372,On or near Whalley Road,E01018714,Cheshire West and Chester 018B,Violence and sexual offences,Unable to prosecute suspect,
fcdfdc9c5d037ef4a859b1b8b06abf1bd6032c8d95f7d41746fd2eb0e2ab5ece,2021-12,Cheshire Constabulary,Cheshire Constabulary,-2.514280,53.261691,On or near Crown Street,E01018714,Cheshire West and Chester 018B,Violence and sexual offences,Unable to prosecute suspect,
ea47da924eeeeba53b3e74554a85b7738aa8561f0c98b1debfcd8f0da4ca407f,2021-12,Cheshire Constabulary,Cheshire Constabulary,-2.507573,53.259966,On or near School Way,E01018714,Cheshire West and Chester 018B,Violence and sexual offences,Unable to prosecute suspect,
0228904065cf62bdc9925810250a6988390b39eb715caf26e6e08ee4b48582ab,2021-12,Cheshire Constabulary,Cheshire Constabulary,-2.508043,53.261699,On or near Parking Area,E01018714,Cheshire West and Chester 018B,Violence and sexual offences,Investigation complete; no suspect identified,
189c0ef827124871c6b3d3786c14ab2134c208d0c5569e0756a67fa1a1f05fa2,2021-12,Cheshire Constabulary,Cheshire Constabulary,-2.502696,53.262109,On or near Chester Way,E01018714,Cheshire West and Chester 018B,Violence and sexual offences,Unable to prosecute suspect,
2ddb7ba16f53f2982b8d35c7b51611615a7152c6c23c6662a65e31de79dde273,2021-12,Cheshire Constabulary,Cheshire Constabulary,-2.511180,53.259439,On or near Heber Walk,E01018714,Cheshire West and Chester 018B,Violence and sexual offences,Unable to prosecute suspect,
4c99e890ab3e63c78682e8264c885f399373032732fd98c3372ace45285982e3,2021-12,Cheshire Constabulary,Cheshire Constabulary,-2.502696,53.262109,On or near Chester Way,E01018714,Cheshire West and Chester 018B,Violence and sexual offences,Unable to prosecute suspect,
20838ca0ed87a019aab84f787f3ef1958aa43eccf50ba7fec467bd238d9c0fbc,2021-12,Cheshire Constabulary,Cheshire Constabulary,-2.514601,53.260997,On or near Market Street,E01018714,Cheshire West and Chester 018B,Violence and sexual offences,Unable to prosecute suspect,
319d3bb575c37f12d4c893b856134f966f8bcbc65f31dc949cd0e9fffb8ce733,2021-12,Cheshire Constabulary,Cheshire Constabulary,-2.513201,53.259205,On or near Theatre Court,E01018714,Cheshire West and Chester 018B,Violence and sexual offences,Unable to prosecute suspect,
5c9b6f1689aedbddb32d7fd09923d04f224fb9696a9cbe16eb4dafe1c2c3c312,2021-12,Cheshire Constabulary,Cheshire Constabulary,-2.508130,53.262652,On or near Albion Road,E01018714,Cheshire West and Chester 018B,Violence and sexual offences,Unable to prosecute suspect,
22c75eddd1cad70c53fbbbd57c80aa2a8fff4436d065892e5b62f257329ed9c0,2021-12,Cheshire Constabulary,Cheshire Constabulary,-2.509071,53.261156,On or near Chester Way,E01018714,Cheshire West and Chester 018B,Violence and sexual offences,Unable to prosecute suspect,
5fdf21273e44b80f7547c00bbbac7a3058258db8fb5cfc56d42bc01e023eb42b,2021-12,Cheshire Constabulary,Cheshire Constabulary,-2.507573,53.259966,On or near School Way,E01018714,Cheshire West and Chester 018B,Violence and sexual offences,Unable to prosecute suspect,
4f650768f81b8d432e626a4fc32a6e3d7d0478e6cbfb76e472ee5322353bfc40,2021-12,Cheshire Constabulary,Cheshire Constabulary,-2.514601,53.260997,On or near Market Street,E01018714,Cheshire West and Chester 018B,Violence and sexual offences,Court result unavailable,
59d5bf0a98543a588a9ac2357dd4053947b981edb2e542f9eb6f2359e566d788,2021-12,Cheshire Constabulary,Cheshire Constabulary,-2.514601,53.260997,On or near Market Street,E01018714,Cheshire West and Chester 018B,Violence and sexual offences,Unable to prosecute suspect,
ba874c0fe2b71ee80b4cbf663a4e35f1277bacfa0fdd5c2bc14b94fcb12f6846,2021-12,Cheshire Constabulary,Cheshire Constabulary,-2.514601,53.260997,On or near Market Street,E01018714,Cheshire West and Chester 018B,Violence and sexual offences,Offender given a caution,
353d57a72473fb7abba767b02f62ead6cfa99916873b070b162855115407c888,2021-12,Cheshire Constabulary,Cheshire Constabulary,-2.514601,53.260997,On or near Market Street,E01018714,Cheshire West and Chester 018B,Violence and sexual offences,Offender given a caution,
c2b67d5edda2edf3b2e0e7d49571942989122bd1d1630f4b96d60848a2922651,2021-12,Cheshire Constabulary,Cheshire Constabulary,-2.509567,53.263787,On or near Shopping Area,E01018714,Cheshire West and Chester 018B,Violence and sexual offences,Investigation complete; no suspect identified,
f30937ff0c56cf2fe87c5614301937432a8b9d8b59d503253d730aa92749c75b,2021-12,Cheshire Constabulary,Cheshire Constabulary,-2.508130,53.262652,On or near Albion Road,E01018714,Cheshire West and Chester 018B,Violence and sexual offences,Unable to prosecute suspect,
df260f9e5b758d3a366aa4368f3bdfa8223fd5364295c48102ea6a6f1b57dd22,2021-12,Cheshire Constabulary,Cheshire Constabulary,-2.499936,53.261985,On or near Station Road,E01018714,Cheshire West and Chester 018B,Violence and sexual offences,Unable to prosecute suspect,
3958a265b1105b5201c06833c61142de03f74d52c428f13d69bac01ce3419c6c,2021-12,Cheshire Constabulary,Cheshire Constabulary,-2.514601,53.260997,On or near Market Street,E01018714,Cheshire West and Chester 018B,Violence and sexual offences,Unable to prosecute suspect,
ed72ac1a298821d423d0d17d17f77ae8cccae342d927bf53f2b5c20b59dbbbce,2021-12,Cheshire Constabulary,Cheshire Constabulary,-2.506298,53.262408,On or near Witton Street,E01018714,Cheshire West and Chester 018B,Violence and sexual offences,Unable to prosecute suspect,
0b6314faec713ad024cfbb0e8d68fcedcd06d1f2ea948b6c11a5988089b9d395,2021-12,Cheshire Constabulary,Cheshire Constabulary,-2.508130,53.262652,On or near Albion Road,E01018714,Cheshire West and Chester 018B,Violence and sexual offences,Investigation complete; no suspect identified,
1ae10dfbfad2f8360075d8bfdabe2135b470f74d4ab21f43c93ba7cd9301009f,2021-12,Cheshire Constabulary,Cheshire Constabulary,-2.514601,53.260997,On or near Market Street,E01018714,Cheshire West and Chester 018B,Violence and sexual offences,Unable to prosecute suspect,
8a1747129860115a62b471dd62562dcab833e723dc978f84043405db42642214,2021-12,Cheshire Constabulary,Cheshire Constabulary,-2.506423,53.264106,On or near Oak Street,E01018714,Cheshire West and Chester 018B,Violence and sexual offences,Unable to prosecute suspect,
4845f0dd444665a0d374537d48ad1dcb71e29a196ab32f2b7340893a84488526,2021-12,Cheshire Constabulary,Cheshire Constabulary,-2.514601,53.260997,On or near Market Street,E01018714,Cheshire West and Chester 018B,Violence and sexual offences,Unable to prosecute suspect,
a526a64cd0aae2f448521ad32b3bc7dfde378bb75c528298fb32f6432288c36a,2021-12,Cheshire Constabulary,Cheshire Constabulary,-2.514601,53.260997,On or near Market Street,E01018714,Cheshire West and Chester 018B,Violence and sexual offences,Unable to prosecute suspect,
,2021-12,Cheshire Constabulary,Cheshire Constabulary,-2.497262,53.262779,On or near Peter Street,E01018715,Cheshire West and Chester 018C,Anti-social behaviour,,
,2021-12,Cheshire Constabulary,Cheshire Constabulary,-2.494366,53.262503,On or near Supermarket,E01018715,Cheshire West and Chester 018C,Anti-social behaviour,,
4fea1fcdd277a59b22fbeb01b5a544e65e1f6ce3ef6f6924b583409a5764a8de,2021-12,Cheshire Constabulary,Cheshire Constabulary,-2.491095,53.266184,On or near Denton Drive,E01018715,Cheshire West and Chester 018C,Burglary,Investigation complete; no suspect identified,
c823f93c231fdb39b6fb75b23544dc7e29e6f234bcb25a20f2b11fcf3cdddabd,2021-12,Cheshire Constabulary,Cheshire Constabulary,-2.494366,53.262503,On or near Supermarket,E01018715,Cheshire West and Chester 018C,Other theft,Investigation complete; no suspect identified,
0c964f44c2346a82c2495be2501e74200eefe69b215e816d69003a871239f324,2021-12,Cheshire Constabulary,Cheshire Constabulary,-2.493653,53.260546,On or near Dean Street,E01018715,Cheshire West and Chester 018C,Other theft,Investigation complete; no suspect identified,
ba56c9dafe440788afe40adb3155f514b28227ce198a0629ac5874edf74d54fb,2021-12,Cheshire Constabulary,Cheshire Constabulary,-2.494997,53.261368,On or near Pullman Drive,E01018715,Cheshire West and Chester 018C,Public order,Investigation complete; no suspect identified,
f59a8ba3db223ca0143baf88c4b3cc2f4b4ec271da87b4d94f61cdca21867f16,2021-12,Cheshire Constabulary,Cheshire Constabulary,-2.497262,53.262779,On or near Peter Street,E01018715,Cheshire West and Chester 018C,Public order,Investigation complete; no suspect identified,
2e430ad83f2590a1133fa5bc504096d6fc9ce1d5fb7a660de37d1acb23b212d6,2021-12,Cheshire Constabulary,Cheshire Constabulary,-2.490839,53.264810,On or near Shopping Area,E01018715,Cheshire West and Chester 018C,Shoplifting,Investigation complete; no suspect identified,
f3eafcb9e88c4b49027f58ffd1678305920bcb959d87e46d57ff8cc3778f5913,2021-12,Cheshire Constabulary,Cheshire Constabulary,-2.494366,53.262503,On or near Supermarket,E01018715,Cheshire West and Chester 018C,Shoplifting,Investigation complete; no suspect identified,
3a44e693f52697de0be3eeb3003fc1fd513ebc28c16630f4b59d06d607703b33,2021-12,Cheshire Constabulary,Cheshire Constabulary,-2.490839,53.264810,On or near Shopping Area,E01018715,Cheshire West and Chester 018C,Shoplifting,Investigation complete; no suspect identified,
3cea4e6d2e79b65194502eac1614a6dfe198ca2946579efedeafaa28230a48ab,2021-12,Cheshire Constabulary,Cheshire Constabulary,-2.490839,53.264810,On or near Shopping Area,E01018715,Cheshire West and Chester 018C,Shoplifting,Investigation complete; no suspect identified,
6488b96ae06c8563ea1b3150406727ef26f51920a666e6681060a7a0ef28451d,2021-12,Cheshire Constabulary,Cheshire Constabulary,-2.489790,53.264814,On or near Franklin Mews,E01018715,Cheshire West and Chester 018C,Violence and sexual offences,Court result unavailable,
96038d58d6c3866f54f80951895eb6e5c3a74e134fc1bdadd82fa1f4d4ff9989,2021-12,Cheshire Constabulary,Cheshire Constabulary,-2.496210,53.262567,On or near Manchester Road,E01018715,Cheshire West and Chester 018C,Violence and sexual offences,Unable to prosecute suspect,
913280a58a44101ccc3572b14de98dd002af48c8d1dd62f1d415fab23e543422,2021-12,Cheshire Constabulary,Cheshire Constabulary,-2.489790,53.264814,On or near Franklin Mews,E01018715,Cheshire West and Chester 018C,Violence and sexual offences,Court result unavailable,
f2db6cfc2ecdf38a9728b6c8b3b4656ad64f56399d2fbbf35576e2ef1102880a,2021-12,Cheshire Constabulary,Cheshire Constabulary,-2.489790,53.264814,On or near Franklin Mews,E01018715,Cheshire West and Chester 018C,Violence and sexual offences,Unable to prosecute suspect,
3fa1650661530d8d9d547a9b4e4a110d8b9fc64bd0db7778c635aaaf5f9aad66,2021-12,Cheshire Constabulary,Cheshire Constabulary,-2.494997,53.261368,On or near Pullman Drive,E01018715,Cheshire West and Chester 018C,Violence and sexual offences,Investigation complete; no suspect identified,
aba7864ab4d1b786ae59d68efebd749666b712438825a18f93323f0dd2b16003,2021-12,Cheshire Constabulary,Cheshire Constabulary,-2.496210,53.262567,On or near Manchester Road,E01018715,Cheshire West and Chester 018C,Violence and sexual offences,Unable to prosecute suspect,
c77d4287021513fd5d2cb8b564280953fa3d17869044117e16850d902fe58544,2021-12,Cheshire Constabulary,Cheshire Constabulary,-2.494997,53.261368,On or near Pullman Drive,E01018715,Cheshire West and Chester 018C,Violence and sexual offences,Unable to prosecute suspect,
,2021-12,Cheshire Constabulary,Cheshire Constabulary,-2.567306,53.264075,On or near Ainsworth Road,E01018726,Cheshire West and Chester 019A,Anti-social behaviour,,
adb1d555678f34534969f2c4e1c5f52ad238a2cf209484d1eacea177251ca9a2,2021-12,Cheshire Constabulary,Cheshire Constabulary,-2.574544,53.264948,On or near Weaver View,E01018726,Cheshire West and Chester 019A,Violence and sexual offences,Investigation complete; no suspect identified,
63de3a9907f52705df00365ce2c6df242990ea2db28540bd153ef40ad83118bb,2021-12,Cheshire Constabulary,Cheshire Constabulary,-2.574544,53.264948,On or near Weaver View,E01018726,Cheshire West and Chester 019A,Violence and sexual offences,Investigation complete; no suspect identified,
bf677487e12d9833cff5b9a0d3afd8880cb7ec08b8991ce9f9c5f0b5ee6cffad,2021-12,Cheshire Constabulary,Cheshire Constabulary,-2.578493,53.263185,On or near Woodward Street,E01018727,Cheshire West and Chester 019B,Other theft,Unable to prosecute suspect,
2dc4aaf16ae3ebb7e6d930ed261e6bebae0a14ec2bab03a05bf5fe59acaaba63,2021-12,Cheshire Constabulary,Cheshire Constabulary,-2.578063,53.249101,On or near Hodge Lane,E01018727,Cheshire West and Chester 019B,Violence and sexual offences,Unable to prosecute suspect,
a721f9695fd0ac214f8136214c1e13520ece783cf87e7aa2c6275d39377f6654,2021-12,Cheshire Constabulary,Cheshire Constabulary,-2.575537,53.262993,On or near Kendrick Close,E01018727,Cheshire West and Chester 019B,Violence and sexual offences,Unable to prosecute suspect,
1268061070e77a404da79e87e1ae18c0fad102e7701d33f7eadedc9fd3f29942,2021-12,Cheshire Constabulary,Cheshire Constabulary,-2.570943,53.237738,On or near Chester Road,E01018727,Cheshire West and Chester 019B,Violence and sexual offences,Unable to prosecute suspect,
3379f027a7613d2c305b6c4c9c3d601b45d823639b1ed36bf3ee554f6628481c,2021-12,Cheshire Constabulary,Cheshire Constabulary,-2.570943,53.237738,On or near Chester Road,E01018727,Cheshire West and Chester 019B,Violence and sexual offences,Unable to prosecute suspect,
f2b05e77c5e15d85b5427bf142c0fb132f6bbcd68e27725a475a24905530ba6d,2021-12,Cheshire Constabulary,Cheshire Constabulary,-2.578063,53.249101,On or near Hodge Lane,E01018727,Cheshire West and Chester 019B,Violence and sexual offences,Unable to prosecute suspect,
da8fd2ed1f726ca49153671fc2a2b990d575e7cc619ba2cde6addafa1f50cdd7,2021-12,Cheshire Constabulary,Cheshire Constabulary,-2.566120,53.260557,On or near Wallerscote Close,E01018728,Cheshire West and Chester 019C,Public order,Unable to prosecute suspect,
030ef4926019df1416eac97ab543d34a6b7059d7fa3c7415802a8c7857d29420,2021-12,Cheshire Constabulary,Cheshire Constabulary,-2.566120,53.260557,On or near Wallerscote Close,E01018728,Cheshire West and Chester 019C,Violence and sexual offences,Unable to prosecute suspect,
8cd1f99c86a0a3984933041b2738de8ba61976b7f1f7e9da9bfcb0c67837d4db,2021-12,Cheshire Constabulary,Cheshire Constabulary,-2.567033,53.255923,On or near Almond Grove,E01018728,Cheshire West and Chester 019C,Violence and sexual offences,Unable to prosecute suspect,
,2021-12,Cheshire Constabulary,Cheshire Constabulary,-2.573272,53.258437,On or near Cherry Lane,E01018729,Cheshire West and Chester 019D,Anti-social behaviour,,
646c14a72dfbeed8637d6cf66e929b3831034c8a72c4f76c82f2d31619ffd3d2,2021-12,Cheshire Constabulary,Cheshire Constabulary,-2.573925,53.256798,On or near Walnut Avenue,E01018729,Cheshire West and Chester 019D,Public order,Court result unavailable,
b3d581dfd53a2e4118c335694c789ee0cc98db7cccd9316e2f2108018f05ef67,2021-12,Cheshire Constabulary,Cheshire Constabulary,-2.568687,53.256320,On or near The Corners,E01018729,Cheshire West and Chester 019D,Theft from the person,Unable to prosecute suspect,
abe6553567d0b169ad04e8426b954f4804ddec4208363ad9aa02ef566492dfc8,2021-12,Cheshire Constabulary,Cheshire Constabulary,-2.570007,53.256403,On or near Ash Grove,E01018729,Cheshire West and Chester 019D,Violence and sexual offences,Investigation complete; no suspect identified,
ef4e6b6cb1073073fc4cc5bc1c6709f35988e4188dc44cd97c7f80143bf6cf99,2021-12,Cheshire Constabulary,Cheshire Constabulary,-2.577773,53.257633,On or near Poplar Road,E01018729,Cheshire West and Chester 019D,Violence and sexual offences,Unable to prosecute suspect,
8787ab8f91b2b326626983624a27b0a2e7022269457182f47c1c394752605fab,2021-12,Cheshire Constabulary,Cheshire Constabulary,-2.568687,53.256320,On or near The Corners,E01018729,Cheshire West and Chester 019D,Violence and sexual offences,Unable to prosecute suspect,
d516bddf92932e2e75f48172512d3cdc3221826469b646689c4ba1dea8f3f9b6,2021-12,Cheshire Constabulary,Cheshire Constabulary,-2.579432,53.258380,On or near Cedar Road,E01018729,Cheshire West and Chester 019D,Violence and sexual offences,Unable to prosecute suspect,
0f4f1e74139dd4bf435b243d6560a5e859f550582f4dc353e588de66f0058827,2021-12,Cheshire Constabulary,Cheshire Constabulary,-2.573925,53.256798,On or near Walnut Avenue,E01018729,Cheshire West and Chester 019D,Violence and sexual offences,Court result unavailable,
c0315220ac74b01fb5e49cd7c36ec1ecd9db81d5af0191aea5159d65b69e6c2b,2021-12,Cheshire Constabulary,Cheshire Constabulary,-2.573925,53.256798,On or near Walnut Avenue,E01018729,Cheshire West and Chester 019D,Other crime,Court result unavailable,
,2021-12,Cheshire Constabulary,Cheshire Constabulary,-2.524724,53.255218,On or near Wallace Street,E01018709,Cheshire West and Chester 020A,Anti-social behaviour,,
,2021-12,Cheshire Constabulary,Cheshire Constabulary,-2.522215,53.257171,On or near Hope Street,E01018709,Cheshire West and Chester 020A,Anti-social behaviour,,
,2021-12,Cheshire Constabulary,Cheshire Constabulary,-2.521932,53.256066,On or near Chapel Street,E01018709,Cheshire West and Chester 020A,Anti-social behaviour,,
,2021-12,Cheshire Constabulary,Cheshire Constabulary,-2.523713,53.255897,On or near Parking Area,E01018709,Cheshire West and Chester 020A,Anti-social behaviour,,
be83dd025c744c7fa1dae0bd6fb0d908d0c7e4117a6217c08826e93108b3a1bc,2021-12,Cheshire Constabulary,Cheshire Constabulary,-2.521932,53.256066,On or near Chapel Street,E01018709,Cheshire West and Chester 020A,Criminal damage and arson,Court result unavailable,
9d7e3c9149165d72953664ae77007105c39bf9b618551ca983e562a9deed0421,2021-12,Cheshire Constabulary,Cheshire Constabulary,-2.523791,53.252391,On or near John Brunner Crescent,E01018709,Cheshire West and Chester 020A,Other theft,Unable to prosecute suspect,
29e2edc8493a479a2084ec2db6731459f6d2e7e5ae4d4318bd9eebd7a1f39bc5,2021-12,Cheshire Constabulary,Cheshire Constabulary,-2.523713,53.255897,On or near Parking Area,E01018709,Cheshire West and Chester 020A,Public order,Unable to prosecute suspect,
c61952c028f7291b0b2d49cd8514127b6d2d7454ecdd6997ff3583a2556f30c1,2021-12,Cheshire Constabulary,Cheshire Constabulary,-2.523713,53.255897,On or near Parking Area,E01018709,Cheshire West and Chester 020A,Public order,Investigation complete; no suspect identified,
61818184be91ae8543573ed7ac3590bdfe806f220c5f019640d369731136feb8,2021-12,Cheshire Constabulary,Cheshire Constabulary,-2.521932,53.256066,On or near Chapel Street,E01018709,Cheshire West and Chester 020A,Violence and sexual offences,Unable to prosecute suspect,
4acddaf4de246d73ea715f3c8e85a60ea6211e3ff1296ce869b798dcc4f81e58,2021-12,Cheshire Constabulary,Cheshire Constabulary,-2.524724,53.255218,On or near Wallace Street,E01018709,Cheshire West and Chester 020A,Violence and sexual offences,Unable to prosecute suspect,
b39c92fa3c1da5b733ffbe4d9b325e110a960383291dd3f37201cfb2e96d54ee,2021-12,Cheshire Constabulary,Cheshire Constabulary,-2.521932,53.256066,On or near Chapel Street,E01018709,Cheshire West and Chester 020A,Violence and sexual offences,Court result unavailable,
0c3af01fd72491159a4d35b267f224318e467cfb35f03a115f08be61118a7432,2021-12,Cheshire Constabulary,Cheshire Constabulary,-2.521932,53.256066,On or near Chapel Street,E01018709,Cheshire West and Chester 020A,Violence and sexual offences,Court result unavailable,
ef3c24f48d17e350cf1f89edf4caef1a2cc2b42101d32b26698bd2529ef1199c,2021-12,Cheshire Constabulary,Cheshire Constabulary,-2.523791,53.252391,On or near John Brunner Crescent,E01018709,Cheshire West and Chester 020A,Violence and sexual offences,Unable to prosecute suspect,
6599a87ef0e30746277ef9570387d93eaee3249ae55ec5901c77acb74a2b60fc,2021-12,Cheshire Constabulary,Cheshire Constabulary,-2.523791,53.252391,On or near John Brunner Crescent,E01018709,Cheshire West and Chester 020A,Violence and sexual offences,Unable to prosecute suspect,
cfb4611e2c96b657dfbcdb7699b56340e447893a3c0c52aceab7c877ab857130,2021-12,Cheshire Constabulary,Cheshire Constabulary,-2.524968,53.254282,On or near Flower Street,E01018709,Cheshire West and Chester 020A,Violence and sexual offences,Unable to prosecute suspect,
9c2bb0a824e23cc578f9fb8460ef59d969bff88b75f6caa93404b8b6f41ee29a,2021-12,Cheshire Constabulary,Cheshire Constabulary,-2.524331,53.254896,On or near Hooker Street,E01018709,Cheshire West and Chester 020A,Violence and sexual offences,Court result unavailable,
2f900a7f9e8d843bd90706c0acbffef9984b88e27cfc62488e7e995d4d5f0be8,2021-12,Cheshire Constabulary,Cheshire Constabulary,-2.521932,53.256066,On or near Chapel Street,E01018709,Cheshire West and Chester 020A,Violence and sexual offences,Unable to prosecute suspect,
8a1f35974010a544aa49954fe11c41ca4427d6c73a10e294488c72e5255625bb,2021-12,Cheshire Constabulary,Cheshire Constabulary,-2.521932,53.256066,On or near Chapel Street,E01018709,Cheshire West and Chester 020A,Violence and sexual offences,Court result unavailable,
a6b2d181324c228769cf5d5d7471a3957b39effb407b4c9a6c3261c2c91bfdfa,2021-12,Cheshire Constabulary,Cheshire Constabulary,-2.520931,53.251423,On or near Frida Crescent,E01018710,Cheshire West and Chester 020B,Criminal damage and arson,Investigation complete; no suspect identified,
3ec48c1d9d7914a596b0e36a97a86b96e1e642eade25434463c37e14c15ec754,2021-12,Cheshire Constabulary,Cheshire Constabulary,-2.523228,53.251773,On or near Alfred Street,E01018710,Cheshire West and Chester 020B,Criminal damage and arson,Investigation complete; no suspect identified,
bb182409c3f65416a0c426265f74d74624ff5454cd7314addcd42f01b112d1ab,2021-12,Cheshire Constabulary,Cheshire Constabulary,-2.523228,53.251773,On or near Alfred Street,E01018710,Cheshire West and Chester 020B,Public order,Investigation complete; no suspect identified,
05b18bb6effe7babc796b11ea45064f71967364f5b3a3c1660e9928cfe2efc19,2021-12,Cheshire Constabulary,Cheshire Constabulary,-2.533884,53.251681,On or near Parking Area,E01018710,Cheshire West and Chester 020B,Public order,Investigation complete; no suspect identified,
16dce52588d287ee29bc15b643df940769635348d8c09bb9be977ba01041dd9c,2021-12,Cheshire Constabulary,Cheshire Constabulary,-2.528361,53.252281,On or near Lilac Drive,E01018710,Cheshire West and Chester 020B,Violence and sexual offences,Unable to prosecute suspect,
8cfa8eeda15894739d8334401a0ef859ea3ec42bee8613715cc31d7982cef122,2021-12,Cheshire Constabulary,Cheshire Constabulary,-2.528361,53.252281,On or near Lilac Drive,E01018710,Cheshire West and Chester 020B,Violence and sexual offences,Court result unavailable,
69ac64d1055277a8059d8427ea565eb3cb70a09206ed16c07d2411a4c720e9bc,2021-12,Cheshire Constabulary,Cheshire Constabulary,-2.528361,53.252281,On or near Lilac Drive,E01018710,Cheshire West and Chester 020B,Violence and sexual offences,Unable to prosecute suspect,
f60b862ac4ce18b21d53ef758514707ad003cc68f95741d62a637c75146834d4,2021-12,Cheshire Constabulary,Cheshire Constabulary,-2.530160,53.249890,On or near Clough Lane,E01018710,Cheshire West and Chester 020B,Violence and sexual offences,Investigation complete; no suspect identified,
9a477a852fc6569f4175febabeaeab5a1bf01a0542786cdbbeb998253c528df3,2021-12,Cheshire Constabulary,Cheshire Constabulary,-2.528361,53.252281,On or near Lilac Drive,E01018710,Cheshire West and Chester 020B,Violence and sexual offences,Unable to prosecute suspect,
b8d65beb9f93066738242a6746573571e3bcce050fce477ca036a4658d8e225a,2021-12,Cheshire Constabulary,Cheshire Constabulary,-2.530160,53.249890,On or near Clough Lane,E01018710,Cheshire West and Chester 020B,Other crime,Unable to prosecute suspect,
1b54de24752dad8cd92a71669b84a904e6942e251379f1ebd612e49f9e8a3521,2021-12,Cheshire Constabulary,Cheshire Constabulary,-2.530160,53.249890,On or near Clough Lane,E01018710,Cheshire West and Chester 020B,Other crime,Unable to prosecute suspect,
d132735359dafe65e0ca7ccfe621d0bb8ef9d585ad22e475528537bc1adc1d6b,2021-12,Cheshire Constabulary,Cheshire Constabulary,-2.530160,53.249890,On or near Clough Lane,E01018710,Cheshire West and Chester 020B,Other crime,Unable to prosecute suspect,
048d6b245bf49fc48d29bf8d8e51d00f03024fddadc4bdb97e944f2347866b7b,2021-12,Cheshire Constabulary,Cheshire Constabulary,-2.535830,53.255088,On or near Sports/Recreation Area,E01018711,Cheshire West and Chester 020C,Bicycle theft,Investigation complete; no suspect identified,
3fc41a657cdff4f3c37a5ed5006fe812c694f87a8749426e3d9140fba182738b,2021-12,Cheshire Constabulary,Cheshire Constabulary,-2.529091,53.255603,On or near Silverdale,E01018711,Cheshire West and Chester 020C,Criminal damage and arson,Investigation complete; no suspect identified,
7eea3e394dbcab2cbfbb84dd610b149481e84c031b83756f3d6ed5d21c82fe20,2021-12,Cheshire Constabulary,Cheshire Constabulary,-2.529091,53.255603,On or near Silverdale,E01018711,Cheshire West and Chester 020C,Criminal damage and arson,Investigation complete; no suspect identified,
ba9b938b609910d874a51a49acb710fcc01486bd14ef92952f180575c8eb5833,2021-12,Cheshire Constabulary,Cheshire Constabulary,-2.535777,53.253281,On or near Mulberry Rise,E01018711,Cheshire West and Chester 020C,Public order,Unable to prosecute suspect,
bdeafb6541be79906403c8b88c3a415b9098a32ccac89f493281aea8ccc3c815,2021-12,Cheshire Constabulary,Cheshire Constabulary,-2.539909,53.252912,On or near Fernleigh,E01018711,Cheshire West and Chester 020C,Violence and sexual offences,Unable to prosecute suspect,
7db6f57a6cd3642a42b22102e5f7530f763030f07c466c2b4d546488cd1450a8,2021-12,Cheshire Constabulary,Cheshire Constabulary,-2.539909,53.252912,On or near Fernleigh,E01018711,Cheshire West and Chester 020C,Violence and sexual offences,Unable to prosecute suspect,
06550783487a73293d0a3a8354358b500d3e91c239566549821b76156a69e887,2021-12,Cheshire Constabulary,Cheshire Constabulary,-2.529091,53.255603,On or near Silverdale,E01018711,Cheshire West and Chester 020C,Violence and sexual offences,Investigation complete; no suspect identified,
a69073b86ea07850e993d74288ac6516df0fa3a0f2c297aae5bcf64105a11a8f,2021-12,Cheshire Constabulary,Cheshire Constabulary,-2.539909,53.252912,On or near Fernleigh,E01018711,Cheshire West and Chester 020C,Violence and sexual offences,Unable to prosecute suspect,
8704cb1352e4b69161bf5146f8a754c20cfacba18febfa7fd67e77242a1dd872,2021-12,Cheshire Constabulary,Cheshire Constabulary,-2.532390,53.252119,On or near Manor Street,E01018711,Cheshire West and Chester 020C,Violence and sexual offences,Local resolution,
7eb164206b733d2b71fe1885adc14bfe1baa8c612d481d905e67d85953b3a3a2,2021-12,Cheshire Constabulary,Cheshire Constabulary,-2.539909,53.252912,On or near Fernleigh,E01018711,Cheshire West and Chester 020C,Violence and sexual offences,Unable to prosecute suspect,
,2021-12,Cheshire Constabulary,Cheshire Constabulary,-2.519678,53.256840,On or near Waterloo Road,E01018712,Cheshire West and Chester 020D,Anti-social behaviour,,
,2021-12,Cheshire Constabulary,Cheshire Constabulary,-2.519678,53.256840,On or near Waterloo Road,E01018712,Cheshire West and Chester 020D,Anti-social behaviour,,
50d67c41f77b461e83462312e38324c0d49ec27222de4718952b121d130a6b33,2021-12,Cheshire Constabulary,Cheshire Constabulary,-2.521845,53.257541,On or near Harrisons Place,E01018712,Cheshire West and Chester 020D,Criminal damage and arson,Unable to prosecute suspect,
2d03332466b02c3315ceefee0f2b9c355fbf9dfdf910ab6d73f5addcc84281e1,2021-12,Cheshire Constabulary,Cheshire Constabulary,-2.518353,53.257592,On or near Highfield Road,E01018712,Cheshire West and Chester 020D,Criminal damage and arson,Investigation complete; no suspect identified,
b2f6655ad76be37a0cfcc529e4e6a2dc4f2d09d8333a10afe590855549b2efca,2021-12,Cheshire Constabulary,Cheshire Constabulary,-2.519678,53.256840,On or near Waterloo Road,E01018712,Cheshire West and Chester 020D,Public order,Unable to prosecute suspect,
70deba177eaf947de757fedddaa4c8080aa1d185411ab6ea3336c3fc676d8902,2021-12,Cheshire Constabulary,Cheshire Constabulary,-2.519678,53.256840,On or near Waterloo Road,E01018712,Cheshire West and Chester 020D,Public order,Unable to prosecute suspect,
77d387007c7f5e92f5aca808542f7caa8c4ee85ab2af3340e1f4945bc0727f81,2021-12,Cheshire Constabulary,Cheshire Constabulary,-2.519511,53.255439,On or near Weaver Road,E01018712,Cheshire West and Chester 020D,Public order,Unable to prosecute suspect,
67b6f82a0501067604c9bc6441d9b64acfe5bf917084f4bb1b52fc70acf58824,2021-12,Cheshire Constabulary,Cheshire Constabulary,-2.516953,53.259585,On or near Marine Approach,E01018712,Cheshire West and Chester 020D,Public order,Investigation complete; no suspect identified,
79ccde3bb25fc92333c26d2edde8dcc9e3b94672cbefc52db36aecb230f3365c,2021-12,Cheshire Constabulary,Cheshire Constabulary,-2.519231,53.257049,On or near Trinity Terrace,E01018712,Cheshire West and Chester 020D,Violence and sexual offences,Unable to prosecute suspect,
cf8d7747c3bfbd76088281aa156a9e2613b0a146b72e8809e925de5db3d5c682,2021-12,Cheshire Constabulary,Cheshire Constabulary,-2.516953,53.259585,On or near Marine Approach,E01018712,Cheshire West and Chester 020D,Violence and sexual offences,Court result unavailable,
563c97a735e1dcf932d8c4e728de9ccd2aa81ad9023b6083be335607f6d0a45c,2021-12,Cheshire Constabulary,Cheshire Constabulary,-2.525907,53.260004,On or near Alderley Road,E01018712,Cheshire West and Chester 020D,Violence and sexual offences,Unable to prosecute suspect,
6d341e5cbae520457126d70cc02e85c6bb99940091cf1e3763715610a207ead5,2021-12,Cheshire Constabulary,Cheshire Constabulary,-2.521845,53.257541,On or near Harrisons Place,E01018712,Cheshire West and Chester 020D,Violence and sexual offences,Court result unavailable,
89fd7bca7ca63a7073726fcfeca6bed1a8a94c22329727849500f6d22beec4f4,2021-12,Cheshire Constabulary,Cheshire Constabulary,-2.521845,53.257541,On or near Harrisons Place,E01018712,Cheshire West and Chester 020D,Violence and sexual offences,Unable to prosecute suspect,
38f75820ec466f725aba0e3c5e6cb261288161d77f9f07b67622c183a8fe4b7f,2021-12,Cheshire Constabulary,Cheshire Constabulary,-2.525907,53.260004,On or near Alderley Road,E01018712,Cheshire West and Chester 020D,Violence and sexual offences,Offender given a caution,
04d2688ae2951dee89aaa565d3b99fe8a8a60f76b73d89de3c382d10d43dcbf6,2021-12,Cheshire Constabulary,Cheshire Constabulary,-2.519231,53.257049,On or near Trinity Terrace,E01018712,Cheshire West and Chester 020D,Violence and sexual offences,Unable to prosecute suspect,
29b7d0e1e57f9f9f352b4d8788637a0df5d74602dd287765a9125fd1fefd2fdd,2021-12,Cheshire Constabulary,Cheshire Constabulary,-2.519678,53.256840,On or near Waterloo Road,E01018712,Cheshire West and Chester 020D,Violence and sexual offences,Further action is not in the public interest,
8f99402bd56690af6feeaab6e2a9aeb551ec39e3533c9b79a35bc1d54312dfc4,2021-12,Cheshire Constabulary,Cheshire Constabulary,-2.521845,53.257541,On or near Harrisons Place,E01018712,Cheshire West and Chester 020D,Violence and sexual offences,Unable to prosecute suspect,
e17e639b36b874f230b8e0cf16315e021f3ac49fad4ed5b135fb91c070b9cdf2,2021-12,Cheshire Constabulary,Cheshire Constabulary,-2.525907,53.260004,On or near Alderley Road,E01018712,Cheshire West and Chester 020D,Violence and sexual offences,Offender given a caution,
e4cada6988cf3d98e7ffc0f8f6d6fee7488724cadb6941adc8cd929911e499aa,2021-12,Cheshire Constabulary,Cheshire Constabulary,-2.510227,53.246175,On or near London Road,E01018699,Cheshire West and Chester 021A,Violence and sexual offences,Unable to prosecute suspect,
,2021-12,Cheshire Constabulary,Cheshire Constabulary,-2.504840,53.245596,On or near Adlington Drive,E01018701,Cheshire West and Chester 021B,Anti-social behaviour,,
4e09e919850bc9e95c51cbffcdf514e2c748d78db73d89c42728f949d27ef146,2021-12,Cheshire Constabulary,Cheshire Constabulary,-2.504639,53.242487,On or near Belgrave Road,E01018701,Cheshire West and Chester 021B,Violence and sexual offences,Unable to prosecute suspect,
f2f11fc85e0d1074a26c1a3777c746505fbb91216b6c79b8d05eb93c8f393682,2021-12,Cheshire Constabulary,Cheshire Constabulary,-2.506186,53.242768,On or near Ellesmere Road,E01018701,Cheshire West and Chester 021B,Violence and sexual offences,Unable to prosecute suspect,
b021390635f5a4e300d7eb6e206835fe70ab37a8b0f5e83c8d3d72e461271545,2021-12,Cheshire Constabulary,Cheshire Constabulary,-2.504639,53.242487,On or near Belgrave Road,E01018701,Cheshire West and Chester 021B,Violence and sexual offences,Unable to prosecute suspect,
4ce04b7a59e1c03658ce8a32a086f36a62b12f68fb788944383048935bb8b328,2021-12,Cheshire Constabulary,Cheshire Constabulary,-2.504639,53.242487,On or near Belgrave Road,E01018701,Cheshire West and Chester 021B,Violence and sexual offences,Unable to prosecute suspect,
717621608f1a98c8abad21d09849be5208ee5ebcbee42990cc442ce491060658,2021-12,Cheshire Constabulary,Cheshire Constabulary,-2.504054,53.243721,On or near Cockington Close,E01018701,Cheshire West and Chester 021B,Violence and sexual offences,Unable to prosecute suspect,
628dd1034ae9bb0e20d90eae956e0598e4060d9f7af6b33d4f5fbf529f598f38,2021-12,Cheshire Constabulary,Cheshire Constabulary,-2.504511,53.244321,On or near Tilstone Close,E01018701,Cheshire West and Chester 021B,Violence and sexual offences,Action to be taken by another organisation,
9b9c5e00c58b79d6a012b85f5fce028ab55876eb7160c94104f026a09e83b47f,2021-12,Cheshire Constabulary,Cheshire Constabulary,-2.504511,53.244321,On or near Tilstone Close,E01018701,Cheshire West and Chester 021B,Violence and sexual offences,Action to be taken by another organisation,
af1e76f041f142dd5fc99cb00151efa32026b9823797bbb8724e52fb9b7b9af4,2021-12,Cheshire Constabulary,Cheshire Constabulary,-2.503650,53.246347,On or near Meadow Grove,E01018701,Cheshire West and Chester 021B,Violence and sexual offences,Investigation complete; no suspect identified,
8b74cd74d7e2d2322a09e16329e4e9123a9f7278375bd00900f0ab0015bf2683,2021-12,Cheshire Constabulary,Cheshire Constabulary,-2.508347,53.245545,On or near Balmoral Avenue,E01018701,Cheshire West and Chester 021B,Violence and sexual offences,Unable to prosecute suspect,
a457bf0869362735016e7b2f2b780d2a84c09d6313e9356dba85282982775356,2021-12,Cheshire Constabulary,Cheshire Constabulary,-2.504639,53.242487,On or near Belgrave Road,E01018701,Cheshire West and Chester 021B,Violence and sexual offences,Unable to prosecute suspect,
d9b82ce18eae823fe1cdf8fdd77b8e7859add22610ff14bacc6fc7ef290379d7,2021-12,Cheshire Constabulary,Cheshire Constabulary,-2.504639,53.242487,On or near Belgrave Road,E01018701,Cheshire West and Chester 021B,Violence and sexual offences,Unable to prosecute suspect,
,2021-12,Cheshire Constabulary,Cheshire Constabulary,-2.493132,53.259524,On or near Hargreaves Road,E01018716,Cheshire West and Chester 021C,Anti-social behaviour,,
,2021-12,Cheshire Constabulary,Cheshire Constabulary,-2.493132,53.259524,On or near Hargreaves Road,E01018716,Cheshire West and Chester 021C,Anti-social behaviour,,
5921a4c12752faab11371bac9ed28e4261951179dd8835f189a09015f9318cc4,2021-12,Cheshire Constabulary,Cheshire Constabulary,-2.493132,53.259524,On or near Hargreaves Road,E01018716,Cheshire West and Chester 021C,Criminal damage and arson,Investigation complete; no suspect identified,
0ef9e6824da5e898aeaafb1fed7dfd7f006098357f0cffd787479180273f8a7d,2021-12,Cheshire Constabulary,Cheshire Constabulary,-2.491576,53.257211,On or near Grantham Close,E01018716,Cheshire West and Chester 021C,Other theft,Investigation complete; no suspect identified,
55479391d3027401aa2244ba97f10fc9cf67f148b76a3b60c4565db13efa3159,2021-12,Cheshire Constabulary,Cheshire Constabulary,-2.493132,53.259524,On or near Hargreaves Road,E01018716,Cheshire West and Chester 021C,Public order,Investigation complete; no suspect identified,
5f8b7f8c54af687db42bf2417ffee4746d9a4a4137e40bbce1ea55219a8e7c16,2021-12,Cheshire Constabulary,Cheshire Constabulary,-2.498848,53.257307,On or near Danefield Road,E01018716,Cheshire West and Chester 021C,Public order,Unable to prosecute suspect,
0149c993e0bdd242ffcce4439f9fb5ef04b3e5a7a6dd098dad8ae908c2bfb138,2021-12,Cheshire Constabulary,Cheshire Constabulary,-2.498848,53.257307,On or near Danefield Road,E01018716,Cheshire West and Chester 021C,Public order,Court result unavailable,
0a726f610cd6ca425b62e95bb64ec755fdbd1e5dab9662e607a4e781cfff1455,2021-12,Cheshire Constabulary,Cheshire Constabulary,-2.500972,53.256911,On or near Vicarage Walk,E01018716,Cheshire West and Chester 021C,Violence and sexual offences,Unable to prosecute suspect,
3cea67a4ec4b48897bec8bc7259726460dd96d691b9c3fa3817cfadfba0efe81,2021-12,Cheshire Constabulary,Cheshire Constabulary,-2.498848,53.257307,On or near Danefield Road,E01018716,Cheshire West and Chester 021C,Violence and sexual offences,Court result unavailable,
,2021-12,Cheshire Constabulary,Cheshire Constabulary,-2.498294,53.261264,On or near Albert Place,E01018717,Cheshire West and Chester 021D,Anti-social behaviour,,
,2021-12,Cheshire Constabulary,Cheshire Constabulary,-2.498294,53.261264,On or near Albert Place,E01018717,Cheshire West and Chester 021D,Anti-social behaviour,,
,2021-12,Cheshire Constabulary,Cheshire Constabulary,-2.498294,53.261264,On or near Albert Place,E01018717,Cheshire West and Chester 021D,Anti-social behaviour,,
,2021-12,Cheshire Constabulary,Cheshire Constabulary,-2.500950,53.260183,On or near Victoria Road,E01018717,Cheshire West and Chester 021D,Anti-social behaviour,,
,2021-12,Cheshire Constabulary,Cheshire Constabulary,-2.500950,53.260183,On or near Victoria Road,E01018717,Cheshire West and Chester 021D,Anti-social behaviour,,
887d9aabf75f714405f805ad824e503b25bb017491609b8b3dd1fe67b463fcca,2021-12,Cheshire Constabulary,Cheshire Constabulary,-2.498294,53.261264,On or near Albert Place,E01018717,Cheshire West and Chester 021D,Burglary,Unable to prosecute suspect,
0ef79c457687e8c430adcb2f29c28554847b2b171ceffa2955bf1ec9b3f1016e,2021-12,Cheshire Constabulary,Cheshire Constabulary,-2.499495,53.261385,On or near Birkdale Court,E01018717,Cheshire West and Chester 021D,Criminal damage and arson,Investigation complete; no suspect identified,
886ccf2869b2ec11d273858976b2fa5353bc61a386a2e6e2ede817d7c9f423ad,2021-12,Cheshire Constabulary,Cheshire Constabulary,-2.498294,53.261264,On or near Albert Place,E01018717,Cheshire West and Chester 021D,Other theft,Investigation complete; no suspect identified,
8c4ccd0f7dd38d28beb31abc19671a9e90bffb0776c795bd611c3a152ce9d3ef,2021-12,Cheshire Constabulary,Cheshire Constabulary,-2.498294,53.261264,On or near Albert Place,E01018717,Cheshire West and Chester 021D,Public order,Unable to prosecute suspect,
18e0eb7c75222caa567bbd0aff4d64c0bf236a9d4d32a5f8c36712c93ffde125,2021-12,Cheshire Constabulary,Cheshire Constabulary,-2.498091,53.259305,On or near Salkeld Street,E01018717,Cheshire West and Chester 021D,Violence and sexual offences,Unable to prosecute suspect,
4b0a6ddfeefaa1e2a923b11c6dcec6e0b20bc3f614e1b3a456467d2018a45d3c,2021-12,Cheshire Constabulary,Cheshire Constabulary,-2.499495,53.261385,On or near Birkdale Court,E01018717,Cheshire West and Chester 021D,Violence and sexual offences,Unable to prosecute suspect,
72b8f91e85da849f6e1eb18b370503457d7a2a9e551ed8d950708cc3dc38072f,2021-12,Cheshire Constabulary,Cheshire Constabulary,-2.500950,53.260183,On or near Victoria Road,E01018717,Cheshire West and Chester 021D,Violence and sexual offences,Unable to prosecute suspect,
c8020fcfa020be43033ddfa798ffd65cfaacda6fdc2da943b145f4bb755eff3c,2021-12,Cheshire Constabulary,Cheshire Constabulary,-2.497223,53.259372,On or near Royle Street,E01018717,Cheshire West and Chester 021D,Violence and sexual offences,Unable to prosecute suspect,
41b9c5b8ba8c0ec734f84f331c78fd9b6d9788d71c9fa8154fffaecace4e3b5e,2021-12,Cheshire Constabulary,Cheshire Constabulary,-2.497223,53.259372,On or near Royle Street,E01018717,Cheshire West and Chester 021D,Violence and sexual offences,Unable to prosecute suspect,
6da0bb0908102662457373f10aec8811ef488be400b8f2c3a7291716781bafba,2021-12,Cheshire Constabulary,Cheshire Constabulary,-2.498294,53.261264,On or near Albert Place,E01018717,Cheshire West and Chester 021D,Violence and sexual offences,Investigation complete; no suspect identified,
bccb8c9de35e9b2d7fa5e3d16de113d00ce9ff57fa51f5fb42effb6d4c6b5120,2021-12,Cheshire Constabulary,Cheshire Constabulary,-2.502865,53.259834,On or near Princes Avenue,E01018717,Cheshire West and Chester 021D,Violence and sexual offences,Status update unavailable,
375a68faba129824cda1e5f4379b3cbd2cf82589d3cff74b575c6d6a4daf21df,2021-12,Cheshire Constabulary,Cheshire Constabulary,-2.498471,53.259762,On or near Alan Street,E01018717,Cheshire West and Chester 021D,Violence and sexual offences,Investigation complete; no suspect identified,
ec4cbc2deb130acb6eb50f7b14d60a58b7f58fecae158b35d72a17382a3a3099,2021-12,Cheshire Constabulary,Cheshire Constabulary,-2.484651,53.254516,On or near Melchett Crescent,E01018719,Cheshire West and Chester 021E,Public order,Unable to prosecute suspect,
540815a4d04366a20b6cc773801a2b8661cffe1137a4dcca0a0aaf83c2f3b791,2021-12,Cheshire Constabulary,Cheshire Constabulary,-2.487026,53.256439,On or near Maitland-Wood Close,E01018719,Cheshire West and Chester 021E,Violence and sexual offences,Unable to prosecute suspect,
9b85c06556bcfd2bcc93364b8308b1a0d761efdf35ae636ddb309fcb413ce620,2021-12,Cheshire Constabulary,Cheshire Constabulary,-2.485534,53.255762,On or near Central Road,E01018719,Cheshire West and Chester 021E,Violence and sexual offences,Unable to prosecute suspect,
febf7efefe8c53b9bbe1e8ec0f6493365e8244fceea5b8066c19150f3cd8539d,2021-12,Cheshire Constabulary,Cheshire Constabulary,-2.487026,53.256439,On or near Maitland-Wood Close,E01018719,Cheshire West and Chester 021E,Violence and sexual offences,Unable to prosecute suspect,
,2021-12,Cheshire Constabulary,Cheshire Constabulary,-2.488573,53.251444,On or near Wessex Drive,E01018720,Cheshire West and Chester 021F,Anti-social behaviour,,
46a8005336377da261de3a3731aec183b7e59b07b64925f7f3cbc4101592c540,2021-12,Cheshire Constabulary,Cheshire Constabulary,-2.488989,53.248556,On or near Nicholas Avenue,E01018720,Cheshire West and Chester 021F,Public order,Investigation complete; no suspect identified,
b13c3d3e0753d95bb580f3be7401574b15eaaedf10a40e8b97cea0534946286b,2021-12,Cheshire Constabulary,Cheshire Constabulary,-2.488573,53.251444,On or near Wessex Drive,E01018720,Cheshire West and Chester 021F,Public order,Unable to prosecute suspect,
429ce206254c52b6d8105f4200e60fbd97bc82a8cd3b5d5f0dde02832c746c43,2021-12,Cheshire Constabulary,Cheshire Constabulary,-2.479992,53.254786,On or near North Drive,E01018720,Cheshire West and Chester 021F,Violence and sexual offences,Unable to prosecute suspect,
37b10a6810e017b73cd30dfc5aff8541e1c5ba322604acf776255d01d01ef64a,2021-12,Cheshire Constabulary,Cheshire Constabulary,-2.796403,53.201081,On or near Lansdowne Road,E01018308,Cheshire West and Chester 022A,Public order,Unable to prosecute suspect,
849e9ba4f80edc7be2f7f7b424bf5cc3d6e7f6ad8178564f97f09d81b5ac85a1,2021-12,Cheshire Constabulary,Cheshire Constabulary,-2.776741,53.214829,On or near Hollowmoor Heath,E01018308,Cheshire West and Chester 022A,Public order,Unable to prosecute suspect,
ec3c43d0387e396d1608f1d76cd844550da80f10a364a2ee5889b2ab99a48027,2021-12,Cheshire Constabulary,Cheshire Constabulary,-2.780874,53.226389,On or near Barnhouse Lane,E01018308,Cheshire West and Chester 022A,Public order,Unable to prosecute suspect,
2a6bc1608ca7f432bb756628a86c00869d096d6cb192fab86cc8f14886064d24,2021-12,Cheshire Constabulary,Cheshire Constabulary,-2.792910,53.210561,On or near New Farm Court,E01018308,Cheshire West and Chester 022A,Violence and sexual offences,Unable to prosecute suspect,
,2021-12,Cheshire Constabulary,Cheshire Constabulary,-2.813622,53.271583,On or near Greenfield Gardens,E01018336,Cheshire West and Chester 022B,Anti-social behaviour,,
cdc854bdca09805a55f58926d726efd7e0ca8d83cf20c05836f5bc9f9b15c842,2021-12,Cheshire Constabulary,Cheshire Constabulary,-2.815300,53.273837,On or near The Courtyard,E01018336,Cheshire West and Chester 022B,Criminal damage and arson,Investigation complete; no suspect identified,
cb4eeea6c27da200ee8e7e75b4b78672aa487d7542ec011f38fb1b4b18f16afa,2021-12,Cheshire Constabulary,Cheshire Constabulary,-2.866705,53.251586,On or near Bunbury Close,E01018337,Cheshire West and Chester 022C,Burglary,Investigation complete; no suspect identified,
1baa3635f3b877846828d0903b944b617121e50b442fd330c152afb9ba74677d,2021-12,Cheshire Constabulary,Cheshire Constabulary,-2.808387,53.265119,On or near M56,E01018337,Cheshire West and Chester 022C,Criminal damage and arson,Investigation complete; no suspect identified,
53966fc807c8d25e0b43a38540ac4a98a2b268120c63fe68b4c8f70454d8df21,2021-12,Cheshire Constabulary,Cheshire Constabulary,-2.882776,53.261203,On or near Stanney Lane,E01018337,Cheshire West and Chester 022C,Theft from the person,Investigation complete; no suspect identified,
36b57e7c7b8b8a0e6a9f2381435637c7a6fba5b00034b9aa5e8c635c7a6e7c7f,2021-12,Cheshire Constabulary,Cheshire Constabulary,-2.882776,53.261203,On or near Stanney Lane,E01018337,Cheshire West and Chester 022C,Vehicle crime,Investigation complete; no suspect identified,
d4f25a027deda3b0791b2983a0bef9fee821892445f26c76402fc2eb154298da,2021-12,Cheshire Constabulary,Cheshire Constabulary,-2.882776,53.261203,On or near Stanney Lane,E01018337,Cheshire West and Chester 022C,Violence and sexual offences,Unable to prosecute suspect,
,2021-12,Cheshire Constabulary,Cheshire Constabulary,-2.815666,53.274167,On or near Dairy Bank,E01018338,Cheshire West and Chester 022D,Anti-social behaviour,,
,2021-12,Cheshire Constabulary,Cheshire Constabulary,-2.807223,53.271752,On or near Mulberry Close,E01018338,Cheshire West and Chester 022D,Anti-social behaviour,,
,2021-12,Cheshire Constabulary,Cheshire Constabulary,-2.818850,53.276015,On or near Mount Pleasant,E01018338,Cheshire West and Chester 022D,Anti-social behaviour,,
5e6615f3351353cd3b1bdf4a6c34cbe4c33ca7fa67123c1399266f9b82bbfd23,2021-12,Cheshire Constabulary,Cheshire Constabulary,-2.810283,53.274985,On or near Coppice Green,E01018338,Cheshire West and Chester 022D,Criminal damage and arson,Unable to prosecute suspect,
1c61db1eeb08813c30dafb692da30f58ef2adb7d6ac9440d3845c953ca34e626,2021-12,Cheshire Constabulary,Cheshire Constabulary,-2.810202,53.270725,On or near Manley View,E01018338,Cheshire West and Chester 022D,Drugs,Investigation complete; no suspect identified,
093e798e7a250824d9e082db2d13e608040b287174074dcc3e97bf88d76ffb22,2021-12,Cheshire Constabulary,Cheshire Constabulary,-2.810460,53.273240,On or near Holm Drive,E01018338,Cheshire West and Chester 022D,Public order,Unable to prosecute suspect,
b73b98b128959290e96e892e38e5f62af70f00d03c710044705468114f8a6338,2021-12,Cheshire Constabulary,Cheshire Constabulary,-2.810283,53.274985,On or near Coppice Green,E01018338,Cheshire West and Chester 022D,Public order,Unable to prosecute suspect,
d2907e8f09905c16ecff3c01d52d9bdc7ffa5e6a667f43ef66e7249399b1b7cf,2021-12,Cheshire Constabulary,Cheshire Constabulary,-2.810283,53.274985,On or near Coppice Green,E01018338,Cheshire West and Chester 022D,Public order,Court result unavailable,
67c802a4e7402f335b8cde942f8d975d9c3530503499249b9b11ec580f597595,2021-12,Cheshire Constabulary,Cheshire Constabulary,-2.818850,53.276015,On or near Mount Pleasant,E01018338,Cheshire West and Chester 022D,Public order,Unable to prosecute suspect,
486341a0d0f7556db4e5a0161253623c8a4d2dbde62ef78c34b38cebd32769e7,2021-12,Cheshire Constabulary,Cheshire Constabulary,-2.815666,53.274167,On or near Dairy Bank,E01018338,Cheshire West and Chester 022D,Public order,Investigation complete; no suspect identified,
ae45c37e1ea9df259b2a8f88da94e866d53d0ec18dfe839fa6d7d610c49217ab,2021-12,Cheshire Constabulary,Cheshire Constabulary,-2.812024,53.272690,On or near Shopping Area,E01018338,Cheshire West and Chester 022D,Violence and sexual offences,Investigation complete; no suspect identified,
bf8b0e4b5ae8b66b11eb08517a01df6080d0842d5aa23d953f3f7ea6534f0801,2021-12,Cheshire Constabulary,Cheshire Constabulary,-2.818850,53.276015,On or near Mount Pleasant,E01018338,Cheshire West and Chester 022D,Violence and sexual offences,Unable to prosecute suspect,
347089e3e3893e5a055b4773780f8a5ad7cacfcd51159ca0b287ae841ff14cd2,2021-12,Cheshire Constabulary,Cheshire Constabulary,-2.810460,53.273240,On or near Holm Drive,E01018338,Cheshire West and Chester 022D,Violence and sexual offences,Unable to prosecute suspect,
47c684436f355efd1968cb27ec2edb3c66340ee794a1e5c4db8004c139bf4752,2021-12,Cheshire Constabulary,Cheshire Constabulary,-2.818850,53.276015,On or near Mount Pleasant,E01018338,Cheshire West and Chester 022D,Violence and sexual offences,Unable to prosecute suspect,
a1fe3f3220e083ec87fc251904b26791af810b875c75c0f716f22c59650711da,2021-12,Cheshire Constabulary,Cheshire Constabulary,-2.808353,53.271241,On or near Firbank,E01018338,Cheshire West and Chester 022D,Violence and sexual offences,Unable to prosecute suspect,
87ec5c1205d752ec0c5f8884d4e22353c8e4ab43ec396cf8e7c9266dce2a5054,2021-12,Cheshire Constabulary,Cheshire Constabulary,-2.815666,53.274167,On or near Dairy Bank,E01018338,Cheshire West and Chester 022D,Violence and sexual offences,Investigation complete; no suspect identified,
,2021-12,Cheshire Constabulary,Cheshire Constabulary,-2.821003,53.224753,On or near Plemstall Lane,E01018358,Cheshire West and Chester 022E,Anti-social behaviour,,
939ba46c3ec51dd5344bde5590b853deb09e844b4af369b6643cb925435de899,2021-12,Cheshire Constabulary,Cheshire Constabulary,-2.821003,53.224753,On or near Plemstall Lane,E01018358,Cheshire West and Chester 022E,Public order,Unable to prosecute suspect,
64dfa57455876b352605013c05f45a008cf3c9f23f0bb926ad39893b29c93141,2021-12,Cheshire Constabulary,Cheshire Constabulary,-2.826989,53.253225,On or near Cryers Lane,E01018359,Cheshire West and Chester 022F,Public order,Unable to prosecute suspect,
e5fbe29281ba18cd850ca2c4e372e14c47855cf230304e935c4bc277915a3c78,2021-12,Cheshire Constabulary,Cheshire Constabulary,-2.832197,53.225026,On or near Hurlestone Close,E01018359,Cheshire West and Chester 022F,Violence and sexual offences,Investigation complete; no suspect identified,
9786236d195bea6ddd5d0d064056a44c50912cc89017085f4d4d2df48d695aad,2021-12,Cheshire Constabulary,Cheshire Constabulary,-2.832197,53.225026,On or near Hurlestone Close,E01018359,Cheshire West and Chester 022F,Violence and sexual offences,Unable to prosecute suspect,
,2021-12,Cheshire Constabulary,Cheshire Constabulary,-2.538229,53.250367,On or near Petrol Station,E01018691,Cheshire West and Chester 023A,Anti-social behaviour,,
71a1c3661408defc54b52d6612e10ad5551a61e11f4154f5ad0608d684715223,2021-12,Cheshire Constabulary,Cheshire Constabulary,-2.536116,53.250412,On or near Manor Grove,E01018691,Cheshire West and Chester 023A,Criminal damage and arson,Investigation complete; no suspect identified,
67cc79c2c500d2efbf75ce654dcb0675f3a68263e24acd5e2b8b4ae25b9dd1ab,2021-12,Cheshire Constabulary,Cheshire Constabulary,-2.538229,53.250367,On or near Petrol Station,E01018691,Cheshire West and Chester 023A,Public order,Unable to prosecute suspect,
d09768f2e8de07f2657bf79a3c5a1120fd225cf5ce9aae6a61d177e1221c3ea7,2021-12,Cheshire Constabulary,Cheshire Constabulary,-2.538229,53.250367,On or near Petrol Station,E01018691,Cheshire West and Chester 023A,Shoplifting,Investigation complete; no suspect identified,
cf59b095710409fa921103239ae066ce6716e44f3057ea705f519a22c74676ad,2021-12,Cheshire Constabulary,Cheshire Constabulary,-2.538229,53.250367,On or near Petrol Station,E01018691,Cheshire West and Chester 023A,Shoplifting,Investigation complete; no suspect identified,
821142940f9407fe7688cbff01c261aae341aae6c4e1bf3182c534bdcf4008f1,2021-12,Cheshire Constabulary,Cheshire Constabulary,-2.539347,53.247566,On or near Westminster Close,E01018691,Cheshire West and Chester 023A,Violence and sexual offences,Unable to prosecute suspect,
eab127fe4fcbd94eb46aec96898a2bd7f85afffbe91a53282a3975f52ab6811c,2021-12,Cheshire Constabulary,Cheshire Constabulary,-2.546699,53.247020,On or near Woodlands,E01018691,Cheshire West and Chester 023A,Violence and sexual offences,Unable to prosecute suspect,
c98e94a5c1d64bbd6ace707ba651d874ae969a19732e943c22b2df3b4aa12a3d,2021-12,Cheshire Constabulary,Cheshire Constabulary,-2.538469,53.245628,On or near Thorn Lane,E01018691,Cheshire West and Chester 023A,Violence and sexual offences,Court result unavailable,
ecffe181c071463442164dd0d14782ffc535a7b8543cbbdb07a9e3612c5cbbde,2021-12,Cheshire Constabulary,Cheshire Constabulary,-2.539347,53.247566,On or near Westminster Close,E01018691,Cheshire West and Chester 023A,Violence and sexual offences,Unable to prosecute suspect,
d5427cfb4d1c5df15c65acc2aac5840b5b5ee4b37dd45abbd4ecbca76efc0a5c,2021-12,Cheshire Constabulary,Cheshire Constabulary,-2.544439,53.242536,On or near Riddings Lane,E01018691,Cheshire West and Chester 023A,Violence and sexual offences,Unable to prosecute suspect,
10bae934fb81a999ae02c0f1c28d347d4ec0b2d73707492d48770a2ed848e8ab,2021-12,Cheshire Constabulary,Cheshire Constabulary,-2.540429,53.246554,On or near Kingsley Close,E01018691,Cheshire West and Chester 023A,Violence and sexual offences,Unable to prosecute suspect,
4478e7f668fe9655a41ec4ad70d3ef5cc52f9d70aa591205aefbbaf5220f4bb5,2021-12,Cheshire Constabulary,Cheshire Constabulary,-2.538469,53.245628,On or near Thorn Lane,E01018691,Cheshire West and Chester 023A,Violence and sexual offences,Court result unavailable,
169abea0628d5907e33263baa34e193171a0e16f06d77828c46e730ddf32af40,2021-12,Cheshire Constabulary,Cheshire Constabulary,-2.539347,53.247566,On or near Westminster Close,E01018691,Cheshire West and Chester 023A,Violence and sexual offences,Unable to prosecute suspect,
cef614e9e2963c2834dece05540e89f8faf523005343732bd985de22b040700d,2021-12,Cheshire Constabulary,Cheshire Constabulary,-2.559831,53.246168,On or near Hodge Lane,E01018693,Cheshire West and Chester 023B,Violence and sexual offences,Unable to prosecute suspect,
6045bc1fe53e338067f3c14c89c27fc3465887e5fe15626b0583215a59327264,2021-12,Cheshire Constabulary,Cheshire Constabulary,-2.559831,53.246168,On or near Hodge Lane,E01018693,Cheshire West and Chester 023B,Violence and sexual offences,Court result unavailable,
,2021-12,Cheshire Constabulary,Cheshire Constabulary,-2.546091,53.240488,On or near Abbots Way,E01018694,Cheshire West and Chester 023C,Anti-social behaviour,,
bfa23ced9b850d85ebb81ab97d61751be708b581489d7c2a519d914a2f6d141a,2021-12,Cheshire Constabulary,Cheshire Constabulary,-2.536497,53.240145,On or near Quaintways,E01018694,Cheshire West and Chester 023C,Criminal damage and arson,Unable to prosecute suspect,
63a66e62cd9c04f9d6ef78345c4b6da1da60e4e00e9732fdbab94f3c9b7a32bf,2021-12,Cheshire Constabulary,Cheshire Constabulary,-2.540070,53.244273,On or near Old Vicarage Lane,E01018694,Cheshire West and Chester 023C,Violence and sexual offences,Unable to prosecute suspect,
f7f6a39c89a6a9b908be7cb884e9dfa82dcda453993a546c931863dab168f9e6,2021-12,Cheshire Constabulary,Cheshire Constabulary,-2.536497,53.240145,On or near Quaintways,E01018694,Cheshire West and Chester 023C,Violence and sexual offences,Unable to prosecute suspect,
bd2d16b246a2b4564203b82252ce3e0366f95073c0810a26a709766ce9ba85dd,2021-12,Cheshire Constabulary,Cheshire Constabulary,-2.519461,53.246360,On or near Harthill Close,E01018700,Cheshire West and Chester 023D,Burglary,Unable to prosecute suspect,
56e9435f86244d0dc7ffbfd4a908fb7b72130888d19c9a22d2a7f70ac6a7b1c0,2021-12,Cheshire Constabulary,Cheshire Constabulary,-2.519377,53.243124,On or near Supermarket,E01018700,Cheshire West and Chester 023D,Drugs,Court result unavailable,
8db4f0d6c3e708c0939ce715ebb9bda944fa13b849e01dea1404058303ad008f,2021-12,Cheshire Constabulary,Cheshire Constabulary,-2.519377,53.243124,On or near Supermarket,E01018700,Cheshire West and Chester 023D,Public order,Unable to prosecute suspect,
2bff7dfb068423eca88f8a6f3608fbcf4d425542e64ae2096db5a3b7045e2af6,2021-12,Cheshire Constabulary,Cheshire Constabulary,-2.524202,53.238249,On or near Ellingham Way,E01018702,Cheshire West and Chester 023E,Public order,Unable to prosecute suspect,
,2021-12,Cheshire Constabulary,Cheshire Constabulary,-2.511892,53.251337,On or near Dale'S Square,E01018703,Cheshire West and Chester 023F,Anti-social behaviour,,
,2021-12,Cheshire Constabulary,Cheshire Constabulary,-2.512377,53.254274,On or near Webb'S Court,E01018703,Cheshire West and Chester 023F,Anti-social behaviour,,
,2021-12,Cheshire Constabulary,Cheshire Constabulary,-2.512090,53.249080,On or near Dobell'S Road,E01018703,Cheshire West and Chester 023F,Anti-social behaviour,,
5decc5bf0dae8ae706af4fc3dadfa6896f1404d00f928a0ad37ee2f82f716285,2021-12,Cheshire Constabulary,Cheshire Constabulary,-2.512090,53.249080,On or near Dobell'S Road,E01018703,Cheshire West and Chester 023F,Public order,Unable to prosecute suspect,
129f14647bd660aa2e61e262d0be6975198679f701e6835cbd5125ebf8097cfa,2021-12,Cheshire Constabulary,Cheshire Constabulary,-2.514421,53.252234,On or near The Crescent,E01018703,Cheshire West and Chester 023F,Violence and sexual offences,Unable to prosecute suspect,
1a533b8268f23852b7d328787bffa8d22c6a1d5c9d9f5240f2126ac64ac49d1b,2021-12,Cheshire Constabulary,Cheshire Constabulary,-2.514421,53.252234,On or near The Crescent,E01018703,Cheshire West and Chester 023F,Violence and sexual offences,Unable to prosecute suspect,
8aae58c5b262f4b515b12f9df7f450c52ae493efce66e69c3d462a21d3479412,2021-12,Cheshire Constabulary,Cheshire Constabulary,-2.602378,53.239893,On or near Millgate,E01018676,Cheshire West and Chester 024A,Criminal damage and arson,Investigation complete; no suspect identified,
cbc92d81695343a9ac2dcd4986b962b65df4b6f1d2afb08a2a18b56d336044dd,2021-12,Cheshire Constabulary,Cheshire Constabulary,-2.602378,53.239893,On or near Millgate,E01018676,Cheshire West and Chester 024A,Other theft,Investigation complete; no suspect identified,
a96c18990c1847ad5188821081c9e9b045791e11e443931949ed49d6d908bdd8,2021-12,Cheshire Constabulary,Cheshire Constabulary,-2.598969,53.242589,On or near Meadow Close,E01018676,Cheshire West and Chester 024A,Other theft,Unable to prosecute suspect,
b205464e7a49e44aaeba59e7c0dc277643b5b87de3a5f6e75ac25169d1e21186,2021-12,Cheshire Constabulary,Cheshire Constabulary,-2.609299,53.230330,On or near Forest Road,E01018677,Cheshire West and Chester 024B,Criminal damage and arson,Unable to prosecute suspect,
3ba9a3f1821fdc31b9a6f19bfa023847253fb5bd95f50342e82424b59ab32d09,2021-12,Cheshire Constabulary,Cheshire Constabulary,-2.630747,53.200483,On or near A49,E01018677,Cheshire West and Chester 024B,Other theft,Unable to prosecute suspect,
2705221608d730e67e2d85f1f9c4cec19dca9876669c86d3411a29e04a52b7ea,2021-12,Cheshire Constabulary,Cheshire Constabulary,-2.630761,53.236088,On or near Stoneyford Lane,E01018677,Cheshire West and Chester 024B,Public order,Unable to prosecute suspect,
bc9e4a666d501ddcc83f69ca78abde7030bccf4103fa360bfd71d1193111b8b6,2021-12,Cheshire Constabulary,Cheshire Constabulary,-2.620849,53.243807,On or near Delamere Park Way West,E01018677,Cheshire West and Chester 024B,Violence and sexual offences,Unable to prosecute suspect,
1684b91011137fe91db402a02bdfb9f039df9409ab2103344c3ee5a322d1750c,2021-12,Cheshire Constabulary,Cheshire Constabulary,-2.609299,53.230330,On or near Forest Road,E01018677,Cheshire West and Chester 024B,Violence and sexual offences,Unable to prosecute suspect,
aed42a92b6877b4aab2b0eb02bd128e76f8ff1c5c5ed7a4c028c779365538e62,2021-12,Cheshire Constabulary,Cheshire Constabulary,-2.630761,53.236088,On or near Stoneyford Lane,E01018677,Cheshire West and Chester 024B,Violence and sexual offences,Court result unavailable,
b846a6854c8ff59a79821af5d6df415882f70eea2531ed0d58b5d55bdd07bf15,2021-12,Cheshire Constabulary,Cheshire Constabulary,-2.630761,53.236088,On or near Stoneyford Lane,E01018677,Cheshire West and Chester 024B,Violence and sexual offences,Unable to prosecute suspect,
aa41bde77d31f8047f55687caa978bb7a7a6203b4a5eab8d3bcb63b9582b54fc,2021-12,Cheshire Constabulary,Cheshire Constabulary,-2.597208,53.235578,On or near East Lane,E01018678,Cheshire West and Chester 024C,Vehicle crime,Investigation complete; no suspect identified,
,2021-12,Cheshire Constabulary,Cheshire Constabulary,-2.603809,53.231958,On or near Ash Road,E01018679,Cheshire West and Chester 024D,Anti-social behaviour,,
a99d9bb5bec5b3478e54fe1b534554a5247141815875de06b02729bafa4b365a,2021-12,Cheshire Constabulary,Cheshire Constabulary,-2.603822,53.228632,On or near Shopping Area,E01018679,Cheshire West and Chester 024D,Shoplifting,Investigation complete; no suspect identified,
20c69a093fe9dbe06c1bb9ea2d3bbe29feddedbe731aa9b3148f7ce9596108ac,2021-12,Cheshire Constabulary,Cheshire Constabulary,-2.599954,53.231618,On or near Foxhill Close,E01018679,Cheshire West and Chester 024D,Violence and sexual offences,Unable to prosecute suspect,
71c1fcf28b52e63c58ae0c4daccb60c60d0eb705946e8642c0dd7f14e713fd2a,2021-12,Cheshire Constabulary,Cheshire Constabulary,-2.600886,53.232862,On or near Acorn Close,E01018679,Cheshire West and Chester 024D,Violence and sexual offences,Unable to prosecute suspect,
7e88b6c2c9177c3ffd6329f1d5cecacc384a6dc2029b315bcc07fd88284634e3,2021-12,Cheshire Constabulary,Cheshire Constabulary,-2.603822,53.228632,On or near Shopping Area,E01018679,Cheshire West and Chester 024D,Violence and sexual offences,Unable to prosecute suspect,
bc0f37b31b09d6681aa3ce78af007e5bc8ce4516ed098bf201aad6fdc5206839,2021-12,Cheshire Constabulary,Cheshire Constabulary,-2.600640,53.231344,On or near Crowmere Close,E01018679,Cheshire West and Chester 024D,Violence and sexual offences,Action to be taken by another organisation,
ee56850d4bc376a915598a73348f1d8d0fc3881b2b1ca69419e0860d35f8cf7c,2021-12,Cheshire Constabulary,Cheshire Constabulary,-2.599954,53.231618,On or near Foxhill Close,E01018679,Cheshire West and Chester 024D,Violence and sexual offences,Unable to prosecute suspect,
8986c8876abafa422bd1779c6ed1f3bb0ee37d20844ca71aa8cfec8e4f1f3907,2021-12,Cheshire Constabulary,Cheshire Constabulary,-2.555530,53.243905,On or near Hinchley Close,E01018692,Cheshire West and Chester 024E,Burglary,Investigation complete; no suspect identified,
e8415af9eca107d0124546719ee2a995a0b356df7cae8f6a873343338b4860a0,2021-12,Cheshire Constabulary,Cheshire Constabulary,-2.555150,53.219160,On or near Sutton Field,E01018692,Cheshire West and Chester 024E,Criminal damage and arson,Investigation complete; no suspect identified,
fe709d69412f5fd991f80f9fdfdcb5dbb78ff7eedd66b527affe207473c73fbd,2021-12,Cheshire Constabulary,Cheshire Constabulary,-2.563798,53.240199,On or near Keepers Close,E01018692,Cheshire West and Chester 024E,Violence and sexual offences,Unable to prosecute suspect,
50c6009dc0e7542cc868d68447707bb834ef63cc29b438a56fb1e2c3c73a7d03,2021-12,Cheshire Constabulary,Cheshire Constabulary,-2.564610,53.240402,On or near Millwood Drive,E01018692,Cheshire West and Chester 024E,Violence and sexual offences,Unable to prosecute suspect,
4966924b6afc2037f53cab12f4651835473779f596ae15d941974e2f3506d620,2021-12,Cheshire Constabulary,Cheshire Constabulary,-2.563798,53.240199,On or near Keepers Close,E01018692,Cheshire West and Chester 024E,Violence and sexual offences,Investigation complete; no suspect identified,
2f44783c4f799e88ffb8cd06118905d2500aed8cbba5887aab37bd3b7fcf58c9,2021-12,Cheshire Constabulary,Cheshire Constabulary,-2.563798,53.240199,On or near Keepers Close,E01018692,Cheshire West and Chester 024E,Other crime,Unable to prosecute suspect,
,2021-12,Cheshire Constabulary,Cheshire Constabulary,-2.952081,53.257793,On or near Manor Farm Crescent,E01018360,Cheshire West and Chester 025A,Anti-social behaviour,,
,2021-12,Cheshire Constabulary,Cheshire Constabulary,-2.898212,53.223774,On or near Charles Road,E01018360,Cheshire West and Chester 025A,Anti-social behaviour,,
,2021-12,Cheshire Constabulary,Cheshire Constabulary,-2.932002,53.248531,On or near A5117,E01018360,Cheshire West and Chester 025A,Anti-social behaviour,,
eeb760112b969c2cd757b7f36554a5d1b32da60e34d7280ecee2d723fb25e820,2021-12,Cheshire Constabulary,Cheshire Constabulary,-2.920391,53.227766,On or near Well Lane,E01018360,Cheshire West and Chester 025A,Burglary,Investigation complete; no suspect identified,
693bb374210deddf8f19136d6a09d74120eac73fbf468ecadba943d6f939cb7c,2021-12,Cheshire Constabulary,Cheshire Constabulary,-2.950344,53.258553,On or near Sports/Recreation Area,E01018360,Cheshire West and Chester 025A,Burglary,Court result unavailable,
641929ad1f515ac0d8a8908f36ef7d1985becf109ea53e73a9d3ebed1bd6a065,2021-12,Cheshire Constabulary,Cheshire Constabulary,-2.902275,53.242476,On or near Gordon Lane,E01018360,Cheshire West and Chester 025A,Other theft,Status update unavailable,
ad561e993c48a098c4757bcd666e79f160569a9ae8b963045901aad266ba06e5,2021-12,Cheshire Constabulary,Cheshire Constabulary,-2.952081,53.257793,On or near Manor Farm Crescent,E01018360,Cheshire West and Chester 025A,Violence and sexual offences,Unable to prosecute suspect,
9f2d219d65825bbdbcb0751593551b1be4937d3071665e272576899cf9059175,2021-12,Cheshire Constabulary,Cheshire Constabulary,-2.895200,53.224390,On or near Dauncey Close,E01018360,Cheshire West and Chester 025A,Violence and sexual offences,Court result unavailable,
b38422517028ffcf674b85b15c02ad50f58fa18074e53d574a0e48fad0ae0428,2021-12,Cheshire Constabulary,Cheshire Constabulary,-2.878384,53.230520,On or near Badgers Walk,E01018360,Cheshire West and Chester 025A,Violence and sexual offences,Unable to prosecute suspect,
,2021-12,Cheshire Constabulary,Cheshire Constabulary,-2.943720,53.214361,On or near Green Lane,E01018366,Cheshire West and Chester 025B,Anti-social behaviour,,
,2021-12,Cheshire Constabulary,Cheshire Constabulary,-2.943720,53.214361,On or near Green Lane,E01018366,Cheshire West and Chester 025B,Anti-social behaviour,,
85781b9687115f54b2fa415b7916090de846df1c625efb688d01fd5b52b84a41,2021-12,Cheshire Constabulary,Cheshire Constabulary,-2.952989,53.220427,On or near Haymakers Way,E01018366,Cheshire West and Chester 025B,Violence and sexual offences,Unable to prosecute suspect,
38f9c1a9c9c87a357a6e38e8bdb787d0ff60a1b7ffbe521493c87f36cc5d3b02,2021-12,Cheshire Constabulary,Cheshire Constabulary,-2.952989,53.220427,On or near Haymakers Way,E01018366,Cheshire West and Chester 025B,Violence and sexual offences,Unable to prosecute suspect,
,2021-12,Cheshire Constabulary,Cheshire Constabulary,-2.956516,53.223419,On or near Chapel Close,E01018367,Cheshire West and Chester 025C,Anti-social behaviour,,
84e70e67c824e114580649134c362e6b59afd8de9d66017cdec920df3540dba1,2021-12,Cheshire Constabulary,Cheshire Constabulary,-2.952123,53.227301,On or near Meadowcroft,E01018367,Cheshire West and Chester 025C,Burglary,Investigation complete; no suspect identified,
0b3d125b7d373352637f9280c76937890f7eee1f08bee8c07f8cefd3f580bdb0,2021-12,Cheshire Constabulary,Cheshire Constabulary,-2.955061,53.240843,On or near By Pass Road,E01018367,Cheshire West and Chester 025C,Criminal damage and arson,Unable to prosecute suspect,
dc72605cafc345cba96d55a8087916ee5ed862b4984281249414e5deddd60688,2021-12,Cheshire Constabulary,Cheshire Constabulary,-2.978367,53.258146,On or near Welsh Road,E01018367,Cheshire West and Chester 025C,Public order,Investigation complete; no suspect identified,
95791867dd3920711585d8cf34e5b23c05f333be9fa9d17c8b348fc4b335fd9e,2021-12,Cheshire Constabulary,Cheshire Constabulary,-2.956516,53.223419,On or near Chapel Close,E01018367,Cheshire West and Chester 025C,Public order,Unable to prosecute suspect,
e51292b568352b7bc9d9b56d48aaa86677e52e4ad4f53d8c2b19f9319094464e,2021-12,Cheshire Constabulary,Cheshire Constabulary,-2.955047,53.223386,On or near Rake Way,E01018367,Cheshire West and Chester 025C,Violence and sexual offences,Unable to prosecute suspect,
3e01142731d2a039cb86e811d520c52a5795f25b0ded44b0dcbd2ddef6939d77,2021-12,Cheshire Constabulary,Cheshire Constabulary,-2.943631,53.236187,On or near Coalpit Lane,E01018367,Cheshire West and Chester 025C,Violence and sexual offences,Unable to prosecute suspect,
6a4c397fd9baefc2a2487affc95941de0d74e33a6d0b10ec07a12bb80fa90d41,2021-12,Cheshire Constabulary,Cheshire Constabulary,-2.955061,53.240843,On or near By Pass Road,E01018367,Cheshire West and Chester 025C,Violence and sexual offences,Action to be taken by another organisation,
15dee10fe28f83f7aa7f087d0422dd872a23fbc453d549b546a2f0684c2a7f6e,2021-12,Cheshire Constabulary,Cheshire Constabulary,-2.956464,53.224471,On or near Smithy Close,E01018367,Cheshire West and Chester 025C,Violence and sexual offences,Unable to prosecute suspect,
405c4076ab197bc4e46d6b8d3fad0d97fe1138b56093d22b80accb5aa7d97390,2021-12,Cheshire Constabulary,Cheshire Constabulary,-2.956464,53.224471,On or near Smithy Close,E01018367,Cheshire West and Chester 025C,Violence and sexual offences,Unable to prosecute suspect,
d36c060677b524b3d767f5808cb38d58fb781ab7d4022f01cc04fc35c4d74569,2021-12,Cheshire Constabulary,Cheshire Constabulary,-2.955047,53.223386,On or near Rake Way,E01018367,Cheshire West and Chester 025C,Violence and sexual offences,Court result unavailable,
d0f212dbed4e7b6094173cb9971ba58671e6919dbee1c7165cf5697df700b522,2021-12,Cheshire Constabulary,Cheshire Constabulary,-2.955061,53.240843,On or near By Pass Road,E01018367,Cheshire West and Chester 025C,Violence and sexual offences,Unable to prosecute suspect,
6eb78f6ba28061f28b94f0f66881b7c781472b87f5b27dd28a423a7c24cbd77f,2021-12,Cheshire Constabulary,Cheshire Constabulary,-2.956464,53.224471,On or near Smithy Close,E01018367,Cheshire West and Chester 025C,Violence and sexual offences,Unable to prosecute suspect,
,2021-12,Cheshire Constabulary,Cheshire Constabulary,-2.488934,53.210803,On or near Park/Open Space,E01018680,Cheshire West and Chester 026A,Anti-social behaviour,,
ee9adc44ff472002e74d2846ac015fbcca998964b206e4e2fd0bbf2b4e6689a7,2021-12,Cheshire Constabulary,Cheshire Constabulary,-2.497351,53.220090,On or near Brick Kiln Lane,E01018680,Cheshire West and Chester 026A,Criminal damage and arson,Investigation complete; no suspect identified,
8d1671abc67f86ff733f718d35ba9ce431585af38e0a3560c9a5d766f9b4112a,2021-12,Cheshire Constabulary,Cheshire Constabulary,-2.495817,53.219503,On or near Sports/Recreation Area,E01018680,Cheshire West and Chester 026A,Other theft,Unable to prosecute suspect,
e01104360cd51851a8b29f774e74b4de266314700f1bdeba7be8eeb62b999e34,2021-12,Cheshire Constabulary,Cheshire Constabulary,-2.488934,53.210803,On or near Park/Open Space,E01018680,Cheshire West and Chester 026A,Public order,Unable to prosecute suspect,
9073285746512cca8da0877fbdb66165fd2c5ff0c68c116cfda4c7a7fe865776,2021-12,Cheshire Constabulary,Cheshire Constabulary,-2.495817,53.219503,On or near Sports/Recreation Area,E01018680,Cheshire West and Chester 026A,Violence and sexual offences,Unable to prosecute suspect,
098e4cf924e2fc43cf55f2e6e2c8e50823a7fee797901ded3a0b0f1830651fbe,2021-12,Cheshire Constabulary,Cheshire Constabulary,-2.516142,53.222140,On or near Regent Street,E01018681,Cheshire West and Chester 026B,Criminal damage and arson,Investigation complete; no suspect identified,
e4dd667efa5175d190f4c6bcb3380fa164d5fe016bcca8cbb707a28349940f79,2021-12,Cheshire Constabulary,Cheshire Constabulary,-2.512323,53.222148,On or near Poplar Avenue,E01018681,Cheshire West and Chester 026B,Vehicle crime,Investigation complete; no suspect identified,
cde262414a27638160cf3df32420f4f133f76b11d87f19ac8a3b9cc4cce84ad5,2021-12,Cheshire Constabulary,Cheshire Constabulary,-2.514847,53.232807,On or near Allen Drive,E01018682,Cheshire West and Chester 026C,Burglary,Unable to prosecute suspect,
99f54a98dc0390c121b87c84426e761a5fbad6f4535b9d28d0109eb7d9f4df89,2021-12,Cheshire Constabulary,Cheshire Constabulary,-2.511065,53.234747,On or near Fulton Grove,E01018683,Cheshire West and Chester 026D,Other theft,Investigation complete; no suspect identified,
dd04792135d85d7374bcac67c8095452b70f88ef2b4fe02097995da918da4445,2021-12,Cheshire Constabulary,Cheshire Constabulary,-2.512836,53.238775,On or near London Road,E01018683,Cheshire West and Chester 026D,Public order,Unable to prosecute suspect,
7ba3af886fc0d086d215b8101611e67604e954e5f0c943eefaab5756956b92ef,2021-12,Cheshire Constabulary,Cheshire Constabulary,-2.523163,53.235377,On or near Ashley Grange,E01018683,Cheshire West and Chester 026D,Violence and sexual offences,Further action is not in the public interest,
1e2d06e2bd12e6d60666b8d052086b9a60e26509dc4cbab656a9e5ef20794863,2021-12,Cheshire Constabulary,Cheshire Constabulary,-2.523163,53.235377,On or near Ashley Grange,E01018683,Cheshire West and Chester 026D,Violence and sexual offences,Unable to prosecute suspect,
8957968a161a0e056b791764b29d1ac8e8a611a678f406a9ee955e76d2ee53d2,2021-12,Cheshire Constabulary,Cheshire Constabulary,-2.523163,53.235377,On or near Ashley Grange,E01018683,Cheshire West and Chester 026D,Violence and sexual offences,Unable to prosecute suspect,
88519aecde9368527bd0f585c6ce006644000053c7717370d7e8f230e8853dee,2021-12,Cheshire Constabulary,Cheshire Constabulary,-2.511454,53.235985,On or near Petrol Station,E01018683,Cheshire West and Chester 026D,Violence and sexual offences,Unable to prosecute suspect,
,2021-12,Cheshire Constabulary,Cheshire Constabulary,-2.870167,53.206471,On or near Sports/Recreation Area,E01018364,Cheshire West and Chester 027A,Anti-social behaviour,,
,2021-12,Cheshire Constabulary,Cheshire Constabulary,-2.870777,53.207761,On or near Parking Area,E01018364,Cheshire West and Chester 027A,Anti-social behaviour,,
,2021-12,Cheshire Constabulary,Cheshire Constabulary,-2.874683,53.205494,On or near Norfolk Road,E01018364,Cheshire West and Chester 027A,Anti-social behaviour,,
0a92e018768ea20de1a6475ce51bd3bf1e518fc89947239e91780f8c59e67697,2021-12,Cheshire Constabulary,Cheshire Constabulary,-2.870777,53.207761,On or near Parking Area,E01018364,Cheshire West and Chester 027A,Criminal damage and arson,Investigation complete; no suspect identified,
80b57d65e091f1edf3334a5d0e23c8b0bca37af6fcc5096ce8c5ff8d3f26c96b,2021-12,Cheshire Constabulary,Cheshire Constabulary,-2.869380,53.208284,On or near Surrey Road,E01018364,Cheshire West and Chester 027A,Criminal damage and arson,Unable to prosecute suspect,
121ea7ae5b2422b000de71df94988ee34ad2225b580c4d985edda7394ea7d494,2021-12,Cheshire Constabulary,Cheshire Constabulary,-2.872244,53.206303,On or near Cambridge Road,E01018364,Cheshire West and Chester 027A,Other theft,Investigation complete; no suspect identified,
3f95e9806774c6c4ac3728b05a4b93d537d58207674a7c803f8ec36a95766304,2021-12,Cheshire Constabulary,Cheshire Constabulary,-2.871633,53.207152,On or near Kingsway,E01018364,Cheshire West and Chester 027A,Other theft,Unable to prosecute suspect,
6a615533bad3185ebeb815abea24f819acb3026f609bf01e57ab2749ba4a6173,2021-12,Cheshire Constabulary,Cheshire Constabulary,-2.868324,53.206404,On or near Rutland Place,E01018364,Cheshire West and Chester 027A,Violence and sexual offences,Unable to prosecute suspect,
56696b2bef38d203e71f57e138e45321e1dfebda5280aee961a77fd6315df584,2021-12,Cheshire Constabulary,Cheshire Constabulary,-2.873668,53.205636,On or near Sussex Road,E01018364,Cheshire West and Chester 027A,Violence and sexual offences,Unable to prosecute suspect,
68872f4c8d46376b1354692a39df622b6df8b21b2ec4683f392f43983458e439,2021-12,Cheshire Constabulary,Cheshire Constabulary,-2.867577,53.207254,On or near Essex Road,E01018364,Cheshire West and Chester 027A,Violence and sexual offences,Unable to prosecute suspect,
97ad8b05aeb429575cc3e127e45ec2d2c54570beb0b911fdb6f42d6ae16785eb,2021-12,Cheshire Constabulary,Cheshire Constabulary,-2.873668,53.205636,On or near Sussex Road,E01018364,Cheshire West and Chester 027A,Violence and sexual offences,Unable to prosecute suspect,
07a100ed9d90bfa1655a2bbd5bf4f6586041f75c72f3508977c9a673c60dc26a,2021-12,Cheshire Constabulary,Cheshire Constabulary,-2.873668,53.205636,On or near Sussex Road,E01018364,Cheshire West and Chester 027A,Violence and sexual offences,Unable to prosecute suspect,
,2021-12,Cheshire Constabulary,Cheshire Constabulary,-2.878145,53.207114,On or near Wealstone Court,E01018365,Cheshire West and Chester 027B,Anti-social behaviour,,
169127103ea510f751cb1c9111b4a6106de054cb9c14f8e7fdd89313b68f529e,2021-12,Cheshire Constabulary,Cheshire Constabulary,-2.877735,53.205373,On or near Newton Lane,E01018365,Cheshire West and Chester 027B,Public order,Unable to prosecute suspect,
485e2ae8815b47bfaa60a9354a1b58834b6dfbc53ca2e038e29542341c7e1a27,2021-12,Cheshire Constabulary,Cheshire Constabulary,-2.878145,53.207114,On or near Wealstone Court,E01018365,Cheshire West and Chester 027B,Public order,Investigation complete; no suspect identified,
1a383aefd9e3519c7fd22bb45cbf60884843cd3001e729e7138df9f80f7b94d5,2021-12,Cheshire Constabulary,Cheshire Constabulary,-2.875703,53.214395,On or near Aldford Road,E01018378,Cheshire West and Chester 027C,Violence and sexual offences,Unable to prosecute suspect,
df8b5a022bc320d5d7e42dc025ce249b3e14265103766415c7f2632fd8b73f27,2021-12,Cheshire Constabulary,Cheshire Constabulary,-2.876799,53.215250,On or near Cornwall Road,E01018378,Cheshire West and Chester 027C,Violence and sexual offences,Unable to prosecute suspect,
04a621f7dbb7c2732cdb075f6299742374a221cc475b3f2416ff19f2c062ac3a,2021-12,Cheshire Constabulary,Cheshire Constabulary,-2.876799,53.215250,On or near Cornwall Road,E01018378,Cheshire West and Chester 027C,Violence and sexual offences,Unable to prosecute suspect,
d1072124def001f030b9fa116894d4453116d61db622dcf41aef1bf24b7290e6,2021-12,Cheshire Constabulary,Cheshire Constabulary,-2.875703,53.214395,On or near Aldford Road,E01018378,Cheshire West and Chester 027C,Violence and sexual offences,Investigation complete; no suspect identified,
f3438e9e6633c87a90234c6ddecea4b2cfa617cfe2a56345b8bed4b778890808,2021-12,Cheshire Constabulary,Cheshire Constabulary,-2.872390,53.214221,On or near St James Avenue,E01018380,Cheshire West and Chester 027E,Violence and sexual offences,Unable to prosecute suspect,
d0b21d9607918965d17ef6eb6d5e50f32c8ca75a6951997805916ed0cf786daf,2021-12,Cheshire Constabulary,Cheshire Constabulary,-2.874664,53.211184,On or near Tintern Avenue,E01018380,Cheshire West and Chester 027E,Violence and sexual offences,Unable to prosecute suspect,
4645821a09b7a6cf050b6fbb84410bbbc810826c31e2827d19cacf818a9b6427,2021-12,Cheshire Constabulary,Cheshire Constabulary,-2.876989,53.204012,On or near Sports/Recreation Area,E01018362,Cheshire West and Chester 028A,Violence and sexual offences,Investigation complete; no suspect identified,
af1b69b3bd8de0778b88f89f48eb2e8337fd4de0e2375d9c49c691598f6ea6e4,2021-12,Cheshire Constabulary,Cheshire Constabulary,-2.887696,53.204858,On or near Dicksons Drive,E01018362,Cheshire West and Chester 028A,Violence and sexual offences,Investigation complete; no suspect identified,
,2021-12,Cheshire Constabulary,Cheshire Constabulary,-2.892549,53.208580,On or near Supermarket,E01018374,Cheshire West and Chester 028C,Anti-social behaviour,,
751a2f150b1f259b17a600640f1303458d2d35f3f6217ec53139cd24175adeef,2021-12,Cheshire Constabulary,Cheshire Constabulary,-2.897254,53.205164,On or near Gawer Park,E01018374,Cheshire West and Chester 028C,Burglary,Investigation complete; no suspect identified,
8193c5646da323caac04fb746363a5fe680195641e62c49c2a5f1331e21d6a1a,2021-12,Cheshire Constabulary,Cheshire Constabulary,-2.888651,53.210515,On or near Birch Rise,E01018374,Cheshire West and Chester 028C,Burglary,Investigation complete; no suspect identified,
309f44347bb6e027e5530230e2290d5ba1d3ea856b0ea7432229c0207bee3a5e,2021-12,Cheshire Constabulary,Cheshire Constabulary,-2.902071,53.209928,On or near Sports/Recreation Area,E01018374,Cheshire West and Chester 028C,Criminal damage and arson,Unable to prosecute suspect,
5e1e52d60551d6661263acf8088ce2d7dbb90673619d273fb3b29c98ff04d618,2021-12,Cheshire Constabulary,Cheshire Constabulary,-2.895408,53.209250,On or near Liverpool Road,E01018374,Cheshire West and Chester 028C,Criminal damage and arson,Unable to prosecute suspect,
2aed3fbed40048891b246d0b0ed093cc82a6975298254ba7e78ce1006c7b700a,2021-12,Cheshire Constabulary,Cheshire Constabulary,-2.890322,53.208767,On or near Stanton Drive,E01018374,Cheshire West and Chester 028C,Other theft,Investigation complete; no suspect identified,
cda358564c8c606cc67526f9d2b0d392e2d1a90f7303f164addc9e613b62227c,2021-12,Cheshire Constabulary,Cheshire Constabulary,-2.895408,53.209250,On or near Liverpool Road,E01018374,Cheshire West and Chester 028C,Public order,Unable to prosecute suspect,
9b0a9e827ea9b6f87d0bbfb2fdb4504b117a64b19c0c7bc3d45d3a62b593d22f,2021-12,Cheshire Constabulary,Cheshire Constabulary,-2.902071,53.209928,On or near Sports/Recreation Area,E01018374,Cheshire West and Chester 028C,Public order,Unable to prosecute suspect,
40d7ad96a4a74e779ca05f5db8d980d1d471bab07818b1940c409aa58e3f2e14,2021-12,Cheshire Constabulary,Cheshire Constabulary,-2.895408,53.209250,On or near Liverpool Road,E01018374,Cheshire West and Chester 028C,Public order,Investigation complete; no suspect identified,
232b2223254732d949e2e6f90dd6b4f88eff91a6cbb4661968ba29bad2307208,2021-12,Cheshire Constabulary,Cheshire Constabulary,-2.895408,53.209250,On or near Liverpool Road,E01018374,Cheshire West and Chester 028C,Public order,Unable to prosecute suspect,
26c8b276551522247b70422059dbd10aded7d3674d4997468141ef16e6d07ea7,2021-12,Cheshire Constabulary,Cheshire Constabulary,-2.902071,53.209928,On or near Sports/Recreation Area,E01018374,Cheshire West and Chester 028C,Theft from the person,Investigation complete; no suspect identified,
d64b9eef042b2fb479df28f6a78b2df95c010ea0941df6541ce22ab3d3ffd040,2021-12,Cheshire Constabulary,Cheshire Constabulary,-2.902071,53.209928,On or near Sports/Recreation Area,E01018374,Cheshire West and Chester 028C,Violence and sexual offences,Unable to prosecute suspect,
a57e428123f167dcb87e4b0cc248d640448d3ca9870977a38ab89edc926682b0,2021-12,Cheshire Constabulary,Cheshire Constabulary,-2.902071,53.209928,On or near Sports/Recreation Area,E01018374,Cheshire West and Chester 028C,Violence and sexual offences,Unable to prosecute suspect,
91f678c2729399a1fbbdf44208e287074d47e3f202384153e7ff1e8489745f37,2021-12,Cheshire Constabulary,Cheshire Constabulary,-2.902071,53.209928,On or near Sports/Recreation Area,E01018374,Cheshire West and Chester 028C,Violence and sexual offences,Unable to prosecute suspect,
2e0797dbee557cf9d6df7bb9bf143ba126acd316b2d78c18b4c52c16f49f9c65,2021-12,Cheshire Constabulary,Cheshire Constabulary,-2.902071,53.209928,On or near Sports/Recreation Area,E01018374,Cheshire West and Chester 028C,Violence and sexual offences,Unable to prosecute suspect,
66c60952fec918ec973d09393d4c84309c4e241e7f333fbf5d1a70ed8141a695,2021-12,Cheshire Constabulary,Cheshire Constabulary,-2.902071,53.209928,On or near Sports/Recreation Area,E01018374,Cheshire West and Chester 028C,Violence and sexual offences,Unable to prosecute suspect,
c0333b973092d8d52a933f0682669996a23c726206fc46a0ea5b94ae244606f5,2021-12,Cheshire Constabulary,Cheshire Constabulary,-2.902071,53.209928,On or near Sports/Recreation Area,E01018374,Cheshire West and Chester 028C,Violence and sexual offences,Unable to prosecute suspect,
56b5b37817f35928e63eaf3cdd36534591ea72cd13f9c3ef41ddce8b2a7a76b5,2021-12,Cheshire Constabulary,Cheshire Constabulary,-2.902071,53.209928,On or near Sports/Recreation Area,E01018374,Cheshire West and Chester 028C,Violence and sexual offences,Action to be taken by another organisation,
98bc18735c27b41373194f0667277220e390070382ea686b843081c2d3dfdeae,2021-12,Cheshire Constabulary,Cheshire Constabulary,-2.902071,53.209928,On or near Sports/Recreation Area,E01018374,Cheshire West and Chester 028C,Violence and sexual offences,Unable to prosecute suspect,
36338fcf903407faabcddbfca11d62dfa5567fd16f2d37c8546609db2bee1d28,2021-12,Cheshire Constabulary,Cheshire Constabulary,-2.902071,53.209928,On or near Sports/Recreation Area,E01018374,Cheshire West and Chester 028C,Violence and sexual offences,Court result unavailable,
793af5c74c5124df056df0e7f769618c6239a1164b5bc8ad391aca4e5ec2e4b2,2021-12,Cheshire Constabulary,Cheshire Constabulary,-2.902071,53.209928,On or near Sports/Recreation Area,E01018374,Cheshire West and Chester 028C,Violence and sexual offences,Court result unavailable,
11ffdcc3fa6c13e34778296e622e8d2607e4deedca8d5a603b93670240ba605e,2021-12,Cheshire Constabulary,Cheshire Constabulary,-2.895408,53.209250,On or near Liverpool Road,E01018374,Cheshire West and Chester 028C,Violence and sexual offences,Action to be taken by another organisation,
dcc7bed21cc7dea2a25dfb524257b8bf3fbce4bd300578b8bbe8a33f39affe6e,2021-12,Cheshire Constabulary,Cheshire Constabulary,-2.902071,53.209928,On or near Sports/Recreation Area,E01018374,Cheshire West and Chester 028C,Violence and sexual offences,Unable to prosecute suspect,
299936d68bb611aa7ec0c2159a3a52bc8924ccdf3a0136b20d0fdecb2bbff326,2021-12,Cheshire Constabulary,Cheshire Constabulary,-2.902071,53.209928,On or near Sports/Recreation Area,E01018374,Cheshire West and Chester 028C,Violence and sexual offences,Status update unavailable,
cb4a02107c1ae1a4dc8122b8b056d1a93ec1c93eaa45fe9c2a94672e14e174b4,2021-12,Cheshire Constabulary,Cheshire Constabulary,-2.902071,53.209928,On or near Sports/Recreation Area,E01018374,Cheshire West and Chester 028C,Violence and sexual offences,Unable to prosecute suspect,
388f4275a3ebc987e505f24ffff8a505c4c759df339804a06c5a28f54a3370d0,2021-12,Cheshire Constabulary,Cheshire Constabulary,-2.902071,53.209928,On or near Sports/Recreation Area,E01018374,Cheshire West and Chester 028C,Violence and sexual offences,Unable to prosecute suspect,
003d9af72bb07968416c9fe1c6a24e3ed7a554b06ce9c4061a4f3c9e1c16aa5a,2021-12,Cheshire Constabulary,Cheshire Constabulary,-2.902071,53.209928,On or near Sports/Recreation Area,E01018374,Cheshire West and Chester 028C,Violence and sexual offences,Unable to prosecute suspect,
dd8a0cfa229fcfaf2634e72dd08284331f6f1e230e161cac104a3dea5ad09506,2021-12,Cheshire Constabulary,Cheshire Constabulary,-2.902071,53.209928,On or near Sports/Recreation Area,E01018374,Cheshire West and Chester 028C,Violence and sexual offences,Unable to prosecute suspect,
20acc83460d17be96518cd8f09122062903c0bd8accc08c2bde838d6e94146c9,2021-12,Cheshire Constabulary,Cheshire Constabulary,-2.902071,53.209928,On or near Sports/Recreation Area,E01018374,Cheshire West and Chester 028C,Violence and sexual offences,Unable to prosecute suspect,
f4d7dd6c5947012ec16f3a59472fa8c03389acca234a8c4d3ba68e0e5cdf4381,2021-12,Cheshire Constabulary,Cheshire Constabulary,-2.894225,53.204216,On or near Liverpool Road,E01018374,Cheshire West and Chester 028C,Violence and sexual offences,Unable to prosecute suspect,
0703a6508088c6f05c9008ad53e09b4ce749ffda9677919a9c802fbd15cd602b,2021-12,Cheshire Constabulary,Cheshire Constabulary,-2.889378,53.209439,On or near Egerton Drive,E01018374,Cheshire West and Chester 028C,Violence and sexual offences,Unable to prosecute suspect,
e62b59a60be063e45137616f8981ae4c4b9f9a9b2675185c8b3189dd53f322fd,2021-12,Cheshire Constabulary,Cheshire Constabulary,-2.902071,53.209928,On or near Sports/Recreation Area,E01018374,Cheshire West and Chester 028C,Violence and sexual offences,Unable to prosecute suspect,
660b019eb583553440270c72d6f1799408491c40da5bedaf9c1d5f2db1b7f073,2021-12,Cheshire Constabulary,Cheshire Constabulary,-2.902071,53.209928,On or near Sports/Recreation Area,E01018374,Cheshire West and Chester 028C,Violence and sexual offences,Court result unavailable,
bd2fe6b2047122ccd771cc5637d4c4326c9c537f58e1681a67036360fc4787cc,2021-12,Cheshire Constabulary,Cheshire Constabulary,-2.902071,53.209928,On or near Sports/Recreation Area,E01018374,Cheshire West and Chester 028C,Violence and sexual offences,Unable to prosecute suspect,
b6c133dee9275fc11bede21e636e3d8fdb67f78573196332cab5e9bd846e6885,2021-12,Cheshire Constabulary,Cheshire Constabulary,-2.902071,53.209928,On or near Sports/Recreation Area,E01018374,Cheshire West and Chester 028C,Violence and sexual offences,Unable to prosecute suspect,
2f39467d3b8b9f6980c6d740c22806e137b32e8d33642ab806657a0c9eaa6f71,2021-12,Cheshire Constabulary,Cheshire Constabulary,-2.902071,53.209928,On or near Sports/Recreation Area,E01018374,Cheshire West and Chester 028C,Violence and sexual offences,Unable to prosecute suspect,
aa54ded6ccd3ffe6e6a35efdd826d7569ea66a534a300eab6c3a77f8f9b16802,2021-12,Cheshire Constabulary,Cheshire Constabulary,-2.895870,53.207719,On or near Bache Hall Court,E01018374,Cheshire West and Chester 028C,Violence and sexual offences,Unable to prosecute suspect,
dee8636de19f320a5b98f55f20fc211a87c5abd3a1dd8837e7b7b7845827d483,2021-12,Cheshire Constabulary,Cheshire Constabulary,-2.895870,53.207719,On or near Bache Hall Court,E01018374,Cheshire West and Chester 028C,Violence and sexual offences,Unable to prosecute suspect,
908c064b324e0bc13cf06f2bf5024041424c481862be75e49961f0c66c33b0b6,2021-12,Cheshire Constabulary,Cheshire Constabulary,-2.895408,53.209250,On or near Liverpool Road,E01018374,Cheshire West and Chester 028C,Violence and sexual offences,Court result unavailable,
e3986f313a2fc330ab72950458fa26e451361329ec586b3454a9d2721dfa91e6,2021-12,Cheshire Constabulary,Cheshire Constabulary,-2.902071,53.209928,On or near Sports/Recreation Area,E01018374,Cheshire West and Chester 028C,Violence and sexual offences,Unable to prosecute suspect,
1461a15b13b03221f08ed3b90dc7d3e7fbfc475853d2b602de42aae94f9bf7c1,2021-12,Cheshire Constabulary,Cheshire Constabulary,-2.895870,53.207719,On or near Bache Hall Court,E01018374,Cheshire West and Chester 028C,Violence and sexual offences,Unable to prosecute suspect,
,2021-12,Cheshire Constabulary,Cheshire Constabulary,-2.892613,53.202988,On or near Waterloo Road,E01018375,Cheshire West and Chester 028D,Anti-social behaviour,,
c26f7b3bcc2a694dcb71a244ea698941d7272a6a59fb68b6e62475df767de85f,2021-12,Cheshire Constabulary,Cheshire Constabulary,-2.893507,53.201354,On or near Heathcote Close,E01018375,Cheshire West and Chester 028D,Vehicle crime,Investigation complete; no suspect identified,
b4921217daf8208af8b20f9081a4d251e2ff8e447dc0357a0af6a3653847d793,2021-12,Cheshire Constabulary,Cheshire Constabulary,-2.895134,53.203293,On or near Priory Close,E01018375,Cheshire West and Chester 028D,Violence and sexual offences,Unable to prosecute suspect,
2dd579e8f3b595bebad5f14ef94da182f980069b01a2a11fc853b38388010c13,2021-12,Cheshire Constabulary,Cheshire Constabulary,-2.895134,53.203293,On or near Priory Close,E01018375,Cheshire West and Chester 028D,Violence and sexual offences,Unable to prosecute suspect,
9fbc4f9a1a1296e940989e9b8a432dedff62e568aaed59fa6d62dfee673b4baf,2021-12,Cheshire Constabulary,Cheshire Constabulary,-2.892613,53.202988,On or near Waterloo Road,E01018375,Cheshire West and Chester 028D,Violence and sexual offences,Unable to prosecute suspect,
,2021-12,Cheshire Constabulary,Cheshire Constabulary,-2.880025,53.221384,On or near Endsleigh Gardens,E01018376,Cheshire West and Chester 028E,Anti-social behaviour,,
69da9926e0cb6c9f04d79091260722db738fc63f713c4594e6dc44b2d254dfd5,2021-12,Cheshire Constabulary,Cheshire Constabulary,-2.875877,53.225109,On or near Greenfields,E01018376,Cheshire West and Chester 028E,Burglary,Investigation complete; no suspect identified,
,2021-12,Cheshire Constabulary,Cheshire Constabulary,-2.898957,53.213529,On or near Upton Grange,E01018377,Cheshire West and Chester 028F,Anti-social behaviour,,
329c55c74e3ba5f3843af665fa86cab6ff7ebd1054a25d28133a0061ebe7efed,2021-12,Cheshire Constabulary,Cheshire Constabulary,-2.898957,53.213529,On or near Upton Grange,E01018377,Cheshire West and Chester 028F,Violence and sexual offences,Investigation complete; no suspect identified,
,2021-12,Cheshire Constabulary,Cheshire Constabulary,-2.929890,53.209166,On or near Saughall Road,E01018309,Cheshire West and Chester 029A,Anti-social behaviour,,
0ba5f71698f477b02503a6183d0f640e9c07740133a75ac0a161e7a00242eda1,2021-12,Cheshire Constabulary,Cheshire Constabulary,-2.925098,53.210552,On or near Fernhill Road,E01018309,Cheshire West and Chester 029A,Burglary,Unable to prosecute suspect,
d065e3b44347c1230246bd730da8ce6f16ffa0914400981fd5776585940b6a97,2021-12,Cheshire Constabulary,Cheshire Constabulary,-2.929890,53.209166,On or near Saughall Road,E01018309,Cheshire West and Chester 029A,Other theft,Investigation complete; no suspect identified,
cb0625b0f3834abb63a77e2c5ff16c713957b6f348dceb76a83fc02fa91587d0,2021-12,Cheshire Constabulary,Cheshire Constabulary,-2.930571,53.210878,On or near Palatine Close,E01018309,Cheshire West and Chester 029A,Violence and sexual offences,Court result unavailable,
3063beb83966e330f0bd1371e403ec241eef1ceb3a0942a3ac8d93da9358c91e,2021-12,Cheshire Constabulary,Cheshire Constabulary,-2.928442,53.209375,On or near Pulford Road,E01018309,Cheshire West and Chester 029A,Violence and sexual offences,Unable to prosecute suspect,
96f43eda78c4d8e3bde23ba4d8cbcd3f9f4e6e21a00dec07d3e2746902512d72,2021-12,Cheshire Constabulary,Cheshire Constabulary,-2.928442,53.209375,On or near Pulford Road,E01018309,Cheshire West and Chester 029A,Violence and sexual offences,Unable to prosecute suspect,
9121b515a514f9e2113af279acea17780a51f8866544cc390b3543b4af4eae7f,2021-12,Cheshire Constabulary,Cheshire Constabulary,-2.928442,53.209375,On or near Pulford Road,E01018309,Cheshire West and Chester 029A,Violence and sexual offences,Unable to prosecute suspect,
cee384ecfab5f066b7877837786fed29ebaa935ec5fbb36ff199cb9ad7ceaaca,2021-12,Cheshire Constabulary,Cheshire Constabulary,-2.928442,53.209375,On or near Pulford Road,E01018309,Cheshire West and Chester 029A,Violence and sexual offences,Unable to prosecute suspect,
,2021-12,Cheshire Constabulary,Cheshire Constabulary,-2.909263,53.206646,On or near Further/Higher Educational Building,E01018310,Cheshire West and Chester 029B,Anti-social behaviour,,
4bec72d91e22c1abe2c304955dabfa8c1e4033f974d4368c0b05391b29db1004,2021-12,Cheshire Constabulary,Cheshire Constabulary,-2.909263,53.206646,On or near Further/Higher Educational Building,E01018310,Cheshire West and Chester 029B,Criminal damage and arson,Unable to prosecute suspect,
f59998a16e72f93e0095148ba4aceed58cf35873c7c75981cc38a982ed2581f6,2021-12,Cheshire Constabulary,Cheshire Constabulary,-2.912897,53.209235,On or near Palgrave Close,E01018310,Cheshire West and Chester 029B,Criminal damage and arson,Unable to prosecute suspect,
ed849576a04065dabe3856fe83e503002f6d97d93e491835e6d9e60b6f415ff9,2021-12,Cheshire Constabulary,Cheshire Constabulary,-2.912897,53.209235,On or near Palgrave Close,E01018310,Cheshire West and Chester 029B,Criminal damage and arson,Local resolution,
5e9aafe1d43dc8cc68fd06472f0ade7d086931657f12877ab7f939ba3011620f,2021-12,Cheshire Constabulary,Cheshire Constabulary,-2.914112,53.209351,On or near Wordsworth Square,E01018310,Cheshire West and Chester 029B,Other theft,Unable to prosecute suspect,
0e26c2e9cc00526e40149b6bb2f8d6c0bb3e00675a3de61fa018151d32008fe1,2021-12,Cheshire Constabulary,Cheshire Constabulary,-2.909263,53.206646,On or near Further/Higher Educational Building,E01018310,Cheshire West and Chester 029B,Other theft,Investigation complete; no suspect identified,
c79346f42382defaea5bf0543bdb1c4b5e5857b5f18102c54ab92827d804a6ff,2021-12,Cheshire Constabulary,Cheshire Constabulary,-2.914112,53.209351,On or near Wordsworth Square,E01018310,Cheshire West and Chester 029B,Other theft,Unable to prosecute suspect,
c1b09ea0a45afc3c10bee0582514f6e2183047726ae2a42a25dbc7d267a69f3e,2021-12,Cheshire Constabulary,Cheshire Constabulary,-2.912862,53.206907,On or near Police Station,E01018310,Cheshire West and Chester 029B,Possession of weapons,Unable to prosecute suspect,
7bb65e4da8b7e1690fa0221434a1af83ee230c73ef4aaae18809b623470e742c,2021-12,Cheshire Constabulary,Cheshire Constabulary,-2.912897,53.209235,On or near Palgrave Close,E01018310,Cheshire West and Chester 029B,Vehicle crime,Investigation complete; no suspect identified,
f24ba1036066cc598d6b780f85702b6efec63cdc4aad24065aa44964eb005471,2021-12,Cheshire Constabulary,Cheshire Constabulary,-2.910690,53.208263,On or near Coleridge Close,E01018310,Cheshire West and Chester 029B,Violence and sexual offences,Unable to prosecute suspect,
0cacdabfdd329e13f40fea452587275b784691c735b86e23de8f45055e2eb02c,2021-12,Cheshire Constabulary,Cheshire Constabulary,-2.914112,53.209351,On or near Wordsworth Square,E01018310,Cheshire West and Chester 029B,Violence and sexual offences,Unable to prosecute suspect,
20c00616ba527f6c57f2f716c29d61d09476b316f5fc2e912327f0c480625622,2021-12,Cheshire Constabulary,Cheshire Constabulary,-2.910383,53.209326,On or near Stearns Close,E01018310,Cheshire West and Chester 029B,Violence and sexual offences,Unable to prosecute suspect,
43ee3607c2ef305733018394647c9d6a7db08a2ec43a934a8fb5f013c754c616,2021-12,Cheshire Constabulary,Cheshire Constabulary,-2.913949,53.208031,On or near Marlowe Close,E01018310,Cheshire West and Chester 029B,Violence and sexual offences,Unable to prosecute suspect,
dec64d6b091b9fbb65104077ffde9e6a0ba493074cd47b35930dbd4f5de5d8d5,2021-12,Cheshire Constabulary,Cheshire Constabulary,-2.910690,53.208263,On or near Coleridge Close,E01018310,Cheshire West and Chester 029B,Violence and sexual offences,Court result unavailable,
112076ff88012421fd675815f1b00c4fcefa0fe0d134f0413eef6ffd7721f1b2,2021-12,Cheshire Constabulary,Cheshire Constabulary,-2.914112,53.209351,On or near Wordsworth Square,E01018310,Cheshire West and Chester 029B,Violence and sexual offences,Unable to prosecute suspect,
,2021-12,Cheshire Constabulary,Cheshire Constabulary,-2.926112,53.208261,On or near The Parade,E01018311,Cheshire West and Chester 029C,Anti-social behaviour,,
c99affad9cdb9def0dcf225b0db205b95662dbaf914be3c9640e9de2d2dd5745,2021-12,Cheshire Constabulary,Cheshire Constabulary,-2.919680,53.205775,On or near Durham Road,E01018311,Cheshire West and Chester 029C,Criminal damage and arson,Unable to prosecute suspect,
2b37ed3ba6fe7abbf9d90e228e30841ffac5f93f5b3d201b6e5e2ef6e17ee184,2021-12,Cheshire Constabulary,Cheshire Constabulary,-2.925004,53.211730,On or near Burns Way,E01018311,Cheshire West and Chester 029C,Other theft,Investigation complete; no suspect identified,
040ae7415df7b8d52649e9f3c68fca79c5d521700367aaf4cc107f21c709eeea,2021-12,Cheshire Constabulary,Cheshire Constabulary,-2.921976,53.211601,On or near Byron Close,E01018311,Cheshire West and Chester 029C,Other theft,Investigation complete; no suspect identified,
19036d06d188f304b0e9f3e569e4745a61474d210c84a4382746c11fb173555e,2021-12,Cheshire Constabulary,Cheshire Constabulary,-2.922121,53.209253,On or near Lynwood Road,E01018311,Cheshire West and Chester 029C,Violence and sexual offences,Unable to prosecute suspect,
0cebefd922fed679dd10ddde287775db2f11688a539923f8d267f20fa854e16f,2021-12,Cheshire Constabulary,Cheshire Constabulary,-2.922556,53.210706,On or near Alderley Place,E01018311,Cheshire West and Chester 029C,Violence and sexual offences,Unable to prosecute suspect,
8854b04e97b548eb176442a9f781857ba2e636fdea0520b3f77c6b86e9f9ef98,2021-12,Cheshire Constabulary,Cheshire Constabulary,-2.919680,53.205775,On or near Durham Road,E01018311,Cheshire West and Chester 029C,Violence and sexual offences,Unable to prosecute suspect,
8f3c4f42eb38008af4e2a594da0a81ffc1d8ef1889ba9eadf116216f0bd3560b,2021-12,Cheshire Constabulary,Cheshire Constabulary,-2.924774,53.209413,On or near Norris Road,E01018311,Cheshire West and Chester 029C,Violence and sexual offences,Unable to prosecute suspect,
f0407ff47d4daacaff6c7b5742ba7ae4ffdd2565839b2041ca41706fc5c303c9,2021-12,Cheshire Constabulary,Cheshire Constabulary,-2.922556,53.210706,On or near Alderley Place,E01018311,Cheshire West and Chester 029C,Violence and sexual offences,Unable to prosecute suspect,
a07a547efa3212d883e6e866d80f9a813622a847c98a1346522ffeba119aee7c,2021-12,Cheshire Constabulary,Cheshire Constabulary,-2.919680,53.205775,On or near Durham Road,E01018311,Cheshire West and Chester 029C,Violence and sexual offences,Unable to prosecute suspect,
65d099995c5b23994036c55deb932e843d4a4cb7766b28e45a997ce650266a34,2021-12,Cheshire Constabulary,Cheshire Constabulary,-2.925004,53.211730,On or near Burns Way,E01018311,Cheshire West and Chester 029C,Violence and sexual offences,Unable to prosecute suspect,
7e54596bb61945ffc7a90b7b2c8071912cc48bc17d37f522a931093c531cf100,2021-12,Cheshire Constabulary,Cheshire Constabulary,-2.922556,53.210706,On or near Alderley Place,E01018311,Cheshire West and Chester 029C,Violence and sexual offences,Unable to prosecute suspect,
09f3702ec378ed54ed9c57e4cc3f435a9bddef9ece306c2961c925c3d022d7b0,2021-12,Cheshire Constabulary,Cheshire Constabulary,-2.921990,53.212940,On or near Chaucer Close,E01018311,Cheshire West and Chester 029C,Violence and sexual offences,Unable to prosecute suspect,
cb3cc0d69ed9da1fd8cfbaf5ef2e977f8404e612da08447249f9d6100e3b302c,2021-12,Cheshire Constabulary,Cheshire Constabulary,-2.921976,53.211601,On or near Byron Close,E01018311,Cheshire West and Chester 029C,Violence and sexual offences,Formal action is not in the public interest,
4c049acca1082da14971f6e674dad6b57a1b8414dd0d2f4bf34921366832af49,2021-12,Cheshire Constabulary,Cheshire Constabulary,-2.919680,53.205775,On or near Durham Road,E01018311,Cheshire West and Chester 029C,Violence and sexual offences,Unable to prosecute suspect,
,2021-12,Cheshire Constabulary,Cheshire Constabulary,-2.919782,53.210521,On or near Barnes Close,E01018312,Cheshire West and Chester 029D,Anti-social behaviour,,
,2021-12,Cheshire Constabulary,Cheshire Constabulary,-2.921741,53.206901,On or near Warkick Road,E01018312,Cheshire West and Chester 029D,Anti-social behaviour,,
f8e07aad0b02247065ba14d1f46f1fe2986554f07c59e10369aeaac86dedfce1,2021-12,Cheshire Constabulary,Cheshire Constabulary,-2.915279,53.205800,On or near Blacon Hall Road,E01018312,Cheshire West and Chester 029D,Other theft,Investigation complete; no suspect identified,
95964ea83e8adece32dbfa7e76689b3e8154e0c23fb13a4f1051c5161058a88d,2021-12,Cheshire Constabulary,Cheshire Constabulary,-2.922509,53.208513,On or near Brentwood Road,E01018312,Cheshire West and Chester 029D,Public order,Unable to prosecute suspect,
37d8e5a466bd001b012b7ccf8858d1c981d1ce682535ae147a9a0329f9da8911,2021-12,Cheshire Constabulary,Cheshire Constabulary,-2.920561,53.211216,On or near Thomas Close,E01018312,Cheshire West and Chester 029D,Violence and sexual offences,Court result unavailable,
8622407cb1b5ab5d20438a1c91d8c81f2e816e45e6bc99e1a81b4607a417e630,2021-12,Cheshire Constabulary,Cheshire Constabulary,-2.922509,53.208513,On or near Brentwood Road,E01018312,Cheshire West and Chester 029D,Violence and sexual offences,Unable to prosecute suspect,
,2021-12,Cheshire Constabulary,Cheshire Constabulary,-2.727218,53.208670,On or near Nightclub,E01018349,Cheshire West and Chester 030A,Anti-social behaviour,,
f12a6a0cef74d2b8a21e678eb5dbef184d1f13637b9b6c79ec0f0cfa53593e65,2021-12,Cheshire Constabulary,Cheshire Constabulary,-2.716189,53.203631,On or near Pasture Close,E01018349,Cheshire West and Chester 030A,Burglary,Investigation complete; no suspect identified,
e8472fc2fbbe0580dda3ad0c3c51e6b6fd966b59d0a5447ed09ffda998228923,2021-12,Cheshire Constabulary,Cheshire Constabulary,-2.717294,53.205287,On or near Flat Lane,E01018349,Cheshire West and Chester 030A,Criminal damage and arson,Investigation complete; no suspect identified,
65c3e2ccf8aee7436965e26061d1d6d28436d489be8479c54042728daa3235a9,2021-12,Cheshire Constabulary,Cheshire Constabulary,-2.717294,53.205287,On or near Flat Lane,E01018349,Cheshire West and Chester 030A,Public order,Investigation complete; no suspect identified,
059617ff2fab810269ab118074b450bd17295b0286d35f699990f73a3005f65f,2021-12,Cheshire Constabulary,Cheshire Constabulary,-2.741990,53.216939,On or near Kelsall Road,E01018349,Cheshire West and Chester 030A,Violence and sexual offences,Unable to prosecute suspect,
accb135d0cb30d527e1bb5938bd42db98a3cf3413227d49d5460731d40a4d68f,2021-12,Cheshire Constabulary,Cheshire Constabulary,-2.723566,53.209663,On or near Dog Lane,E01018349,Cheshire West and Chester 030A,Violence and sexual offences,Unable to prosecute suspect,
a8387e319724baede130e52433fdc0bc0068cbb5d12499ace0e1ef51f8ced31c,2021-12,Cheshire Constabulary,Cheshire Constabulary,-2.723566,53.209663,On or near Dog Lane,E01018349,Cheshire West and Chester 030A,Violence and sexual offences,Further action is not in the public interest,
4df56b742e7f1e9e19793a7483d1aa5c97f0c5d79512e2141c5aa6fe9eadbe50,2021-12,Cheshire Constabulary,Cheshire Constabulary,-2.723566,53.209663,On or near Dog Lane,E01018349,Cheshire West and Chester 030A,Violence and sexual offences,Court result unavailable,
,2021-12,Cheshire Constabulary,Cheshire Constabulary,-2.708673,53.206319,On or near Fox Hill,E01018350,Cheshire West and Chester 030B,Anti-social behaviour,,
a74dbfa7cdbdf8201363facf8d23d96a45d33fccb766a734cba60c8866489abe,2021-12,Cheshire Constabulary,Cheshire Constabulary,-2.712594,53.207122,On or near Supermarket,E01018350,Cheshire West and Chester 030B,Burglary,Court result unavailable,
c3b111fc5a9ccf5f2a3c824c6a7d02a6268027324ca3b5af9be67587422380a6,2021-12,Cheshire Constabulary,Cheshire Constabulary,-2.709052,53.208420,On or near Bramley Court,E01018350,Cheshire West and Chester 030B,Burglary,Investigation complete; no suspect identified,
ee3fc47a6cc768091d61340ba5be8b3c85164ef62d06dce7b33916bc94bc54a9,2021-12,Cheshire Constabulary,Cheshire Constabulary,-2.713509,53.209023,On or near Earle'S Lane,E01018350,Cheshire West and Chester 030B,Burglary,Investigation complete; no suspect identified,
71e35b40e411c41d51925a0b9ad16f5a09d0aeb4c24681e152d446fdebd69f0a,2021-12,Cheshire Constabulary,Cheshire Constabulary,-2.701602,53.212509,On or near Primrose Hill,E01018350,Cheshire West and Chester 030B,Public order,Investigation complete; no suspect identified,
2db765204dc332036bfe68360e73f81d892ee3e61ba97d7f599f42faed82fa7a,2021-12,Cheshire Constabulary,Cheshire Constabulary,-2.701602,53.212509,On or near Primrose Hill,E01018350,Cheshire West and Chester 030B,Public order,Unable to prosecute suspect,
109726911cc7017e8ecbb50eba8f78fe47adf1c389e3546562b446880d0772c6,2021-12,Cheshire Constabulary,Cheshire Constabulary,-2.765611,53.198730,On or near By-Pass Road,E01018368,Cheshire West and Chester 030C,Violence and sexual offences,Offender given a caution,
d3ee725e3d6ddc51c4b1335005c33a9cf297fd506a31426385e882fb6b790b0c,2021-12,Cheshire Constabulary,Cheshire Constabulary,-2.765152,53.197331,On or near High Street,E01018368,Cheshire West and Chester 030C,Violence and sexual offences,Unable to prosecute suspect,
6d997ce87a07832cba2609c0a358bf985b38e5601cf4f4fb6ae526e19b099c64,2021-12,Cheshire Constabulary,Cheshire Constabulary,-2.765476,53.195351,On or near Andrew'S Close,E01018368,Cheshire West and Chester 030C,Violence and sexual offences,Unable to prosecute suspect,
f618905eb827186a10facb2aad6b36564bfeb55b3aab0a53b3a2dcd0128e2002,2021-12,Cheshire Constabulary,Cheshire Constabulary,-2.778399,53.194800,On or near Holme Street,E01018368,Cheshire West and Chester 030C,Violence and sexual offences,Unable to prosecute suspect,
736769b7a98c1ebb2d76555de8ef0ae3821c0e0ee1bcfaceaf71f83586f3286c,2021-12,Cheshire Constabulary,Cheshire Constabulary,-2.765476,53.195351,On or near Andrew'S Close,E01018368,Cheshire West and Chester 030C,Violence and sexual offences,Unable to prosecute suspect,
ba472c868a0676db88cbab9ce6a8ec8b0df008c992c84e87373c71646f90d64a,2021-12,Cheshire Constabulary,Cheshire Constabulary,-2.770366,53.193414,On or near Deans Way,E01018370,Cheshire West and Chester 030D,Other theft,Investigation complete; no suspect identified,
0fc0224189779afe590197d23f6a49da42ebffd313b139e83ba772244a59fc8d,2021-12,Cheshire Constabulary,Cheshire Constabulary,-2.747090,53.195054,On or near Cross Lane,E01018370,Cheshire West and Chester 030D,Public order,Investigation complete; no suspect identified,
d743510272264111593a67df67915ff8223de93a90257376891016743d9b5396,2021-12,Cheshire Constabulary,Cheshire Constabulary,-2.934017,53.206824,On or near Highfield Road,E01018313,Cheshire West and Chester 031A,Violence and sexual offences,Investigation complete; no suspect identified,
d93d93d0c77ea79d7ca115479eb219e757042a8c7c694dbbd5bbcbf2d4bd6e13,2021-12,Cheshire Constabulary,Cheshire Constabulary,-2.934575,53.200149,On or near Nevin Road,E01018314,Cheshire West and Chester 031B,Criminal damage and arson,Court result unavailable,
f7889f39b0dc09aa4c9bc913502c0f23377d5980b70b967ace5126ea2793f5e8,2021-12,Cheshire Constabulary,Cheshire Constabulary,-2.933345,53.204186,On or near Melbourne Road,E01018314,Cheshire West and Chester 031B,Other theft,Investigation complete; no suspect identified,
a8c825469d0d5072a3a918183328df24748c3c182910a350026de24691769d34,2021-12,Cheshire Constabulary,Cheshire Constabulary,-2.934575,53.200149,On or near Nevin Road,E01018314,Cheshire West and Chester 031B,Public order,Investigation complete; no suspect identified,
c96ee595b4480c90c8f6d635e062341b1b19a55000c3d654411b2a84780642f1,2021-12,Cheshire Constabulary,Cheshire Constabulary,-2.928961,53.202890,On or near Lloyd Place,E01018314,Cheshire West and Chester 031B,Public order,Unable to prosecute suspect,
f7ba59b31e87ec609dcc164f47f7c4cab51b6c9965f847e04e9d429ce6b417e0,2021-12,Cheshire Constabulary,Cheshire Constabulary,-2.933438,53.202244,On or near Adelaide Road,E01018314,Cheshire West and Chester 031B,Public order,Unable to prosecute suspect,
a5620ba73cc782aa3c25485d39548882072593ae284cb351ab4f8e7cfb542d3f,2021-12,Cheshire Constabulary,Cheshire Constabulary,-2.937153,53.201657,On or near Darwin Road,E01018314,Cheshire West and Chester 031B,Vehicle crime,Investigation complete; no suspect identified,
e3d76aa47de1b0ae2907dc0e462e2487f9e75808b9cf91feecade1cc90a16ce3,2021-12,Cheshire Constabulary,Cheshire Constabulary,-2.935331,53.201168,On or near Roebourne Rise,E01018314,Cheshire West and Chester 031B,Violence and sexual offences,Unable to prosecute suspect,
936b48e7bc0b97e7f26aa479698a620e4dc10c03a8dfa05cbbefdda54b050971,2021-12,Cheshire Constabulary,Cheshire Constabulary,-2.935331,53.201168,On or near Roebourne Rise,E01018314,Cheshire West and Chester 031B,Violence and sexual offences,Unable to prosecute suspect,
,2021-12,Cheshire Constabulary,Cheshire Constabulary,-2.925087,53.205149,On or near Cedar Mews,E01018315,Cheshire West and Chester 031C,Anti-social behaviour,,
7befc394ef95bbcb8e49bf6b2eec133dc6f65eba7566794d7b6e4cbf805bd024,2021-12,Cheshire Constabulary,Cheshire Constabulary,-2.921295,53.203588,On or near South Way,E01018315,Cheshire West and Chester 031C,Other theft,Investigation complete; no suspect identified,
5e8362b6500ce90f6b6600726f2f32e8f6271f6c3ef58708a2217f35e08969a3,2021-12,Cheshire Constabulary,Cheshire Constabulary,-2.923455,53.205845,On or near The Glen,E01018315,Cheshire West and Chester 031C,Violence and sexual offences,Unable to prosecute suspect,
7866d01ae69a6818d48bc3655e39715012e5258738869313618f0e5a300a9310,2021-12,Cheshire Constabulary,Cheshire Constabulary,-2.925585,53.203959,On or near Hillside Road,E01018315,Cheshire West and Chester 031C,Violence and sexual offences,Court result unavailable,
32940cf75d6c697bfcd97cb8416f67e5b4f1734e81a1e30f391f4a6c5ea4b101,2021-12,Cheshire Constabulary,Cheshire Constabulary,-2.923455,53.205845,On or near The Glen,E01018315,Cheshire West and Chester 031C,Violence and sexual offences,Unable to prosecute suspect,
,2021-12,Cheshire Constabulary,Cheshire Constabulary,-2.926299,53.201652,On or near Stratford Road,E01018316,Cheshire West and Chester 031D,Anti-social behaviour,,
,2021-12,Cheshire Constabulary,Cheshire Constabulary,-2.926299,53.201652,On or near Stratford Road,E01018316,Cheshire West and Chester 031D,Anti-social behaviour,,
,2021-12,Cheshire Constabulary,Cheshire Constabulary,-2.926421,53.202460,On or near Walton Place,E01018316,Cheshire West and Chester 031D,Anti-social behaviour,,
,2021-12,Cheshire Constabulary,Cheshire Constabulary,-2.927084,53.198500,On or near Muir Road,E01018316,Cheshire West and Chester 031D,Anti-social behaviour,,
14b2f4eefefa7fcb44fd116b165160eb8b83e07c352cafb1b7fd753472871fbe,2021-12,Cheshire Constabulary,Cheshire Constabulary,-2.925228,53.199170,On or near Clifton Drive,E01018316,Cheshire West and Chester 031D,Burglary,Status update unavailable,
b7e73515c981a459cedcbf89139d343fbc798cc32283a1d79bf439226dc006f7,2021-12,Cheshire Constabulary,Cheshire Constabulary,-2.926421,53.202460,On or near Walton Place,E01018316,Cheshire West and Chester 031D,Criminal damage and arson,Unable to prosecute suspect,
9d26f10824ff96c0445006396bf1335159b1df8dfbb4368746cc86cc9f2b42ae,2021-12,Cheshire Constabulary,Cheshire Constabulary,-2.927039,53.201269,On or near Morton Road,E01018316,Cheshire West and Chester 031D,Criminal damage and arson,Investigation complete; no suspect identified,
32487a052db3ac9f5fa3fc31c37d88a3cc060d7272e522eb00e20146658b2208,2021-12,Cheshire Constabulary,Cheshire Constabulary,-2.925228,53.199170,On or near Clifton Drive,E01018316,Cheshire West and Chester 031D,Criminal damage and arson,Court result unavailable,
72cad96fbb1e432182c1b7cc2b3eaab30d58b2494608f8b45eb9b39c27739d50,2021-12,Cheshire Constabulary,Cheshire Constabulary,-2.926421,53.202460,On or near Walton Place,E01018316,Cheshire West and Chester 031D,Criminal damage and arson,Unable to prosecute suspect,
a11455773164eecca6b789cb029f89ccd5e9c25f5ea1c830805ec7757a458a1e,2021-12,Cheshire Constabulary,Cheshire Constabulary,-2.926421,53.202460,On or near Walton Place,E01018316,Cheshire West and Chester 031D,Criminal damage and arson,Unable to prosecute suspect,
7498fa4010a8f0b36ee6f5718afb3a5da5e84abc6777cd3fb4d615f85264486a,2021-12,Cheshire Constabulary,Cheshire Constabulary,-2.926299,53.201652,On or near Stratford Road,E01018316,Cheshire West and Chester 031D,Other theft,Investigation complete; no suspect identified,
563f8428a059a044b51812e2c12a2c8f4d4fdf71ddfceac3a1d07acb7a4eb2fb,2021-12,Cheshire Constabulary,Cheshire Constabulary,-2.925228,53.199170,On or near Clifton Drive,E01018316,Cheshire West and Chester 031D,Violence and sexual offences,Unable to prosecute suspect,
c3936c2f339d6a9ea77fa03b830dcf4502617a80ba6d3434309887dd4fd4703d,2021-12,Cheshire Constabulary,Cheshire Constabulary,-2.926299,53.201652,On or near Stratford Road,E01018316,Cheshire West and Chester 031D,Violence and sexual offences,Unable to prosecute suspect,
fd7c69dffcd1db5694a3062610ea1f8dccbadfb5f66bacd90e7e07b525acfb1d,2021-12,Cheshire Constabulary,Cheshire Constabulary,-2.926421,53.202460,On or near Walton Place,E01018316,Cheshire West and Chester 031D,Violence and sexual offences,Court result unavailable,
79abd814b3848ddac897f98ab53da0629cf144822a95d9742c5e6bf8ee6b093b,2021-12,Cheshire Constabulary,Cheshire Constabulary,-2.927039,53.201269,On or near Morton Road,E01018316,Cheshire West and Chester 031D,Violence and sexual offences,Investigation complete; no suspect identified,
fe0f52d1134588e59600f65c2f9676051d3affe32b7d582942342038f2102c0e,2021-12,Cheshire Constabulary,Cheshire Constabulary,-2.929188,53.197486,On or near Ashmuir Close,E01018316,Cheshire West and Chester 031D,Violence and sexual offences,Unable to prosecute suspect,
a9f90dc904d20eb4a7270003f10373a26aa6a424d74c61f1e89c40d1e7b3d285,2021-12,Cheshire Constabulary,Cheshire Constabulary,-2.925228,53.199170,On or near Clifton Drive,E01018316,Cheshire West and Chester 031D,Violence and sexual offences,Unable to prosecute suspect,
6f0c9a7db45232d03dde849d8d08a2b9508ebb35b0c6f3111dd5091fffcaf9eb,2021-12,Cheshire Constabulary,Cheshire Constabulary,-2.925055,53.201590,On or near Downham Place,E01018316,Cheshire West and Chester 031D,Violence and sexual offences,Unable to prosecute suspect,
,2021-12,Cheshire Constabulary,Cheshire Constabulary,-2.936462,53.199505,On or near Hafod Close,E01018317,Cheshire West and Chester 031E,Anti-social behaviour,,
,2021-12,Cheshire Constabulary,Cheshire Constabulary,-2.936462,53.199505,On or near Hafod Close,E01018317,Cheshire West and Chester 031E,Anti-social behaviour,,
,2021-12,Cheshire Constabulary,Cheshire Constabulary,-2.936462,53.199505,On or near Hafod Close,E01018317,Cheshire West and Chester 031E,Anti-social behaviour,,
a63065a8eede53e4936f2ca964805b1a6533654ec935e9cfa219cdc9cf5ed5a1,2021-12,Cheshire Constabulary,Cheshire Constabulary,-2.936462,53.199505,On or near Hafod Close,E01018317,Cheshire West and Chester 031E,Criminal damage and arson,Unable to prosecute suspect,
a07972f2936e13a051a1cd8992bcce6bacb7ad9c12ef45f6cef56d8a62a64fad,2021-12,Cheshire Constabulary,Cheshire Constabulary,-2.936462,53.199505,On or near Hafod Close,E01018317,Cheshire West and Chester 031E,Criminal damage and arson,Unable to prosecute suspect,
53996fd075027e96619277461ad0377f32c4b5f9f31b04a5f85d582c54319ab8,2021-12,Cheshire Constabulary,Cheshire Constabulary,-2.936462,53.199505,On or near Hafod Close,E01018317,Cheshire West and Chester 031E,Criminal damage and arson,Unable to prosecute suspect,
6f0c61ebbf4be5ca6ba54e6a036c60fd6a99ee115a292cf1bf69a31714a26f3b,2021-12,Cheshire Constabulary,Cheshire Constabulary,-2.931439,53.200524,On or near Carmel Close,E01018317,Cheshire West and Chester 031E,Public order,Unable to prosecute suspect,
a842bfdf9571e6d6b5bdcfa2e4ba54f27e159e0c572e3fe59213468573342a03,2021-12,Cheshire Constabulary,Cheshire Constabulary,-2.931439,53.200524,On or near Carmel Close,E01018317,Cheshire West and Chester 031E,Public order,Investigation complete; no suspect identified,
0df410973c6ac89cf614d776a73139a4a18f5751199fb927e07022e67fe74c0a,2021-12,Cheshire Constabulary,Cheshire Constabulary,-2.931439,53.200524,On or near Carmel Close,E01018317,Cheshire West and Chester 031E,Public order,Investigation complete; no suspect identified,
5a054f21534959fdbee674fb9d1be44e8ebee5baddf9514b2f2ff59cb3c998a8,2021-12,Cheshire Constabulary,Cheshire Constabulary,-2.932986,53.197267,On or near Tregele Close,E01018317,Cheshire West and Chester 031E,Vehicle crime,Investigation complete; no suspect identified,
501ed4c0e53b42011843596aeb21dcd7dba5109aeffacbe24301e8e9d7984a21,2021-12,Cheshire Constabulary,Cheshire Constabulary,-2.935405,53.198399,On or near Treborth Road,E01018317,Cheshire West and Chester 031E,Violence and sexual offences,Unable to prosecute suspect,
dc22ea93325461c29bd282551b63a8a7a9d3e179374ba8ebd3a645bf1b7a3041,2021-12,Cheshire Constabulary,Cheshire Constabulary,-2.931439,53.200524,On or near Carmel Close,E01018317,Cheshire West and Chester 031E,Violence and sexual offences,Unable to prosecute suspect,
52fb4732f2eccfec97bc0786e57fd307e1b8be389018406522f192b1ce4d2343,2021-12,Cheshire Constabulary,Cheshire Constabulary,-2.931439,53.200524,On or near Carmel Close,E01018317,Cheshire West and Chester 031E,Violence and sexual offences,Unable to prosecute suspect,
8345cf9bf3b8f4e9e25fa65acac612d8d1458725c1d436b72cca23c2070ebee6,2021-12,Cheshire Constabulary,Cheshire Constabulary,-2.936462,53.199505,On or near Hafod Close,E01018317,Cheshire West and Chester 031E,Violence and sexual offences,Unable to prosecute suspect,
17fe05a0c5f8e86026f7c3f8b88cc8274896a057489f3820d1b9170bb0abf46f,2021-12,Cheshire Constabulary,Cheshire Constabulary,-2.936227,53.199013,On or near Conway Grove,E01018317,Cheshire West and Chester 031E,Violence and sexual offences,Further action is not in the public interest,
4058b9314316a3ef764960c0923cf9ddaf2eaa31089ba971ebe6907700823079,2021-12,Cheshire Constabulary,Cheshire Constabulary,-2.928333,53.199479,On or near Cemlyn Close,E01018317,Cheshire West and Chester 031E,Violence and sexual offences,Unable to prosecute suspect,
87376c6ce298bb416a4e720bae7a615109d31d6a557dafba171268f34fa91c61,2021-12,Cheshire Constabulary,Cheshire Constabulary,-2.931439,53.200524,On or near Carmel Close,E01018317,Cheshire West and Chester 031E,Violence and sexual offences,Unable to prosecute suspect,
18f346ebe8d604f68e15d1a85b8f50cede7cb0ace26f809d3fa176a147ee7076,2021-12,Cheshire Constabulary,Cheshire Constabulary,-2.936462,53.199505,On or near Hafod Close,E01018317,Cheshire West and Chester 031E,Violence and sexual offences,Investigation complete; no suspect identified,
1bbe76aab747199470eb9ac09683df7fb035fda42f8e96e549c6cb329bba6ea4,2021-12,Cheshire Constabulary,Cheshire Constabulary,-2.934277,53.199513,On or near Penmon Close,E01018317,Cheshire West and Chester 031E,Other crime,Unable to prosecute suspect,
c79efca930257e9d85ad26ce7f8cd031c55580b2705250a07de06911360af74c,2021-12,Cheshire Constabulary,Cheshire Constabulary,-2.935405,53.198399,On or near Treborth Road,E01018317,Cheshire West and Chester 031E,Other crime,Unable to prosecute suspect,
fb8b61f22eee3cbafc1acfc517c6c2e01d31aa7ad23800f9d36ccb2ef399703e,2021-12,Cheshire Constabulary,Cheshire Constabulary,-2.864359,53.198387,On or near Oaktree Court,E01018345,Cheshire West and Chester 032A,Criminal damage and arson,Investigation complete; no suspect identified,
33cf59472ec57041b59dff1f7b634ad27005f054b00cb6bb748afebcad587577,2021-12,Cheshire Constabulary,Cheshire Constabulary,-2.867691,53.201051,On or near Panton Road,E01018345,Cheshire West and Chester 032A,Other theft,Investigation complete; no suspect identified,
680fdf54038619efaebea26657f40d0984824d20ebb5fbbb55d8a6d1cb56caa2,2021-12,Cheshire Constabulary,Cheshire Constabulary,-2.857178,53.203113,On or near Aspen Way,E01018345,Cheshire West and Chester 032A,Violence and sexual offences,Unable to prosecute suspect,
605b11f6e807ce3cf60b1039492509ea851fdecdb5fad5c676bdb3fc3e7da681,2021-12,Cheshire Constabulary,Cheshire Constabulary,-2.860303,53.200637,On or near Hoole Lane,E01018345,Cheshire West and Chester 032A,Violence and sexual offences,Unable to prosecute suspect,
a2fa45b6dea6b509d6a1c8c6f60934f61f4ec6b8cfd1b434bc69606fc9f3e8a8,2021-12,Cheshire Constabulary,Cheshire Constabulary,-2.870975,53.202780,On or near Leahurst Close,E01018346,Cheshire West and Chester 032B,Other theft,Unable to prosecute suspect,
b73ed94a734aed4d5d40351c85064d4062ce5db1481f1a6f77506748e6a56b5d,2021-12,Cheshire Constabulary,Cheshire Constabulary,-2.873347,53.202367,On or near Shavington Avenue,E01018346,Cheshire West and Chester 032B,Public order,Investigation complete; no suspect identified,
e09b41d9d58d31d8849f239e8880660f813df691559fd090afe54d7b97878741,2021-12,Cheshire Constabulary,Cheshire Constabulary,-2.863639,53.206483,On or near Mannings Lane South,E01018346,Cheshire West and Chester 032B,Violence and sexual offences,Unable to prosecute suspect,
f30c67eb621cb9a00c255d161fb37090992e00620de43ae39fbb78065c9cf3d9,2021-12,Cheshire Constabulary,Cheshire Constabulary,-2.873347,53.202367,On or near Shavington Avenue,E01018346,Cheshire West and Chester 032B,Violence and sexual offences,Unable to prosecute suspect,
6ad21525cbae3710e720633e36a931374ef6540c3e2a798f75bc1e3ec9a29b47,2021-12,Cheshire Constabulary,Cheshire Constabulary,-2.859716,53.203473,On or near Cedar Grove,E01018347,Cheshire West and Chester 032C,Criminal damage and arson,Investigation complete; no suspect identified,
0f6d97d28e163efd15d040dfab0cb1f837f1ef98364733b7ad23de9406a775aa,2021-12,Cheshire Constabulary,Cheshire Constabulary,-2.861555,53.202641,On or near Pine Grove,E01018347,Cheshire West and Chester 032C,Criminal damage and arson,Investigation complete; no suspect identified,
28185fb2f62533c6b3c98333dd7b99db33a7332d86efa78df2d18ddb25b08525,2021-12,Cheshire Constabulary,Cheshire Constabulary,-2.860291,53.203046,On or near Maple Grove,E01018347,Cheshire West and Chester 032C,Public order,Unable to prosecute suspect,
87763aa1d5fb8b7e8d17ca4408b18baec797d9b5cd42db2cf50610dba47d3b55,2021-12,Cheshire Constabulary,Cheshire Constabulary,-2.857510,53.203219,On or near Alder Grove,E01018347,Cheshire West and Chester 032C,Public order,Unable to prosecute suspect,
aa6adaee3d3b13526bcb0782ed849619821722abba5051b5b65f76b93051e1f9,2021-12,Cheshire Constabulary,Cheshire Constabulary,-2.861313,53.204720,On or near Willow Grove,E01018347,Cheshire West and Chester 032C,Violence and sexual offences,Status update unavailable,
b505cea0575d53dd27eebe9cc16fc63d7ab0de247b3458bb9b5d50ec5be3e284,2021-12,Cheshire Constabulary,Cheshire Constabulary,-2.857510,53.203219,On or near Alder Grove,E01018347,Cheshire West and Chester 032C,Violence and sexual offences,Unable to prosecute suspect,
1322d7552c72e67209582ef0aa4c420ad6a3b8d65deee2923a7d807cf09da85d,2021-12,Cheshire Constabulary,Cheshire Constabulary,-2.861313,53.204720,On or near Willow Grove,E01018347,Cheshire West and Chester 032C,Violence and sexual offences,Unable to prosecute suspect,
2e14f467b115c9d588063816d696df07e523dff98915186ce376dc14a16298e1,2021-12,Cheshire Constabulary,Cheshire Constabulary,-2.857703,53.197914,On or near Queens Road,E01018383,Cheshire West and Chester 032D,Violence and sexual offences,Unable to prosecute suspect,
efced8f67a4e55cb55d2fd6f14acae9a856e9019c94ec3c57475189fe2ab5eb7,2021-12,Cheshire Constabulary,Cheshire Constabulary,-2.861081,53.196164,On or near Buckingham Avenue,E01018383,Cheshire West and Chester 032D,Violence and sexual offences,Court result unavailable,
,2021-12,Cheshire Constabulary,Cheshire Constabulary,-2.854730,53.195194,On or near Shaftesbury Avenue,E01018384,Cheshire West and Chester 032E,Anti-social behaviour,,
c94a8a8594cbde7ed29bceb0066e6c0235600bf210ac893e834af65c7da46f36,2021-12,Cheshire Constabulary,Cheshire Constabulary,-2.854730,53.195194,On or near Shaftesbury Avenue,E01018384,Cheshire West and Chester 032E,Other theft,Unable to prosecute suspect,
,2021-12,Cheshire Constabulary,Cheshire Constabulary,-2.890235,53.198808,On or near Wroxham Close,E01018327,Cheshire West and Chester 033B,Anti-social behaviour,,
56e6308af24f5b44938d305b23084b9586816dd777169c80e1d5261c28b24e77,2021-12,Cheshire Constabulary,Cheshire Constabulary,-2.888865,53.196948,On or near Gloucester Street,E01018327,Cheshire West and Chester 033B,Criminal damage and arson,Court result unavailable,
78e49461156282756bcd2d7a7812dc04c7e15f51e58e39d7bff6e15b578d4906,2021-12,Cheshire Constabulary,Cheshire Constabulary,-2.888865,53.196948,On or near Gloucester Street,E01018327,Cheshire West and Chester 033B,Criminal damage and arson,Court result unavailable,
12774605db1cc09e5e4aa96006b62292d04160d80abc7a789ebc65109b0d52e0,2021-12,Cheshire Constabulary,Cheshire Constabulary,-2.891441,53.198457,On or near Heron Place,E01018327,Cheshire West and Chester 033B,Criminal damage and arson,Unable to prosecute suspect,
6dd9e9480a884b1d3db1156ad6dbf53a9d4e12b4e021a2cc1e6912f02d951b82,2021-12,Cheshire Constabulary,Cheshire Constabulary,-2.888645,53.195736,On or near Henry Place,E01018327,Cheshire West and Chester 033B,Drugs,Unable to prosecute suspect,
bbaa301c93dc919121bcd107a921d5db98756c83d0f2e2265efdad5437e9ff3d,2021-12,Cheshire Constabulary,Cheshire Constabulary,-2.886199,53.195458,On or near Pedestrian Subway,E01018327,Cheshire West and Chester 033B,Other theft,Unable to prosecute suspect,
a3ce4267bb762d32cee940a60b71d6116362a5d2c6b90a20ca094fa29443a23f,2021-12,Cheshire Constabulary,Cheshire Constabulary,-2.887703,53.197245,On or near Walter Street,E01018327,Cheshire West and Chester 033B,Public order,Unable to prosecute suspect,
c5102199d3149b489371f06a4171f2af1c64df981dbe83bae676f7bae8d42d5f,2021-12,Cheshire Constabulary,Cheshire Constabulary,-2.886199,53.195458,On or near Pedestrian Subway,E01018327,Cheshire West and Chester 033B,Shoplifting,Unable to prosecute suspect,
f5914334a495de2184328fa4fd419777784361287511cf807d4f2de36dfe78ee,2021-12,Cheshire Constabulary,Cheshire Constabulary,-2.892625,53.199248,On or near Duchess Place,E01018327,Cheshire West and Chester 033B,Violence and sexual offences,Unable to prosecute suspect,
ca4c81b77d78d9fbe26cab643ccf41c538cd15b2a7fd973104a96634b130aaa1,2021-12,Cheshire Constabulary,Cheshire Constabulary,-2.890276,53.194987,On or near Parking Area,E01018327,Cheshire West and Chester 033B,Violence and sexual offences,Unable to prosecute suspect,
98fbfc8284abf62bb84dd47d6d0f03cd398d8eca48c0eb307c1c160c1dc5aecf,2021-12,Cheshire Constabulary,Cheshire Constabulary,-2.886199,53.195458,On or near Pedestrian Subway,E01018327,Cheshire West and Chester 033B,Violence and sexual offences,Unable to prosecute suspect,
8551d82d7051a74d8e408b7368457ef3148d679cc542dd3ff0656c0442824a9d,2021-12,Cheshire Constabulary,Cheshire Constabulary,-2.887703,53.197245,On or near Walter Street,E01018327,Cheshire West and Chester 033B,Violence and sexual offences,Unable to prosecute suspect,
a43c3d506d281cb75a7b2f044e9df02aa60b9729c5528e9e71a39421487b065d,2021-12,Cheshire Constabulary,Cheshire Constabulary,-2.892664,53.197531,On or near Victoria Road,E01018327,Cheshire West and Chester 033B,Violence and sexual offences,Unable to prosecute suspect,
a7811d4cd179b7fa0b028cd5a95a5ef9106b3cd9b6ab5399898b8b7f8779708f,2021-12,Cheshire Constabulary,Cheshire Constabulary,-2.892625,53.199248,On or near Duchess Place,E01018327,Cheshire West and Chester 033B,Violence and sexual offences,Unable to prosecute suspect,
48df52f36f2d9d4e91afef370496a557fec1705074050f03d1bae0c2d105f3c3,2021-12,Cheshire Constabulary,Cheshire Constabulary,-2.886114,53.197149,On or near Black Diamond Street,E01018327,Cheshire West and Chester 033B,Violence and sexual offences,Unable to prosecute suspect,
caf2d004c7370893d338798bcbf07e6f22f6c12aac76623fd26263d24d4d8cdf,2021-12,Cheshire Constabulary,Cheshire Constabulary,-2.887092,53.197393,On or near Talbot Street,E01018327,Cheshire West and Chester 033B,Violence and sexual offences,Unable to prosecute suspect,
1b8d4848050b812c5454af740d6941c0bc8eb77a8ad24b8f5bb4f0c2b3a37c24,2021-12,Cheshire Constabulary,Cheshire Constabulary,-2.892664,53.197531,On or near Victoria Road,E01018327,Cheshire West and Chester 033B,Violence and sexual offences,Court result unavailable,
1e28e672afcf8ec96eabadeccddd9273e9e0857b01c0bf62046247591a7c8315,2021-12,Cheshire Constabulary,Cheshire Constabulary,-2.891441,53.198457,On or near Heron Place,E01018327,Cheshire West and Chester 033B,Violence and sexual offences,Court result unavailable,
5b4943a3dfb6ea00489e51af73924c5fbb68f21969cc029bf6e58c41d9e89c04,2021-12,Cheshire Constabulary,Cheshire Constabulary,-2.891066,53.195574,On or near Pedestrian Subway,E01018327,Cheshire West and Chester 033B,Violence and sexual offences,Unable to prosecute suspect,
23564d77671929f986bf38f366d7c70c6c537c5b4ed6de6da49956451126b249,2021-12,Cheshire Constabulary,Cheshire Constabulary,-2.891441,53.198457,On or near Heron Place,E01018327,Cheshire West and Chester 033B,Violence and sexual offences,Court result unavailable,
2fbafdabe1cc4c847e48fffed0396e1a9a55b3ba3f56092c273e674c302e213e,2021-12,Cheshire Constabulary,Cheshire Constabulary,-2.892664,53.197531,On or near Victoria Road,E01018327,Cheshire West and Chester 033B,Violence and sexual offences,Unable to prosecute suspect,
e15309d397d7a14b87c70d2b9a4f867fd258e41ddaa6ddf70e17bd740ae1006a,2021-12,Cheshire Constabulary,Cheshire Constabulary,-2.887092,53.197393,On or near Talbot Street,E01018327,Cheshire West and Chester 033B,Violence and sexual offences,Unable to prosecute suspect,
b70c27c91c5b0292e45ac718fedb9fb6298a7340f32a249a147716c62a3892cd,2021-12,Cheshire Constabulary,Cheshire Constabulary,-2.890276,53.194987,On or near Parking Area,E01018327,Cheshire West and Chester 033B,Violence and sexual offences,Investigation complete; no suspect identified,
,2021-12,Cheshire Constabulary,Cheshire Constabulary,-2.876533,53.199287,On or near Supermarket,E01018343,Cheshire West and Chester 033C,Anti-social behaviour,,
,2021-12,Cheshire Constabulary,Cheshire Constabulary,-2.872997,53.199861,On or near Sumpter Pathway,E01018343,Cheshire West and Chester 033C,Anti-social behaviour,,
,2021-12,Cheshire Constabulary,Cheshire Constabulary,-2.872736,53.195872,On or near Signal Court,E01018343,Cheshire West and Chester 033C,Anti-social behaviour,,
552c08aac8eae71150464d8fd53022a3469fa07c48246ff8815c61adf259c5a9,2021-12,Cheshire Constabulary,Cheshire Constabulary,-2.879060,53.199134,On or near Petrol Station,E01018343,Cheshire West and Chester 033C,Public order,Court result unavailable,
403eee8162d7cdbeebcba2493ca8993b417fec6ef2607be0867aad1aeec679d7,2021-12,Cheshire Constabulary,Cheshire Constabulary,-2.876533,53.199287,On or near Supermarket,E01018343,Cheshire West and Chester 033C,Public order,Court result unavailable,
93fb4f126a15c43da3e197146ceb4bc6a6d69b93ca335bec34844cdbfcaff8d3,2021-12,Cheshire Constabulary,Cheshire Constabulary,-2.876533,53.199287,On or near Supermarket,E01018343,Cheshire West and Chester 033C,Public order,Unable to prosecute suspect,
dff687f9c2ae1f6fe88063768e74af8c044c9133c112d7463656463beb1fcd08,2021-12,Cheshire Constabulary,Cheshire Constabulary,-2.876533,53.199287,On or near Supermarket,E01018343,Cheshire West and Chester 033C,Public order,Unable to prosecute suspect,
326261e2a0280f3884801570379f9262d40d9129e7df76f3f8a1b4122e50d3e6,2021-12,Cheshire Constabulary,Cheshire Constabulary,-2.875319,53.200689,On or near Hoole Road,E01018343,Cheshire West and Chester 033C,Public order,Investigation complete; no suspect identified,
08f77070427baf04782fe1d0deb5ac9ef4607689508eeb9673b0d8260e187e96,2021-12,Cheshire Constabulary,Cheshire Constabulary,-2.877837,53.197156,On or near Thomas Brassey Close,E01018343,Cheshire West and Chester 033C,Public order,Investigation complete; no suspect identified,
a75ac50f4f2aae357a17c9bbe95f74c10a389ad38449eda21ad0e3e8faa9a875,2021-12,Cheshire Constabulary,Cheshire Constabulary,-2.872736,53.195872,On or near Signal Court,E01018343,Cheshire West and Chester 033C,Public order,Investigation complete; no suspect identified,
94ba5e4a6c1fbfdd517e4d4e00c980abf8e5a80f274d773de5f1e0ec6756635d,2021-12,Cheshire Constabulary,Cheshire Constabulary,-2.879060,53.199134,On or near Petrol Station,E01018343,Cheshire West and Chester 033C,Shoplifting,Investigation complete; no suspect identified,
4f0fa3b0349780e2278d83721d0f36cb1aa7768ebdb3a4194d692cb0d282f35c,2021-12,Cheshire Constabulary,Cheshire Constabulary,-2.879060,53.199134,On or near Petrol Station,E01018343,Cheshire West and Chester 033C,Shoplifting,Investigation complete; no suspect identified,
4c41afde9543df687d8b5caa96938a1a3c698976478d8a502e6249915e433649,2021-12,Cheshire Constabulary,Cheshire Constabulary,-2.875491,53.196643,On or near Lightfoot Street,E01018343,Cheshire West and Chester 033C,Vehicle crime,Investigation complete; no suspect identified,
76d7e879bd54a25cb2e5c6a3c5b6517e7a8f62b57652bc4034d866cba4501f51,2021-12,Cheshire Constabulary,Cheshire Constabulary,-2.872997,53.199861,On or near Sumpter Pathway,E01018343,Cheshire West and Chester 033C,Violence and sexual offences,Action to be taken by another organisation,
f2847b758737567ef08bfe545347b84fa7187db5e58a40af352608d856aae255,2021-12,Cheshire Constabulary,Cheshire Constabulary,-2.879060,53.199134,On or near Petrol Station,E01018343,Cheshire West and Chester 033C,Violence and sexual offences,Unable to prosecute suspect,
d76d4b56ef1fb2ab9533e22a2dd851678fc943a8c5ee9baacd078c2261cec38c,2021-12,Cheshire Constabulary,Cheshire Constabulary,-2.877837,53.197156,On or near Thomas Brassey Close,E01018343,Cheshire West and Chester 033C,Violence and sexual offences,Investigation complete; no suspect identified,
fadfa5d92847bbf5c728003dfd3c77ce8185126afd96dadda457ac1a29756346,2021-12,Cheshire Constabulary,Cheshire Constabulary,-2.876533,53.199287,On or near Supermarket,E01018343,Cheshire West and Chester 033C,Violence and sexual offences,Investigation complete; no suspect identified,
d06a593a6a71b7f7642324977c340b1ab7f671a4e3cea34e0876d0d6fd20dd6e,2021-12,Cheshire Constabulary,Cheshire Constabulary,-2.876207,53.201636,On or near Kilmorey Park,E01018361,Cheshire West and Chester 033D,Criminal damage and arson,Investigation complete; no suspect identified,
7fcdd3aa11109c0c943ed8306a4f4453baead3bff098640bd8df80b4f084e050,2021-12,Cheshire Constabulary,Cheshire Constabulary,-2.881839,53.198897,On or near South Avenue,E01018361,Cheshire West and Chester 033D,Criminal damage and arson,Investigation complete; no suspect identified,
5dae76582ec5f3c6a04bfd90419b4deb3e832913c9e9c6f61502739e20f125cd,2021-12,Cheshire Constabulary,Cheshire Constabulary,-2.883073,53.200659,On or near Gresford Avenue,E01018361,Cheshire West and Chester 033D,Public order,Unable to prosecute suspect,
b06b3f8ecb8fc8803dbbdb6d08a67b202f6b85ef408e427b03ab07d320eeeacd,2021-12,Cheshire Constabulary,Cheshire Constabulary,-2.876801,53.200696,On or near Kilmorey Park Road,E01018361,Cheshire West and Chester 033D,Robbery,Unable to prosecute suspect,
d97f38c1988265a5f73ddb60f81ab8936795bb14d1dafdf050ff3147401066d1,2021-12,Cheshire Constabulary,Cheshire Constabulary,-2.881839,53.198897,On or near South Avenue,E01018361,Cheshire West and Chester 033D,Violence and sexual offences,Court result unavailable,
,2021-12,Cheshire Constabulary,Cheshire Constabulary,-2.883658,53.196331,On or near Chesham Street,E01032930,Cheshire West and Chester 033E,Anti-social behaviour,,
,2021-12,Cheshire Constabulary,Cheshire Constabulary,-2.884395,53.194330,On or near Samuel Street,E01032930,Cheshire West and Chester 033E,Anti-social behaviour,,
,2021-12,Cheshire Constabulary,Cheshire Constabulary,-2.876124,53.192440,On or near Boughton,E01032930,Cheshire West and Chester 033E,Anti-social behaviour,,
ce10339ae00f29b4150ebde9f972738c7d80f37bf6898cbb702080b53014c1df,2021-12,Cheshire Constabulary,Cheshire Constabulary,-2.876124,53.192440,On or near Boughton,E01032930,Cheshire West and Chester 033E,Bicycle theft,Investigation complete; no suspect identified,
98fd9454b8026a018bb778834007c9b7768e9fc89a7809301ba233157be8213c,2021-12,Cheshire Constabulary,Cheshire Constabulary,-2.881543,53.196850,On or near Station Road,E01032930,Cheshire West and Chester 033E,Bicycle theft,Status update unavailable,
0863003efeab67fdec45c0ff3d62e57c6c94491f635b219e06e0bd2bb7a84b5c,2021-12,Cheshire Constabulary,Cheshire Constabulary,-2.883131,53.191840,On or near Bath Street,E01032930,Cheshire West and Chester 033E,Burglary,Investigation complete; no suspect identified,
d085bdfc7479eedea9a2937876072063f528f819293f1b211f7e3e322a3d8542,2021-12,Cheshire Constabulary,Cheshire Constabulary,-2.882322,53.193959,On or near Francis Court,E01032930,Cheshire West and Chester 033E,Burglary,Investigation complete; no suspect identified,
8a7b95d645b6dbad436524f89801f41c0b907ef03b51738158d37e3777f5c444,2021-12,Cheshire Constabulary,Cheshire Constabulary,-2.876124,53.192440,On or near Boughton,E01032930,Cheshire West and Chester 033E,Criminal damage and arson,Investigation complete; no suspect identified,
fa2c7cf00f1c6ab930492051aa2fbe170349328c04451aa294c22a53b644ad00,2021-12,Cheshire Constabulary,Cheshire Constabulary,-2.876124,53.192440,On or near Boughton,E01032930,Cheshire West and Chester 033E,Criminal damage and arson,Court result unavailable,
e1b9cf903507fe3f01a9103bd1bc13d2a3d7a47cca9aa63e5292d58355580671,2021-12,Cheshire Constabulary,Cheshire Constabulary,-2.881543,53.196850,On or near Station Road,E01032930,Cheshire West and Chester 033E,Drugs,Court result unavailable,
62caff876b8c756d493a953fbdfac536fb946282276968eb68064f22dd86f7ed,2021-12,Cheshire Constabulary,Cheshire Constabulary,-2.884395,53.194330,On or near Samuel Street,E01032930,Cheshire West and Chester 033E,Other theft,Investigation complete; no suspect identified,
744b7d687b6bf63b424489246530b792206cabf245858a3e23f3e349bf746759,2021-12,Cheshire Constabulary,Cheshire Constabulary,-2.883658,53.196331,On or near Chesham Street,E01032930,Cheshire West and Chester 033E,Other theft,Investigation complete; no suspect identified,
52eb5fed5017023ffd1bb14ee6160d3aa4daa8f17fb03fb4e7d41fee169cb7cc,2021-12,Cheshire Constabulary,Cheshire Constabulary,-2.882085,53.194832,On or near Nelson Street,E01032930,Cheshire West and Chester 033E,Public order,Unable to prosecute suspect,
abcec9636ac8c7f37189a06b9247fcab22fdab07a553e2f76de40f31b887ac65,2021-12,Cheshire Constabulary,Cheshire Constabulary,-2.883658,53.196331,On or near Chesham Street,E01032930,Cheshire West and Chester 033E,Public order,Unable to prosecute suspect,
627cddef31c595fed7f62e3d6d1507e497afd51e04428dcc449ce00537e97b1a,2021-12,Cheshire Constabulary,Cheshire Constabulary,-2.873199,53.194358,On or near Cross Street,E01032930,Cheshire West and Chester 033E,Public order,Investigation complete; no suspect identified,
6beb65530ed1769e7e954f86f59fb14709ab163147927060222f8d47981190f7,2021-12,Cheshire Constabulary,Cheshire Constabulary,-2.882214,53.192377,On or near Pedestrian Subway,E01032930,Cheshire West and Chester 033E,Public order,Unable to prosecute suspect,
b2f47e9787f8f6b3ae51ac34b9c6dde58f9f6f7bf4bd0c9285621e3af1d88b95,2021-12,Cheshire Constabulary,Cheshire Constabulary,-2.884822,53.196160,On or near Brook Street,E01032930,Cheshire West and Chester 033E,Public order,Investigation complete; no suspect identified,
4b52ad5dd57bf089f21bf133f3b24bfc932d5fbe297a052eeea8ca287cebb733,2021-12,Cheshire Constabulary,Cheshire Constabulary,-2.884822,53.196160,On or near Brook Street,E01032930,Cheshire West and Chester 033E,Public order,Court result unavailable,
b1d9000c0585813114b4e5f3678826b183f22827052cab05762196d463660374,2021-12,Cheshire Constabulary,Cheshire Constabulary,-2.883131,53.191840,On or near Bath Street,E01032930,Cheshire West and Chester 033E,Public order,Further investigation is not in the public interest,
f6e9330c639c68cfe98ce76add6de4f7f25379ee2fc2d6e1502b43328e863bf2,2021-12,Cheshire Constabulary,Cheshire Constabulary,-2.882214,53.192377,On or near Pedestrian Subway,E01032930,Cheshire West and Chester 033E,Robbery,Investigation complete; no suspect identified,
856bd289bee7df332135ea7e1a693e6c7ec49dadc076da4c14e5bbf20e06c4c1,2021-12,Cheshire Constabulary,Cheshire Constabulary,-2.882214,53.192377,On or near Pedestrian Subway,E01032930,Cheshire West and Chester 033E,Theft from the person,Investigation complete; no suspect identified,
684332a397a46aef57427e3d79247bce3e1ec8599e5e61503a85f4ede37fb989,2021-12,Cheshire Constabulary,Cheshire Constabulary,-2.881543,53.196850,On or near Station Road,E01032930,Cheshire West and Chester 033E,Violence and sexual offences,Investigation complete; no suspect identified,
56bd171c9786a0c4146d030cb2ba0f422f879f5632c93ffa1e43c8c552a39369,2021-12,Cheshire Constabulary,Cheshire Constabulary,-2.882214,53.192377,On or near Pedestrian Subway,E01032930,Cheshire West and Chester 033E,Violence and sexual offences,Unable to prosecute suspect,
477a5fa034089b329644432c763df571c632302e301f2ca7b5890e8c51655df9,2021-12,Cheshire Constabulary,Cheshire Constabulary,-2.884395,53.194330,On or near Samuel Street,E01032930,Cheshire West and Chester 033E,Violence and sexual offences,Unable to prosecute suspect,
fd3eefd9e505c79a369547c0ec402f8eca1be301cdd54d2ec9da8d0e0400c33f,2021-12,Cheshire Constabulary,Cheshire Constabulary,-2.882214,53.192377,On or near Pedestrian Subway,E01032930,Cheshire West and Chester 033E,Violence and sexual offences,Unable to prosecute suspect,
512b5170417d7141030348bbe1eee94aa095cfe621293666b046c7cb164b4c7f,2021-12,Cheshire Constabulary,Cheshire Constabulary,-2.882085,53.194832,On or near Nelson Street,E01032930,Cheshire West and Chester 033E,Violence and sexual offences,Court result unavailable,
c07995ef8ae181d3f181d92a000608897fd520300b328282ac5f715ba84e119e,2021-12,Cheshire Constabulary,Cheshire Constabulary,-2.882463,53.195036,On or near Crewe Street,E01032930,Cheshire West and Chester 033E,Violence and sexual offences,Unable to prosecute suspect,
1236c72583331d6b1b1002c3de8f2527169c1bce46adea450f6f806cb30154ee,2021-12,Cheshire Constabulary,Cheshire Constabulary,-2.882214,53.192377,On or near Pedestrian Subway,E01032930,Cheshire West and Chester 033E,Violence and sexual offences,Investigation complete; no suspect identified,
f0234b93f3fa68a40c96aee8b8a0d2e77021a50a34a722c7572b93491f58423e,2021-12,Cheshire Constabulary,Cheshire Constabulary,-2.878586,53.194283,On or near Shot Tower Close,E01032930,Cheshire West and Chester 033E,Violence and sexual offences,Unable to prosecute suspect,
5b840184adef03ae7b221eb4b6c07c4b28ff062c8044ee5c77eff7046d50a462,2021-12,Cheshire Constabulary,Cheshire Constabulary,-2.881543,53.196850,On or near Station Road,E01032930,Cheshire West and Chester 033E,Violence and sexual offences,Unable to prosecute suspect,
4044af68b0a3013aec24cad441ae810a261f99ce9bb32f0d3c6db30586cb17c5,2021-12,Cheshire Constabulary,Cheshire Constabulary,-2.879531,53.195112,On or near Queen'S Road,E01032930,Cheshire West and Chester 033E,Violence and sexual offences,Unable to prosecute suspect,
a7ecb9255fe332ffb5238567ccfd67289ab14681a748e68fdc00e5b5e5e63b10,2021-12,Cheshire Constabulary,Cheshire Constabulary,-2.884395,53.194330,On or near Samuel Street,E01032930,Cheshire West and Chester 033E,Violence and sexual offences,Further action is not in the public interest,
9e3021ea32136e3051263c614af0187a24cc318ab401d2c27ced52e738dc40e8,2021-12,Cheshire Constabulary,Cheshire Constabulary,-2.882214,53.192377,On or near Pedestrian Subway,E01032930,Cheshire West and Chester 033E,Violence and sexual offences,Unable to prosecute suspect,
5877a8e4d009d2847cbdc341514719eb22200b5f663e82c3c6378c05547b96e0,2021-12,Cheshire Constabulary,Cheshire Constabulary,-2.882463,53.195036,On or near Crewe Street,E01032930,Cheshire West and Chester 033E,Violence and sexual offences,Unable to prosecute suspect,
8786db38023e02c934224b6f61ed8536ab641946dea8d4ab902217c974ba2daa,2021-12,Cheshire Constabulary,Cheshire Constabulary,-2.881543,53.196850,On or near Station Road,E01032930,Cheshire West and Chester 033E,Violence and sexual offences,Unable to prosecute suspect,
0e9a091725a10fc2b1eee30b94280d808ab1951d9cb8959ceaf90cd22ca804a6,2021-12,Cheshire Constabulary,Cheshire Constabulary,-2.883131,53.191840,On or near Bath Street,E01032930,Cheshire West and Chester 033E,Violence and sexual offences,Unable to prosecute suspect,
,2021-12,Cheshire Constabulary,Cheshire Constabulary,-2.880366,53.191276,On or near Grosvenor Park Road,E01032931,Cheshire West and Chester 033F,Anti-social behaviour,,
,2021-12,Cheshire Constabulary,Cheshire Constabulary,-2.870617,53.192517,On or near Lord Street,E01032931,Cheshire West and Chester 033F,Anti-social behaviour,,
39ca7494dcbde2860388057f8c7060e64b5559e66807f62e227706d4c224a828,2021-12,Cheshire Constabulary,Cheshire Constabulary,-2.881297,53.194353,On or near City Road,E01032931,Cheshire West and Chester 033F,Burglary,Investigation complete; no suspect identified,
c20a00e2ad946bce5ada260f0d739bceb8243a542c0a7b6825eba50ebfb1e550,2021-12,Cheshire Constabulary,Cheshire Constabulary,-2.871836,53.192822,On or near Spital Walk,E01032931,Cheshire West and Chester 033F,Criminal damage and arson,Investigation complete; no suspect identified,
5783ccbb4930236735a870abd1c7d6f81cd262cde6e7d808820b6fa9f55420b6,2021-12,Cheshire Constabulary,Cheshire Constabulary,-2.881597,53.192193,On or near The Bars,E01032931,Cheshire West and Chester 033F,Drugs,Unable to prosecute suspect,
9c0bd7a88c7cd714de45b6789c434219ec6c5842ae73c240b8a528405f971394,2021-12,Cheshire Constabulary,Cheshire Constabulary,-2.881297,53.194353,On or near City Road,E01032931,Cheshire West and Chester 033F,Public order,Unable to prosecute suspect,
0bf897cc9b840afc6ed9599822e3808c847b0f44cf2aa30b2bfcfc65132c0858,2021-12,Cheshire Constabulary,Cheshire Constabulary,-2.881297,53.194353,On or near City Road,E01032931,Cheshire West and Chester 033F,Public order,Unable to prosecute suspect,
7f4e08def57c6645ec891eca2c57a7554e113bf0f4d2cb8ef97e966c7d96b326,2021-12,Cheshire Constabulary,Cheshire Constabulary,-2.881597,53.192193,On or near The Bars,E01032931,Cheshire West and Chester 033F,Public order,Unable to prosecute suspect,
73f40e8c6908a5e08317cf7e55600e6e70e79dc2e30db8c4e4a9a0cf11628412,2021-12,Cheshire Constabulary,Cheshire Constabulary,-2.881297,53.194353,On or near City Road,E01032931,Cheshire West and Chester 033F,Public order,Unable to prosecute suspect,
e4452fb02f5807c9291ba4c903e9c1c0f30345002f496c66afdea3030b6345be,2021-12,Cheshire Constabulary,Cheshire Constabulary,-2.881297,53.194353,On or near City Road,E01032931,Cheshire West and Chester 033F,Violence and sexual offences,Unable to prosecute suspect,
9fb84d1f2675f1981f6f4ff100d1a6a77dae0e4577998e47b5b41a798d6cbfdb,2021-12,Cheshire Constabulary,Cheshire Constabulary,-2.880460,53.194395,On or near Queen'S Avenue,E01032931,Cheshire West and Chester 033F,Violence and sexual offences,Unable to prosecute suspect,
12072541b49a610827c248d59defed50c1c32e105db5612832d122362f4e11f6,2021-12,Cheshire Constabulary,Cheshire Constabulary,-2.879602,53.192729,On or near Chapel Street,E01032931,Cheshire West and Chester 033F,Violence and sexual offences,Unable to prosecute suspect,
d22fb38b04f450ddee1f0264853ba31d6fb409fc7ce1d7b775faa40a5794efd1,2021-12,Cheshire Constabulary,Cheshire Constabulary,-2.881297,53.194353,On or near City Road,E01032931,Cheshire West and Chester 033F,Violence and sexual offences,Unable to prosecute suspect,
058f65e7c7f0795b9f3dba3fda706b823f7512df5c4e07aa92cf80e7d73520c3,2021-12,Cheshire Constabulary,Cheshire Constabulary,-2.881033,53.192431,On or near Nightclub,E01032931,Cheshire West and Chester 033F,Violence and sexual offences,Unable to prosecute suspect,
63c545cede3cea0edce9dd192b06b99f4cd2137a1a82106b50acb569bf7f693e,2021-12,Cheshire Constabulary,Cheshire Constabulary,-2.881297,53.194353,On or near City Road,E01032931,Cheshire West and Chester 033F,Violence and sexual offences,Unable to prosecute suspect,
0f5a019b9eb90d96967700a7d6d4ebca4bb3d900d8ad95e8ee5cbca16496fb8e,2021-12,Cheshire Constabulary,Cheshire Constabulary,-2.871836,53.192822,On or near Spital Walk,E01032931,Cheshire West and Chester 033F,Violence and sexual offences,Investigation complete; no suspect identified,
b67a7221c09e2edbe507541a9379b2e5162308e3362a8e52f40441c996353e95,2021-12,Cheshire Constabulary,Cheshire Constabulary,-2.881297,53.194353,On or near City Road,E01032931,Cheshire West and Chester 033F,Violence and sexual offences,Unable to prosecute suspect,
,2021-12,Cheshire Constabulary,Cheshire Constabulary,-2.892790,53.189925,On or near Nightclub,E01018326,Cheshire West and Chester 034A,Anti-social behaviour,,
,2021-12,Cheshire Constabulary,Cheshire Constabulary,-2.892793,53.192946,On or near Northgate Street,E01018326,Cheshire West and Chester 034A,Anti-social behaviour,,
,2021-12,Cheshire Constabulary,Cheshire Constabulary,-2.886545,53.189720,On or near Lumley Place,E01018326,Cheshire West and Chester 034A,Anti-social behaviour,,
,2021-12,Cheshire Constabulary,Cheshire Constabulary,-2.891088,53.190828,On or near Nightclub,E01018326,Cheshire West and Chester 034A,Anti-social behaviour,,
,2021-12,Cheshire Constabulary,Cheshire Constabulary,-2.888121,53.187767,On or near Albion Place,E01018326,Cheshire West and Chester 034A,Anti-social behaviour,,
,2021-12,Cheshire Constabulary,Cheshire Constabulary,-2.888563,53.192501,On or near Frodsham Street,E01018326,Cheshire West and Chester 034A,Anti-social behaviour,,
,2021-12,Cheshire Constabulary,Cheshire Constabulary,-2.892793,53.192946,On or near Northgate Street,E01018326,Cheshire West and Chester 034A,Anti-social behaviour,,
,2021-12,Cheshire Constabulary,Cheshire Constabulary,-2.886486,53.191240,On or near Foregate Street,E01018326,Cheshire West and Chester 034A,Anti-social behaviour,,
,2021-12,Cheshire Constabulary,Cheshire Constabulary,-2.888977,53.190799,On or near Eastgate Street,E01018326,Cheshire West and Chester 034A,Anti-social behaviour,,
,2021-12,Cheshire Constabulary,Cheshire Constabulary,-2.893820,53.193369,On or near Firemans Square,E01018326,Cheshire West and Chester 034A,Anti-social behaviour,,
,2021-12,Cheshire Constabulary,Cheshire Constabulary,-2.891867,53.192323,On or near Abbey Square,E01018326,Cheshire West and Chester 034A,Anti-social behaviour,,
,2021-12,Cheshire Constabulary,Cheshire Constabulary,-2.891281,53.189343,On or near Bridge Street,E01018326,Cheshire West and Chester 034A,Anti-social behaviour,,
,2021-12,Cheshire Constabulary,Cheshire Constabulary,-2.888644,53.194235,On or near Parking Area,E01018326,Cheshire West and Chester 034A,Anti-social behaviour,,
,2021-12,Cheshire Constabulary,Cheshire Constabulary,-2.888977,53.190799,On or near Eastgate Street,E01018326,Cheshire West and Chester 034A,Anti-social behaviour,,
,2021-12,Cheshire Constabulary,Cheshire Constabulary,-2.882091,53.191470,On or near Grosvenor Park Road,E01018326,Cheshire West and Chester 034A,Anti-social behaviour,,
,2021-12,Cheshire Constabulary,Cheshire Constabulary,-2.886486,53.191240,On or near Foregate Street,E01018326,Cheshire West and Chester 034A,Anti-social behaviour,,
,2021-12,Cheshire Constabulary,Cheshire Constabulary,-2.891867,53.192323,On or near Abbey Square,E01018326,Cheshire West and Chester 034A,Anti-social behaviour,,
,2021-12,Cheshire Constabulary,Cheshire Constabulary,-2.888847,53.193946,On or near Gorse Stacks,E01018326,Cheshire West and Chester 034A,Anti-social behaviour,,
,2021-12,Cheshire Constabulary,Cheshire Constabulary,-2.887870,53.190133,On or near St John Street,E01018326,Cheshire West and Chester 034A,Anti-social behaviour,,
,2021-12,Cheshire Constabulary,Cheshire Constabulary,-2.886486,53.191240,On or near Foregate Street,E01018326,Cheshire West and Chester 034A,Anti-social behaviour,,
,2021-12,Cheshire Constabulary,Cheshire Constabulary,-2.888977,53.190799,On or near Eastgate Street,E01018326,Cheshire West and Chester 034A,Anti-social behaviour,,
,2021-12,Cheshire Constabulary,Cheshire Constabulary,-2.888977,53.190799,On or near Eastgate Street,E01018326,Cheshire West and Chester 034A,Anti-social behaviour,,
,2021-12,Cheshire Constabulary,Cheshire Constabulary,-2.892591,53.191869,On or near Police Station,E01018326,Cheshire West and Chester 034A,Anti-social behaviour,,
,2021-12,Cheshire Constabulary,Cheshire Constabulary,-2.892790,53.189925,On or near Nightclub,E01018326,Cheshire West and Chester 034A,Anti-social behaviour,,
,2021-12,Cheshire Constabulary,Cheshire Constabulary,-2.888977,53.190799,On or near Eastgate Street,E01018326,Cheshire West and Chester 034A,Anti-social behaviour,,
,2021-12,Cheshire Constabulary,Cheshire Constabulary,-2.888644,53.194235,On or near Parking Area,E01018326,Cheshire West and Chester 034A,Anti-social behaviour,,
,2021-12,Cheshire Constabulary,Cheshire Constabulary,-2.889460,53.188108,On or near Parking Area,E01018326,Cheshire West and Chester 034A,Anti-social behaviour,,
,2021-12,Cheshire Constabulary,Cheshire Constabulary,-2.891636,53.189098,On or near Nightclub,E01018326,Cheshire West and Chester 034A,Anti-social behaviour,,
,2021-12,Cheshire Constabulary,Cheshire Constabulary,-2.885048,53.191880,On or near Shopping Area,E01018326,Cheshire West and Chester 034A,Anti-social behaviour,,
,2021-12,Cheshire Constabulary,Cheshire Constabulary,-2.888168,53.192207,On or near Union Walk,E01018326,Cheshire West and Chester 034A,Anti-social behaviour,,
,2021-12,Cheshire Constabulary,Cheshire Constabulary,-2.881265,53.191333,On or near The Headlands,E01018326,Cheshire West and Chester 034A,Anti-social behaviour,,
,2021-12,Cheshire Constabulary,Cheshire Constabulary,-2.893934,53.188065,On or near Parking Area,E01018326,Cheshire West and Chester 034A,Anti-social behaviour,,
,2021-12,Cheshire Constabulary,Cheshire Constabulary,-2.893144,53.190390,On or near Crook Street,E01018326,Cheshire West and Chester 034A,Anti-social behaviour,,
,2021-12,Cheshire Constabulary,Cheshire Constabulary,-2.892790,53.189925,On or near Nightclub,E01018326,Cheshire West and Chester 034A,Anti-social behaviour,,
,2021-12,Cheshire Constabulary,Cheshire Constabulary,-2.891281,53.189343,On or near Bridge Street,E01018326,Cheshire West and Chester 034A,Anti-social behaviour,,
,2021-12,Cheshire Constabulary,Cheshire Constabulary,-2.886545,53.189720,On or near Lumley Place,E01018326,Cheshire West and Chester 034A,Anti-social behaviour,,
,2021-12,Cheshire Constabulary,Cheshire Constabulary,-2.891867,53.192323,On or near Abbey Square,E01018326,Cheshire West and Chester 034A,Anti-social behaviour,,
,2021-12,Cheshire Constabulary,Cheshire Constabulary,-2.888977,53.190799,On or near Eastgate Street,E01018326,Cheshire West and Chester 034A,Anti-social behaviour,,
,2021-12,Cheshire Constabulary,Cheshire Constabulary,-2.886359,53.193030,On or near Back Queen Street,E01018326,Cheshire West and Chester 034A,Anti-social behaviour,,
,2021-12,Cheshire Constabulary,Cheshire Constabulary,-2.892793,53.192946,On or near Northgate Street,E01018326,Cheshire West and Chester 034A,Anti-social behaviour,,
,2021-12,Cheshire Constabulary,Cheshire Constabulary,-2.888644,53.194235,On or near Parking Area,E01018326,Cheshire West and Chester 034A,Anti-social behaviour,,
,2021-12,Cheshire Constabulary,Cheshire Constabulary,-2.891451,53.186690,On or near St Mary'S Hill,E01018326,Cheshire West and Chester 034A,Anti-social behaviour,,
,2021-12,Cheshire Constabulary,Cheshire Constabulary,-2.884818,53.190911,On or near Love Street,E01018326,Cheshire West and Chester 034A,Anti-social behaviour,,
,2021-12,Cheshire Constabulary,Cheshire Constabulary,-2.892790,53.189925,On or near Nightclub,E01018326,Cheshire West and Chester 034A,Anti-social behaviour,,
,2021-12,Cheshire Constabulary,Cheshire Constabulary,-2.890754,53.191325,On or near St Werburgh Street,E01018326,Cheshire West and Chester 034A,Anti-social behaviour,,
,2021-12,Cheshire Constabulary,Cheshire Constabulary,-2.886545,53.189720,On or near Lumley Place,E01018326,Cheshire West and Chester 034A,Anti-social behaviour,,
,2021-12,Cheshire Constabulary,Cheshire Constabulary,-2.892793,53.192946,On or near Northgate Street,E01018326,Cheshire West and Chester 034A,Anti-social behaviour,,
,2021-12,Cheshire Constabulary,Cheshire Constabulary,-2.891867,53.192323,On or near Abbey Square,E01018326,Cheshire West and Chester 034A,Anti-social behaviour,,
61cb6f96c3926d7d0940f484e28745084c45d2b84c7cb8ba60f617ed7626e135,2021-12,Cheshire Constabulary,Cheshire Constabulary,-2.896105,53.187375,On or near Nun'S Road,E01018326,Cheshire West and Chester 034A,Burglary,Investigation complete; no suspect identified,
089e1d1810c6939b3074741e8e9129351cefa4c2c49bcbe9ebe54a338cfb3a13,2021-12,Cheshire Constabulary,Cheshire Constabulary,-2.892583,53.191455,On or near Shopping Area,E01018326,Cheshire West and Chester 034A,Burglary,Unable to prosecute suspect,
f2acf852d24fdff62ef2fd94d11337bacd81c482cb04abff8828904a479b63a0,2021-12,Cheshire Constabulary,Cheshire Constabulary,-2.890754,53.191325,On or near St Werburgh Street,E01018326,Cheshire West and Chester 034A,Burglary,Investigation complete; no suspect identified,
8d21a2de1f7b64e31b3bb8d1fe520b4d910df4cef18da820ab6faa1d7a38bd34,2021-12,Cheshire Constabulary,Cheshire Constabulary,-2.888977,53.190799,On or near Eastgate Street,E01018326,Cheshire West and Chester 034A,Criminal damage and arson,Court result unavailable,
40b5ae634e23fe95fc769c569d37e6414a88ee5f2ba8f3af34c4bbf5f802e768,2021-12,Cheshire Constabulary,Cheshire Constabulary,-2.892704,53.193719,On or near Nightclub,E01018326,Cheshire West and Chester 034A,Criminal damage and arson,Investigation complete; no suspect identified,
c52da795833e43b5a2da0e0b86c890bae677c59c282c7f7801f4fc99f34e5e87,2021-12,Cheshire Constabulary,Cheshire Constabulary,-2.894878,53.185262,On or near Grosvenor Road,E01018326,Cheshire West and Chester 034A,Criminal damage and arson,Investigation complete; no suspect identified,
3a1689a089f466bf719ede4df904a04560fdae78e523c011698608dee030851d,2021-12,Cheshire Constabulary,Cheshire Constabulary,-2.888644,53.194235,On or near Parking Area,E01018326,Cheshire West and Chester 034A,Criminal damage and arson,Court result unavailable,
5d09e0eeed63ac690087bdca4ae163b0278c8550ded0f73491b514431dfd102b,2021-12,Cheshire Constabulary,Cheshire Constabulary,-2.885048,53.191880,On or near Shopping Area,E01018326,Cheshire West and Chester 034A,Criminal damage and arson,Court result unavailable,
8252e1a4b89d8b5e6190f920fa6f271acfeba5922c4b4f13361e91075b9ea457,2021-12,Cheshire Constabulary,Cheshire Constabulary,-2.891281,53.189343,On or near Bridge Street,E01018326,Cheshire West and Chester 034A,Criminal damage and arson,Investigation complete; no suspect identified,
7a37c54a9227993a24dff4d1915f2c801c00ac86959accbd3f6c7c1cca3b246b,2021-12,Cheshire Constabulary,Cheshire Constabulary,-2.893144,53.190390,On or near Crook Street,E01018326,Cheshire West and Chester 034A,Criminal damage and arson,Local resolution,
50cac5489f87f302488aef32d643bb1d851101d730c8c3c4c71c2f3bf061d7e8,2021-12,Cheshire Constabulary,Cheshire Constabulary,-2.896993,53.189786,On or near Stanley Place Mews,E01018326,Cheshire West and Chester 034A,Criminal damage and arson,Investigation complete; no suspect identified,
8179d7078c604da669d8ea1aa9bb0ba0ce7cb3f12a0cc556b04635f7c1ab5396,2021-12,Cheshire Constabulary,Cheshire Constabulary,-2.893345,53.189993,On or near Watergate Street,E01018326,Cheshire West and Chester 034A,Criminal damage and arson,Investigation complete; no suspect identified,
aa4c1bd13ea10fa3f3f61ab09f3524dabd44437b06a95e9e72c21e95674f3072,2021-12,Cheshire Constabulary,Cheshire Constabulary,-2.891088,53.190828,On or near Nightclub,E01018326,Cheshire West and Chester 034A,Drugs,Local resolution,
0dcf91e8a63bb97d82b3acee1f0e77036052c2bffec223817933042b044fa24c,2021-12,Cheshire Constabulary,Cheshire Constabulary,-2.888977,53.190799,On or near Eastgate Street,E01018326,Cheshire West and Chester 034A,Drugs,Unable to prosecute suspect,
1db9c72c27c870508e552cd4754a5a2c4d8cdf97eec4b266495f6c9bbddee8e4,2021-12,Cheshire Constabulary,Cheshire Constabulary,-2.891088,53.190828,On or near Nightclub,E01018326,Cheshire West and Chester 034A,Drugs,Offender given a caution,
d960e792c0384ea199776827a86e4c4a903a05bca35ba4ad52847076347a854e,2021-12,Cheshire Constabulary,Cheshire Constabulary,-2.888977,53.190799,On or near Eastgate Street,E01018326,Cheshire West and Chester 034A,Drugs,Further action is not in the public interest,
3a666189b89f3de221121cfa8c1a9887e445cb1a7468c1068abd830e6c71644b,2021-12,Cheshire Constabulary,Cheshire Constabulary,-2.892790,53.189925,On or near Nightclub,E01018326,Cheshire West and Chester 034A,Drugs,Unable to prosecute suspect,
fa6422168ea3dad80591197a0ebb0b2e5d9c5f9139a3f3e6d38269d7ba60b7c9,2021-12,Cheshire Constabulary,Cheshire Constabulary,-2.888977,53.190799,On or near Eastgate Street,E01018326,Cheshire West and Chester 034A,Other theft,Investigation complete; no suspect identified,
e5fb6c71f98eaaeaa6e346734a684fbcb162a0a31582d86339200a22f4649c29,2021-12,Cheshire Constabulary,Cheshire Constabulary,-2.895482,53.189797,On or near Linen Hall Place,E01018326,Cheshire West and Chester 034A,Other theft,Investigation complete; no suspect identified,
9409ac95b581161c05cfaf293f8db6e68b48b61f0e95d6aeb9b7c25162582491,2021-12,Cheshire Constabulary,Cheshire Constabulary,-2.888736,53.189282,On or near Newgate Street,E01018326,Cheshire West and Chester 034A,Other theft,Investigation complete; no suspect identified,
af873f1faac185592cbbfe4a434e5e9d9963f02a24353e09e0d7f075b2d81774,2021-12,Cheshire Constabulary,Cheshire Constabulary,-2.895366,53.187848,On or near Black Friars,E01018326,Cheshire West and Chester 034A,Other theft,Investigation complete; no suspect identified,
0442b79b5dc7f92c41f7fb59200d2240c2ac79bdf807305feb594a921b3ee849,2021-12,Cheshire Constabulary,Cheshire Constabulary,-2.888977,53.190799,On or near Eastgate Street,E01018326,Cheshire West and Chester 034A,Other theft,Unable to prosecute suspect,
b0ee45c4df9d75e701a9d65704351711f4eacd3eaa24f4f733bbb975f37e16d9,2021-12,Cheshire Constabulary,Cheshire Constabulary,-2.888977,53.190799,On or near Eastgate Street,E01018326,Cheshire West and Chester 034A,Other theft,Investigation complete; no suspect identified,
f8adb3f8ee205bc8124a60d15c5d10d69e69471f7f42cf202fb4e34ef2dba5f2,2021-12,Cheshire Constabulary,Cheshire Constabulary,-2.891088,53.190828,On or near Nightclub,E01018326,Cheshire West and Chester 034A,Other theft,Unable to prosecute suspect,
dd2699d095248f1a9078b5e3dc64ae2a7cc7d4c8a2a1acccb952d420f8c6ca22,2021-12,Cheshire Constabulary,Cheshire Constabulary,-2.891652,53.187714,On or near Grosvenor Place,E01018326,Cheshire West and Chester 034A,Other theft,Investigation complete; no suspect identified,
0859f5c7e29f26e78f4be6631588ff14591fdde69f9898c4bb33f2cb50ec2b2e,2021-12,Cheshire Constabulary,Cheshire Constabulary,-2.886486,53.191240,On or near Foregate Street,E01018326,Cheshire West and Chester 034A,Other theft,Investigation complete; no suspect identified,
1b5583602f673b4be4231bbc872657a39ad5dae62130fc212795d945117ec1e6,2021-12,Cheshire Constabulary,Cheshire Constabulary,-2.892761,53.190672,On or near Goss Street,E01018326,Cheshire West and Chester 034A,Other theft,Investigation complete; no suspect identified,
a2b26e12d7cf006969ec1e606e79ec2985f8ecd2989d2e75f6eaf96ae1ed8ae4,2021-12,Cheshire Constabulary,Cheshire Constabulary,-2.891281,53.189343,On or near Bridge Street,E01018326,Cheshire West and Chester 034A,Other theft,Investigation complete; no suspect identified,
831df0d4f0370539f67ca8df7c27410e98fe897c697ce7d251cfc816077369fc,2021-12,Cheshire Constabulary,Cheshire Constabulary,-2.891636,53.189098,On or near Nightclub,E01018326,Cheshire West and Chester 034A,Other theft,Investigation complete; no suspect identified,
71c31c6ec96a49aa8a00182e08e0f20dd5300ee33d3d3a27b408618377b0958d,2021-12,Cheshire Constabulary,Cheshire Constabulary,-2.891547,53.187013,On or near Castle Street,E01018326,Cheshire West and Chester 034A,Other theft,Investigation complete; no suspect identified,
daf4280a232b4039cb2fdd1f090504e82394b4a78b871719b6236302ef14ab3d,2021-12,Cheshire Constabulary,Cheshire Constabulary,-2.888847,53.193946,On or near Gorse Stacks,E01018326,Cheshire West and Chester 034A,Other theft,Investigation complete; no suspect identified,
89c06816c1cd570a7edfd57d018e163f52e835c2e6a2ff54a7c96d090f907b2c,2021-12,Cheshire Constabulary,Cheshire Constabulary,-2.891088,53.190828,On or near Nightclub,E01018326,Cheshire West and Chester 034A,Other theft,Investigation complete; no suspect identified,
f64de1a0e1e5626c303dd6f3fd36ef9c066316610e07528ebfcbd4fc1aa19d69,2021-12,Cheshire Constabulary,Cheshire Constabulary,-2.895770,53.190694,On or near Nicholas Street,E01018326,Cheshire West and Chester 034A,Other theft,Investigation complete; no suspect identified,
0cedc24c18e3cf3859472b7f436daf8a2cf3030e0d3c29f796fe1cd6e1448b99,2021-12,Cheshire Constabulary,Cheshire Constabulary,-2.888977,53.190799,On or near Eastgate Street,E01018326,Cheshire West and Chester 034A,Other theft,Investigation complete; no suspect identified,
5b064667f796f1ff7c3d426f1be0ff518087db290137b647fa49ec5b8cf3c82e,2021-12,Cheshire Constabulary,Cheshire Constabulary,-2.893345,53.189993,On or near Watergate Street,E01018326,Cheshire West and Chester 034A,Other theft,Investigation complete; no suspect identified,
b1b6278068569bed14347c7cde72ac0ebe0485547645524032a2fb7403f7e52f,2021-12,Cheshire Constabulary,Cheshire Constabulary,-2.884160,53.191626,On or near Foregate Street,E01018326,Cheshire West and Chester 034A,Other theft,Investigation complete; no suspect identified,
ae55dccd1284fbd4fa76eac18769370974c3308413241314f1c773bb14269e87,2021-12,Cheshire Constabulary,Cheshire Constabulary,-2.891088,53.190828,On or near Nightclub,E01018326,Cheshire West and Chester 034A,Possession of weapons,Offender given a caution,
a26f062a312d39254e383176403160e306052c2026dad7545b520031e113bde8,2021-12,Cheshire Constabulary,Cheshire Constabulary,-2.892790,53.189925,On or near Nightclub,E01018326,Cheshire West and Chester 034A,Public order,Unable to prosecute suspect,
9f9a0afd067d131c27525a27a53d5db97ca43dbe99750dd1dfaf5a6439860f85,2021-12,Cheshire Constabulary,Cheshire Constabulary,-2.886486,53.191240,On or near Foregate Street,E01018326,Cheshire West and Chester 034A,Public order,Investigation complete; no suspect identified,
f69d99f902a9ec39d593c7671d77195534c1f62e2b7d281d73e45cd6ae9c75d4,2021-12,Cheshire Constabulary,Cheshire Constabulary,-2.888736,53.189282,On or near Newgate Street,E01018326,Cheshire West and Chester 034A,Public order,Unable to prosecute suspect,
ba40bd894df95abc41080412c2a594e96a529ae7d7d597cc3b10c0c79f0944f3,2021-12,Cheshire Constabulary,Cheshire Constabulary,-2.892476,53.192795,On or near Little Abbey Gateway,E01018326,Cheshire West and Chester 034A,Public order,Unable to prosecute suspect,
de18a0639d3d724ebcbcd4da3ff87ea7b4530f521cb395f8bb539749c41261ab,2021-12,Cheshire Constabulary,Cheshire Constabulary,-2.888977,53.190799,On or near Eastgate Street,E01018326,Cheshire West and Chester 034A,Public order,Investigation complete; no suspect identified,
d8319d96abadfa02eae23fa5c0a55f8bcf4f3c8a15d1adc1e5e791c94e318cab,2021-12,Cheshire Constabulary,Cheshire Constabulary,-2.888977,53.190799,On or near Eastgate Street,E01018326,Cheshire West and Chester 034A,Public order,Investigation complete; no suspect identified,
caa67c1f50fded6d8edc885117d6f0863f8f266c89626dd9e9d2fc7705ab90ec,2021-12,Cheshire Constabulary,Cheshire Constabulary,-2.892476,53.192795,On or near Little Abbey Gateway,E01018326,Cheshire West and Chester 034A,Public order,Court result unavailable,
16dd713986cd8addae3faab54cd3603b97cbde884a5398098991b9344bfa097a,2021-12,Cheshire Constabulary,Cheshire Constabulary,-2.891281,53.189343,On or near Bridge Street,E01018326,Cheshire West and Chester 034A,Public order,Investigation complete; no suspect identified,
7e942081fb9e4e23a4c55ac1c37b1ff3e186b1eee3a7462c04781b0a60f3af1a,2021-12,Cheshire Constabulary,Cheshire Constabulary,-2.888977,53.190799,On or near Eastgate Street,E01018326,Cheshire West and Chester 034A,Public order,Unable to prosecute suspect,
d143853aacf865ce4a01a05ec1ed2429de1f1a5aee21d7c1914b7cdd3bfeb87d,2021-12,Cheshire Constabulary,Cheshire Constabulary,-2.887450,53.192240,On or near Parking Area,E01018326,Cheshire West and Chester 034A,Public order,Unable to prosecute suspect,
7ea37014efe4ac09e512c4919352155e534cd6e0052544b9de534123df490a42,2021-12,Cheshire Constabulary,Cheshire Constabulary,-2.893144,53.190390,On or near Crook Street,E01018326,Cheshire West and Chester 034A,Public order,Court result unavailable,
ffca8d6793d1dfedc30f8dfa24324c83eb31b5e96bd857fa8d03b9c909d0fcc0,2021-12,Cheshire Constabulary,Cheshire Constabulary,-2.891636,53.189098,On or near Nightclub,E01018326,Cheshire West and Chester 034A,Public order,Court result unavailable,
8bd565394e0371d78cce6ea17417f105e07b38219d4486a9146410ff2558a6b1,2021-12,Cheshire Constabulary,Cheshire Constabulary,-2.891652,53.187714,On or near Grosvenor Place,E01018326,Cheshire West and Chester 034A,Public order,Unable to prosecute suspect,
33d2bf3c167c6a020b80a9e3380871c25fb15a896a8c8e3485b48709be0c520b,2021-12,Cheshire Constabulary,Cheshire Constabulary,-2.886545,53.189720,On or near Lumley Place,E01018326,Cheshire West and Chester 034A,Public order,Investigation complete; no suspect identified,
4dfed2bfb9d7653789d75d11c84e36d887f966fea31a9a7eb3694ce3b0ecf6e0,2021-12,Cheshire Constabulary,Cheshire Constabulary,-2.898444,53.189739,On or near Parking Area,E01018326,Cheshire West and Chester 034A,Public order,Investigation complete; no suspect identified,
b49f66c89e3c8a6f631687f59a00f7682f744bc217ba61f2f63c5bef9c545ab6,2021-12,Cheshire Constabulary,Cheshire Constabulary,-2.888977,53.190799,On or near Eastgate Street,E01018326,Cheshire West and Chester 034A,Public order,Investigation complete; no suspect identified,
a79f4c8e512b55ab63530981a84486ab24bf4ed312e38d517823b024aba2dce5,2021-12,Cheshire Constabulary,Cheshire Constabulary,-2.891636,53.189098,On or near Nightclub,E01018326,Cheshire West and Chester 034A,Public order,Unable to prosecute suspect,
93f884c66d286a249a7d8849c22c3247a30cec0645696ac6ae188539b42a31d9,2021-12,Cheshire Constabulary,Cheshire Constabulary,-2.888563,53.192501,On or near Frodsham Street,E01018326,Cheshire West and Chester 034A,Public order,Unable to prosecute suspect,
3ca5fea21a3928adbf3e3b903aa484fd2556c1bd2708a3ed03ac53acb612300d,2021-12,Cheshire Constabulary,Cheshire Constabulary,-2.886486,53.191240,On or near Foregate Street,E01018326,Cheshire West and Chester 034A,Public order,Investigation complete; no suspect identified,
d2e2c62cea6b1de5769731d639cf9524c9ecf6050d2cbf60ceb944229616732e,2021-12,Cheshire Constabulary,Cheshire Constabulary,-2.893529,53.195205,On or near Upper Northgate Street,E01018326,Cheshire West and Chester 034A,Public order,Unable to prosecute suspect,
30ca00ca9ba28b17da792224598960c9481c2871e2f703e05a79bcfb268e6d9e,2021-12,Cheshire Constabulary,Cheshire Constabulary,-2.888563,53.192501,On or near Frodsham Street,E01018326,Cheshire West and Chester 034A,Public order,Investigation complete; no suspect identified,
15c874f85b8288666642045a2caabae3f9d47b3fc9f460390e7c4daf962d0f2c,2021-12,Cheshire Constabulary,Cheshire Constabulary,-2.889733,53.189004,On or near Shopping Area,E01018326,Cheshire West and Chester 034A,Public order,Court result unavailable,
c772d640c6d9bd3faf594f7d580002c3d6d7179fd89defbc7bd3cb69ed2c29cf,2021-12,Cheshire Constabulary,Cheshire Constabulary,-2.887870,53.190133,On or near St John Street,E01018326,Cheshire West and Chester 034A,Public order,Investigation complete; no suspect identified,
ee30069bd79c41b3ac5018da9337e04ce592dbe60630208b6f1c4f3f388771f6,2021-12,Cheshire Constabulary,Cheshire Constabulary,-2.888977,53.190799,On or near Eastgate Street,E01018326,Cheshire West and Chester 034A,Public order,Unable to prosecute suspect,
01fb7fe759587b7687c64d0b057ef8597655ca83b537d596108cd9a5b575556e,2021-12,Cheshire Constabulary,Cheshire Constabulary,-2.886545,53.189720,On or near Lumley Place,E01018326,Cheshire West and Chester 034A,Public order,Court result unavailable,
de7829f38c887b2f3280bd113721d0aebf1d012507a44e6fe266d0d0db23828c,2021-12,Cheshire Constabulary,Cheshire Constabulary,-2.884160,53.191626,On or near Foregate Street,E01018326,Cheshire West and Chester 034A,Public order,Investigation complete; no suspect identified,
e3e4b066049f2b2e1f41ee46ecff3d0e8862ac621dbf62b0fd9a7c89d3bbb7bb,2021-12,Cheshire Constabulary,Cheshire Constabulary,-2.888563,53.192501,On or near Frodsham Street,E01018326,Cheshire West and Chester 034A,Public order,Investigation complete; no suspect identified,
4d1a0d78f4074d7113268a96fe22b96445da4abf2d0c85b563ccb9ce60416437,2021-12,Cheshire Constabulary,Cheshire Constabulary,-2.892591,53.191869,On or near Police Station,E01018326,Cheshire West and Chester 034A,Robbery,Unable to prosecute suspect,
5917490934485024fdb5b337d448b6a0e5552e2d42128945cc63d317e0ac4c46,2021-12,Cheshire Constabulary,Cheshire Constabulary,-2.886486,53.191240,On or near Foregate Street,E01018326,Cheshire West and Chester 034A,Shoplifting,Unable to prosecute suspect,
b6d966aac968e7426b9a8be634cc06743087df8e3a1f64917787074ecd7dcbf7,2021-12,Cheshire Constabulary,Cheshire Constabulary,-2.893345,53.189993,On or near Watergate Street,E01018326,Cheshire West and Chester 034A,Shoplifting,Investigation complete; no suspect identified,
7df0415e9397f33aee39999d7e57f2a0413d980e8d7460524aa07a64f436b74e,2021-12,Cheshire Constabulary,Cheshire Constabulary,-2.888977,53.190799,On or near Eastgate Street,E01018326,Cheshire West and Chester 034A,Shoplifting,Investigation complete; no suspect identified,
92a431a100e8838f6db8fcce7a13b810757c9800bb90b1c2e3ad3a4051baf22d,2021-12,Cheshire Constabulary,Cheshire Constabulary,-2.886486,53.191240,On or near Foregate Street,E01018326,Cheshire West and Chester 034A,Shoplifting,Investigation complete; no suspect identified,
99ef438edf98e5149836411de32a87b923e4bf93a7459b87b4234df0ad05a833,2021-12,Cheshire Constabulary,Cheshire Constabulary,-2.884818,53.190911,On or near Love Street,E01018326,Cheshire West and Chester 034A,Shoplifting,Investigation complete; no suspect identified,
4883b898bbf0e7558af309370b32bbc5ae840d55f9cc64a3534a47b9e4cd5d4f,2021-12,Cheshire Constabulary,Cheshire Constabulary,-2.886486,53.191240,On or near Foregate Street,E01018326,Cheshire West and Chester 034A,Shoplifting,Unable to prosecute suspect,
24329eebec15aa999899bb37268b3add2a40c95a6df24869a89c53affd729394,2021-12,Cheshire Constabulary,Cheshire Constabulary,-2.887185,53.191720,On or near Shopping Area,E01018326,Cheshire West and Chester 034A,Shoplifting,Investigation complete; no suspect identified,
077c193c380fa904d2c1389963fc5084bd8843de40205418ec0b0ba05c0b7f9e,2021-12,Cheshire Constabulary,Cheshire Constabulary,-2.887450,53.192240,On or near Parking Area,E01018326,Cheshire West and Chester 034A,Shoplifting,Investigation complete; no suspect identified,
1990a5d65282b268a517a50b71775b7e08586d3125fa5d50a9de5c4b8e70f553,2021-12,Cheshire Constabulary,Cheshire Constabulary,-2.884160,53.191626,On or near Foregate Street,E01018326,Cheshire West and Chester 034A,Shoplifting,Investigation complete; no suspect identified,
4cd3a80a891ec94c7e56acb9636adc4250fff8f7455f5ea5aaad9b7ed84f13df,2021-12,Cheshire Constabulary,Cheshire Constabulary,-2.893529,53.195205,On or near Upper Northgate Street,E01018326,Cheshire West and Chester 034A,Shoplifting,Unable to prosecute suspect,
5b6c32151a3f1bad0fadd742e11eb501d64ecf7d744abdae623773ff54a9e4bc,2021-12,Cheshire Constabulary,Cheshire Constabulary,-2.893345,53.189993,On or near Watergate Street,E01018326,Cheshire West and Chester 034A,Shoplifting,Unable to prosecute suspect,
57e9b6764b68973c782392b6c171bf2e561beec2e299ab40a64377db0035dcb7,2021-12,Cheshire Constabulary,Cheshire Constabulary,-2.888977,53.190799,On or near Eastgate Street,E01018326,Cheshire West and Chester 034A,Shoplifting,Unable to prosecute suspect,
f6cd473602c8757372ebc8cfc352c97f229d0fe3d61918e21c34b5e89a319c22,2021-12,Cheshire Constabulary,Cheshire Constabulary,-2.885048,53.191880,On or near Shopping Area,E01018326,Cheshire West and Chester 034A,Shoplifting,Court result unavailable,
ccae5ea57b0f35cd8cd84be1ef67947dc01f5472157b22067e9de15251fa26f7,2021-12,Cheshire Constabulary,Cheshire Constabulary,-2.886486,53.191240,On or near Foregate Street,E01018326,Cheshire West and Chester 034A,Shoplifting,Unable to prosecute suspect,
4accf8ecb73877d490fb88124ae2febf2bfa09888c345e5bfb35c685fb9a147d,2021-12,Cheshire Constabulary,Cheshire Constabulary,-2.892591,53.191869,On or near Police Station,E01018326,Cheshire West and Chester 034A,Theft from the person,Investigation complete; no suspect identified,
e28bf627ead8cf7d5d127441dacd92e0b3014436ba073fa377f8d4455872a3c9,2021-12,Cheshire Constabulary,Cheshire Constabulary,-2.892583,53.191455,On or near Shopping Area,E01018326,Cheshire West and Chester 034A,Theft from the person,Investigation complete; no suspect identified,
49a1497bbd92098376fea2d05603e1cc7c9b8604043b9c663e68edf1c660e3b8,2021-12,Cheshire Constabulary,Cheshire Constabulary,-2.891088,53.190828,On or near Nightclub,E01018326,Cheshire West and Chester 034A,Theft from the person,Investigation complete; no suspect identified,
454a94f598602a39815a5add4e14ec9e0601bb0b6d145103e3ede7a8789823b7,2021-12,Cheshire Constabulary,Cheshire Constabulary,-2.891281,53.189343,On or near Bridge Street,E01018326,Cheshire West and Chester 034A,Theft from the person,Investigation complete; no suspect identified,
ead3a8d652f89ae87ede97bcbc095b35a6bf1326e6b147a2abaddc52412993d9,2021-12,Cheshire Constabulary,Cheshire Constabulary,-2.891088,53.190828,On or near Nightclub,E01018326,Cheshire West and Chester 034A,Theft from the person,Investigation complete; no suspect identified,
6abce08ec400b3d593e7cdd625292060f5845e4840f9bc2cb4bed750b64989d2,2021-12,Cheshire Constabulary,Cheshire Constabulary,-2.881265,53.191333,On or near The Headlands,E01018326,Cheshire West and Chester 034A,Theft from the person,Investigation complete; no suspect identified,
99bef3b98731f4aa064e63d8a8a765a17160e1233f2ec3024487fb02a154ba79,2021-12,Cheshire Constabulary,Cheshire Constabulary,-2.888644,53.194235,On or near Parking Area,E01018326,Cheshire West and Chester 034A,Vehicle crime,Investigation complete; no suspect identified,
08e0d3aa488b7af8dffe8516e4d264dfd7d8168914ed7598d954858555f83acb,2021-12,Cheshire Constabulary,Cheshire Constabulary,-2.894925,53.193963,On or near Garden Court,E01018326,Cheshire West and Chester 034A,Violence and sexual offences,Unable to prosecute suspect,
c8e85b1c4ddbe26ac1902d59accee3ff8c0037ad7998e0384c2111bc5c0793d4,2021-12,Cheshire Constabulary,Cheshire Constabulary,-2.886486,53.191240,On or near Foregate Street,E01018326,Cheshire West and Chester 034A,Violence and sexual offences,Unable to prosecute suspect,
cd49b1624c7c963dd4277c2b7e8ff32242ba73a0d259150db45c516636c820fb,2021-12,Cheshire Constabulary,Cheshire Constabulary,-2.888977,53.190799,On or near Eastgate Street,E01018326,Cheshire West and Chester 034A,Violence and sexual offences,Unable to prosecute suspect,
a5b294c2596b7634a367291ae02cb9dc722157239547424fd169a3ff4e8cecec,2021-12,Cheshire Constabulary,Cheshire Constabulary,-2.892761,53.190672,On or near Goss Street,E01018326,Cheshire West and Chester 034A,Violence and sexual offences,Investigation complete; no suspect identified,
7df20d00f6ebf346f67dd5c0b6c7ad9adce31a371697b9d3503c78cab8cec728,2021-12,Cheshire Constabulary,Cheshire Constabulary,-2.888977,53.190799,On or near Eastgate Street,E01018326,Cheshire West and Chester 034A,Violence and sexual offences,Unable to prosecute suspect,
a638d59c61afe57d053c96ac7b276a96fa2483f657bc90be08ca7d435dacb6f3,2021-12,Cheshire Constabulary,Cheshire Constabulary,-2.888736,53.189282,On or near Newgate Street,E01018326,Cheshire West and Chester 034A,Violence and sexual offences,Court result unavailable,
9e6f830f1b77293e23a2c6c4ebb443dd632c3f8f81ff63718da5dd9e74fc2f96,2021-12,Cheshire Constabulary,Cheshire Constabulary,-2.885048,53.191880,On or near Shopping Area,E01018326,Cheshire West and Chester 034A,Violence and sexual offences,Court result unavailable,
e48d2c346487668dcb1bdb9da450487d47849c90ede6687194f86d7871643bb4,2021-12,Cheshire Constabulary,Cheshire Constabulary,-2.890251,53.187293,On or near Lower Bridge Street,E01018326,Cheshire West and Chester 034A,Violence and sexual offences,Unable to prosecute suspect,
000d198149b4c9e3a99332b349f071996f1d87f72cb992942feb8291255a76ac,2021-12,Cheshire Constabulary,Cheshire Constabulary,-2.888977,53.190799,On or near Eastgate Street,E01018326,Cheshire West and Chester 034A,Violence and sexual offences,Unable to prosecute suspect,
0123ca442eebd530d08a0d003072ba6e86da7358aeb7839490c20b3ad67216b5,2021-12,Cheshire Constabulary,Cheshire Constabulary,-2.888977,53.190799,On or near Eastgate Street,E01018326,Cheshire West and Chester 034A,Violence and sexual offences,Unable to prosecute suspect,
e81e57e9b7c40b12b462230e8da3bef6874153478ea162090fffbfb5321fcbe9,2021-12,Cheshire Constabulary,Cheshire Constabulary,-2.891088,53.190828,On or near Nightclub,E01018326,Cheshire West and Chester 034A,Violence and sexual offences,Local resolution,
86ae09fa69178664b8344874fb87504c4bdf1180f1f988d72fbb7a8f1e25b3ea,2021-12,Cheshire Constabulary,Cheshire Constabulary,-2.892583,53.191455,On or near Shopping Area,E01018326,Cheshire West and Chester 034A,Violence and sexual offences,Investigation complete; no suspect identified,
7d48a61b25de97e1ac5f7b8d46f76f32b58eb7e09e78337f2fdb75da83c20aee,2021-12,Cheshire Constabulary,Cheshire Constabulary,-2.893934,53.188065,On or near Parking Area,E01018326,Cheshire West and Chester 034A,Violence and sexual offences,Unable to prosecute suspect,
cc1c0c9c28b18b4cb3a27925437266ad8abe44393509d07ed34e75b27f6865c6,2021-12,Cheshire Constabulary,Cheshire Constabulary,-2.892761,53.190672,On or near Goss Street,E01018326,Cheshire West and Chester 034A,Violence and sexual offences,Unable to prosecute suspect,
8aa6a1b843dea4dd3a665cb1a16bf27cc69dddb82b01abd393bbf2d49754d39f,2021-12,Cheshire Constabulary,Cheshire Constabulary,-2.893144,53.190390,On or near Crook Street,E01018326,Cheshire West and Chester 034A,Violence and sexual offences,Unable to prosecute suspect,
44cacc17bc3326803f199f8384044bba98d6947ff7d290de90db2e93c4be4ee6,2021-12,Cheshire Constabulary,Cheshire Constabulary,-2.885048,53.191880,On or near Shopping Area,E01018326,Cheshire West and Chester 034A,Violence and sexual offences,Unable to prosecute suspect,
3224c588a1144059519368f93078a479180df8c5393d4d0922253bf4bf3bb254,2021-12,Cheshire Constabulary,Cheshire Constabulary,-2.885048,53.191880,On or near Shopping Area,E01018326,Cheshire West and Chester 034A,Violence and sexual offences,Court result unavailable,
f829d35151a03774a8fa55a28369232f0ad5943649999f4823469e6137d61cee,2021-12,Cheshire Constabulary,Cheshire Constabulary,-2.894878,53.185262,On or near Grosvenor Road,E01018326,Cheshire West and Chester 034A,Violence and sexual offences,Court result unavailable,
5b0a90e3efd2651956381bb153c24114f3ea5e82ba0f965b4d5cc08f468d1b3d,2021-12,Cheshire Constabulary,Cheshire Constabulary,-2.886486,53.191240,On or near Foregate Street,E01018326,Cheshire West and Chester 034A,Violence and sexual offences,Unable to prosecute suspect,
910bafe718a8251eecf16947e9db5a9ecfcbad6542fff84e10d8b9c85e3f4462,2021-12,Cheshire Constabulary,Cheshire Constabulary,-2.893345,53.189993,On or near Watergate Street,E01018326,Cheshire West and Chester 034A,Violence and sexual offences,Unable to prosecute suspect,
008695d82276a1e57806013c586ec2ea543c3e8254b85b4e31c437440437eeda,2021-12,Cheshire Constabulary,Cheshire Constabulary,-2.891088,53.190828,On or near Nightclub,E01018326,Cheshire West and Chester 034A,Violence and sexual offences,Unable to prosecute suspect,
f5f66332f60dd54350bf996d8ec2ba9e4cc44f8346f0a914818dda471713db63,2021-12,Cheshire Constabulary,Cheshire Constabulary,-2.888977,53.190799,On or near Eastgate Street,E01018326,Cheshire West and Chester 034A,Violence and sexual offences,Unable to prosecute suspect,
c8f087561673ef8c6eb1ba6610a3365fa1ca54e658e08cef605ea53d11b54c3b,2021-12,Cheshire Constabulary,Cheshire Constabulary,-2.888736,53.189282,On or near Newgate Street,E01018326,Cheshire West and Chester 034A,Violence and sexual offences,Unable to prosecute suspect,
4f7cdc8246122a6459e1685997dd1a379eb78d78ddd3c63e1f028263a477f545,2021-12,Cheshire Constabulary,Cheshire Constabulary,-2.890754,53.191325,On or near St Werburgh Street,E01018326,Cheshire West and Chester 034A,Violence and sexual offences,Unable to prosecute suspect,
4ee91af51ce457d92a072ae9e9d2db62f228378d47d15c2b74d32c5e6af14799,2021-12,Cheshire Constabulary,Cheshire Constabulary,-2.883833,53.191017,On or near Forest Street,E01018326,Cheshire West and Chester 034A,Violence and sexual offences,Unable to prosecute suspect,
b56140f80cc7e837de025c41efeb677a386ea36108ee95285239b12a11fd1870,2021-12,Cheshire Constabulary,Cheshire Constabulary,-2.884160,53.191626,On or near Foregate Street,E01018326,Cheshire West and Chester 034A,Violence and sexual offences,Local resolution,
72ddcaa14452fefc66de832ba4a68074fb28957300d5b943f47c2ebb6b0ae94b,2021-12,Cheshire Constabulary,Cheshire Constabulary,-2.887870,53.190133,On or near St John Street,E01018326,Cheshire West and Chester 034A,Violence and sexual offences,Unable to prosecute suspect,
a98c0f6893603cbca48962b71f559e663e1fb92cab8a7ba0172347e92363e136,2021-12,Cheshire Constabulary,Cheshire Constabulary,-2.888977,53.190799,On or near Eastgate Street,E01018326,Cheshire West and Chester 034A,Violence and sexual offences,Court result unavailable,
14e132cc9bf41735d21214e678f11fe1d689b3889f2331ce3eb6cb26ca814d7d,2021-12,Cheshire Constabulary,Cheshire Constabulary,-2.891281,53.189343,On or near Bridge Street,E01018326,Cheshire West and Chester 034A,Violence and sexual offences,Court result unavailable,
05274c71c1b18248aee6d700fb1fc07007df34c59e315dd6213884f8f320a5d2,2021-12,Cheshire Constabulary,Cheshire Constabulary,-2.891088,53.190828,On or near Nightclub,E01018326,Cheshire West and Chester 034A,Violence and sexual offences,Unable to prosecute suspect,
3556cd16cc146c3e0d145cf0a192f36b6573da1898734126f22e27678b02f5ac,2021-12,Cheshire Constabulary,Cheshire Constabulary,-2.884160,53.191626,On or near Foregate Street,E01018326,Cheshire West and Chester 034A,Violence and sexual offences,Status update unavailable,
eff8f1a2da0e7e05bd6937cfee8c4a162ffa78e56b3c5eeef27c0c0a4be4074a,2021-12,Cheshire Constabulary,Cheshire Constabulary,-2.888977,53.190799,On or near Eastgate Street,E01018326,Cheshire West and Chester 034A,Violence and sexual offences,Unable to prosecute suspect,
649083b14b87456077404e1a712c8688555f7f6fa43e336952f17f285723ac95,2021-12,Cheshire Constabulary,Cheshire Constabulary,-2.885048,53.191880,On or near Shopping Area,E01018326,Cheshire West and Chester 034A,Violence and sexual offences,Court result unavailable,
17c723883961f55e2edc45c0e43d82eb03eee361472806e50ac5cfc78710d375,2021-12,Cheshire Constabulary,Cheshire Constabulary,-2.891088,53.190828,On or near Nightclub,E01018326,Cheshire West and Chester 034A,Violence and sexual offences,Investigation complete; no suspect identified,
158bd19706d8c80fc1ae8e283e8c3d0cd0ab90d2972b97b27b3d72a6bd6a4341,2021-12,Cheshire Constabulary,Cheshire Constabulary,-2.888736,53.189282,On or near Newgate Street,E01018326,Cheshire West and Chester 034A,Violence and sexual offences,Investigation complete; no suspect identified,
fd984e8b86a5d5e4d2f2d2e7cb883c88ff3726bff82f7338b47c7b61208c1171,2021-12,Cheshire Constabulary,Cheshire Constabulary,-2.891451,53.186690,On or near St Mary'S Hill,E01018326,Cheshire West and Chester 034A,Violence and sexual offences,Unable to prosecute suspect,
751b20132b679be12c4fd69c7a2b414ec68938648f53ba7b68898679a999afd6,2021-12,Cheshire Constabulary,Cheshire Constabulary,-2.892790,53.189925,On or near Nightclub,E01018326,Cheshire West and Chester 034A,Violence and sexual offences,Unable to prosecute suspect,
139bca2d1fa10f2d5855f458e54b13ecafaa5da37ad5903c46a68d4eca5c8c76,2021-12,Cheshire Constabulary,Cheshire Constabulary,-2.888977,53.190799,On or near Eastgate Street,E01018326,Cheshire West and Chester 034A,Violence and sexual offences,Unable to prosecute suspect,
f898957ba15b454442d63f496a37ddb33a4f3354ec4ddd882ba7714bac232503,2021-12,Cheshire Constabulary,Cheshire Constabulary,-2.887870,53.190133,On or near St John Street,E01018326,Cheshire West and Chester 034A,Violence and sexual offences,Local resolution,
0b3340217cfd0589acbbe42557f06ac61adf27cec13316aba533aceb48ca694f,2021-12,Cheshire Constabulary,Cheshire Constabulary,-2.891088,53.190828,On or near Nightclub,E01018326,Cheshire West and Chester 034A,Violence and sexual offences,Local resolution,
e0c885b868f6a420b3a07c9c9169d0c05502bd0d1eabce090df1f908d0425513,2021-12,Cheshire Constabulary,Cheshire Constabulary,-2.888736,53.189282,On or near Newgate Street,E01018326,Cheshire West and Chester 034A,Violence and sexual offences,Investigation complete; no suspect identified,
f81d4b4c8c8cfc8ac534c39dff693c02f0008db0594d2caf6fa5b0c30696af48,2021-12,Cheshire Constabulary,Cheshire Constabulary,-2.892790,53.189925,On or near Nightclub,E01018326,Cheshire West and Chester 034A,Violence and sexual offences,Local resolution,
3ede105c5f2e13b8700f9bf81c90e006462d0343717b90bde718a0b65b624ce3,2021-12,Cheshire Constabulary,Cheshire Constabulary,-2.891281,53.189343,On or near Bridge Street,E01018326,Cheshire West and Chester 034A,Violence and sexual offences,Court result unavailable,
c0e8cdb4b3a9da4709b05858158098b46ccf28d7bd4ff79084348b4aa1f34888,2021-12,Cheshire Constabulary,Cheshire Constabulary,-2.887863,53.194097,On or near Pedestrian Subway,E01018326,Cheshire West and Chester 034A,Violence and sexual offences,Unable to prosecute suspect,
75a5edf4b4457fc07465bd9e79fd5ff379714be37eabb272ee3b7ce29e3ddb00,2021-12,Cheshire Constabulary,Cheshire Constabulary,-2.890008,53.186377,On or near Shipgate Street,E01018326,Cheshire West and Chester 034A,Violence and sexual offences,Investigation complete; no suspect identified,
8f87f14efc16ddae6e72cd80ddb37b8971085266a6cfcd1c14ac5594c5ccfb22,2021-12,Cheshire Constabulary,Cheshire Constabulary,-2.891281,53.189343,On or near Bridge Street,E01018326,Cheshire West and Chester 034A,Violence and sexual offences,Unable to prosecute suspect,
4b12666b16b29df4bd878671a887468bc155099e3fda335bf492fa68550e0421,2021-12,Cheshire Constabulary,Cheshire Constabulary,-2.892790,53.189925,On or near Nightclub,E01018326,Cheshire West and Chester 034A,Violence and sexual offences,Unable to prosecute suspect,
343540203c32374b28dd96ce41a39a56d526971ec2c63247507abe01bf6e84e3,2021-12,Cheshire Constabulary,Cheshire Constabulary,-2.883314,53.190553,On or near Union Street,E01018326,Cheshire West and Chester 034A,Violence and sexual offences,Unable to prosecute suspect,
a640d31e568319771cb3b85925071bdc0506977f5f03a0ae049505e25148a0b2,2021-12,Cheshire Constabulary,Cheshire Constabulary,-2.887870,53.190133,On or near St John Street,E01018326,Cheshire West and Chester 034A,Violence and sexual offences,Unable to prosecute suspect,
f24c2cceccba5b39587dc3479f174a27a1a5045b51b380c9c2375086a96631b7,2021-12,Cheshire Constabulary,Cheshire Constabulary,-2.895482,53.189797,On or near Linen Hall Place,E01018326,Cheshire West and Chester 034A,Violence and sexual offences,Unable to prosecute suspect,
91e672018ac68051ef9f56a515679249fa1e1161c995184181b8f35a816311e3,2021-12,Cheshire Constabulary,Cheshire Constabulary,-2.883314,53.190553,On or near Union Street,E01018326,Cheshire West and Chester 034A,Violence and sexual offences,Investigation complete; no suspect identified,
636d7a9977b0dc5be5108a946241fd4c7e162ad458a1957fcb68377f507fb47c,2021-12,Cheshire Constabulary,Cheshire Constabulary,-2.892583,53.191455,On or near Shopping Area,E01018326,Cheshire West and Chester 034A,Violence and sexual offences,Court result unavailable,
b36ef4f725c24bd9e9a3eedde3cc639f9c142629c89aca956a1b3d38f14ae6ee,2021-12,Cheshire Constabulary,Cheshire Constabulary,-2.896993,53.189786,On or near Stanley Place Mews,E01018326,Cheshire West and Chester 034A,Violence and sexual offences,Investigation complete; no suspect identified,
417883685024f728888f9f7754bb3114d8ad22e4f4327e31374d7b0ab463c998,2021-12,Cheshire Constabulary,Cheshire Constabulary,-2.886486,53.191240,On or near Foregate Street,E01018326,Cheshire West and Chester 034A,Violence and sexual offences,Unable to prosecute suspect,
806ce8188468e27465be00d303370a92e2550150751e5b128ca88df2c82ae376,2021-12,Cheshire Constabulary,Cheshire Constabulary,-2.887870,53.190133,On or near St John Street,E01018326,Cheshire West and Chester 034A,Violence and sexual offences,Investigation complete; no suspect identified,
ff06c1bbaf599b763632c91b5c6ae8e113fff5399fdcd5269f86ee7dd0744406,2021-12,Cheshire Constabulary,Cheshire Constabulary,-2.888977,53.190799,On or near Eastgate Street,E01018326,Cheshire West and Chester 034A,Violence and sexual offences,Investigation complete; no suspect identified,
297b02604b83c6161642f03fb8fef3dbcef5f7819f38dc869089c52adc1d0ecc,2021-12,Cheshire Constabulary,Cheshire Constabulary,-2.888977,53.190799,On or near Eastgate Street,E01018326,Cheshire West and Chester 034A,Violence and sexual offences,Court result unavailable,
e6ff7c8eb71ca8f1586c35142cfad796deeb1d8d23b5792a6174614bfdcab667,2021-12,Cheshire Constabulary,Cheshire Constabulary,-2.890008,53.186377,On or near Shipgate Street,E01018326,Cheshire West and Chester 034A,Violence and sexual offences,Unable to prosecute suspect,
5c672f9758e6a51e84145207b45cd85a72ad607ea7709bbf59d3a09d1d7f6706,2021-12,Cheshire Constabulary,Cheshire Constabulary,-2.891636,53.189098,On or near Nightclub,E01018326,Cheshire West and Chester 034A,Violence and sexual offences,Unable to prosecute suspect,
46628a18a04b1cd5816f01760e6f146acad57c6cdbedf8a18ad5e27f9bf5954d,2021-12,Cheshire Constabulary,Cheshire Constabulary,-2.887450,53.192240,On or near Parking Area,E01018326,Cheshire West and Chester 034A,Violence and sexual offences,Court result unavailable,
f26a2686a25a0f63225e8747ca407fe84f76cd7d1567eaeff01298a88db02d39,2021-12,Cheshire Constabulary,Cheshire Constabulary,-2.892790,53.189925,On or near Nightclub,E01018326,Cheshire West and Chester 034A,Violence and sexual offences,Unable to prosecute suspect,
1e18ee41bbf9cefd0b6b2f172bfff8a0a8f0e8d1f5b4d2de6f0672321473dab1,2021-12,Cheshire Constabulary,Cheshire Constabulary,-2.885048,53.191880,On or near Shopping Area,E01018326,Cheshire West and Chester 034A,Violence and sexual offences,Unable to prosecute suspect,
9049bb6241b506fe263cb60573dfebd89351eec523b73953bdf41c43552d4162,2021-12,Cheshire Constabulary,Cheshire Constabulary,-2.889733,53.189004,On or near Shopping Area,E01018326,Cheshire West and Chester 034A,Violence and sexual offences,Court result unavailable,
506698a05f471097c1cd257bb8bcfac1fec0107750db7bd15af4abcc73618b2d,2021-12,Cheshire Constabulary,Cheshire Constabulary,-2.892790,53.189925,On or near Nightclub,E01018326,Cheshire West and Chester 034A,Violence and sexual offences,Court result unavailable,
734cb612cf8f7aeaf740eb869310d21a2b429486d5835986ed1a4f483a0f822a,2021-12,Cheshire Constabulary,Cheshire Constabulary,-2.887222,53.188430,On or near Souter'S Lane,E01018326,Cheshire West and Chester 034A,Violence and sexual offences,Court result unavailable,
a1586974cd9b936d15b041841f025cf845c64147411a31367bf9017b80783450,2021-12,Cheshire Constabulary,Cheshire Constabulary,-2.892790,53.189925,On or near Nightclub,E01018326,Cheshire West and Chester 034A,Violence and sexual offences,Court result unavailable,
3313eaad8e3032f79b47d034cbdfe6d8f9fb013b43b498de730bcb5f222e16d0,2021-12,Cheshire Constabulary,Cheshire Constabulary,-2.894925,53.193963,On or near Garden Court,E01018326,Cheshire West and Chester 034A,Violence and sexual offences,Unable to prosecute suspect,
85be450c2e15145e4aa4f5a6a480501d701f0217a0ee8b3695b0d3f81ea1dda1,2021-12,Cheshire Constabulary,Cheshire Constabulary,-2.893529,53.195205,On or near Upper Northgate Street,E01018326,Cheshire West and Chester 034A,Violence and sexual offences,Unable to prosecute suspect,
ef6cd39000eb2c0e2c29d219d2edff2810a316211f85eb398f28e4e5fadbe6af,2021-12,Cheshire Constabulary,Cheshire Constabulary,-2.892476,53.192795,On or near Little Abbey Gateway,E01018326,Cheshire West and Chester 034A,Violence and sexual offences,Unable to prosecute suspect,
8bac6ba4640722a43cdcca8b799cfedf85d380c9b83d40da8ace2311433dc355,2021-12,Cheshire Constabulary,Cheshire Constabulary,-2.888977,53.190799,On or near Eastgate Street,E01018326,Cheshire West and Chester 034A,Violence and sexual offences,Unable to prosecute suspect,
81e66d787240ca3c3fc3bcbec4a562a35ad66cdefb4077afe3effb62de5a4109,2021-12,Cheshire Constabulary,Cheshire Constabulary,-2.885048,53.191880,On or near Shopping Area,E01018326,Cheshire West and Chester 034A,Violence and sexual offences,Court result unavailable,
f679805e642333bdcdcbe08cdc55251693ed948f228f476cd6919cb1bcc4bd10,2021-12,Cheshire Constabulary,Cheshire Constabulary,-2.888977,53.190799,On or near Eastgate Street,E01018326,Cheshire West and Chester 034A,Violence and sexual offences,Unable to prosecute suspect,
058ab67ea43a4619602c50b5ad5fd612ca234caac111794aed2c3dc0040b3c24,2021-12,Cheshire Constabulary,Cheshire Constabulary,-2.892583,53.191455,On or near Shopping Area,E01018326,Cheshire West and Chester 034A,Violence and sexual offences,Court result unavailable,
950448f19f383550d19384e5ef519e0649e3c4bcfdd1e66858d883f8bd1f058b,2021-12,Cheshire Constabulary,Cheshire Constabulary,-2.887870,53.190133,On or near St John Street,E01018326,Cheshire West and Chester 034A,Violence and sexual offences,Local resolution,
ad8265b3eb34e8649b5053a8b48b12818336d146ee1ff481a13e46df8700305d,2021-12,Cheshire Constabulary,Cheshire Constabulary,-2.889733,53.189004,On or near Shopping Area,E01018326,Cheshire West and Chester 034A,Violence and sexual offences,Court result unavailable,
2e82dd07666fae0523b50035edd75a734027ab9cd6f4efd6dd215b9fdc95d960,2021-12,Cheshire Constabulary,Cheshire Constabulary,-2.886486,53.191240,On or near Foregate Street,E01018326,Cheshire West and Chester 034A,Violence and sexual offences,Investigation complete; no suspect identified,
27b721b1a4f88a1883b04dfe1205f70d3d75acd30142a8d0d71d2eeb964d1225,2021-12,Cheshire Constabulary,Cheshire Constabulary,-2.892476,53.192795,On or near Little Abbey Gateway,E01018326,Cheshire West and Chester 034A,Violence and sexual offences,Investigation complete; no suspect identified,
da1769ec55eebdc27b33f05ddfa2dca85bed64217f24a9fc8351a8bca03b42a9,2021-12,Cheshire Constabulary,Cheshire Constabulary,-2.892790,53.189925,On or near Nightclub,E01018326,Cheshire West and Chester 034A,Violence and sexual offences,Unable to prosecute suspect,
1daf657d5650b02a1addc622bbccdccd47a76a75be262e5df878749b677c9aca,2021-12,Cheshire Constabulary,Cheshire Constabulary,-2.887870,53.190133,On or near St John Street,E01018326,Cheshire West and Chester 034A,Violence and sexual offences,Unable to prosecute suspect,
e339bd02135b7c7a2511e8132e16883b283286e79d4bd58bc01c45e919265cb7,2021-12,Cheshire Constabulary,Cheshire Constabulary,-2.889460,53.188108,On or near Parking Area,E01018326,Cheshire West and Chester 034A,Violence and sexual offences,Investigation complete; no suspect identified,
94b2947454b62276ad8e084d006b04983a5c74e262412322454c73b795a56d07,2021-12,Cheshire Constabulary,Cheshire Constabulary,-2.888563,53.192501,On or near Frodsham Street,E01018326,Cheshire West and Chester 034A,Violence and sexual offences,Investigation complete; no suspect identified,
63377f9c69ae96bf57d7488255f6b46568d7a206940431d15edc9a17f026eba8,2021-12,Cheshire Constabulary,Cheshire Constabulary,-2.887870,53.190133,On or near St John Street,E01018326,Cheshire West and Chester 034A,Violence and sexual offences,Investigation complete; no suspect identified,
a0f2233f6a9529f942580e4583468c34bc7ac9ef66dde901b75e9957fddd4a73,2021-12,Cheshire Constabulary,Cheshire Constabulary,-2.887870,53.190133,On or near St John Street,E01018326,Cheshire West and Chester 034A,Violence and sexual offences,Investigation complete; no suspect identified,
a18e4e1bd34cf667de55d543e4f51175bbef280547a145e0a2fe7ec2b5128ceb,2021-12,Cheshire Constabulary,Cheshire Constabulary,-2.891932,53.187505,On or near Bunce Street,E01018326,Cheshire West and Chester 034A,Violence and sexual offences,Unable to prosecute suspect,
2738ee29fab9abda59af7c79abf1168639de640040808b5774ae9af87720289f,2021-12,Cheshire Constabulary,Cheshire Constabulary,-2.892761,53.190672,On or near Goss Street,E01018326,Cheshire West and Chester 034A,Violence and sexual offences,Investigation complete; no suspect identified,
6b2b80963c1678eb11eb50cdee7ee3fe59397c4ba074f0de99e5fb5a58d69ba6,2021-12,Cheshire Constabulary,Cheshire Constabulary,-2.888977,53.190799,On or near Eastgate Street,E01018326,Cheshire West and Chester 034A,Violence and sexual offences,Unable to prosecute suspect,
dfd7fdd9c17a19a4062b73b9fd8db4f0f1dbfe8a636c95a5107de8b249324c01,2021-12,Cheshire Constabulary,Cheshire Constabulary,-2.895366,53.187848,On or near Black Friars,E01018326,Cheshire West and Chester 034A,Violence and sexual offences,Investigation complete; no suspect identified,
fbd5d6d1329560a81d4542f8f33c4d1fcebdd85b549749458a32c87805efefcc,2021-12,Cheshire Constabulary,Cheshire Constabulary,-2.885048,53.191880,On or near Shopping Area,E01018326,Cheshire West and Chester 034A,Violence and sexual offences,Unable to prosecute suspect,
a095f92e0285b5df64af2525f2d970f5ffee130ae8c4248a134beb93d4ee61cc,2021-12,Cheshire Constabulary,Cheshire Constabulary,-2.891088,53.190828,On or near Nightclub,E01018326,Cheshire West and Chester 034A,Violence and sexual offences,Investigation complete; no suspect identified,
438e77b38d29b2d5b41055a33283511f7b6cc13b2515a57271e289ffd6e400ed,2021-12,Cheshire Constabulary,Cheshire Constabulary,-2.888644,53.194235,On or near Parking Area,E01018326,Cheshire West and Chester 034A,Violence and sexual offences,Unable to prosecute suspect,
bff2aec4b1c89baa378038e49fd16e7ae8b01bde2ec32b2db64f5fe7f8a1448a,2021-12,Cheshire Constabulary,Cheshire Constabulary,-2.892761,53.190672,On or near Goss Street,E01018326,Cheshire West and Chester 034A,Violence and sexual offences,Unable to prosecute suspect,
1d626cb92c4a0b737ea5838a0ed82047bb9c04d6955a681b702dc2a7121180a0,2021-12,Cheshire Constabulary,Cheshire Constabulary,-2.887870,53.190133,On or near St John Street,E01018326,Cheshire West and Chester 034A,Violence and sexual offences,Investigation complete; no suspect identified,
bf0f7b98a7d89fd1caf6d67170a24828d2c5f6a1d72177a9ecb5dd3776197674,2021-12,Cheshire Constabulary,Cheshire Constabulary,-2.892583,53.191455,On or near Shopping Area,E01018326,Cheshire West and Chester 034A,Violence and sexual offences,Investigation complete; no suspect identified,
3a158988086c284f75b0a543019bf922ebe9ad43b1cb2bf0a760902cb2738c89,2021-12,Cheshire Constabulary,Cheshire Constabulary,-2.886486,53.191240,On or near Foregate Street,E01018326,Cheshire West and Chester 034A,Violence and sexual offences,Unable to prosecute suspect,
251635c0ae1a8d78df053931547efc570130ecba7d9a60a7bcaff54919b667da,2021-12,Cheshire Constabulary,Cheshire Constabulary,-2.889733,53.189004,On or near Shopping Area,E01018326,Cheshire West and Chester 034A,Violence and sexual offences,Unable to prosecute suspect,
780b14715742914aa060f40e76db176e8b3de5675b17eb083206c0a015c50fc2,2021-12,Cheshire Constabulary,Cheshire Constabulary,-2.887870,53.190133,On or near St John Street,E01018326,Cheshire West and Chester 034A,Violence and sexual offences,Unable to prosecute suspect,
68dc6a7d5981b4bf371e382ade18157e07b25685a53d23f7da35d44aeb47f0f5,2021-12,Cheshire Constabulary,Cheshire Constabulary,-2.891088,53.190828,On or near Nightclub,E01018326,Cheshire West and Chester 034A,Violence and sexual offences,Unable to prosecute suspect,
dfa03ee00387238e96b20e44b399d416776a3ef09f92093c16d73851ede5672d,2021-12,Cheshire Constabulary,Cheshire Constabulary,-2.892790,53.189925,On or near Nightclub,E01018326,Cheshire West and Chester 034A,Violence and sexual offences,Court result unavailable,
8f7e9371c24ad4c7c59c61848c51141d0c01051b880c0aecbd20da9fccbe49a6,2021-12,Cheshire Constabulary,Cheshire Constabulary,-2.887870,53.190133,On or near St John Street,E01018326,Cheshire West and Chester 034A,Violence and sexual offences,Unable to prosecute suspect,
f6332ea94e27d9582e5843b725766b6270ba63aa36f6010c70d85397467a2b92,2021-12,Cheshire Constabulary,Cheshire Constabulary,-2.890041,53.190153,On or near Shopping Area,E01018326,Cheshire West and Chester 034A,Violence and sexual offences,Offender given a caution,
fbf013e9c30f2269776061bd9e074a99a0ebff3cf262cea9b7158eb1e3a29eb0,2021-12,Cheshire Constabulary,Cheshire Constabulary,-2.887450,53.192240,On or near Parking Area,E01018326,Cheshire West and Chester 034A,Violence and sexual offences,Unable to prosecute suspect,
dcbf2511c1d1bf490d6ba2f68c0a5450a9b0c4924f32c9bcc84e0f62558d0f23,2021-12,Cheshire Constabulary,Cheshire Constabulary,-2.887222,53.188430,On or near Souter'S Lane,E01018326,Cheshire West and Chester 034A,Violence and sexual offences,Court result unavailable,
90ceabe3c01678f5e155110ee70f8ba937b55a9b38ecd78c90810bc7ee26e88e,2021-12,Cheshire Constabulary,Cheshire Constabulary,-2.888977,53.190799,On or near Eastgate Street,E01018326,Cheshire West and Chester 034A,Violence and sexual offences,Unable to prosecute suspect,
a3694959ce8f3bb2084a9e2930e0fcef8771b112697fdb831426de79bf26e389,2021-12,Cheshire Constabulary,Cheshire Constabulary,-2.892790,53.189925,On or near Nightclub,E01018326,Cheshire West and Chester 034A,Violence and sexual offences,Unable to prosecute suspect,
d09c11fea87e5a755a807c478e4f679c867d7eeda511a908faf7be75c462dd0d,2021-12,Cheshire Constabulary,Cheshire Constabulary,-2.892790,53.189925,On or near Nightclub,E01018326,Cheshire West and Chester 034A,Violence and sexual offences,Unable to prosecute suspect,
5a0614f4a8ed2d6bd067730ab7ec5639c24b441cb6ca5ace84966fb7d0ed633f,2021-12,Cheshire Constabulary,Cheshire Constabulary,-2.889733,53.189004,On or near Shopping Area,E01018326,Cheshire West and Chester 034A,Violence and sexual offences,Court result unavailable,
3b9d6be0a2cb1a0342913adcd30f88139bf38ac9d983785c0d350cae5c6acf32,2021-12,Cheshire Constabulary,Cheshire Constabulary,-2.891281,53.189343,On or near Bridge Street,E01018326,Cheshire West and Chester 034A,Violence and sexual offences,Unable to prosecute suspect,
3e368aff39a85a23a7cf5cf5cdee683c23f1f16093899a0016bdff23f57ed2be,2021-12,Cheshire Constabulary,Cheshire Constabulary,-2.891281,53.189343,On or near Bridge Street,E01018326,Cheshire West and Chester 034A,Violence and sexual offences,Unable to prosecute suspect,
7c7eda464ea1224efa432e3fe1826526593d9d6bd658039e1984e3d54fb3f30b,2021-12,Cheshire Constabulary,Cheshire Constabulary,-2.896665,53.197043,On or near Walpole Street,E01018328,Cheshire West and Chester 034B,Burglary,Investigation complete; no suspect identified,
6381c34128694e28235854294b07abc2b1a71e24656508cfdde422e912cb5a58,2021-12,Cheshire Constabulary,Cheshire Constabulary,-2.898076,53.198641,On or near Further/Higher Educational Building,E01018328,Cheshire West and Chester 034B,Other theft,Unable to prosecute suspect,
b903d09c5aadf1e2162c2ec9ad24c6bac0eb43520e06bde4e93aba4b11d7103c,2021-12,Cheshire Constabulary,Cheshire Constabulary,-2.898082,53.196052,On or near Garden Lane,E01018328,Cheshire West and Chester 034B,Public order,Unable to prosecute suspect,
e8162b840fa649723096cfe80d52a6c306260d035a31494c25beb804163984db,2021-12,Cheshire Constabulary,Cheshire Constabulary,-2.894780,53.197776,On or near Petrol Station,E01018328,Cheshire West and Chester 034B,Violence and sexual offences,Unable to prosecute suspect,
0fbaf58977adcbc5a0b060418cc8fa48cea6a5deb48e674fbb56cdce819c69da,2021-12,Cheshire Constabulary,Cheshire Constabulary,-2.898076,53.198641,On or near Further/Higher Educational Building,E01018328,Cheshire West and Chester 034B,Violence and sexual offences,Unable to prosecute suspect,
81ef20e4706fcdc4d2692e5dbdd7ee58bb1c5debc33239ea9766f84d205fe6dd,2021-12,Cheshire Constabulary,Cheshire Constabulary,-2.899197,53.197140,On or near Henshall Street,E01018328,Cheshire West and Chester 034B,Other crime,Court result unavailable,
4ce163614f9838bdac76f74cf6a3d194eed42168f3a55987e3bb3585760b3450,2021-12,Cheshire Constabulary,Cheshire Constabulary,-2.899938,53.198196,On or near Cheyney Road,E01018328,Cheshire West and Chester 034B,Other crime,Unable to prosecute suspect,
,2021-12,Cheshire Constabulary,Cheshire Constabulary,-2.895815,53.195044,On or near St Martin'S Way,E01018329,Cheshire West and Chester 034C,Anti-social behaviour,,
,2021-12,Cheshire Constabulary,Cheshire Constabulary,-2.896077,53.196121,On or near Chichester Street,E01018329,Cheshire West and Chester 034C,Anti-social behaviour,,
db8758655f79cf430b21d0d28d7d9b66cbb9ede264c4e4b840397f39082fc95a,2021-12,Cheshire Constabulary,Cheshire Constabulary,-2.901036,53.193432,On or near Charlotte Street,E01018329,Cheshire West and Chester 034C,Burglary,Investigation complete; no suspect identified,
dfdfb4af414160f7f151c4e38ff320ad11fb82e0dec52b66de02f1e11ea5dde6,2021-12,Cheshire Constabulary,Cheshire Constabulary,-2.898452,53.195843,On or near Louise Street,E01018329,Cheshire West and Chester 034C,Burglary,Unable to prosecute suspect,
e3cdd7084273fd2bbc39145c07548fe74754912e874fd92a2ad9e813c740e4e3,2021-12,Cheshire Constabulary,Cheshire Constabulary,-2.898452,53.195843,On or near Louise Street,E01018329,Cheshire West and Chester 034C,Criminal damage and arson,Unable to prosecute suspect,
9914e1def796bd0b773707b911da6901351e98b9f3552d28649a9930d3cb90d2,2021-12,Cheshire Constabulary,Cheshire Constabulary,-2.893847,53.195392,On or near Pedestrian Subway,E01018329,Cheshire West and Chester 034C,Criminal damage and arson,Investigation complete; no suspect identified,
90226f4104935347164f2c6b1b20f249acb7c22113cacc78f6f92ac594009bcd,2021-12,Cheshire Constabulary,Cheshire Constabulary,-2.895815,53.195044,On or near St Martin'S Way,E01018329,Cheshire West and Chester 034C,Drugs,Local resolution,
7d05a5819f2a085b695ec70aea71423856ec23a5226041908c49163fd63317c0,2021-12,Cheshire Constabulary,Cheshire Constabulary,-2.893637,53.194665,On or near Upper Northgate Street,E01018329,Cheshire West and Chester 034C,Other theft,Investigation complete; no suspect identified,
3d35e0a8400ba8b7077d458c66ba1c6f31b44b59f8202e908571ce95f2ca805c,2021-12,Cheshire Constabulary,Cheshire Constabulary,-2.897079,53.194612,On or near Raymond Street,E01018329,Cheshire West and Chester 034C,Public order,Unable to prosecute suspect,
4ff8da77409b0f8cbb9e8cb696be6c4f1a05668efd9279d32688386fbe1e45f6,2021-12,Cheshire Constabulary,Cheshire Constabulary,-2.893847,53.195392,On or near Pedestrian Subway,E01018329,Cheshire West and Chester 034C,Public order,Investigation complete; no suspect identified,
089ae72a18c48311ede9db4693241b697f45087d6521f784900006bfb84afd0e,2021-12,Cheshire Constabulary,Cheshire Constabulary,-2.901036,53.193432,On or near Charlotte Street,E01018329,Cheshire West and Chester 034C,Public order,Investigation complete; no suspect identified,
17b061dac77f6613b49305b48f7e4141c8a57e75815c09668afad12e0cf5f687,2021-12,Cheshire Constabulary,Cheshire Constabulary,-2.893637,53.194665,On or near Upper Northgate Street,E01018329,Cheshire West and Chester 034C,Public order,Investigation complete; no suspect identified,
1ee9cda1c597b21d2f00fb745b257bb584df3ff7b5ed4754f58aa71a2fc64f6b,2021-12,Cheshire Constabulary,Cheshire Constabulary,-2.901749,53.191062,On or near New Crane Bank,E01018329,Cheshire West and Chester 034C,Vehicle crime,Investigation complete; no suspect identified,
6d9aae7b895a9176c2d67e75d483306d77bcefbe8ac0ad6e16b1ad8b92689c16,2021-12,Cheshire Constabulary,Cheshire Constabulary,-2.901248,53.192837,On or near Old Port Square,E01018329,Cheshire West and Chester 034C,Violence and sexual offences,Unable to prosecute suspect,
0240406b11478615c59da977e9f960ea36dba5947d58500a540e128d6fd2f980,2021-12,Cheshire Constabulary,Cheshire Constabulary,-2.901036,53.193432,On or near Charlotte Street,E01018329,Cheshire West and Chester 034C,Violence and sexual offences,Unable to prosecute suspect,
,2021-12,Cheshire Constabulary,Cheshire Constabulary,-2.914730,53.196887,On or near Greyhound Park Road,E01018330,Cheshire West and Chester 034D,Anti-social behaviour,,
,2021-12,Cheshire Constabulary,Cheshire Constabulary,-2.911218,53.196474,On or near Shopping Area,E01018330,Cheshire West and Chester 034D,Anti-social behaviour,,
,2021-12,Cheshire Constabulary,Cheshire Constabulary,-2.901910,53.198729,On or near Sydney Road,E01018330,Cheshire West and Chester 034D,Anti-social behaviour,,
,2021-12,Cheshire Constabulary,Cheshire Constabulary,-2.914730,53.196887,On or near Greyhound Park Road,E01018330,Cheshire West and Chester 034D,Anti-social behaviour,,
,2021-12,Cheshire Constabulary,Cheshire Constabulary,-2.911218,53.196474,On or near Shopping Area,E01018330,Cheshire West and Chester 034D,Anti-social behaviour,,
,2021-12,Cheshire Constabulary,Cheshire Constabulary,-2.911218,53.196474,On or near Shopping Area,E01018330,Cheshire West and Chester 034D,Anti-social behaviour,,
,2021-12,Cheshire Constabulary,Cheshire Constabulary,-2.914730,53.196887,On or near Greyhound Park Road,E01018330,Cheshire West and Chester 034D,Anti-social behaviour,,
,2021-12,Cheshire Constabulary,Cheshire Constabulary,-2.911218,53.196474,On or near Shopping Area,E01018330,Cheshire West and Chester 034D,Anti-social behaviour,,
,2021-12,Cheshire Constabulary,Cheshire Constabulary,-2.922801,53.193526,On or near Jupiter Drive,E01018330,Cheshire West and Chester 034D,Anti-social behaviour,,
,2021-12,Cheshire Constabulary,Cheshire Constabulary,-2.911218,53.196474,On or near Shopping Area,E01018330,Cheshire West and Chester 034D,Anti-social behaviour,,
,2021-12,Cheshire Constabulary,Cheshire Constabulary,-2.914730,53.196887,On or near Greyhound Park Road,E01018330,Cheshire West and Chester 034D,Anti-social behaviour,,
c30daaf83f62b81383255520240964f6540f12969e14569a9738067b7ece0815,2021-12,Cheshire Constabulary,Cheshire Constabulary,-2.914730,53.196887,On or near Greyhound Park Road,E01018330,Cheshire West and Chester 034D,Bicycle theft,Investigation complete; no suspect identified,
b6883a5cb7ae186a4f8b94e1fccda6e017c2e2caf8986d34a6788a194ed43671,2021-12,Cheshire Constabulary,Cheshire Constabulary,-2.914730,53.196887,On or near Greyhound Park Road,E01018330,Cheshire West and Chester 034D,Criminal damage and arson,Investigation complete; no suspect identified,
5ae452f50a4595baec1332faa14b5f845e2f81078f8148b2413c0abf0c2e8be1,2021-12,Cheshire Constabulary,Cheshire Constabulary,-2.914730,53.196887,On or near Greyhound Park Road,E01018330,Cheshire West and Chester 034D,Public order,Investigation complete; no suspect identified,
39d0b58c567b1eedbbc710703aa49f97a1c6652861bd1f739662c8b989a9be00,2021-12,Cheshire Constabulary,Cheshire Constabulary,-2.907737,53.195359,On or near Arthur Street,E01018330,Cheshire West and Chester 034D,Public order,Investigation complete; no suspect identified,
189faddaa6ba9334d64a620a641e640884079a94351543d5e8c2b9de08b2498f,2021-12,Cheshire Constabulary,Cheshire Constabulary,-2.914730,53.196887,On or near Greyhound Park Road,E01018330,Cheshire West and Chester 034D,Public order,Unable to prosecute suspect,
2832883a2f8949210d53107818470ac8c5497abe84a03f5977e1ac5a055be284,2021-12,Cheshire Constabulary,Cheshire Constabulary,-2.914730,53.196887,On or near Greyhound Park Road,E01018330,Cheshire West and Chester 034D,Public order,Unable to prosecute suspect,
a3d0fecfbebd27c91b6bf5c98421f72c292b013e3503f541d1841266d840b096,2021-12,Cheshire Constabulary,Cheshire Constabulary,-2.914730,53.196887,On or near Greyhound Park Road,E01018330,Cheshire West and Chester 034D,Shoplifting,Investigation complete; no suspect identified,
74ed29c1c7f36adf4f86eed26ab01897009305f68236304417f9cea2d919b7a7,2021-12,Cheshire Constabulary,Cheshire Constabulary,-2.912718,53.194503,On or near Supermarket,E01018330,Cheshire West and Chester 034D,Shoplifting,Investigation complete; no suspect identified,
97dc820fef8d4ca257e98e192c47d0ceceb5546c6a70394224f45373037a72bb,2021-12,Cheshire Constabulary,Cheshire Constabulary,-2.912718,53.194503,On or near Supermarket,E01018330,Cheshire West and Chester 034D,Shoplifting,Investigation complete; no suspect identified,
3711cbb52e504d291b797ff2e207189f901dbe0323e93446038b8d1bb1779511,2021-12,Cheshire Constabulary,Cheshire Constabulary,-2.912718,53.194503,On or near Supermarket,E01018330,Cheshire West and Chester 034D,Shoplifting,Court result unavailable,
2ec5a9670bfc8968a1fd76e6d0e960f341377bd36b672e16c6442c09a8415a61,2021-12,Cheshire Constabulary,Cheshire Constabulary,-2.912718,53.194503,On or near Supermarket,E01018330,Cheshire West and Chester 034D,Shoplifting,Court result unavailable,
f5a8b55d796e89361cf3039e0ad58ac40956d035dd96148ab8cd2c5350e7c22c,2021-12,Cheshire Constabulary,Cheshire Constabulary,-2.914730,53.196887,On or near Greyhound Park Road,E01018330,Cheshire West and Chester 034D,Shoplifting,Investigation complete; no suspect identified,
2a3316487c949337243170a8f20e1e09385fa48cfd6c068781107e0ba5fe107a,2021-12,Cheshire Constabulary,Cheshire Constabulary,-2.914730,53.196887,On or near Greyhound Park Road,E01018330,Cheshire West and Chester 034D,Shoplifting,Investigation complete; no suspect identified,
e31294d2d55335a5110b051d443e704f0108b2e67b6c65973cbf8fdd0cc682db,2021-12,Cheshire Constabulary,Cheshire Constabulary,-2.911218,53.196474,On or near Shopping Area,E01018330,Cheshire West and Chester 034D,Shoplifting,Unable to prosecute suspect,
5972f83449639c45ab43a88ebab778fe9358eb64db0dfce360b0231814373742,2021-12,Cheshire Constabulary,Cheshire Constabulary,-2.912718,53.194503,On or near Supermarket,E01018330,Cheshire West and Chester 034D,Shoplifting,Unable to prosecute suspect,
09a6eba2ac9a6855506779e69da789398a97b651d698b136bb353c0f7f1b5a7f,2021-12,Cheshire Constabulary,Cheshire Constabulary,-2.917484,53.195482,On or near Sealand Road,E01018330,Cheshire West and Chester 034D,Theft from the person,Investigation complete; no suspect identified,
406d6463d5a30ca375c3bcc77cdb1011ad4fd8aabde4d5612c98b673b26d9789,2021-12,Cheshire Constabulary,Cheshire Constabulary,-2.912718,53.194503,On or near Supermarket,E01018330,Cheshire West and Chester 034D,Vehicle crime,Investigation complete; no suspect identified,
facf13b470d5c44275228c72c14fe89610b01ec70821d22abff869458063b497,2021-12,Cheshire Constabulary,Cheshire Constabulary,-2.927469,53.194838,On or near Mercury Court,E01018330,Cheshire West and Chester 034D,Violence and sexual offences,Unable to prosecute suspect,
5a4c16df8268ff56d7ef8ca2c4ef2546c837982c13b527d56a2ef0e0700b0820,2021-12,Cheshire Constabulary,Cheshire Constabulary,-2.912718,53.194503,On or near Supermarket,E01018330,Cheshire West and Chester 034D,Violence and sexual offences,Investigation complete; no suspect identified,
d72cee26c3061dcb57471ffcfb4393e773dc4c85db44cbfa5a72a07447abd908,2021-12,Cheshire Constabulary,Cheshire Constabulary,-2.907737,53.195359,On or near Arthur Street,E01018330,Cheshire West and Chester 034D,Violence and sexual offences,Investigation complete; no suspect identified,
20b248bd544a3ea6b81559df4ac213138fbce353a37de5b231841c92858e8590,2021-12,Cheshire Constabulary,Cheshire Constabulary,-2.914730,53.196887,On or near Greyhound Park Road,E01018330,Cheshire West and Chester 034D,Violence and sexual offences,Offender given a caution,
fceec45ecce7acf7036fc87f73160b0a4f21f5824336414b29ec5cdd44fc33b9,2021-12,Cheshire Constabulary,Cheshire Constabulary,-2.907737,53.195359,On or near Arthur Street,E01018330,Cheshire West and Chester 034D,Violence and sexual offences,Investigation complete; no suspect identified,
017191de3870b873026a2a6d599252d679eed8d6cbbfd80b08542aa6b2e12aee,2021-12,Cheshire Constabulary,Cheshire Constabulary,-2.927469,53.194838,On or near Mercury Court,E01018330,Cheshire West and Chester 034D,Other crime,Unable to prosecute suspect,
,2021-12,Cheshire Constabulary,Cheshire Constabulary,-2.902010,53.194198,On or near Vernon Road,E01018331,Cheshire West and Chester 034E,Anti-social behaviour,,
2b04c5feffd07036b06d1a1785d5ff9065c60d4a7abef9100e7afb095c2d8308,2021-12,Cheshire Constabulary,Cheshire Constabulary,-2.901554,53.193895,On or near Catherine Street,E01018331,Cheshire West and Chester 034E,Burglary,Investigation complete; no suspect identified,
940d980d2b8a28a79410a978d8225a9bfb9fb8c8b44204d56a942d12e6b917f2,2021-12,Cheshire Constabulary,Cheshire Constabulary,-2.904986,53.196926,On or near Finchett Drive,E01018331,Cheshire West and Chester 034E,Burglary,Investigation complete; no suspect identified,
3f5b73a9034c29c43874bc1faaaaf350ba4abea49f4d6fc0fbd9ba06d7b616b5,2021-12,Cheshire Constabulary,Cheshire Constabulary,-2.901554,53.193895,On or near Catherine Street,E01018331,Cheshire West and Chester 034E,Burglary,Investigation complete; no suspect identified,
bc374da3b73cc6ead4c8b47cbb6da03f4c0c135fb0142f73835f174a674d787e,2021-12,Cheshire Constabulary,Cheshire Constabulary,-2.901554,53.193895,On or near Catherine Street,E01018331,Cheshire West and Chester 034E,Drugs,Unable to prosecute suspect,
d1efed637bc0d43955d4da9bc21dce0931de77b6803fc39b2447d1253f6a23ba,2021-12,Cheshire Constabulary,Cheshire Constabulary,-2.891088,53.190828,On or near Nightclub,E01035376,Cheshire West and Chester 034G,Violence and sexual offences,Unable to prosecute suspect,
,2021-12,Cheshire Constabulary,Cheshire Constabulary,-2.496485,53.191769,On or near Nunsmere Close,E01018733,Cheshire West and Chester 035A,Anti-social behaviour,,
,2021-12,Cheshire Constabulary,Cheshire Constabulary,-2.494884,53.190500,On or near Parking Area,E01018733,Cheshire West and Chester 035A,Anti-social behaviour,,
662c6c47203b8cdee5ad4be53c96276a8a3a68b0341568634105da740370ea49,2021-12,Cheshire Constabulary,Cheshire Constabulary,-2.498538,53.194556,On or near Blythe Place,E01018733,Cheshire West and Chester 035A,Public order,Unable to prosecute suspect,
afb587e2c9cb289964c4c3af76ff4f53ea4f8660735daae762fb6b273ca4adb9,2021-12,Cheshire Constabulary,Cheshire Constabulary,-2.494884,53.190500,On or near Parking Area,E01018733,Cheshire West and Chester 035A,Public order,Unable to prosecute suspect,
60feb9e9569e33634d1fc497f59a7cb4f33ea7599c7e78df19c334820ff22070,2021-12,Cheshire Constabulary,Cheshire Constabulary,-2.482369,53.190272,On or near Seaton Street,E01018733,Cheshire West and Chester 035A,Violence and sexual offences,Unable to prosecute suspect,
98a61d9efe08c63a7a0e3e34ee2a8cdbfb797a66511937a0c3360691cec6ee47,2021-12,Cheshire Constabulary,Cheshire Constabulary,-2.494884,53.190500,On or near Parking Area,E01018733,Cheshire West and Chester 035A,Violence and sexual offences,Unable to prosecute suspect,
88132400b10969f3482af61d660f4ef69dfff05fe055e920920939b9f1234b60,2021-12,Cheshire Constabulary,Cheshire Constabulary,-2.482369,53.190272,On or near Seaton Street,E01018733,Cheshire West and Chester 035A,Violence and sexual offences,Unable to prosecute suspect,
cae4fc58581e18b2debabe320b8c8b7e1169cb3abcb22d27da3d792293ed8331,2021-12,Cheshire Constabulary,Cheshire Constabulary,-2.500319,53.194594,On or near Nun House Close,E01018733,Cheshire West and Chester 035A,Violence and sexual offences,Unable to prosecute suspect,
b87b28dd15bdb52e35e390fae32c48467cb362e606f0f483fa2628b631ae6e41,2021-12,Cheshire Constabulary,Cheshire Constabulary,-2.483082,53.189820,On or near Hewitt Drive,E01018733,Cheshire West and Chester 035A,Violence and sexual offences,Unable to prosecute suspect,
3081d027f7227dcb05bfbc7d95d01a3762d4014e94db4b204e9746e1c9a4b977,2021-12,Cheshire Constabulary,Cheshire Constabulary,-2.504511,53.194630,On or near Crook Lane,E01018734,Cheshire West and Chester 035B,Criminal damage and arson,Unable to prosecute suspect,
344b3cd3eef2ae6d5c2dcf317585684a39f08a7b9cc4a3f92094164be1251da6,2021-12,Cheshire Constabulary,Cheshire Constabulary,-2.508530,53.191512,On or near Greville Drive,E01018734,Cheshire West and Chester 035B,Criminal damage and arson,Court result unavailable,
9c08be14fddc059714a46820261da347cc4ae7e8b5bfc83ccac707a52075a542,2021-12,Cheshire Constabulary,Cheshire Constabulary,-2.504511,53.194630,On or near Crook Lane,E01018734,Cheshire West and Chester 035B,Public order,Investigation complete; no suspect identified,
c125bf733e9680b5b65fd26bcd2ae6d30f66d89bae877645f08371c34ae1f5c0,2021-12,Cheshire Constabulary,Cheshire Constabulary,-2.505143,53.193657,On or near Hawthorne Grove,E01018734,Cheshire West and Chester 035B,Public order,Unable to prosecute suspect,
8b8e6d72b7b072c4d2298f388edc8b9b074d2f8f74080f00ce26cd020db77138,2021-12,Cheshire Constabulary,Cheshire Constabulary,-2.504511,53.194630,On or near Crook Lane,E01018734,Cheshire West and Chester 035B,Shoplifting,Investigation complete; no suspect identified,
b4083a36523f5cf17f75e6c667991069468da42bbc91948c7dcb1a3023fd7267,2021-12,Cheshire Constabulary,Cheshire Constabulary,-2.508530,53.191512,On or near Greville Drive,E01018734,Cheshire West and Chester 035B,Violence and sexual offences,Unable to prosecute suspect,
d83d390801293e5e5f6b9cfc3f5b2cecc353902fbe907b8bb2b3491cd60aaedc,2021-12,Cheshire Constabulary,Cheshire Constabulary,-2.504511,53.194630,On or near Crook Lane,E01018734,Cheshire West and Chester 035B,Violence and sexual offences,Unable to prosecute suspect,
27cf5dc84a028649d3cd7d5a6b28f29f0b12c9cfd3d542351dfa59102fd9be5d,2021-12,Cheshire Constabulary,Cheshire Constabulary,-2.508598,53.192159,On or near Catalan Close,E01018734,Cheshire West and Chester 035B,Violence and sexual offences,Unable to prosecute suspect,
9163d1a88c0d9d63cfaee04d7ff6e32613a0934ce00a674ffd522a20b5b96414,2021-12,Cheshire Constabulary,Cheshire Constabulary,-2.506989,53.191536,On or near Pine Grove,E01018734,Cheshire West and Chester 035B,Violence and sexual offences,Unable to prosecute suspect,
f98046c51b247edae85a1c853d9dc5a823d77670631fc1c4ade46185da4a82f5,2021-12,Cheshire Constabulary,Cheshire Constabulary,-2.504511,53.194630,On or near Crook Lane,E01018734,Cheshire West and Chester 035B,Violence and sexual offences,Unable to prosecute suspect,
3964000762fef2c42dc3fd918c1222a572639b1133fc386e8e98347730041a92,2021-12,Cheshire Constabulary,Cheshire Constabulary,-2.504511,53.194630,On or near Crook Lane,E01018734,Cheshire West and Chester 035B,Violence and sexual offences,Unable to prosecute suspect,
9b968c11e850da796e9e6a9594620e43416f706e69d228c1c614393ec52ddb89,2021-12,Cheshire Constabulary,Cheshire Constabulary,-2.504511,53.194630,On or near Crook Lane,E01018734,Cheshire West and Chester 035B,Violence and sexual offences,Unable to prosecute suspect,
cd6c8c64fbdc3f50a643b0c552549d63628062718e59021d9e778cefaec087f5,2021-12,Cheshire Constabulary,Cheshire Constabulary,-2.508598,53.192159,On or near Catalan Close,E01018734,Cheshire West and Chester 035B,Violence and sexual offences,Court result unavailable,
b69128dfd39fa0d4575b69d11e50cc6da793285ac15fc76ead68e6bb1f97feee,2021-12,Cheshire Constabulary,Cheshire Constabulary,-2.508055,53.193105,On or near Walnut Drive,E01018734,Cheshire West and Chester 035B,Violence and sexual offences,Unable to prosecute suspect,
9b455ccc7efa5843b5a0a9f39246a24b58972ed5f0836d74a627f1149396d405,2021-12,Cheshire Constabulary,Cheshire Constabulary,-2.502264,53.198361,On or near Bradbury Road,E01018748,Cheshire West and Chester 035C,Burglary,Investigation complete; no suspect identified,
a9b8ab1bc86edea0f4e82bbd4217fffc5186f3f5bbfb6e7c24ac48dc2a8ef2a9,2021-12,Cheshire Constabulary,Cheshire Constabulary,-2.505770,53.197339,On or near Esk Road,E01018748,Cheshire West and Chester 035C,Criminal damage and arson,Investigation complete; no suspect identified,
78f51f581f38fcec2c8786bf573d00ab7f261fc951269406085c6823aec52bd6,2021-12,Cheshire Constabulary,Cheshire Constabulary,-2.502264,53.198361,On or near Bradbury Road,E01018748,Cheshire West and Chester 035C,Criminal damage and arson,Unable to prosecute suspect,
a47ae3db5200b5773cce8fdfb9f1aa3b5c2a706ae1db695d4ea3c188b9d84312,2021-12,Cheshire Constabulary,Cheshire Constabulary,-2.505770,53.197339,On or near Esk Road,E01018748,Cheshire West and Chester 035C,Criminal damage and arson,Investigation complete; no suspect identified,
45f2451871847c767bd6e945b17571b741e7ac9deb6a05be78a2b77a8aaebdc9,2021-12,Cheshire Constabulary,Cheshire Constabulary,-2.502264,53.198361,On or near Bradbury Road,E01018748,Cheshire West and Chester 035C,Violence and sexual offences,Unable to prosecute suspect,
dfb7fbc5e7041c2b76491f84bc4ab185d808f96460343ede0578a49b8327d9b3,2021-12,Cheshire Constabulary,Cheshire Constabulary,-2.505770,53.197339,On or near Esk Road,E01018748,Cheshire West and Chester 035C,Violence and sexual offences,Unable to prosecute suspect,
a13597e394a4e74b2014c927d24d5fca96bf84cd9d39731b8dfa5d2fc649a263,2021-12,Cheshire Constabulary,Cheshire Constabulary,-2.505770,53.197339,On or near Esk Road,E01018748,Cheshire West and Chester 035C,Violence and sexual offences,Unable to prosecute suspect,
501632ff644999aa083fe8a61d6630720e78bf738cc586c6c629c66f2df00b19,2021-12,Cheshire Constabulary,Cheshire Constabulary,-2.505770,53.197339,On or near Esk Road,E01018748,Cheshire West and Chester 035C,Violence and sexual offences,Unable to prosecute suspect,
f876144b766e0531f5a2baae0140176b9b78150682231af05be5b3b8035e2d0b,2021-12,Cheshire Constabulary,Cheshire Constabulary,-2.502264,53.198361,On or near Bradbury Road,E01018748,Cheshire West and Chester 035C,Violence and sexual offences,Unable to prosecute suspect,
,2021-12,Cheshire Constabulary,Cheshire Constabulary,-2.508283,53.202282,On or near Maple Court,E01018749,Cheshire West and Chester 035D,Anti-social behaviour,,
,2021-12,Cheshire Constabulary,Cheshire Constabulary,-2.506918,53.203330,On or near Wharton Road,E01018749,Cheshire West and Chester 035D,Anti-social behaviour,,
4f0e963db63b19c1f421b62ddb687ff1336aee1b6ec88863b54009a73801e63c,2021-12,Cheshire Constabulary,Cheshire Constabulary,-2.495647,53.195728,On or near Road Two,E01018749,Cheshire West and Chester 035D,Burglary,Unable to prosecute suspect,
1d4fa23923014f689934249ab919ca2d74f3484057981c9cf6c66d148a3c6a1c,2021-12,Cheshire Constabulary,Cheshire Constabulary,-2.504831,53.206566,On or near Bostock Road,E01018749,Cheshire West and Chester 035D,Other theft,Investigation complete; no suspect identified,
ea4e1bb2620777133fbd19d83e4c2bd1b2bd842e5693aa0f1cea55b7b42565b7,2021-12,Cheshire Constabulary,Cheshire Constabulary,-2.507822,53.198715,On or near Supermarket,E01018749,Cheshire West and Chester 035D,Other theft,Investigation complete; no suspect identified,
8b0e7319b2fe2b7c3adafe1669aac775e0cbd23867032e112e7da607cb660e33,2021-12,Cheshire Constabulary,Cheshire Constabulary,-2.509469,53.203805,On or near Ecton Close,E01018749,Cheshire West and Chester 035D,Public order,Unable to prosecute suspect,
d022f0658bcddcd13853846917915b178b9bedc8da2c3ca73b99729e9aa2cbec,2021-12,Cheshire Constabulary,Cheshire Constabulary,-2.506115,53.202516,On or near Wharton Gardens,E01018749,Cheshire West and Chester 035D,Public order,Unable to prosecute suspect,
35d644b2e78440b1967fde2a78c2017fb09057e86857a2db0cd995f0a74ff6dd,2021-12,Cheshire Constabulary,Cheshire Constabulary,-2.506115,53.202516,On or near Wharton Gardens,E01018749,Cheshire West and Chester 035D,Public order,Unable to prosecute suspect,
729978d5b1cc3f6d52bdc93d1ab7128f2f6cff4ef809b92d5acf6175fb9f6391,2021-12,Cheshire Constabulary,Cheshire Constabulary,-2.507822,53.198715,On or near Supermarket,E01018749,Cheshire West and Chester 035D,Shoplifting,Unable to prosecute suspect,
ae1d4a790fdca484f96f8ecdabe05446e68b275b18afc4b9519c806b4a6df7db,2021-12,Cheshire Constabulary,Cheshire Constabulary,-2.506009,53.201087,On or near Park Avenue,E01018749,Cheshire West and Chester 035D,Violence and sexual offences,Unable to prosecute suspect,
be012509361bd77581025e6bf8ae63933a58cbd9e2999b484bdc85115523aa54,2021-12,Cheshire Constabulary,Cheshire Constabulary,-2.508773,53.204419,On or near Maidwell Close,E01018749,Cheshire West and Chester 035D,Violence and sexual offences,Unable to prosecute suspect,
e566f620356d581c490975b35e3074834391ad59f57b9a84c432b090d203d65d,2021-12,Cheshire Constabulary,Cheshire Constabulary,-2.506009,53.201087,On or near Park Avenue,E01018749,Cheshire West and Chester 035D,Violence and sexual offences,Unable to prosecute suspect,
3f262b8f9ef1ab4cc0c9f6e0bba95b1ae2a79e15482b3ac1743a61915c76b1d4,2021-12,Cheshire Constabulary,Cheshire Constabulary,-2.506009,53.201087,On or near Park Avenue,E01018749,Cheshire West and Chester 035D,Violence and sexual offences,Unable to prosecute suspect,
6405c1ae721e7e0c23440227310d037d84202b711627fa72d3fa8bd5d40047c8,2021-12,Cheshire Constabulary,Cheshire Constabulary,-2.506115,53.202516,On or near Wharton Gardens,E01018749,Cheshire West and Chester 035D,Violence and sexual offences,Unable to prosecute suspect,
98d40ca6c2a1e57593b8c6b77178d4258e4f2732924917a7c645158d5761339a,2021-12,Cheshire Constabulary,Cheshire Constabulary,-2.506009,53.201087,On or near Park Avenue,E01018749,Cheshire West and Chester 035D,Violence and sexual offences,Unable to prosecute suspect,
463c07688e21a1e81d4fe5b4d50ac4b92ba8b5ac644ad2a49e3491809db38b59,2021-12,Cheshire Constabulary,Cheshire Constabulary,-2.506009,53.201087,On or near Park Avenue,E01018749,Cheshire West and Chester 035D,Violence and sexual offences,Unable to prosecute suspect,
70455e1f66a49059a5cebee573b0ed600f70c16aa1cd728b210e5adc432df1be,2021-12,Cheshire Constabulary,Cheshire Constabulary,-2.506009,53.201087,On or near Park Avenue,E01018749,Cheshire West and Chester 035D,Violence and sexual offences,Unable to prosecute suspect,
a9111c42f8945c99321bde105fd094989d17beeb3395334150b3e83fe5b76200,2021-12,Cheshire Constabulary,Cheshire Constabulary,-2.506009,53.201087,On or near Park Avenue,E01018749,Cheshire West and Chester 035D,Violence and sexual offences,Unable to prosecute suspect,
4319b10b975eaf141991ea323f814741ac1c69d215879b7b7d5d076b65ef722a,2021-12,Cheshire Constabulary,Cheshire Constabulary,-2.506009,53.201087,On or near Park Avenue,E01018749,Cheshire West and Chester 035D,Violence and sexual offences,Unable to prosecute suspect,
9bbc3a6ed8b50b975a211a680a9e2d4fd332ab071c6b37a2c09dcd55e36d83c1,2021-12,Cheshire Constabulary,Cheshire Constabulary,-2.504831,53.206566,On or near Bostock Road,E01018749,Cheshire West and Chester 035D,Violence and sexual offences,Investigation complete; no suspect identified,
5f5a443ff0595abf7cd226983cac10dc84d8dfc3f88927f2e4793c337b82917e,2021-12,Cheshire Constabulary,Cheshire Constabulary,-2.509564,53.205458,On or near Holcot Court,E01018749,Cheshire West and Chester 035D,Violence and sexual offences,Unable to prosecute suspect,
5c18a528f9ac79a640582de5150bb800aed0f55d27e584b7579ed53929ea3d30,2021-12,Cheshire Constabulary,Cheshire Constabulary,-2.508283,53.202282,On or near Maple Court,E01018749,Cheshire West and Chester 035D,Violence and sexual offences,Unable to prosecute suspect,
67c5d855268df12d8ea4d6b3cfa312024971aa109eb411d80ad534027ff5686a,2021-12,Cheshire Constabulary,Cheshire Constabulary,-2.507378,53.200398,On or near Wharton Road,E01018749,Cheshire West and Chester 035D,Violence and sexual offences,Unable to prosecute suspect,
1e9ec62f15e040c1b5798b5b7315c0aecea73ade08c10eefe7a6738b775d51f5,2021-12,Cheshire Constabulary,Cheshire Constabulary,-2.507923,53.200917,On or near Lyndale Court,E01018749,Cheshire West and Chester 035D,Violence and sexual offences,Unable to prosecute suspect,
c94907fe9a2eac61a725241e4997571f97a6120f3571424e066416cbad9fb294,2021-12,Cheshire Constabulary,Cheshire Constabulary,-2.508283,53.202282,On or near Maple Court,E01018749,Cheshire West and Chester 035D,Violence and sexual offences,Unable to prosecute suspect,
d7f57d3920ef1b95bb011a0b135277d79e2c39ea28d31abc3900f123899f02b0,2021-12,Cheshire Constabulary,Cheshire Constabulary,-2.508773,53.204419,On or near Maidwell Close,E01018749,Cheshire West and Chester 035D,Violence and sexual offences,Unable to prosecute suspect,
abb4b043aa8a3f1e22c88a48707945221973f7d28110fbbed10759fd17c5d089,2021-12,Cheshire Constabulary,Cheshire Constabulary,-2.507378,53.200398,On or near Wharton Road,E01018749,Cheshire West and Chester 035D,Violence and sexual offences,Unable to prosecute suspect,
00202681105efb0da3327d2a81c1753bed6ae069ab3ecb230d28ec492165035b,2021-12,Cheshire Constabulary,Cheshire Constabulary,-2.505700,53.207920,On or near Smokehall Lane,E01018749,Cheshire West and Chester 035D,Other crime,Investigation complete; no suspect identified,
,2021-12,Cheshire Constabulary,Cheshire Constabulary,-2.866732,53.191367,On or near Cherry Road,E01018319,Cheshire West and Chester 036A,Anti-social behaviour,,
,2021-12,Cheshire Constabulary,Cheshire Constabulary,-2.866247,53.190301,On or near Christleton Road,E01018319,Cheshire West and Chester 036A,Anti-social behaviour,,
86e6195969cb01403a11266f5313160c6ca69f7b731f60c6008aea7c6b4a01a7,2021-12,Cheshire Constabulary,Cheshire Constabulary,-2.871132,53.194266,On or near Watertower View,E01018319,Cheshire West and Chester 036A,Criminal damage and arson,Investigation complete; no suspect identified,
a2574fa589cad3637fdcfdb2da6819bd6ce1cd8954975a0b9026750702442bea,2021-12,Cheshire Constabulary,Cheshire Constabulary,-2.865418,53.188545,On or near King'S Crescent West,E01018319,Cheshire West and Chester 036A,Violence and sexual offences,Court result unavailable,
7d5fe916859c0fe8032313b1775ab40c85c60669bdf019037413f5ad3e3b5192,2021-12,Cheshire Constabulary,Cheshire Constabulary,-2.869474,53.191473,On or near Parking Area,E01018319,Cheshire West and Chester 036A,Violence and sexual offences,Unable to prosecute suspect,
bd354e5d0ed768044490d9b3c7b37ee5beacd0cf51491bbb8b7afab2ee187ad0,2021-12,Cheshire Constabulary,Cheshire Constabulary,-2.866732,53.191367,On or near Cherry Road,E01018319,Cheshire West and Chester 036A,Violence and sexual offences,Investigation complete; no suspect identified,
82d6cf6804e1bbeda451c5b5af3de881ec46517aed2a40cb0185ceeadf0caf63,2021-12,Cheshire Constabulary,Cheshire Constabulary,-2.866247,53.190301,On or near Christleton Road,E01018319,Cheshire West and Chester 036A,Violence and sexual offences,Unable to prosecute suspect,
7400389c0b044b10590b4939fceff5a8fb7adf9cda748433dd5899bc14f2c7a9,2021-12,Cheshire Constabulary,Cheshire Constabulary,-2.867725,53.191621,On or near North Street,E01018319,Cheshire West and Chester 036A,Violence and sexual offences,Unable to prosecute suspect,
aba14d13d563bbac40ba56c562ee7e6d7e73bc8d9d095e6c77b0c45f24924734,2021-12,Cheshire Constabulary,Cheshire Constabulary,-2.866732,53.191367,On or near Cherry Road,E01018319,Cheshire West and Chester 036A,Violence and sexual offences,Unable to prosecute suspect,
07d2c26a7fdb5aa73989a075150fbd0ee571d5121b0dd9958ec57c577d2cf75d,2021-12,Cheshire Constabulary,Cheshire Constabulary,-2.860304,53.188016,On or near Kingsley Road,E01018319,Cheshire West and Chester 036A,Violence and sexual offences,Unable to prosecute suspect,
92d2a9aa23bb1b13cf8ab4fd35668f8f1d7d8cd692be9433d6a88d6589bbb289,2021-12,Cheshire Constabulary,Cheshire Constabulary,-2.860304,53.188016,On or near Kingsley Road,E01018319,Cheshire West and Chester 036A,Violence and sexual offences,Court result unavailable,
a4e3bc5a02f48e0b7124997f9a6e02c15ed1d08393be4be9e16ca13e2706a8bf,2021-12,Cheshire Constabulary,Cheshire Constabulary,-2.869848,53.192217,On or near Brassey Street,E01018319,Cheshire West and Chester 036A,Violence and sexual offences,Unable to prosecute suspect,
,2021-12,Cheshire Constabulary,Cheshire Constabulary,-2.876607,53.197776,On or near Parking Area,E01018344,Cheshire West and Chester 036B,Anti-social behaviour,,
a91384b9c17f1b51903ac7ca346763cc8ccd55966e79b67b53ab54b9fb0d85f4,2021-12,Cheshire Constabulary,Cheshire Constabulary,-2.868204,53.196067,On or near Wycliffe Court,E01018344,Cheshire West and Chester 036B,Burglary,Investigation complete; no suspect identified,
3156efee1b66788bc8fc8b24fdac9ddba929429f734772a277d13a0915a7c27b,2021-12,Cheshire Constabulary,Cheshire Constabulary,-2.867832,53.199117,On or near Laurel Grove,E01018344,Cheshire West and Chester 036B,Criminal damage and arson,Investigation complete; no suspect identified,
7126a3fddeade2a5736691e177234ca587c0524a5b86b3d47fa45bffe4e04fea,2021-12,Cheshire Constabulary,Cheshire Constabulary,-2.869738,53.197143,On or near Houghton Close,E01018344,Cheshire West and Chester 036B,Other theft,Investigation complete; no suspect identified,
e0f6275fd2d0fad0812a44cac05168a0832e39b740314e2a2f86059965b548b1,2021-12,Cheshire Constabulary,Cheshire Constabulary,-2.876607,53.197776,On or near Parking Area,E01018344,Cheshire West and Chester 036B,Violence and sexual offences,Unable to prosecute suspect,
1841bcbf8ea18fbf9c8fed9ae48a1925ccdd52d134d62c2a5e193b92cfcadeb5,2021-12,Cheshire Constabulary,Cheshire Constabulary,-2.855356,53.194290,On or near Sheldon Avenue,E01018381,Cheshire West and Chester 036C,Burglary,Investigation complete; no suspect identified,
7eac46ff2b28086f5dc8888fb5ba79e60daeaff243d583c1477ee71e1900a3b2,2021-12,Cheshire Constabulary,Cheshire Constabulary,-2.848073,53.194621,On or near Tarvin Road,E01018381,Cheshire West and Chester 036C,Public order,Investigation complete; no suspect identified,
29011b18e9df0f0869eda1d0a772249027bb31e4426f0009d78bfecb5eb43fe8,2021-12,Cheshire Constabulary,Cheshire Constabulary,-2.864275,53.195682,On or near Glamis Close,E01018382,Cheshire West and Chester 036D,Other theft,Investigation complete; no suspect identified,
bef955d3b210e221301331f3803d20b1fb5f8ecdf20bd536a81a3a7aa0e78d7e,2021-12,Cheshire Constabulary,Cheshire Constabulary,-2.863788,53.190067,On or near Beechlands Avenue,E01018382,Cheshire West and Chester 036D,Other theft,Investigation complete; no suspect identified,
709ede67978b152eb4495c8f608e044e5343b2aad79953cb2c64c6f74d2731e8,2021-12,Cheshire Constabulary,Cheshire Constabulary,-2.864962,53.195587,On or near Stirling Close,E01018382,Cheshire West and Chester 036D,Violence and sexual offences,Unable to prosecute suspect,
,2021-12,Cheshire Constabulary,Cheshire Constabulary,-2.552367,53.191451,On or near Meadow Rise,E01018736,Cheshire West and Chester 037A,Anti-social behaviour,,
,2021-12,Cheshire Constabulary,Cheshire Constabulary,-2.545098,53.185912,On or near Pentland Close,E01018736,Cheshire West and Chester 037A,Anti-social behaviour,,
3074a03576d9ba612dbb0a063905f62b43d7580f4058aca5fcbfb8026e1b1385,2021-12,Cheshire Constabulary,Cheshire Constabulary,-2.549268,53.191331,On or near Carlisle Close,E01018736,Cheshire West and Chester 037A,Drugs,Local resolution,
25f691d9e8ab5a45ffd99ad5a24695c728c3674c0ed0d8ff3abbe07d9cedac82,2021-12,Cheshire Constabulary,Cheshire Constabulary,-2.542858,53.188655,On or near Woodford Lane,E01018736,Cheshire West and Chester 037A,Violence and sexual offences,Investigation complete; no suspect identified,
86c79247bf774a3d1a2df3705af70c11236a9e28c2392c59c28723788a17e0cf,2021-12,Cheshire Constabulary,Cheshire Constabulary,-2.543916,53.191832,On or near St Johns Court,E01018736,Cheshire West and Chester 037A,Violence and sexual offences,Unable to prosecute suspect,
ecc3e07680d2eb5816fef22a6889a8ac17779560387705d0bda132ed2520d098,2021-12,Cheshire Constabulary,Cheshire Constabulary,-2.552367,53.191451,On or near Meadow Rise,E01018736,Cheshire West and Chester 037A,Violence and sexual offences,Unable to prosecute suspect,
19b7a881dc4bc6f88622bf0dfa4c802692bd8e2295a1db8aac70e45cd4de94dd,2021-12,Cheshire Constabulary,Cheshire Constabulary,-2.552367,53.191451,On or near Meadow Rise,E01018736,Cheshire West and Chester 037A,Violence and sexual offences,Unable to prosecute suspect,
,2021-12,Cheshire Constabulary,Cheshire Constabulary,-2.556561,53.189391,On or near Oakmere Road,E01018737,Cheshire West and Chester 037B,Anti-social behaviour,,
ce2d60555dfe6871545e5c27e87897d8d280a1a6d303fb4a0e6990ce690638db,2021-12,Cheshire Constabulary,Cheshire Constabulary,-2.553931,53.193152,On or near Harewood Close,E01018737,Cheshire West and Chester 037B,Burglary,Investigation complete; no suspect identified,
61e63534a55782b3cc3600f020f501e900b555326b8bd3dac8c2e1f2263abc60,2021-12,Cheshire Constabulary,Cheshire Constabulary,-2.560690,53.198397,On or near Chester Lane,E01018737,Cheshire West and Chester 037B,Criminal damage and arson,Investigation complete; no suspect identified,
16fe43faa342e317c54a56f23a8498bb564ddb6282bf6ed7cc50ccfb3a4455a1,2021-12,Cheshire Constabulary,Cheshire Constabulary,-2.553931,53.193152,On or near Harewood Close,E01018737,Cheshire West and Chester 037B,Other theft,Investigation complete; no suspect identified,
71abb4db5f6af2b3d3495b7896de4834ba683ab199a8b7dce5274c47f8ee2b71,2021-12,Cheshire Constabulary,Cheshire Constabulary,-2.554016,53.188181,On or near Broomfield Close,E01018737,Cheshire West and Chester 037B,Other theft,Investigation complete; no suspect identified,
853c568830d2f14e42e103e174c3dad724acc70c000083105bc80e6f28810d5c,2021-12,Cheshire Constabulary,Cheshire Constabulary,-2.560690,53.198397,On or near Chester Lane,E01018737,Cheshire West and Chester 037B,Violence and sexual offences,Unable to prosecute suspect,
ac307c7278c7cc5ad1274918d480c0fc8c0f7b363579003c8f6a4c078e0f4452,2021-12,Cheshire Constabulary,Cheshire Constabulary,-2.554016,53.188181,On or near Broomfield Close,E01018737,Cheshire West and Chester 037B,Violence and sexual offences,Unable to prosecute suspect,
,2021-12,Cheshire Constabulary,Cheshire Constabulary,-2.538624,53.199496,On or near Alundale Road,E01018743,Cheshire West and Chester 037C,Anti-social behaviour,,
,2021-12,Cheshire Constabulary,Cheshire Constabulary,-2.538624,53.199496,On or near Alundale Road,E01018743,Cheshire West and Chester 037C,Anti-social behaviour,,
fbdd97576c3dabec49daf695420a6dfd7f9e17d965c0b0ce0dbf5338c590adb5,2021-12,Cheshire Constabulary,Cheshire Constabulary,-2.533734,53.199932,On or near Shepherds Fold Drive,E01018743,Cheshire West and Chester 037C,Criminal damage and arson,Investigation complete; no suspect identified,
f8bb81f495da0d987d071baeed28bf9db8c383e943da7231cce08dfdde66b261,2021-12,Cheshire Constabulary,Cheshire Constabulary,-2.536054,53.199913,On or near Meadow Close,E01018743,Cheshire West and Chester 037C,Public order,Investigation complete; no suspect identified,
a870f1ca70f9ce0122dbeeff73ddbde783fc54ed55bffe186f4b2625b4ff43bd,2021-12,Cheshire Constabulary,Cheshire Constabulary,-2.538624,53.199496,On or near Alundale Road,E01018743,Cheshire West and Chester 037C,Violence and sexual offences,Status update unavailable,
b1caccc52f6617d4ab2d2b09a3c582d7509c47e2ff69347f30f8423d1cb84bab,2021-12,Cheshire Constabulary,Cheshire Constabulary,-2.538624,53.199496,On or near Alundale Road,E01018743,Cheshire West and Chester 037C,Violence and sexual offences,Status update unavailable,
,2021-12,Cheshire Constabulary,Cheshire Constabulary,-2.548893,53.194802,On or near Bexton Avenue,E01018744,Cheshire West and Chester 037D,Anti-social behaviour,,
,2021-12,Cheshire Constabulary,Cheshire Constabulary,-2.539135,53.193750,On or near Brindley Avenue,E01018744,Cheshire West and Chester 037D,Anti-social behaviour,,
1f31d5161b263315615009f1ababbc92cb7a784f09526cc2043a00ca01278aec,2021-12,Cheshire Constabulary,Cheshire Constabulary,-2.539135,53.193750,On or near Brindley Avenue,E01018744,Cheshire West and Chester 037D,Criminal damage and arson,Unable to prosecute suspect,
6c8024bbd7b27094b2bc024265f00867c41d7445deaaa83d91bf7939e058daaa,2021-12,Cheshire Constabulary,Cheshire Constabulary,-2.550163,53.195821,On or near Saunton Close,E01018744,Cheshire West and Chester 037D,Criminal damage and arson,Investigation complete; no suspect identified,
0422c055c5ddd2e9f2a9f2f2a17690fb4cb364ee8de9adf1f9351252cfe9b690,2021-12,Cheshire Constabulary,Cheshire Constabulary,-2.546657,53.195514,On or near Picton Drive,E01018744,Cheshire West and Chester 037D,Criminal damage and arson,Unable to prosecute suspect,
24df6f68b49d8cfaea675ff2a10f672b62a273b7967632218838a92c3f3c9010,2021-12,Cheshire Constabulary,Cheshire Constabulary,-2.539135,53.193750,On or near Brindley Avenue,E01018744,Cheshire West and Chester 037D,Public order,Investigation complete; no suspect identified,
537f9b4cccd6efe2876581cd833e05d5ffb34508c80892699184efa9b86e4b7a,2021-12,Cheshire Constabulary,Cheshire Constabulary,-2.539135,53.193750,On or near Brindley Avenue,E01018744,Cheshire West and Chester 037D,Violence and sexual offences,Investigation complete; no suspect identified,
a2b390f4d9bd9ae5e443e17107a7f0a4854f4b76f345d0eef8623de4f8c0c70c,2021-12,Cheshire Constabulary,Cheshire Constabulary,-2.539135,53.193750,On or near Brindley Avenue,E01018744,Cheshire West and Chester 037D,Violence and sexual offences,Investigation complete; no suspect identified,
055151f7c7c3556eb0a1f1f3eb24ba260d80747de7292a56b28bda2a42f980ad,2021-12,Cheshire Constabulary,Cheshire Constabulary,-2.547153,53.198046,On or near Carnoustie Close,E01018744,Cheshire West and Chester 037D,Violence and sexual offences,Unable to prosecute suspect,
cb191fe089559aa5e3399a3a2b1df00f88aad84361cb14e8f2414816f4ef64e0,2021-12,Cheshire Constabulary,Cheshire Constabulary,-2.547153,53.198046,On or near Carnoustie Close,E01018744,Cheshire West and Chester 037D,Violence and sexual offences,Unable to prosecute suspect,
22b47c02b9e1ad2173e1dc3615a5edd77bbaad191be9f5b5a644e029aa0ee0d0,2021-12,Cheshire Constabulary,Cheshire Constabulary,-2.546657,53.195514,On or near Picton Drive,E01018744,Cheshire West and Chester 037D,Violence and sexual offences,Unable to prosecute suspect,
3df2ba918af6ddb2bdc1f4bd93e5f118715a4329e88b6d15ff020ae883967e98,2021-12,Cheshire Constabulary,Cheshire Constabulary,-2.548893,53.194802,On or near Bexton Avenue,E01018744,Cheshire West and Chester 037D,Violence and sexual offences,Unable to prosecute suspect,
,2021-12,Cheshire Constabulary,Cheshire Constabulary,-2.529970,53.192083,On or near Parking Area,E01018732,Cheshire West and Chester 038A,Anti-social behaviour,,
,2021-12,Cheshire Constabulary,Cheshire Constabulary,-2.527358,53.190288,On or near The Drumber,E01018732,Cheshire West and Chester 038A,Anti-social behaviour,,
,2021-12,Cheshire Constabulary,Cheshire Constabulary,-2.528380,53.190616,On or near Supermarket,E01018732,Cheshire West and Chester 038A,Anti-social behaviour,,
,2021-12,Cheshire Constabulary,Cheshire Constabulary,-2.533269,53.188977,On or near Lower Haigh Street,E01018732,Cheshire West and Chester 038A,Anti-social behaviour,,
,2021-12,Cheshire Constabulary,Cheshire Constabulary,-2.528380,53.190616,On or near Supermarket,E01018732,Cheshire West and Chester 038A,Anti-social behaviour,,
,2021-12,Cheshire Constabulary,Cheshire Constabulary,-2.533269,53.188977,On or near Lower Haigh Street,E01018732,Cheshire West and Chester 038A,Anti-social behaviour,,
,2021-12,Cheshire Constabulary,Cheshire Constabulary,-2.528405,53.192684,On or near High Street,E01018732,Cheshire West and Chester 038A,Anti-social behaviour,,
,2021-12,Cheshire Constabulary,Cheshire Constabulary,-2.529585,53.191240,On or near Shopping Area,E01018732,Cheshire West and Chester 038A,Anti-social behaviour,,
,2021-12,Cheshire Constabulary,Cheshire Constabulary,-2.528396,53.191929,On or near Shopping Area,E01018732,Cheshire West and Chester 038A,Anti-social behaviour,,
,2021-12,Cheshire Constabulary,Cheshire Constabulary,-2.534984,53.188492,On or near Upper Haigh Street,E01018732,Cheshire West and Chester 038A,Anti-social behaviour,,
,2021-12,Cheshire Constabulary,Cheshire Constabulary,-2.539440,53.187016,On or near Handley Hill,E01018732,Cheshire West and Chester 038A,Anti-social behaviour,,
,2021-12,Cheshire Constabulary,Cheshire Constabulary,-2.532574,53.190894,On or near Dean Street,E01018732,Cheshire West and Chester 038A,Anti-social behaviour,,
,2021-12,Cheshire Constabulary,Cheshire Constabulary,-2.526442,53.191263,On or near Parking Area,E01018732,Cheshire West and Chester 038A,Anti-social behaviour,,
,2021-12,Cheshire Constabulary,Cheshire Constabulary,-2.539440,53.187016,On or near Handley Hill,E01018732,Cheshire West and Chester 038A,Anti-social behaviour,,
,2021-12,Cheshire Constabulary,Cheshire Constabulary,-2.528380,53.190616,On or near Supermarket,E01018732,Cheshire West and Chester 038A,Anti-social behaviour,,
a8040713fe57bc378efa5b81edb6a563b231d76bb1d552d75f53ccab70f57de7,2021-12,Cheshire Constabulary,Cheshire Constabulary,-2.526442,53.191263,On or near Parking Area,E01018732,Cheshire West and Chester 038A,Bicycle theft,Investigation complete; no suspect identified,
207c8bbe51376c2798e4d223f7d946118e2b122621d674bd87a675e53ee0c892,2021-12,Cheshire Constabulary,Cheshire Constabulary,-2.528380,53.190616,On or near Supermarket,E01018732,Cheshire West and Chester 038A,Criminal damage and arson,Investigation complete; no suspect identified,
aa6f9449da3d4fdef3a7b9466596b6b3d13bf4d82f7f6edfe664c25406b395a7,2021-12,Cheshire Constabulary,Cheshire Constabulary,-2.527358,53.190288,On or near The Drumber,E01018732,Cheshire West and Chester 038A,Drugs,Court result unavailable,
eba4131d4c6cd7a5f1ebcb7f241514e2dbeab40b18ff1d6a2825e87c53a34d01,2021-12,Cheshire Constabulary,Cheshire Constabulary,-2.527358,53.190288,On or near The Drumber,E01018732,Cheshire West and Chester 038A,Public order,Unable to prosecute suspect,
014bda37bb17e9dc3634b23f52d73d2f539a0c5464dc786e1f1d612baa172330,2021-12,Cheshire Constabulary,Cheshire Constabulary,-2.535306,53.190334,On or near Latham Street,E01018732,Cheshire West and Chester 038A,Public order,Unable to prosecute suspect,
728283cd7979da900ff197e819823739bfe7432524d3cb263c3e1590f71181c6,2021-12,Cheshire Constabulary,Cheshire Constabulary,-2.528405,53.192684,On or near High Street,E01018732,Cheshire West and Chester 038A,Public order,Investigation complete; no suspect identified,
e00295689a1c12b77c14cf5fe4253043cf184001b1b770f2a602a40993cad6c3,2021-12,Cheshire Constabulary,Cheshire Constabulary,-2.527358,53.190288,On or near The Drumber,E01018732,Cheshire West and Chester 038A,Shoplifting,Court result unavailable,
83690075cfd256db0a8c229b6429c4b81f37c517c307c4c2aee22e4cd6b0815a,2021-12,Cheshire Constabulary,Cheshire Constabulary,-2.528396,53.191929,On or near Shopping Area,E01018732,Cheshire West and Chester 038A,Shoplifting,Court result unavailable,
81587b90403dce34bace9ca10163f9291acf5fc43d23111bea953d3e0a33f9a1,2021-12,Cheshire Constabulary,Cheshire Constabulary,-2.539440,53.187016,On or near Handley Hill,E01018732,Cheshire West and Chester 038A,Vehicle crime,Investigation complete; no suspect identified,
97928f7536b25700402e04ee4d9634ecca48d498a1741cb56d8835d08cfe8197,2021-12,Cheshire Constabulary,Cheshire Constabulary,-2.529585,53.191240,On or near Shopping Area,E01018732,Cheshire West and Chester 038A,Violence and sexual offences,Unable to prosecute suspect,
110a7d77586ca39bc6666f83412e3527be6fb82813315e8c56521c277f29e5e9,2021-12,Cheshire Constabulary,Cheshire Constabulary,-2.529585,53.191240,On or near Shopping Area,E01018732,Cheshire West and Chester 038A,Violence and sexual offences,Unable to prosecute suspect,
9f898c2e8ee21b036906cc85f5dee2179cc0bd24c27f6478ac37964801680095,2021-12,Cheshire Constabulary,Cheshire Constabulary,-2.529585,53.191240,On or near Shopping Area,E01018732,Cheshire West and Chester 038A,Violence and sexual offences,Unable to prosecute suspect,
3ddef01a1a800f11c98d69e4c99a6a9860cf315c3362f03c752266b43657ef09,2021-12,Cheshire Constabulary,Cheshire Constabulary,-2.536114,53.187885,On or near Lime Tree Close,E01018732,Cheshire West and Chester 038A,Violence and sexual offences,Unable to prosecute suspect,
c6aa2057d0d335ad8700b7304d254a532fec190e160526ec561d21bbe317006c,2021-12,Cheshire Constabulary,Cheshire Constabulary,-2.529585,53.191240,On or near Shopping Area,E01018732,Cheshire West and Chester 038A,Violence and sexual offences,Unable to prosecute suspect,
f566e4aa79cb262931971e4df62e4ce78188a0c4a16261ca86a052ded77907b2,2021-12,Cheshire Constabulary,Cheshire Constabulary,-2.536114,53.187885,On or near Lime Tree Close,E01018732,Cheshire West and Chester 038A,Violence and sexual offences,Unable to prosecute suspect,
0336bc213b175a825d2b5ed3107adc709fe9a7807837a5f28e6063192c5606f6,2021-12,Cheshire Constabulary,Cheshire Constabulary,-2.529585,53.191240,On or near Shopping Area,E01018732,Cheshire West and Chester 038A,Violence and sexual offences,Unable to prosecute suspect,
b2cc70b2389b0cdddae533845120a3b2ed64557001781d67cc76f0dfd416eeb8,2021-12,Cheshire Constabulary,Cheshire Constabulary,-2.529585,53.191240,On or near Shopping Area,E01018732,Cheshire West and Chester 038A,Violence and sexual offences,Unable to prosecute suspect,
fd958a72b088df2c138f99e5117afdccef473cafc25aab0b87f974a7ba820d55,2021-12,Cheshire Constabulary,Cheshire Constabulary,-2.533269,53.188977,On or near Lower Haigh Street,E01018732,Cheshire West and Chester 038A,Violence and sexual offences,Unable to prosecute suspect,
8bf37e7a7c4448fdb0f5443265c529b253293ba4cc68c93e7da4c4449fd446af,2021-12,Cheshire Constabulary,Cheshire Constabulary,-2.528405,53.192684,On or near High Street,E01018732,Cheshire West and Chester 038A,Violence and sexual offences,Action to be taken by another organisation,
,2021-12,Cheshire Constabulary,Cheshire Constabulary,-2.540230,53.191561,On or near Tatton Close,E01018745,Cheshire West and Chester 038B,Anti-social behaviour,,
,2021-12,Cheshire Constabulary,Cheshire Constabulary,-2.539474,53.190926,On or near Denton Close,E01018745,Cheshire West and Chester 038B,Anti-social behaviour,,
773f32dfe49397eae210a8f4e89d57f543e3de4b04e14cf7fc56d4b83a1513a4,2021-12,Cheshire Constabulary,Cheshire Constabulary,-2.539951,53.191958,On or near Moss Bank,E01018745,Cheshire West and Chester 038B,Criminal damage and arson,Investigation complete; no suspect identified,
32b2cc5465469d1d72d87613291baecb82d2d2be56143187608bb1b3c8a59493,2021-12,Cheshire Constabulary,Cheshire Constabulary,-2.539474,53.190926,On or near Denton Close,E01018745,Cheshire West and Chester 038B,Violence and sexual offences,Court result unavailable,
ab466d66cac48e64c20bfbaeebdef53e0a905e0b2e5ca4fb0f2235f20be41562,2021-12,Cheshire Constabulary,Cheshire Constabulary,-2.539474,53.190926,On or near Denton Close,E01018745,Cheshire West and Chester 038B,Violence and sexual offences,Court result unavailable,
fddeee6ef685bb9021567b2865befebcf7f9210f6789d24bfe65b2daecf1315e,2021-12,Cheshire Constabulary,Cheshire Constabulary,-2.539474,53.190926,On or near Denton Close,E01018745,Cheshire West and Chester 038B,Violence and sexual offences,Unable to prosecute suspect,
,2021-12,Cheshire Constabulary,Cheshire Constabulary,-2.521436,53.194359,On or near River View,E01018746,Cheshire West and Chester 038C,Anti-social behaviour,,
,2021-12,Cheshire Constabulary,Cheshire Constabulary,-2.534093,53.195121,On or near Joyce Avenue,E01018746,Cheshire West and Chester 038C,Anti-social behaviour,,
04b04944420008dba268ba4f3a3b8508651033690deed6748a7c475db0396fda,2021-12,Cheshire Constabulary,Cheshire Constabulary,-2.534093,53.195121,On or near Joyce Avenue,E01018746,Cheshire West and Chester 038C,Public order,Unable to prosecute suspect,
25666e00ce93b66c82fb34897d23dca19d5ddf69c8d889bcdf7dd9c035801ea3,2021-12,Cheshire Constabulary,Cheshire Constabulary,-2.520842,53.193472,On or near Saville Rise,E01018746,Cheshire West and Chester 038C,Shoplifting,Investigation complete; no suspect identified,
6b886fc94091c77186cae369ef6494d4cfbf8b10201cb6d720a9ebbe8efe9f02,2021-12,Cheshire Constabulary,Cheshire Constabulary,-2.538420,53.197610,On or near Lytham Drive,E01018746,Cheshire West and Chester 038C,Violence and sexual offences,Unable to prosecute suspect,
a3f3410f38a9ec0a58d9fbc9aa9a87694e32632303555db11f89cc64d80a4b0f,2021-12,Cheshire Constabulary,Cheshire Constabulary,-2.534093,53.195121,On or near Joyce Avenue,E01018746,Cheshire West and Chester 038C,Violence and sexual offences,Unable to prosecute suspect,
a60f2e553c956dd068ca7c027552f833d34c72fb84a32266dd54b7b57504fdc2,2021-12,Cheshire Constabulary,Cheshire Constabulary,-2.534093,53.195121,On or near Joyce Avenue,E01018746,Cheshire West and Chester 038C,Violence and sexual offences,Unable to prosecute suspect,
d9037521a368f729217442627d865e3696098f282e307cdb15aa78ad193de92a,2021-12,Cheshire Constabulary,Cheshire Constabulary,-2.537606,53.197146,On or near Verdin Close,E01018746,Cheshire West and Chester 038C,Violence and sexual offences,Unable to prosecute suspect,
abe415a3a8483d66d247bac2ed2572df32b8cf0e4f46caa043229e366dd1ba44,2021-12,Cheshire Constabulary,Cheshire Constabulary,-2.519203,53.194144,On or near New Road,E01018746,Cheshire West and Chester 038C,Violence and sexual offences,Court result unavailable,
0395e759584ade3366164d07c146bac8554be3e8fa8196645762fc963d509a45,2021-12,Cheshire Constabulary,Cheshire Constabulary,-2.522222,53.192549,On or near High Street,E01018746,Cheshire West and Chester 038C,Violence and sexual offences,Unable to prosecute suspect,
58f9d252d931a11409512e97ad3a0651d470a13c9cb32969a5a7ba1bc6d9f030,2021-12,Cheshire Constabulary,Cheshire Constabulary,-2.534093,53.195121,On or near Joyce Avenue,E01018746,Cheshire West and Chester 038C,Violence and sexual offences,Unable to prosecute suspect,
f8b2483466501bdb7030ddfdde24a44936fadce51a02855f8e5303f5a4c2cab1,2021-12,Cheshire Constabulary,Cheshire Constabulary,-2.524476,53.193231,On or near Siddorn Street,E01018746,Cheshire West and Chester 038C,Violence and sexual offences,Investigation complete; no suspect identified,
427acdca6777da5578f65cbb80dd40023fb6ca2ad4673cc016272f6fefda2a6f,2021-12,Cheshire Constabulary,Cheshire Constabulary,-2.525909,53.192946,On or near Collingham Way,E01018746,Cheshire West and Chester 038C,Violence and sexual offences,Unable to prosecute suspect,
45e12db39ba160afabae2bd9d406ffef6cae151c7e7997cc7fa4467c4b3638cb,2021-12,Cheshire Constabulary,Cheshire Constabulary,-2.525909,53.192946,On or near Collingham Way,E01018746,Cheshire West and Chester 038C,Violence and sexual offences,Unable to prosecute suspect,
ced3c7ee2803185b0b44a2413b48e382f549da4f4e46dc53fe2d3dab26672f6c,2021-12,Cheshire Constabulary,Cheshire Constabulary,-2.524476,53.193231,On or near Siddorn Street,E01018746,Cheshire West and Chester 038C,Violence and sexual offences,Court result unavailable,
ca3869b6e07b35ba0a9624d184853ff45b8518aea96fe24354b85e324382077d,2021-12,Cheshire Constabulary,Cheshire Constabulary,-2.537606,53.197146,On or near Verdin Close,E01018746,Cheshire West and Chester 038C,Violence and sexual offences,Unable to prosecute suspect,
1d5b8d7427b0952d68a242e78c4cd163221cdffd0ff42f31ecffa5b02b5342ac,2021-12,Cheshire Constabulary,Cheshire Constabulary,-2.509473,53.195274,On or near Scholar Rise,E01018747,Cheshire West and Chester 038D,Burglary,Investigation complete; no suspect identified,
99f9cffbc4f9c1f2d02d1da09aef7d2ca2ffe7b62a3f29580fd0c7d573cd9fa6,2021-12,Cheshire Constabulary,Cheshire Constabulary,-2.509473,53.195274,On or near Scholar Rise,E01018747,Cheshire West and Chester 038D,Burglary,Investigation complete; no suspect identified,
6a699b95e8d12e5135456394d7bffe6e6da355e4e97b95a4a49016a6b5bb216a,2021-12,Cheshire Constabulary,Cheshire Constabulary,-2.509473,53.195274,On or near Scholar Rise,E01018747,Cheshire West and Chester 038D,Criminal damage and arson,Investigation complete; no suspect identified,
df4b77235ab9a94822a2f7dde8f0f2b20a11fe31bc848d38c233fe5d88daae54,2021-12,Cheshire Constabulary,Cheshire Constabulary,-2.512539,53.195126,On or near Spey Close,E01018747,Cheshire West and Chester 038D,Criminal damage and arson,Investigation complete; no suspect identified,
5c0433773ebfd96dd663906baca33b6ba6e786345835da370061113860472da4,2021-12,Cheshire Constabulary,Cheshire Constabulary,-2.512487,53.190713,On or near Henley Drive,E01018747,Cheshire West and Chester 038D,Criminal damage and arson,Unable to prosecute suspect,
c77f822fd71fa0cdaba4fc63d6def071fda2dcde2f14051831d63232d62be249,2021-12,Cheshire Constabulary,Cheshire Constabulary,-2.511296,53.198835,On or near Nat Lane,E01018747,Cheshire West and Chester 038D,Other theft,Unable to prosecute suspect,
4a34ef810473552be2aead28595857a068f14945e569e118a095c6ccb6e682e5,2021-12,Cheshire Constabulary,Cheshire Constabulary,-2.513923,53.196891,On or near Supermarket,E01018747,Cheshire West and Chester 038D,Public order,Investigation complete; no suspect identified,
d8a6b49421504ee5c8e4bec32bfe73fa73eb89b9fe9253b09e92635965778042,2021-12,Cheshire Constabulary,Cheshire Constabulary,-2.513923,53.196891,On or near Supermarket,E01018747,Cheshire West and Chester 038D,Public order,Unable to prosecute suspect,
d7a9802736867b29983e5df7d140ef388105140118c67587a4ff3b224eeeca7c,2021-12,Cheshire Constabulary,Cheshire Constabulary,-2.515429,53.197675,On or near Petrol Station,E01018747,Cheshire West and Chester 038D,Robbery,Unable to prosecute suspect,
77c1706c072b48ff0856d89856dbc86a808fc57492aa3d87d7d194158c85b681,2021-12,Cheshire Constabulary,Cheshire Constabulary,-2.515348,53.193442,On or near A5018,E01018747,Cheshire West and Chester 038D,Robbery,Investigation complete; no suspect identified,
e0ccf42518001821a48f068ef7ad5d81353f84ca7d6995a8df948e31fa4df5e7,2021-12,Cheshire Constabulary,Cheshire Constabulary,-2.515429,53.197675,On or near Petrol Station,E01018747,Cheshire West and Chester 038D,Shoplifting,Investigation complete; no suspect identified,
cb52fc7d6d0610bc44f3c482621f2a08566e7283187fbcdd4cd5585ac3663e76,2021-12,Cheshire Constabulary,Cheshire Constabulary,-2.513923,53.196891,On or near Supermarket,E01018747,Cheshire West and Chester 038D,Violence and sexual offences,Offender given a caution,
bbe3cfece6b0ff611566c4c88441159cf2276505154dcb9ec20ee199d195c5b9,2021-12,Cheshire Constabulary,Cheshire Constabulary,-2.509473,53.195274,On or near Scholar Rise,E01018747,Cheshire West and Chester 038D,Violence and sexual offences,Unable to prosecute suspect,
297b4d9821f3d78de61f4e0d3319b046bad1def2b30f224d314d1936602f313a,2021-12,Cheshire Constabulary,Cheshire Constabulary,-2.514410,53.192628,On or near Barton Court,E01018747,Cheshire West and Chester 038D,Violence and sexual offences,Unable to prosecute suspect,
aa9388511344177a5fe6e12c828d2e439899314c19a84e79a308c6995dc6d7aa,2021-12,Cheshire Constabulary,Cheshire Constabulary,-2.508163,53.194659,On or near Princess Street,E01018747,Cheshire West and Chester 038D,Violence and sexual offences,Unable to prosecute suspect,
79bb4a40191c3ebfadc039fe97d1a62aab931953187b6cb958b59b9e3e38ef26,2021-12,Cheshire Constabulary,Cheshire Constabulary,-2.514410,53.192628,On or near Barton Court,E01018747,Cheshire West and Chester 038D,Violence and sexual offences,Unable to prosecute suspect,
0bbef26d5b2866dcbf01b51415694bb71e57ad0ceac15cee30fda035edd8c3ae,2021-12,Cheshire Constabulary,Cheshire Constabulary,-2.515429,53.197675,On or near Petrol Station,E01018747,Cheshire West and Chester 038D,Violence and sexual offences,Unable to prosecute suspect,
9785745db7fd658e1edb0c5e8094b25e2f409f9d7715e2340e14d115397a3191,2021-12,Cheshire Constabulary,Cheshire Constabulary,-2.509473,53.195274,On or near Scholar Rise,E01018747,Cheshire West and Chester 038D,Violence and sexual offences,Unable to prosecute suspect,
7810929f7c01a04aee5eebc3764955d2488245987d3c9fe7f1b3fc4768b03b53,2021-12,Cheshire Constabulary,Cheshire Constabulary,-2.509473,53.195274,On or near Scholar Rise,E01018747,Cheshire West and Chester 038D,Violence and sexual offences,Unable to prosecute suspect,
,2021-12,Cheshire Constabulary,Cheshire Constabulary,-2.836606,53.181515,On or near Bythom Close,E01018323,Cheshire West and Chester 039A,Anti-social behaviour,,
,2021-12,Cheshire Constabulary,Cheshire Constabulary,-2.845165,53.183774,On or near White Lane,E01018324,Cheshire West and Chester 039B,Anti-social behaviour,,
048c434e8380dbeecf4d13d754eee0152d46d48e512db93bd184659a035c7331,2021-12,Cheshire Constabulary,Cheshire Constabulary,-2.845165,53.183774,On or near White Lane,E01018324,Cheshire West and Chester 039B,Vehicle crime,Investigation complete; no suspect identified,
4ccd8e60b91bbefd7cbb84cc87972c225573a3a67064302ac853c345db6ac62e,2021-12,Cheshire Constabulary,Cheshire Constabulary,-2.845165,53.183774,On or near White Lane,E01018324,Cheshire West and Chester 039B,Violence and sexual offences,Unable to prosecute suspect,
f03018142f8d25a0bc050e19c0527a92d0f022bf74cd2e94a60dfe9e69386ff6,2021-12,Cheshire Constabulary,Cheshire Constabulary,-2.845165,53.183774,On or near White Lane,E01018324,Cheshire West and Chester 039B,Violence and sexual offences,Unable to prosecute suspect,
2916f1b01f3075c823b4e6136092c1d139c5221967ac41a5f6ed53d9b08771ce,2021-12,Cheshire Constabulary,Cheshire Constabulary,-2.838823,53.182398,On or near Rowan Park,E01018324,Cheshire West and Chester 039B,Violence and sexual offences,Unable to prosecute suspect,
0533ac142d7359f0135cd7f7c3cacc551f0b46b3e515f9f3e5332b928cdb4180,2021-12,Cheshire Constabulary,Cheshire Constabulary,-2.845165,53.183774,On or near White Lane,E01018324,Cheshire West and Chester 039B,Violence and sexual offences,Unable to prosecute suspect,
c914607c2c1aad58544096299818745d188527a5984ce074baf52cd74d6c4d63,2021-12,Cheshire Constabulary,Cheshire Constabulary,-2.845165,53.183774,On or near White Lane,E01018324,Cheshire West and Chester 039B,Violence and sexual offences,Unable to prosecute suspect,
a4ee18feb59f6636f4bd11dd9eaac82d1d07a80d15ac1e85d18bd2e35c5fc0bc,2021-12,Cheshire Constabulary,Cheshire Constabulary,-2.845165,53.183774,On or near White Lane,E01018324,Cheshire West and Chester 039B,Violence and sexual offences,Unable to prosecute suspect,
eaf84962a6c31ac3755cddeb12be74deb2c67c3ca4ddfc5e9744b207411792d0,2021-12,Cheshire Constabulary,Cheshire Constabulary,-2.831224,53.208835,On or near School Lane,E01018325,Cheshire West and Chester 039C,Burglary,Investigation complete; no suspect identified,
cc031672f377572ee1a4509f590b053bf6964df1577599747fa98ad604c6a4e2,2021-12,Cheshire Constabulary,Cheshire Constabulary,-2.831433,53.208042,On or near Arrowcroft Road,E01018325,Cheshire West and Chester 039C,Criminal damage and arson,Investigation complete; no suspect identified,
63da6b03373b4db5eb6c8f728fdaac01f77bd652a050c50de172cfd8c2ed8456,2021-12,Cheshire Constabulary,Cheshire Constabulary,-2.831433,53.208042,On or near Arrowcroft Road,E01018325,Cheshire West and Chester 039C,Criminal damage and arson,Investigation complete; no suspect identified,
d3b0245f26332d98d98a53d8787edac8888544e67c8574444f63e997fdf9adb9,2021-12,Cheshire Constabulary,Cheshire Constabulary,-2.829890,53.207954,On or near Hilltop Road,E01018325,Cheshire West and Chester 039C,Criminal damage and arson,Investigation complete; no suspect identified,
403fa0bc0c0e4a9936b2d6dbc1682f376ed7c0930b14f5a0e43b68fc965bb94c,2021-12,Cheshire Constabulary,Cheshire Constabulary,-2.831433,53.208042,On or near Arrowcroft Road,E01018325,Cheshire West and Chester 039C,Criminal damage and arson,Investigation complete; no suspect identified,
ad9d540a8aef7e3a319e2407b684957aab3a508af31607e3f71befbbc110ac84,2021-12,Cheshire Constabulary,Cheshire Constabulary,-2.829890,53.207954,On or near Hilltop Road,E01018325,Cheshire West and Chester 039C,Criminal damage and arson,Investigation complete; no suspect identified,
d3ced443d8a2bef1147a77b882e0a2db72c2f30d145266bfd8e4b04a8b54fb93,2021-12,Cheshire Constabulary,Cheshire Constabulary,-2.829890,53.207954,On or near Hilltop Road,E01018325,Cheshire West and Chester 039C,Criminal damage and arson,Investigation complete; no suspect identified,
d8c585b643b6de3d8b5fe9fa1a9bffb3ea2c3f9f0ed02282965e04bff35143a0,2021-12,Cheshire Constabulary,Cheshire Constabulary,-2.828887,53.206433,On or near Porters Croft,E01018325,Cheshire West and Chester 039C,Criminal damage and arson,Investigation complete; no suspect identified,
b4d0e05433422fa18c81ffab9a7a9870fe35e0ec6ad87d92693c917340bb29a8,2021-12,Cheshire Constabulary,Cheshire Constabulary,-2.820135,53.173872,On or near Croft Close,E01018385,Cheshire West and Chester 039D,Burglary,Investigation complete; no suspect identified,
e3e306de4c09649a1f24c2e3a23b5a2300cf002e9d235e2143e839529d76f084,2021-12,Cheshire Constabulary,Cheshire Constabulary,-2.819182,53.171748,On or near Moor Lane,E01018385,Cheshire West and Chester 039D,Vehicle crime,Investigation complete; no suspect identified,
5faa7c79d5b8ad6b3aa30332aa3680e906896184ba2668822e93594c5f24a574,2021-12,Cheshire Constabulary,Cheshire Constabulary,-2.819182,53.171748,On or near Moor Lane,E01018385,Cheshire West and Chester 039D,Vehicle crime,Investigation complete; no suspect identified,
2efaa3348809a11563fb3626f9907c54a7f5015ab3ac2c60bc285a0f7a92c219,2021-12,Cheshire Constabulary,Cheshire Constabulary,-2.535631,53.187555,On or near St George'S Road,E01018730,Cheshire West and Chester 040A,Burglary,Court result unavailable,
df0d92bb0bf9dee14de93584eb11c34f159b5d46b3a0992a5c8cdc0597c00702,2021-12,Cheshire Constabulary,Cheshire Constabulary,-2.529467,53.185308,On or near Beech Grove,E01018730,Cheshire West and Chester 040A,Criminal damage and arson,Investigation complete; no suspect identified,
0fb28ec16d2bc18d076192b644c2daa267d5dbe683f52e1348873678522720f7,2021-12,Cheshire Constabulary,Cheshire Constabulary,-2.535631,53.187555,On or near St George'S Road,E01018730,Cheshire West and Chester 040A,Criminal damage and arson,Investigation complete; no suspect identified,
10db5bcd4a647c1b8725445efb84215a7e4d50da979e37f574f44e5d36f8934d,2021-12,Cheshire Constabulary,Cheshire Constabulary,-2.532126,53.187328,On or near Holly Drive,E01018730,Cheshire West and Chester 040A,Public order,Investigation complete; no suspect identified,
cbf22eae724a7bd0abacd6a524235862048dbe61338bd3e041ed885939a527f9,2021-12,Cheshire Constabulary,Cheshire Constabulary,-2.532126,53.187328,On or near Holly Drive,E01018730,Cheshire West and Chester 040A,Violence and sexual offences,Unable to prosecute suspect,
f6eda385c570c4ca46dd26f041a78075201021bd761aaca9cd111030e91a1105,2021-12,Cheshire Constabulary,Cheshire Constabulary,-2.532126,53.187328,On or near Holly Drive,E01018730,Cheshire West and Chester 040A,Violence and sexual offences,Unable to prosecute suspect,
822905c09f0a0d93681130f821a83b96aa242ffe50b4121e968b340d9f54b1c1,2021-12,Cheshire Constabulary,Cheshire Constabulary,-2.532126,53.187328,On or near Holly Drive,E01018730,Cheshire West and Chester 040A,Violence and sexual offences,Unable to prosecute suspect,
4d8bad1cbb99eb3ab2ba51341c804cf2c046c22a2457dfadbafa768efca453c1,2021-12,Cheshire Constabulary,Cheshire Constabulary,-2.530283,53.183480,On or near Townfields Gardens,E01018730,Cheshire West and Chester 040A,Violence and sexual offences,Unable to prosecute suspect,
3797c2520890cc64f24f45b585f9b68cc5cce6add391856adb6fb12fe1112768,2021-12,Cheshire Constabulary,Cheshire Constabulary,-2.530283,53.183480,On or near Townfields Gardens,E01018730,Cheshire West and Chester 040A,Violence and sexual offences,Unable to prosecute suspect,
5492064ef4b2e38aa81ad7e62051b4e2214d1f5e39b81f605bb2293d17ceaacd,2021-12,Cheshire Constabulary,Cheshire Constabulary,-2.532126,53.187328,On or near Holly Drive,E01018730,Cheshire West and Chester 040A,Violence and sexual offences,Unable to prosecute suspect,
8afd452b45d85f7872a8da2cd114f145efb4495529b58126c5bb9ba677eaf7d8,2021-12,Cheshire Constabulary,Cheshire Constabulary,-2.528651,53.184682,On or near Lichfield Court,E01018730,Cheshire West and Chester 040A,Other crime,Unable to prosecute suspect,
,2021-12,Cheshire Constabulary,Cheshire Constabulary,-2.550757,53.188412,On or near Newbury Avenue,E01018738,Cheshire West and Chester 040B,Anti-social behaviour,,
,2021-12,Cheshire Constabulary,Cheshire Constabulary,-2.550244,53.184603,On or near Hambleton Way,E01018738,Cheshire West and Chester 040B,Anti-social behaviour,,
f4d33dd2860c146a03dfe23217eb0bf5e7000c5ed206f9b08f18a73d77d4a0ce,2021-12,Cheshire Constabulary,Cheshire Constabulary,-2.550244,53.184603,On or near Hambleton Way,E01018738,Cheshire West and Chester 040B,Other theft,Investigation complete; no suspect identified,
1a08b47e4510f187ac0e40ae345c7401e76cc100898528e5479f5a176cdae97c,2021-12,Cheshire Constabulary,Cheshire Constabulary,-2.547703,53.183670,On or near Quantock Close,E01018738,Cheshire West and Chester 040B,Public order,Unable to prosecute suspect,
8fdaeec3fe7e4ff06b172a6b42cf022f8cc8a3a053db4e609132f34c56c13797,2021-12,Cheshire Constabulary,Cheshire Constabulary,-2.551701,53.188506,On or near Victoria Square,E01018738,Cheshire West and Chester 040B,Public order,Investigation complete; no suspect identified,
9c418e0f79b8bf732e8d16383fc0c020cb7107310842cacd93e648a0b6298362,2021-12,Cheshire Constabulary,Cheshire Constabulary,-2.548037,53.187588,On or near Arkwright Close,E01018738,Cheshire West and Chester 040B,Shoplifting,Local resolution,
a581ffbad36c2826d352719f5733e0fa989c8ece69b140b915ee0fe7e7eacc0e,2021-12,Cheshire Constabulary,Cheshire Constabulary,-2.547360,53.188472,On or near Poplar Close,E01018738,Cheshire West and Chester 040B,Violence and sexual offences,Unable to prosecute suspect,
9a0c8240b06a1935a3684d69b7ed4c4757360eb8808e11a1197bf188c243ead6,2021-12,Cheshire Constabulary,Cheshire Constabulary,-2.550757,53.188412,On or near Newbury Avenue,E01018738,Cheshire West and Chester 040B,Violence and sexual offences,Unable to prosecute suspect,
902cd3f4221ab310c3c7bf18395db38636bc7052e5071bc537c08145cd98a976,2021-12,Cheshire Constabulary,Cheshire Constabulary,-2.551701,53.188506,On or near Victoria Square,E01018738,Cheshire West and Chester 040B,Violence and sexual offences,Investigation complete; no suspect identified,
33a174a806d93cd61dfeeafdda51a671bbce572dd9913b8a5a21efcb14ff911e,2021-12,Cheshire Constabulary,Cheshire Constabulary,-2.550757,53.188412,On or near Newbury Avenue,E01018738,Cheshire West and Chester 040B,Violence and sexual offences,Unable to prosecute suspect,
03e56e634619dbd564353c195a03596677515e08c103d8e3c323efa6cb84446c,2021-12,Cheshire Constabulary,Cheshire Constabulary,-2.551267,53.188508,On or near Cavendish Close,E01018738,Cheshire West and Chester 040B,Violence and sexual offences,Court result unavailable,
1f4f9e8513e01715f63442135526e2567353cd96bb3e3380ab428ed2745d3250,2021-12,Cheshire Constabulary,Cheshire Constabulary,-2.547360,53.188472,On or near Poplar Close,E01018738,Cheshire West and Chester 040B,Violence and sexual offences,Unable to prosecute suspect,
5f9d8c5fbdcdb0848e327d0523dce13e2f680147aee990c85587c68ae0e615bd,2021-12,Cheshire Constabulary,Cheshire Constabulary,-2.550244,53.184603,On or near Hambleton Way,E01018738,Cheshire West and Chester 040B,Violence and sexual offences,Unable to prosecute suspect,
fafe445d7a25afc4b2dc2f6a728ab105d1a59ecae072dc5318a107f77a1f0b33,2021-12,Cheshire Constabulary,Cheshire Constabulary,-2.550757,53.188412,On or near Newbury Avenue,E01018738,Cheshire West and Chester 040B,Violence and sexual offences,Unable to prosecute suspect,
908c278d149bd793b9e00614235b77883420ac07444d9430c5f6addf9308b907,2021-12,Cheshire Constabulary,Cheshire Constabulary,-2.550601,53.186803,On or near Brunner Place,E01018738,Cheshire West and Chester 040B,Violence and sexual offences,Unable to prosecute suspect,
f18ff95fa6655bd2f5e0c74218b383199ef74e32a472e570c5a9489a7ddcc853,2021-12,Cheshire Constabulary,Cheshire Constabulary,-2.550244,53.184603,On or near Hambleton Way,E01018738,Cheshire West and Chester 040B,Violence and sexual offences,Unable to prosecute suspect,
c785c809b06c3b8cf95f83f3ffb80b41a5aaf98785aefc97317f34c28db346bc,2021-12,Cheshire Constabulary,Cheshire Constabulary,-2.547360,53.188472,On or near Poplar Close,E01018738,Cheshire West and Chester 040B,Violence and sexual offences,Unable to prosecute suspect,
4a14696bad675fffbcb3532ca099899f47b6133af23ef3f689c00ddbdb8e7075,2021-12,Cheshire Constabulary,Cheshire Constabulary,-2.547360,53.188472,On or near Poplar Close,E01018738,Cheshire West and Chester 040B,Violence and sexual offences,Unable to prosecute suspect,
62707acb487f7bfd2a10b40c4e018b7571cb36d56380437851828bc11da690c9,2021-12,Cheshire Constabulary,Cheshire Constabulary,-2.554319,53.183820,On or near Leslie Road,E01018738,Cheshire West and Chester 040B,Other crime,Unable to prosecute suspect,
,2021-12,Cheshire Constabulary,Cheshire Constabulary,-2.539586,53.187914,On or near Swanlow Lane,E01018739,Cheshire West and Chester 040C,Anti-social behaviour,,
,2021-12,Cheshire Constabulary,Cheshire Constabulary,-2.543695,53.183878,On or near Montgomery Way,E01018739,Cheshire West and Chester 040C,Anti-social behaviour,,
,2021-12,Cheshire Constabulary,Cheshire Constabulary,-2.543325,53.186549,On or near Mendip Close,E01018739,Cheshire West and Chester 040C,Anti-social behaviour,,
d4a9e7af7b6bb618f088cedb64c7e38dcf6ef80dbc97b13c7da83ff18ee91cc6,2021-12,Cheshire Constabulary,Cheshire Constabulary,-2.547079,53.185210,On or near Malvern Way,E01018739,Cheshire West and Chester 040C,Criminal damage and arson,Investigation complete; no suspect identified,
4251ca9154c78d0a4f23e09c0891dc8416fb9c3a0bf8d74540eb0a2337c47e93,2021-12,Cheshire Constabulary,Cheshire Constabulary,-2.546127,53.180909,On or near Bannister Grove,E01018739,Cheshire West and Chester 040C,Criminal damage and arson,Court result unavailable,
1915872b0c6ed3db8636c40eabc6b8b7f7d14d759b9d01c4465f4c3a7a8deea9,2021-12,Cheshire Constabulary,Cheshire Constabulary,-2.542121,53.186006,On or near Furness Close,E01018739,Cheshire West and Chester 040C,Criminal damage and arson,Unable to prosecute suspect,
3ab9ae880ee4eed2654ff1fcf4214d8abeb73381ad5c1c801477b872d4025cf7,2021-12,Cheshire Constabulary,Cheshire Constabulary,-2.546127,53.180909,On or near Bannister Grove,E01018739,Cheshire West and Chester 040C,Other theft,Unable to prosecute suspect,
7af0585891a105d8f8679f3c2c86a6bb5a56012ecfe2f5149cd7be9ab2407252,2021-12,Cheshire Constabulary,Cheshire Constabulary,-2.546127,53.180909,On or near Bannister Grove,E01018739,Cheshire West and Chester 040C,Public order,Unable to prosecute suspect,
25a81b1ecf828f812aed25b30f111c0aee1f2b95ee932626262c66bee99293ce,2021-12,Cheshire Constabulary,Cheshire Constabulary,-2.543695,53.183878,On or near Montgomery Way,E01018739,Cheshire West and Chester 040C,Shoplifting,Court result unavailable,
21abccbb2c465358599f3faac617e6dd7a028e59e629727b9a054bf2e9a55437,2021-12,Cheshire Constabulary,Cheshire Constabulary,-2.546127,53.180909,On or near Bannister Grove,E01018739,Cheshire West and Chester 040C,Violence and sexual offences,Court result unavailable,
55428b87110710e0bd7def3742cd501a7358e8cf8ac51ed4ccb24b622a33f62a,2021-12,Cheshire Constabulary,Cheshire Constabulary,-2.544555,53.183253,On or near Chiltern Way,E01018739,Cheshire West and Chester 040C,Violence and sexual offences,Unable to prosecute suspect,
f8dc517471b89cdeca69f7388a404e59255f58703c4d8645e9566f59c28f40b5,2021-12,Cheshire Constabulary,Cheshire Constabulary,-2.546127,53.180909,On or near Bannister Grove,E01018739,Cheshire West and Chester 040C,Violence and sexual offences,Unable to prosecute suspect,
3c24eca0c0fff719a0ba6c742fe86c78b23c50c6ff3a5e741bfd73223ee5e853,2021-12,Cheshire Constabulary,Cheshire Constabulary,-2.541846,53.185540,On or near Cambrian Way,E01018739,Cheshire West and Chester 040C,Violence and sexual offences,Unable to prosecute suspect,
ac16ee1519626fa5ad8b07c7058f1e3bef88bd2b40dc313b94784804ec82b1a8,2021-12,Cheshire Constabulary,Cheshire Constabulary,-2.546127,53.180909,On or near Bannister Grove,E01018739,Cheshire West and Chester 040C,Violence and sexual offences,Unable to prosecute suspect,
1861766dda93f2b1fa107df6c114a1ce3742f89b6d82dde2f1d603880f74d4e0,2021-12,Cheshire Constabulary,Cheshire Constabulary,-2.544555,53.183253,On or near Chiltern Way,E01018739,Cheshire West and Chester 040C,Violence and sexual offences,Unable to prosecute suspect,
24b0854f0c31a5a93a919e73d72c5f0dc4280bf6487903da7bb7bd87114e264a,2021-12,Cheshire Constabulary,Cheshire Constabulary,-2.543695,53.183878,On or near Montgomery Way,E01018739,Cheshire West and Chester 040C,Violence and sexual offences,Court result unavailable,
39a959fa40393c59a0bb9ac9f8692d93a0e05e7bc561a00eaaf6af8dc48cc31f,2021-12,Cheshire Constabulary,Cheshire Constabulary,-2.546127,53.180909,On or near Bannister Grove,E01018739,Cheshire West and Chester 040C,Violence and sexual offences,Unable to prosecute suspect,
d092e6104cb1d035da22db0007035d87955a071d6a5a32d556de3617c4cac50b,2021-12,Cheshire Constabulary,Cheshire Constabulary,-2.544555,53.183253,On or near Chiltern Way,E01018739,Cheshire West and Chester 040C,Violence and sexual offences,Unable to prosecute suspect,
b166c01ccc522c730c22c030734bc3dbc0d44f8581101785bde3aa03916410f4,2021-12,Cheshire Constabulary,Cheshire Constabulary,-2.541846,53.185540,On or near Cambrian Way,E01018739,Cheshire West and Chester 040C,Other crime,Unable to prosecute suspect,
967e7a25435608d35f23673894b34c6d83ad8ed5ec26b5a65cfc9f3c5f1f9c41,2021-12,Cheshire Constabulary,Cheshire Constabulary,-2.537927,53.184497,On or near Chepstow Close,E01018741,Cheshire West and Chester 040D,Other theft,Investigation complete; no suspect identified,
5a62b6fb5ec36081e636f50d29991bbcb22091077e8b57fc87193926da791f4b,2021-12,Cheshire Constabulary,Cheshire Constabulary,-2.540110,53.180775,On or near Dover Drive,E01018741,Cheshire West and Chester 040D,Violence and sexual offences,Unable to prosecute suspect,
1a3c622b3a9aa9c9fc840703103e33b14ec6eed8e07825834a4fa228e78781a3,2021-12,Cheshire Constabulary,Cheshire Constabulary,-2.541498,53.180499,On or near Wolvesey Place,E01018741,Cheshire West and Chester 040D,Violence and sexual offences,Unable to prosecute suspect,
ae8bf98e7389dd4ed748ecb9f37229c6d5f3db3284fd2666500d475f92b2d434,2021-12,Cheshire Constabulary,Cheshire Constabulary,-2.540110,53.180775,On or near Dover Drive,E01018741,Cheshire West and Chester 040D,Violence and sexual offences,Unable to prosecute suspect,
,2021-12,Cheshire Constabulary,Cheshire Constabulary,-2.852329,53.187354,On or near Whitchurch Road,E01018320,Cheshire West and Chester 041A,Anti-social behaviour,,
d833b0900025162367da69821fb8a5a5417b03d01d8cad0f82ff8b640fbe96a9,2021-12,Cheshire Constabulary,Cheshire Constabulary,-2.854256,53.189435,On or near Manor Drive,E01018320,Cheshire West and Chester 041A,Burglary,Investigation complete; no suspect identified,
c06a411ec2078390716e60315541a732c5d761edc107903b220c4ddd76eb6932,2021-12,Cheshire Constabulary,Cheshire Constabulary,-2.866179,53.186940,On or near Bachelor'S Lane,E01018321,Cheshire West and Chester 041B,Violence and sexual offences,Status update unavailable,
170c32d2a5cbd5f7779165ef7c8f55cd7527777b06d56a51d4ccb2be21340538,2021-12,Cheshire Constabulary,Cheshire Constabulary,-2.863199,53.186835,On or near Heather Court,E01018321,Cheshire West and Chester 041B,Violence and sexual offences,Court result unavailable,
8e315afe9b1c1614682e86c0d01563b43a57839263a42296c427b0bb7fd0f0a5,2021-12,Cheshire Constabulary,Cheshire Constabulary,-2.864338,53.183951,On or near Vaughans Lane,E01018321,Cheshire West and Chester 041B,Violence and sexual offences,Unable to prosecute suspect,
6205f27d40ca2f2084be46bfd4f26e8787767b5e50a3d9c588f028dd2945deaf,2021-12,Cheshire Constabulary,Cheshire Constabulary,-2.863199,53.186835,On or near Heather Court,E01018321,Cheshire West and Chester 041B,Violence and sexual offences,Court result unavailable,
c838123e631f02591e28cbd626a1de9b5d2c0488631c20583029dbd7c4b1af1d,2021-12,Cheshire Constabulary,Cheshire Constabulary,-2.855399,53.182910,On or near Supermarket,E01018322,Cheshire West and Chester 041C,Bicycle theft,Investigation complete; no suspect identified,
ea2c1c5894ecfb79ee6bc14fd5b9484f408d81514cee5dc0c92c979987efde74,2021-12,Cheshire Constabulary,Cheshire Constabulary,-2.852152,53.185935,On or near Parking Area,E01018322,Cheshire West and Chester 041C,Burglary,Investigation complete; no suspect identified,
803830d6299b4ca6b6e948d3af3cdd24d77e264a9acfe1999a73599ab4a72e3f,2021-12,Cheshire Constabulary,Cheshire Constabulary,-2.857906,53.180348,On or near Peach Field,E01018322,Cheshire West and Chester 041C,Other theft,Investigation complete; no suspect identified,
b0d254f9107ec7e4649e119c3440bb42d741165af2d43541e07363fddfa3dad8,2021-12,Cheshire Constabulary,Cheshire Constabulary,-2.855399,53.182910,On or near Supermarket,E01018322,Cheshire West and Chester 041C,Shoplifting,Unable to prosecute suspect,
11c0a74a25bd187a64c6041e249184935562bb0e45c3b9390881324c32a93022,2021-12,Cheshire Constabulary,Cheshire Constabulary,-2.854686,53.182438,On or near Pedestrian Subway,E01018322,Cheshire West and Chester 041C,Other crime,Further investigation is not in the public interest,
,2021-12,Cheshire Constabulary,Cheshire Constabulary,-2.862389,53.177070,On or near Sorrel Close,E01018348,Cheshire West and Chester 041D,Anti-social behaviour,,
491483c283990dd20737b8aa861864d71bbb7bbfe1f3fe1ccb878b41e0cc0a8f,2021-12,Cheshire Constabulary,Cheshire Constabulary,-2.867944,53.177263,On or near Woodlands Road,E01018348,Cheshire West and Chester 041D,Burglary,Investigation complete; no suspect identified,
46701b27b63dfc12108007c8a5d7936ba76541efdd8bb00cf16ec1b96b3c2d02,2021-12,Cheshire Constabulary,Cheshire Constabulary,-2.864253,53.176005,On or near Campion Close,E01018348,Cheshire West and Chester 041D,Criminal damage and arson,Investigation complete; no suspect identified,
b04d1f7034ab4cd8d1f7ff60dede55a86d45031b83155d288e2dcc08ae60d846,2021-12,Cheshire Constabulary,Cheshire Constabulary,-2.864168,53.177713,On or near Butterbur Close,E01018348,Cheshire West and Chester 041D,Other theft,Unable to prosecute suspect,
f65224da0b3f6a9937dcd9d7849966494ad4f3b622d314db3788588056dff9d8,2021-12,Cheshire Constabulary,Cheshire Constabulary,-2.862560,53.173635,On or near Blackthorn Close,E01018348,Cheshire West and Chester 041D,Public order,Unable to prosecute suspect,
058712dd460aa0c9f68aa0e691ab27bd4d3888e11b0fa89bd114e8ebaf04ae6b,2021-12,Cheshire Constabulary,Cheshire Constabulary,-2.857538,53.173869,On or near Sports/Recreation Area,E01018348,Cheshire West and Chester 041D,Vehicle crime,Investigation complete; no suspect identified,
65b1092a72bae50ce6f5ec500ec2022ab3b5166659136717a3844b224362aea5,2021-12,Cheshire Constabulary,Cheshire Constabulary,-2.858729,53.169105,On or near Sandy Lane,E01018348,Cheshire West and Chester 041D,Vehicle crime,Investigation complete; no suspect identified,
fe657a666f568d6bab4b68f032b336074dd6ca62a91a28b35740aa84fa3b0f86,2021-12,Cheshire Constabulary,Cheshire Constabulary,-2.857538,53.173869,On or near Sports/Recreation Area,E01018348,Cheshire West and Chester 041D,Vehicle crime,Investigation complete; no suspect identified,
a1391a09902b5230ce12b21c7152009619f028542cf1fc1dbd9acf78876b99dd,2021-12,Cheshire Constabulary,Cheshire Constabulary,-2.857538,53.173869,On or near Sports/Recreation Area,E01018348,Cheshire West and Chester 041D,Violence and sexual offences,Unable to prosecute suspect,
a780833df3ebcf033ab31c32256aab4368bdb05b1e269f9405b756e4bb09ef85,2021-12,Cheshire Constabulary,Cheshire Constabulary,-2.858729,53.169105,On or near Sandy Lane,E01018348,Cheshire West and Chester 041D,Violence and sexual offences,Unable to prosecute suspect,
90c76a2de3cae5c360aada61349a2558bbb7797da27450574a949337033d046f,2021-12,Cheshire Constabulary,Cheshire Constabulary,-2.861469,53.174452,On or near Speedwell Close,E01018348,Cheshire West and Chester 041D,Violence and sexual offences,Unable to prosecute suspect,
37b0aa75d313a6f1873f03eee6fd7f98685ad0824f1200f23583007ceaa1d57f,2021-12,Cheshire Constabulary,Cheshire Constabulary,-2.864253,53.176005,On or near Campion Close,E01018348,Cheshire West and Chester 041D,Violence and sexual offences,Unable to prosecute suspect,
a2063eb33c753968a087e4a6898d7301fe34e26eaef93d66025fb12c956dae32,2021-12,Cheshire Constabulary,Cheshire Constabulary,-2.859656,53.172056,On or near Cheshires Way,E01018348,Cheshire West and Chester 041D,Violence and sexual offences,Unable to prosecute suspect,
a1a79e5a857277f8ba1ce6e430d322dde55dcedad113693544c99e90f5e68634,2021-12,Cheshire Constabulary,Cheshire Constabulary,-2.865472,53.172607,On or near Meadow Lane,E01018348,Cheshire West and Chester 041D,Violence and sexual offences,Unable to prosecute suspect,
88c0c277a64efbb32b2fca7da0fc7bf5a4d1bb38dfa447b21ef0baf9f6f24ffd,2021-12,Cheshire Constabulary,Cheshire Constabulary,-2.862389,53.177070,On or near Sorrel Close,E01018348,Cheshire West and Chester 041D,Violence and sexual offences,Unable to prosecute suspect,
,2021-12,Cheshire Constabulary,Cheshire Constabulary,-2.525089,53.190712,On or near Dingle Lane,E01018731,Cheshire West and Chester 042A,Anti-social behaviour,,
,2021-12,Cheshire Constabulary,Cheshire Constabulary,-2.528630,53.187784,On or near Queensway,E01018731,Cheshire West and Chester 042A,Anti-social behaviour,,
,2021-12,Cheshire Constabulary,Cheshire Constabulary,-2.526352,53.189960,On or near Shopping Area,E01018731,Cheshire West and Chester 042A,Anti-social behaviour,,
,2021-12,Cheshire Constabulary,Cheshire Constabulary,-2.525971,53.185800,On or near Gladstone Street,E01018731,Cheshire West and Chester 042A,Anti-social behaviour,,
,2021-12,Cheshire Constabulary,Cheshire Constabulary,-2.525089,53.190712,On or near Dingle Lane,E01018731,Cheshire West and Chester 042A,Anti-social behaviour,,
7f50dd42a72510b61a6eed9d2e4e88b5bb50e6cf688e37d9c39e162c5e277419,2021-12,Cheshire Constabulary,Cheshire Constabulary,-2.517400,53.184840,On or near Stocks Hill,E01018731,Cheshire West and Chester 042A,Burglary,Investigation complete; no suspect identified,
8a809eac0d29e7c8c3b9f60f67f55880ff959ab7401e9bccb0597ac70f2b10d7,2021-12,Cheshire Constabulary,Cheshire Constabulary,-2.523699,53.188426,On or near Grosvenor Street,E01018731,Cheshire West and Chester 042A,Criminal damage and arson,Unable to prosecute suspect,
7eb6c74e7143a288b09d0b69b1ad315436777fe94a0785c49d9dd03b91bafe87,2021-12,Cheshire Constabulary,Cheshire Constabulary,-2.523301,53.187681,On or near Granville Street,E01018731,Cheshire West and Chester 042A,Other theft,Unable to prosecute suspect,
0bd1004ddfc412c728ef0cc3cc4817f365b2e02e7b27226b0e01287e4be7f6dc,2021-12,Cheshire Constabulary,Cheshire Constabulary,-2.525089,53.190712,On or near Dingle Lane,E01018731,Cheshire West and Chester 042A,Violence and sexual offences,Unable to prosecute suspect,
f0e9cb2c4d19ba6847dcd5a2d700ac0e023ca759be9e18bb12eab67319f682d3,2021-12,Cheshire Constabulary,Cheshire Constabulary,-2.520717,53.190569,On or near Weaver Street,E01018731,Cheshire West and Chester 042A,Violence and sexual offences,Unable to prosecute suspect,
28e4832e884ac413b9dca3052ef1a86c38827cca908f8d6a0b7a447c91040fa9,2021-12,Cheshire Constabulary,Cheshire Constabulary,-2.525089,53.190712,On or near Dingle Lane,E01018731,Cheshire West and Chester 042A,Violence and sexual offences,Unable to prosecute suspect,
55e7bb14437a6aa784eb76fda77b8964adb24a3239d155a03110a035a180319f,2021-12,Cheshire Constabulary,Cheshire Constabulary,-2.526948,53.186137,On or near Dunkirk Avenue,E01018731,Cheshire West and Chester 042A,Violence and sexual offences,Unable to prosecute suspect,
7a532d8ad5cb4ec87af5a175630ed50f40e0d6477f4a91d65c0b870eda8cdf60,2021-12,Cheshire Constabulary,Cheshire Constabulary,-2.523301,53.187681,On or near Granville Street,E01018731,Cheshire West and Chester 042A,Violence and sexual offences,Unable to prosecute suspect,
327cbbfb6330129022ec11263e2179635aab876d8f71e52078cb5a5f2048ecc2,2021-12,Cheshire Constabulary,Cheshire Constabulary,-2.520846,53.190119,On or near Weaver Grove,E01018731,Cheshire West and Chester 042A,Violence and sexual offences,Unable to prosecute suspect,
eb73ecac1ee23a893b14abbd26afcae8912b9462533d0344af8ce8938f63120a,2021-12,Cheshire Constabulary,Cheshire Constabulary,-2.523301,53.187681,On or near Granville Street,E01018731,Cheshire West and Chester 042A,Violence and sexual offences,Unable to prosecute suspect,
a62f43eac85fa0168e7e8e18bce32470dd021f4502a9d4797c43e1c260469a26,2021-12,Cheshire Constabulary,Cheshire Constabulary,-2.522624,53.189887,On or near Poole Street,E01018731,Cheshire West and Chester 042A,Violence and sexual offences,Unable to prosecute suspect,
13be481c847a722ca4114a0239b82ad735e67e93dd3db525451a3b39ccba0349,2021-12,Cheshire Constabulary,Cheshire Constabulary,-2.526948,53.186137,On or near Dunkirk Avenue,E01018731,Cheshire West and Chester 042A,Violence and sexual offences,Unable to prosecute suspect,
178dd0f548968c0e5003fbf65077dc35c7961f3b9cd0bcad4c13fb6b575212ad,2021-12,Cheshire Constabulary,Cheshire Constabulary,-2.499298,53.190445,On or near Greenfields,E01018735,Cheshire West and Chester 042B,Criminal damage and arson,Investigation complete; no suspect identified,
d622fd59345a7077e2c172df5a3fbea902e86a028aa4fecabc2c6cc12ac0c2c1,2021-12,Cheshire Constabulary,Cheshire Constabulary,-2.516871,53.191871,On or near Pedestrian Subway,E01018735,Cheshire West and Chester 042B,Other theft,Investigation complete; no suspect identified,
9f41dd6179c21a9815dbbe375c2a7037a8fdb123d7b9fdb21f3824f589dc92e6,2021-12,Cheshire Constabulary,Cheshire Constabulary,-2.516871,53.191871,On or near Pedestrian Subway,E01018735,Cheshire West and Chester 042B,Violence and sexual offences,Unable to prosecute suspect,
a54c425f517a582150046a1b3d8094bebecbac4c8ded74308745cc1acc43973f,2021-12,Cheshire Constabulary,Cheshire Constabulary,-2.516871,53.191871,On or near Pedestrian Subway,E01018735,Cheshire West and Chester 042B,Violence and sexual offences,Unable to prosecute suspect,
586f3b71a7a5c0ece47b8cef7441285777cc3ea4d8db3d769f68596765d2af67,2021-12,Cheshire Constabulary,Cheshire Constabulary,-2.503769,53.190139,On or near Pinetree Close,E01018735,Cheshire West and Chester 042B,Violence and sexual offences,Unable to prosecute suspect,
75e847e4828e19ba4c7bbea64fe795495efa08545896c5403de454230f28f5d5,2021-12,Cheshire Constabulary,Cheshire Constabulary,-2.503769,53.190139,On or near Pinetree Close,E01018735,Cheshire West and Chester 042B,Violence and sexual offences,Unable to prosecute suspect,
773ab038e55c8222d4ad1d489dc86dc2933eb810a50af4b056ab9b02c3d6ab11,2021-12,Cheshire Constabulary,Cheshire Constabulary,-2.512091,53.188881,On or near Rosebank Close,E01018735,Cheshire West and Chester 042B,Violence and sexual offences,Unable to prosecute suspect,
ee2b6cc31cad60ea872fc6d58fe3cd0e84b1c4a1af75d989106a62b0cf918634,2021-12,Cheshire Constabulary,Cheshire Constabulary,-2.501243,53.190374,On or near Dierden Street,E01018735,Cheshire West and Chester 042B,Violence and sexual offences,Court result unavailable,
444119bf221bc83cfb15bfbcfc74f61d84eb210d90ecfcc3b6afc95755cc4ca3,2021-12,Cheshire Constabulary,Cheshire Constabulary,-2.503769,53.190139,On or near Pinetree Close,E01018735,Cheshire West and Chester 042B,Violence and sexual offences,Unable to prosecute suspect,
0ea2852c19f8c674b3617dce8d0170f2d6ed91a4170667ccd9fde089f2dc6c1b,2021-12,Cheshire Constabulary,Cheshire Constabulary,-2.503769,53.190139,On or near Pinetree Close,E01018735,Cheshire West and Chester 042B,Violence and sexual offences,Unable to prosecute suspect,
f5fbd8e764f083f592522e8b1765e2aa15f1fb0b0128bafe87e9345473985e93,2021-12,Cheshire Constabulary,Cheshire Constabulary,-2.501243,53.190374,On or near Dierden Street,E01018735,Cheshire West and Chester 042B,Violence and sexual offences,Unable to prosecute suspect,
,2021-12,Cheshire Constabulary,Cheshire Constabulary,-2.532306,53.174104,On or near Kestrel Close,E01018740,Cheshire West and Chester 042C,Anti-social behaviour,,
,2021-12,Cheshire Constabulary,Cheshire Constabulary,-2.536780,53.178929,On or near Vauxhall Way,E01018740,Cheshire West and Chester 042C,Anti-social behaviour,,
,2021-12,Cheshire Constabulary,Cheshire Constabulary,-2.536780,53.178929,On or near Vauxhall Way,E01018740,Cheshire West and Chester 042C,Anti-social behaviour,,
5f2d2ca2790abe57a0ff13001481a7115a658d2a25cbc8ec814cf24755185218,2021-12,Cheshire Constabulary,Cheshire Constabulary,-2.536780,53.178929,On or near Vauxhall Way,E01018740,Cheshire West and Chester 042C,Criminal damage and arson,Investigation complete; no suspect identified,
3486a012578f1a918fe23d8001355d728fbdbdd6ac7988ccb11e01c2d81b8a9c,2021-12,Cheshire Constabulary,Cheshire Constabulary,-2.532306,53.174104,On or near Kestrel Close,E01018740,Cheshire West and Chester 042C,Public order,Investigation complete; no suspect identified,
edabc71906dd92ab24898db4fe23e4335a487896380cf9c7bc1874ed85dcdc44,2021-12,Cheshire Constabulary,Cheshire Constabulary,-2.535639,53.177406,On or near Bentley Grove,E01018740,Cheshire West and Chester 042C,Public order,Unable to prosecute suspect,
efa511201f37839221de4c3f2364d56443c0e9a56472e9221131d482ff9430a0,2021-12,Cheshire Constabulary,Cheshire Constabulary,-2.531932,53.176506,On or near Swanlow Drive,E01018740,Cheshire West and Chester 042C,Violence and sexual offences,Court result unavailable,
a51ff2b0a19962fdbc6ca7266ebed6bc192036252d1e7258b2d22701a062a96f,2021-12,Cheshire Constabulary,Cheshire Constabulary,-2.535639,53.177406,On or near Bentley Grove,E01018740,Cheshire West and Chester 042C,Violence and sexual offences,Unable to prosecute suspect,
48d0ea300e27f013e93c69b87f11a8e140580dce41965be07b0ca888270132af,2021-12,Cheshire Constabulary,Cheshire Constabulary,-2.531932,53.176506,On or near Swanlow Drive,E01018740,Cheshire West and Chester 042C,Violence and sexual offences,Unable to prosecute suspect,
416ea2354bad6eb3204353b691996e690802e353b4da70e53b54e4fa14b8b04f,2021-12,Cheshire Constabulary,Cheshire Constabulary,-2.531932,53.176506,On or near Swanlow Drive,E01018740,Cheshire West and Chester 042C,Violence and sexual offences,Unable to prosecute suspect,
91d19678b75901507975dcffcc1588a3a4ec72a1498591fc38defec279e820c5,2021-12,Cheshire Constabulary,Cheshire Constabulary,-2.531932,53.176506,On or near Swanlow Drive,E01018740,Cheshire West and Chester 042C,Violence and sexual offences,Unable to prosecute suspect,
75e4df08546a10c202817cb80d9e3220142e17e459ed5a1dbe910556001c9d12,2021-12,Cheshire Constabulary,Cheshire Constabulary,-2.536780,53.178929,On or near Vauxhall Way,E01018740,Cheshire West and Chester 042C,Violence and sexual offences,Investigation complete; no suspect identified,
88a407dcb55c20a3286fd7ec665b08c35e35b2283d19094c3cd686a22a086cea,2021-12,Cheshire Constabulary,Cheshire Constabulary,-2.534767,53.173455,On or near Lapwing Close,E01018742,Cheshire West and Chester 042D,Criminal damage and arson,Investigation complete; no suspect identified,
160fba00c5ca1084c5539efd44d6257af2d43d1169eaaa146a689138c0dba699,2021-12,Cheshire Constabulary,Cheshire Constabulary,-2.529343,53.180095,On or near Swanlow Lane,E01018742,Cheshire West and Chester 042D,Other theft,Unable to prosecute suspect,
4eddb381f21d58f293828e1e60016e57f24f17f90379ec80559ed72738b2deb5,2021-12,Cheshire Constabulary,Cheshire Constabulary,-2.528121,53.178051,On or near Pintail Place,E01018742,Cheshire West and Chester 042D,Robbery,Unable to prosecute suspect,
3ef45e5733f7a231c1af72ae79de341fac9b1db84fe6ff9ba4229903147a7ea2,2021-12,Cheshire Constabulary,Cheshire Constabulary,-2.528121,53.178051,On or near Pintail Place,E01018742,Cheshire West and Chester 042D,Robbery,Unable to prosecute suspect,
,2021-12,Cheshire Constabulary,Cheshire Constabulary,-2.910957,53.180610,On or near Park Road West,E01018332,Cheshire West and Chester 043A,Anti-social behaviour,,
b9f440aba5731aec0549c2355939120818ee9a9b04675fa3e9af0a8b21559ffe,2021-12,Cheshire Constabulary,Cheshire Constabulary,-2.917394,53.180048,On or near Curzon Street,E01018332,Cheshire West and Chester 043A,Other theft,Unable to prosecute suspect,
2a2bbce2109f703be279cc30c760f3d2581aa2ca8597bc407f2c7859fd3f6d3d,2021-12,Cheshire Constabulary,Cheshire Constabulary,-2.920150,53.179469,On or near High Street,E01018332,Cheshire West and Chester 043A,Public order,Investigation complete; no suspect identified,
26a1150d92b5888abe474dbfc21d26572effd27689f7f68e0099d10f195ddb56,2021-12,Cheshire Constabulary,Cheshire Constabulary,-2.920150,53.179469,On or near High Street,E01018332,Cheshire West and Chester 043A,Shoplifting,Investigation complete; no suspect identified,
2dc0a914270082a7fe5698bb69bf195dc1b22f5ab12d6ce14f843fe11d6a216c,2021-12,Cheshire Constabulary,Cheshire Constabulary,-2.920150,53.179469,On or near High Street,E01018332,Cheshire West and Chester 043A,Shoplifting,Investigation complete; no suspect identified,
c5976de17ec93271f44220d3453ec749bca3d2edb87579298463cb6ad5dce9c9,2021-12,Cheshire Constabulary,Cheshire Constabulary,-2.920150,53.179469,On or near High Street,E01018332,Cheshire West and Chester 043A,Theft from the person,Investigation complete; no suspect identified,
c59918d1562f4450e062ea7691e9adf33fc593385064de7aa20e0abe37fad3c5,2021-12,Cheshire Constabulary,Cheshire Constabulary,-2.917394,53.180048,On or near Curzon Street,E01018332,Cheshire West and Chester 043A,Violence and sexual offences,Unable to prosecute suspect,
ea612edc2da2b562e9e7f2a6f4bfe2edaa9a78379dd7240aaca0843b50de5377,2021-12,Cheshire Constabulary,Cheshire Constabulary,-2.917394,53.180048,On or near Curzon Street,E01018332,Cheshire West and Chester 043A,Violence and sexual offences,Unable to prosecute suspect,
,2021-12,Cheshire Constabulary,Cheshire Constabulary,-2.898182,53.182208,On or near Dingle Bank,E01018333,Cheshire West and Chester 043B,Anti-social behaviour,,
69aa33f9a7240e26c7b3f2466702c31a8343a57d68e1b2a6fe9caf35a6a7bf7c,2021-12,Cheshire Constabulary,Cheshire Constabulary,-2.896832,53.174200,On or near Wrexham Road,E01018333,Cheshire West and Chester 043B,Burglary,Investigation complete; no suspect identified,
5b87945a3cb4d7fc00a28e65a837f704d2e571c4f6695dace14d6bfbe62ecf37,2021-12,Cheshire Constabulary,Cheshire Constabulary,-2.903893,53.180565,On or near Curzon Park South,E01018333,Cheshire West and Chester 043B,Criminal damage and arson,Investigation complete; no suspect identified,
8df78b25bc64874012dfd8707c88eef5c1bd99ce9cbb54da45db8f0a1d1bb5e4,2021-12,Cheshire Constabulary,Cheshire Constabulary,-2.908157,53.176262,On or near Sports/Recreation Area,E01018333,Cheshire West and Chester 043B,Public order,Unable to prosecute suspect,
0a796dfc36e6cc4f3220fe14889a869b05b87b9bfd27d66b13d4db85992a57f1,2021-12,Cheshire Constabulary,Cheshire Constabulary,-2.912259,53.178505,On or near Hough Green,E01018333,Cheshire West and Chester 043B,Public order,Unable to prosecute suspect,
b3376cbb0e47d32a840f7b562cc93459759d3089cd565446d76311f1324db236,2021-12,Cheshire Constabulary,Cheshire Constabulary,-2.903264,53.172003,On or near Five Ashes Road,E01018334,Cheshire West and Chester 043C,Public order,Investigation complete; no suspect identified,
2f81020e5f472d9f50c930746b6d888aa99ce07c2cf31506358aba3980ae8ebd,2021-12,Cheshire Constabulary,Cheshire Constabulary,-2.900053,53.171515,On or near Cottage Road,E01018334,Cheshire West and Chester 043C,Violence and sexual offences,Action to be taken by another organisation,
6ba55c64a185c7462fe14a2b409adc69db68ff0c6374b41e0b65f3f644aede29,2021-12,Cheshire Constabulary,Cheshire Constabulary,-2.908415,53.170067,On or near Winkwell Drive,E01018334,Cheshire West and Chester 043C,Violence and sexual offences,Investigation complete; no suspect identified,
4f1bb68b1cd94a521b8a09fbc9034f1c0b03044a771891cb35558b8bb82d8cab,2021-12,Cheshire Constabulary,Cheshire Constabulary,-2.882865,53.181801,On or near Appleyards Lane,E01018340,Cheshire West and Chester 043D,Vehicle crime,Investigation complete; no suspect identified,
,2021-12,Cheshire Constabulary,Cheshire Constabulary,-2.882759,53.178827,On or near Pinfold Court,E01018341,Cheshire West and Chester 043E,Anti-social behaviour,,
7b8e793d0666e1e58f187293e6232381296213fa83e08d7df51230e12e8ce07e,2021-12,Cheshire Constabulary,Cheshire Constabulary,-2.883053,53.174905,On or near Greenbank,E01018341,Cheshire West and Chester 043E,Burglary,Investigation complete; no suspect identified,
8b83a57e9314b6ec5e7f5d4d461a578ec18c48e1aed34659d624a2edd1c869b6,2021-12,Cheshire Constabulary,Cheshire Constabulary,-2.882759,53.178827,On or near Pinfold Court,E01018341,Cheshire West and Chester 043E,Other theft,Investigation complete; no suspect identified,
39675deb658da1cc82f69eeedd46f17b9553a3b728ab865de2f8f515503364b8,2021-12,Cheshire Constabulary,Cheshire Constabulary,-2.882759,53.178827,On or near Pinfold Court,E01018341,Cheshire West and Chester 043E,Violence and sexual offences,Investigation complete; no suspect identified,
,2021-12,Cheshire Constabulary,Cheshire Constabulary,-2.885076,53.183052,On or near Queen'S Park View,E01018342,Cheshire West and Chester 043F,Anti-social behaviour,,
,2021-12,Cheshire Constabulary,Cheshire Constabulary,-2.885076,53.183052,On or near Queen'S Park View,E01018342,Cheshire West and Chester 043F,Anti-social behaviour,,
,2021-12,Cheshire Constabulary,Cheshire Constabulary,-2.889629,53.181823,On or near Overleigh Court,E01018342,Cheshire West and Chester 043F,Anti-social behaviour,,
712fe517b0e41890c96488b1ead89c01d311c0e8084d15564da7442123792ebc,2021-12,Cheshire Constabulary,Cheshire Constabulary,-2.890648,53.181186,On or near The Cobbles,E01018342,Cheshire West and Chester 043F,Drugs,Unable to prosecute suspect,
2774a19dc8998eba84884a029071f1ea8d9429c05e554f41c026928848369749,2021-12,Cheshire Constabulary,Cheshire Constabulary,-2.896354,53.180685,On or near Grosvenor Road,E01018342,Cheshire West and Chester 043F,Drugs,Local resolution,
7b856eee644b725c1edfaa61c0eead5b0299849dbea9697319d0e10964e1d3c9,2021-12,Cheshire Constabulary,Cheshire Constabulary,-2.889334,53.183488,On or near Greenway Street,E01018342,Cheshire West and Chester 043F,Other theft,Investigation complete; no suspect identified,
04f355cd5d0f0ad876f91d72d6f90c2ebe0b31258c04a4018b86044bac2d25d0,2021-12,Cheshire Constabulary,Cheshire Constabulary,-2.889629,53.181823,On or near Overleigh Court,E01018342,Cheshire West and Chester 043F,Public order,Investigation complete; no suspect identified,
7c0a1d3cb42bfd105210ad1e805d0f1dafa4a96b041c64569cace2c3ef3485d9,2021-12,Cheshire Constabulary,Cheshire Constabulary,-2.887293,53.183890,On or near Petrol Station,E01018342,Cheshire West and Chester 043F,Public order,Unable to prosecute suspect,
81075f1f000b53b28f27922f458da8ab8ce56b50e015b169e2a790a033066aa8,2021-12,Cheshire Constabulary,Cheshire Constabulary,-2.887293,53.183890,On or near Petrol Station,E01018342,Cheshire West and Chester 043F,Shoplifting,Investigation complete; no suspect identified,
628e4b8f8157be1731866a372feeb11a59ba8da4ee7d9f5fa331da8702e9e9c1,2021-12,Cheshire Constabulary,Cheshire Constabulary,-2.884924,53.182253,On or near Bradford Street,E01018342,Cheshire West and Chester 043F,Violence and sexual offences,Investigation complete; no suspect identified,
,2021-12,Cheshire Constabulary,Cheshire Constabulary,-2.917644,53.174931,On or near Redhill Road,E01018351,Cheshire West and Chester 044A,Anti-social behaviour,,
,2021-12,Cheshire Constabulary,Cheshire Constabulary,-2.916205,53.170610,On or near Clover Lane,E01018351,Cheshire West and Chester 044A,Anti-social behaviour,,
7c6875c0323fde46e49d71cf5e6d434dc3e9a1a833cd170dd083358f91eb26af,2021-12,Cheshire Constabulary,Cheshire Constabulary,-2.916036,53.173892,On or near Cliveden Road,E01018351,Cheshire West and Chester 044A,Criminal damage and arson,Unable to prosecute suspect,
10491f8b089763354186ad61e7cd914c01e059c37b183b3c5bc224ac6b3ec379,2021-12,Cheshire Constabulary,Cheshire Constabulary,-2.918497,53.174233,On or near Elm Square,E01018351,Cheshire West and Chester 044A,Other theft,Investigation complete; no suspect identified,
af50c2e6e8e1bb982cfa403f53ec32fd453b05eebc1c034a3acc885d43620e91,2021-12,Cheshire Constabulary,Cheshire Constabulary,-2.916205,53.170610,On or near Clover Lane,E01018351,Cheshire West and Chester 044A,Public order,Unable to prosecute suspect,
468b94f73e28e52591480c20b4142d74e47a4af76ada439d07b79acd9d6a135a,2021-12,Cheshire Constabulary,Cheshire Constabulary,-2.916069,53.173352,On or near Poplar Road,E01018351,Cheshire West and Chester 044A,Public order,Unable to prosecute suspect,
164c1e4df216ab4571ffd5f18c5717e15ae13a738f95088d3be1d281a5c19171,2021-12,Cheshire Constabulary,Cheshire Constabulary,-2.916069,53.173352,On or near Poplar Road,E01018351,Cheshire West and Chester 044A,Public order,Unable to prosecute suspect,
9d62eaec101bd9bcf90be9ce1ad3846d59180a95efbe2d13716a3baaa7055982,2021-12,Cheshire Constabulary,Cheshire Constabulary,-2.916527,53.175866,On or near Fairford Road,E01018351,Cheshire West and Chester 044A,Public order,Unable to prosecute suspect,
c7fd854bf5650b2c1d4716d0f8f96597dc1db46aef8c1f3403036c6377dbe451,2021-12,Cheshire Constabulary,Cheshire Constabulary,-2.917644,53.174931,On or near Redhill Road,E01018351,Cheshire West and Chester 044A,Public order,Unable to prosecute suspect,
e619eb0a6dd9d81f7e314ecd10ac399df40dd97ce6a4acf6cee10da60b8730aa,2021-12,Cheshire Constabulary,Cheshire Constabulary,-2.917068,53.175304,On or near Guildford Close,E01018351,Cheshire West and Chester 044A,Public order,Investigation complete; no suspect identified,
648f770427092d730080e8a26815b80056816aee0f94d31ae4992ae9a2e8e40f,2021-12,Cheshire Constabulary,Cheshire Constabulary,-2.916739,53.169671,On or near Medlar Close,E01018351,Cheshire West and Chester 044A,Public order,Investigation complete; no suspect identified,
442577cc23acedde2ff7aaa64b7e5fe1515cc0e5e37ffca14d21a2fa11930d06,2021-12,Cheshire Constabulary,Cheshire Constabulary,-2.917722,53.175776,On or near Newbury Road,E01018351,Cheshire West and Chester 044A,Violence and sexual offences,Unable to prosecute suspect,
0b6eed1c3ad88a485575d66026cb80750d4d7b3cc01401f75f9fb566f83c55f4,2021-12,Cheshire Constabulary,Cheshire Constabulary,-2.916739,53.169671,On or near Medlar Close,E01018351,Cheshire West and Chester 044A,Violence and sexual offences,Formal action is not in the public interest,
0604738bdb3c3e55f3ed14f5aaa29af7dad85a56de1ae5b5196d0b262f7cf90d,2021-12,Cheshire Constabulary,Cheshire Constabulary,-2.916739,53.169671,On or near Medlar Close,E01018351,Cheshire West and Chester 044A,Violence and sexual offences,Investigation complete; no suspect identified,
2a00324c432bc5ac7d79d9e0809baea159f19f1cab4172d5b2e09defc9203755,2021-12,Cheshire Constabulary,Cheshire Constabulary,-2.917644,53.174931,On or near Redhill Road,E01018351,Cheshire West and Chester 044A,Violence and sexual offences,Unable to prosecute suspect,
87a5cc177e1a09f848d6737b147d1be5a943b810da46f1e66ea9c9d88dbd9d70,2021-12,Cheshire Constabulary,Cheshire Constabulary,-2.917722,53.175776,On or near Newbury Road,E01018351,Cheshire West and Chester 044A,Violence and sexual offences,Unable to prosecute suspect,
bf894f9b72ca8bcc7df0a62bc31ee5899865d281d6e230a710867abf92eba532,2021-12,Cheshire Constabulary,Cheshire Constabulary,-2.917057,53.178990,On or near Hope Street,E01018352,Cheshire West and Chester 044B,Vehicle crime,Investigation complete; no suspect identified,
f82a73258213c654d3a26569bab48c3c1f66651659bcda8cb9eec50283545618,2021-12,Cheshire Constabulary,Cheshire Constabulary,-2.925943,53.172647,On or near Halkett Close,E01018352,Cheshire West and Chester 044B,Violence and sexual offences,Unable to prosecute suspect,
,2021-12,Cheshire Constabulary,Cheshire Constabulary,-2.915042,53.171499,On or near Kings Close,E01018353,Cheshire West and Chester 044C,Anti-social behaviour,,
1e218feff13e269f826d8f4137f4a05f40ab358ec887a6389bad7fbec5e119a4,2021-12,Cheshire Constabulary,Cheshire Constabulary,-2.910761,53.174894,On or near Rydal Grove,E01018353,Cheshire West and Chester 044C,Burglary,Investigation complete; no suspect identified,
60c757538717608ff406e5587396b777498a09d08745f70b6cec60f2d06484f6,2021-12,Cheshire Constabulary,Cheshire Constabulary,-2.915042,53.171499,On or near Kings Close,E01018353,Cheshire West and Chester 044C,Public order,Investigation complete; no suspect identified,
eabac8f452681a1c8baa66ee3e46f6652c62b75c5655b6ab41655699cedaec7c,2021-12,Cheshire Constabulary,Cheshire Constabulary,-2.914810,53.176041,On or near Henley Road,E01018353,Cheshire West and Chester 044C,Violence and sexual offences,Unable to prosecute suspect,
5da089eb5a38f819afeceb379ae6b4dc86f3ffb22fc6028b20d2fe4df73ec195,2021-12,Cheshire Constabulary,Cheshire Constabulary,-2.915042,53.171499,On or near Kings Close,E01018353,Cheshire West and Chester 044C,Violence and sexual offences,Investigation complete; no suspect identified,
2e7870bbbf8da70e1811aaf68900f4120655449cce2936f4e817b521987031ed,2021-12,Cheshire Constabulary,Cheshire Constabulary,-2.916523,53.171479,On or near Dane Close,E01018353,Cheshire West and Chester 044C,Violence and sexual offences,Court result unavailable,
0e71ed1ac680be1c6b839508a869b72246fc5debab803aad6f8592a5ea07e203,2021-12,Cheshire Constabulary,Cheshire Constabulary,-2.914810,53.176041,On or near Henley Road,E01018353,Cheshire West and Chester 044C,Violence and sexual offences,Unable to prosecute suspect,
eb0060adb18079f9ac7405833e7840382b59fa85a004d8578c227ecf56bf40fd,2021-12,Cheshire Constabulary,Cheshire Constabulary,-2.923558,53.168881,On or near Avonlea Close,E01018354,Cheshire West and Chester 044D,Burglary,Investigation complete; no suspect identified,
ca2389615f5c019e46f2e2a8b4c5fc7e4444cb3fbb0785dfc49c001e45aa4a84,2021-12,Cheshire Constabulary,Cheshire Constabulary,-2.915907,53.167861,On or near Lonsdale Court,E01018354,Cheshire West and Chester 044D,Public order,Investigation complete; no suspect identified,
ba2deed782ec08c48feef3d16de5db2de4ab09fcdd476af0ee310cc30cfe3378,2021-12,Cheshire Constabulary,Cheshire Constabulary,-2.653779,53.208889,On or near Abbey Lane,E01018707,Cheshire West and Chester 045A,Other theft,Court result unavailable,
bed5fa332e4100bfb97b6c4dd83d921b50d9c6767b7664b7e4deee998dd609f2,2021-12,Cheshire Constabulary,Cheshire Constabulary,-2.664445,53.222763,On or near Frith Avenue,E01018707,Cheshire West and Chester 045A,Public order,Investigation complete; no suspect identified,
22c4a6638e4cfdb2672e93b6333cb4ad56aa8bc30b7cf558b078fd6eeac446eb,2021-12,Cheshire Constabulary,Cheshire Constabulary,-2.672330,53.185909,On or near Quarry Bank,E01018707,Cheshire West and Chester 045A,Violence and sexual offences,Unable to prosecute suspect,
5c5fac588e4edc9f009744ddcc0c64ecd47b52204780617ce8376e60118d9d41,2021-12,Cheshire Constabulary,Cheshire Constabulary,-2.672330,53.185909,On or near Quarry Bank,E01018707,Cheshire West and Chester 045A,Violence and sexual offences,Court result unavailable,
4e7b286e2e505b44bd136d81524a4c95352eba7f6ea5d262026fe5ccdc12a46d,2021-12,Cheshire Constabulary,Cheshire Constabulary,-2.672330,53.185909,On or near Quarry Bank,E01018707,Cheshire West and Chester 045A,Violence and sexual offences,Unable to prosecute suspect,
6509ab1d7b35906002c14e361698e053e81d3b85432669e5d034019e6a1b9984,2021-12,Cheshire Constabulary,Cheshire Constabulary,-2.650269,53.200530,On or near Fishpool Road,E01018707,Cheshire West and Chester 045A,Violence and sexual offences,Unable to prosecute suspect,
,2021-12,Cheshire Constabulary,Cheshire Constabulary,-2.669536,53.159317,On or near Bell Meadow Court,E01018723,Cheshire West and Chester 045B,Anti-social behaviour,,
b55fc30b94f118f9d0f05c269d317cc4ea8a03ce99ef270de5e5d49054476ef2,2021-12,Cheshire Constabulary,Cheshire Constabulary,-2.657869,53.161179,On or near Cobblers Cross Lane,E01018723,Cheshire West and Chester 045B,Public order,Unable to prosecute suspect,
1b9048c610dede51513399e521680113cf89fbf84e0817b319a94b33e9bc4699,2021-12,Cheshire Constabulary,Cheshire Constabulary,-2.669536,53.159317,On or near Bell Meadow Court,E01018723,Cheshire West and Chester 045B,Violence and sexual offences,Offender given a caution,
aacbd2ed1e4b41a4d541568a3fba11b47dc83b8de2e9192bcb8078882deb493c,2021-12,Cheshire Constabulary,Cheshire Constabulary,-2.657869,53.161179,On or near Cobblers Cross Lane,E01018723,Cheshire West and Chester 045B,Violence and sexual offences,Unable to prosecute suspect,
0f14fab7f9db43eb4ff382231525ff16166af288d8a54499d9e3fff2d2e24535,2021-12,Cheshire Constabulary,Cheshire Constabulary,-2.673480,53.151384,On or near Birch Heath Road,E01018723,Cheshire West and Chester 045B,Violence and sexual offences,Unable to prosecute suspect,
,2021-12,Cheshire Constabulary,Cheshire Constabulary,-2.668202,53.158165,On or near High Street,E01018724,Cheshire West and Chester 045C,Anti-social behaviour,,
,2021-12,Cheshire Constabulary,Cheshire Constabulary,-2.668549,53.158351,On or near Supermarket,E01018724,Cheshire West and Chester 045C,Anti-social behaviour,,
c1cd9f7aa417f913e711a1e129fcf20651a06f39bd8d129e1f06ea74822e515b,2021-12,Cheshire Constabulary,Cheshire Constabulary,-2.622869,53.199239,On or near Chester Road,E01018725,Cheshire West and Chester 045D,Shoplifting,Investigation complete; no suspect identified,
eefe7539756b3129397e8b10fdac0bdab130fcbcb2d9c6c02419bf73a70d2fec,2021-12,Cheshire Constabulary,Cheshire Constabulary,-2.608295,53.184860,On or near Sports/Recreation Area,E01018725,Cheshire West and Chester 045D,Violence and sexual offences,Unable to prosecute suspect,
3a042d4af44ffca3daef778ef6544d11ef728dcca6c462fb834256359395c049,2021-12,Cheshire Constabulary,Cheshire Constabulary,-2.628679,53.176807,On or near Brownhills Road,E01018725,Cheshire West and Chester 045D,Violence and sexual offences,Unable to prosecute suspect,
81ae6fc4681a1879edc2f8d7dc2ff08998b4817f9a15189f4b43e48f47929e61,2021-12,Cheshire Constabulary,Cheshire Constabulary,-2.548286,53.163703,On or near Smithy Bank,E01018725,Cheshire West and Chester 045D,Violence and sexual offences,Unable to prosecute suspect,
b8b5bd865bcfcad3b98e5304a243dc062ae3049cf1b714a19797b14a83887b91,2021-12,Cheshire Constabulary,Cheshire Constabulary,-2.630664,53.166307,On or near Walley Drive,E01018725,Cheshire West and Chester 045D,Violence and sexual offences,Unable to prosecute suspect,
,2021-12,Cheshire Constabulary,Cheshire Constabulary,-2.913521,53.155501,On or near Wrexham Road,E01018335,Cheshire West and Chester 046A,Anti-social behaviour,,
,2021-12,Cheshire Constabulary,Cheshire Constabulary,-2.904540,53.160109,On or near Herons Way,E01018335,Cheshire West and Chester 046A,Anti-social behaviour,,
f849c13105164804630e9ca55e4933d3eee5226c47a44197cb69b2cbc6392ea5,2021-12,Cheshire Constabulary,Cheshire Constabulary,-2.932406,53.123623,On or near Castle Close,E01018335,Cheshire West and Chester 046A,Other theft,Investigation complete; no suspect identified,
004c264927c16926d3f10f2d0c0d4cb055cbac60f1a60f0d675984df70bd8a16,2021-12,Cheshire Constabulary,Cheshire Constabulary,-2.879750,53.155342,On or near Paddock Road,E01018335,Cheshire West and Chester 046A,Other theft,Investigation complete; no suspect identified,
3d46bf2d93adaa0985d35edc9ce803956c400ea6b006186d629c172689f81aff,2021-12,Cheshire Constabulary,Cheshire Constabulary,-2.913521,53.155501,On or near Wrexham Road,E01018335,Cheshire West and Chester 046A,Public order,Investigation complete; no suspect identified,
a1bdc3f214956dc1952ef5a5dcf32055769c09527b1b7afcbb4f9c66bb10a9b0,2021-12,Cheshire Constabulary,Cheshire Constabulary,-2.919416,53.144462,On or near Wrexham Road,E01018335,Cheshire West and Chester 046A,Public order,Investigation complete; no suspect identified,
b4ff444510e6533dcaa8d5b5f447c2073c839173845a3297c7babd4259621340,2021-12,Cheshire Constabulary,Cheshire Constabulary,-2.913521,53.155501,On or near Wrexham Road,E01018335,Cheshire West and Chester 046A,Public order,Investigation complete; no suspect identified,
f61e8bb5490161cf7fec6b864aea8085e4aff661a73bc90e124e71c7bc2bc1a2,2021-12,Cheshire Constabulary,Cheshire Constabulary,-2.919416,53.144462,On or near Wrexham Road,E01018335,Cheshire West and Chester 046A,Shoplifting,Investigation complete; no suspect identified,
68a091075aea368c3729e79077b8bb2aed76ca3375d81b9acb0836a11bb4db3d,2021-12,Cheshire Constabulary,Cheshire Constabulary,-2.919416,53.144462,On or near Wrexham Road,E01018335,Cheshire West and Chester 046A,Shoplifting,Investigation complete; no suspect identified,
2f7833b872c289e5cea2b107be824df0b2b689186b8b71e61d3471291e1e6c92,2021-12,Cheshire Constabulary,Cheshire Constabulary,-2.919416,53.144462,On or near Wrexham Road,E01018335,Cheshire West and Chester 046A,Shoplifting,Investigation complete; no suspect identified,
c3ff93767c255b4d06095556f55820fb333e48e33f3326b891a776d1272cc4f9,2021-12,Cheshire Constabulary,Cheshire Constabulary,-2.931741,53.123996,On or near Fairmeadow,E01018335,Cheshire West and Chester 046A,Violence and sexual offences,Unable to prosecute suspect,
094f99a22193eb8c7f236c7a41a6dc713e6319d90d64c60bdd8ccb19889c200e,2021-12,Cheshire Constabulary,Cheshire Constabulary,-2.953802,53.144407,On or near St Mary'S Road,E01018335,Cheshire West and Chester 046A,Violence and sexual offences,Local resolution,
1e48db84cc2a04ffbd30636bd7943d1c5fd59ef50e02c579bcc8825fc8abf976,2021-12,Cheshire Constabulary,Cheshire Constabulary,-2.756164,53.180758,On or near Old Moss Lane,E01018369,Cheshire West and Chester 046B,Violence and sexual offences,Investigation complete; no suspect identified,
5519e55564bae914cf42c03873750d2cd443ab3bbe4cafd449da597c3534c99a,2021-12,Cheshire Constabulary,Cheshire Constabulary,-2.802250,53.182309,On or near Plough Lane,E01018369,Cheshire West and Chester 046B,Violence and sexual offences,Unable to prosecute suspect,
83917fc9572cfd57ecd285383f16720c3768a444a176b9b610c355a60827ce62,2021-12,Cheshire Constabulary,Cheshire Constabulary,-2.795620,53.113532,On or near Whitchurch Road,E01018371,Cheshire West and Chester 046C,Other theft,Investigation complete; no suspect identified,
f530466dcd49dbc4e7f8a7121c0f70ba5af35a4d6e364247b6ed6d345e75747d,2021-12,Cheshire Constabulary,Cheshire Constabulary,-2.760838,53.126102,On or near Castlefields,E01018371,Cheshire West and Chester 046C,Violence and sexual offences,Unable to prosecute suspect,
,2021-12,Cheshire Constabulary,Cheshire Constabulary,-2.697033,53.120092,On or near Horsley Lane,E01018372,Cheshire West and Chester 046D,Anti-social behaviour,,
d4d9aabdf5c925dde33313c93def90ae45984968a9e1e96ef2184f897cce22e5,2021-12,Cheshire Constabulary,Cheshire Constabulary,-2.768675,53.121431,On or near Church Bank,E01018372,Cheshire West and Chester 046D,Public order,Unable to prosecute suspect,
a10203eca2a01b160ebdf53cd184d86bdeb78dabf0dceac75a400a6a7f15bdb2,2021-12,Cheshire Constabulary,Cheshire Constabulary,-2.695688,53.133979,On or near Bate'S Mill Lane,E01018372,Cheshire West and Chester 046D,Violence and sexual offences,Status update unavailable,
a10203eca2a01b160ebdf53cd184d86bdeb78dabf0dceac75a400a6a7f15bdb2,2021-12,Cheshire Constabulary,Cheshire Constabulary,-2.688923,53.125964,On or near Parking Area,E01018372,Cheshire West and Chester 046D,Violence and sexual offences,Unable to prosecute suspect,
4edb03e436399295d3c823c136463203ae7ea9e5565374eb8329f747c71244d4,2021-12,Cheshire Constabulary,Cheshire Constabulary,-2.873814,53.081755,On or near Quarry Avenue,E01018339,Cheshire West and Chester 047A,Criminal damage and arson,Unable to prosecute suspect,
6049189c3d72e50abac66bb3a9b476452e04752dfb9f5e655ff4705ff4476d2c,2021-12,Cheshire Constabulary,Cheshire Constabulary,-2.874739,53.084651,On or near Walkers Lane,E01018339,Cheshire West and Chester 047A,Other theft,Investigation complete; no suspect identified,
19d52cd5f1366d42af8c124fc16d6738738bb4f34af913a75cf1ea2c6ebeb1cd,2021-12,Cheshire Constabulary,Cheshire Constabulary,-2.874898,53.082187,On or near Parker Drive,E01018339,Cheshire West and Chester 047A,Violence and sexual offences,Investigation complete; no suspect identified,
f73d7903f7c389c7be663c7a0d3b7e76ab4c2a97a898771ce9fa24472af2aa51,2021-12,Cheshire Constabulary,Cheshire Constabulary,-2.869386,53.095370,On or near Sibbersfield Lane,E01018339,Cheshire West and Chester 047A,Violence and sexual offences,Unable to prosecute suspect,
602c8e87a1d3d56afb56c642608d043155b6c7cfea2081e08a632d3bec032f0f,2021-12,Cheshire Constabulary,Cheshire Constabulary,-2.871886,53.082389,On or near Quarry Court,E01018339,Cheshire West and Chester 047A,Violence and sexual offences,Unable to prosecute suspect,
ae8f7e1c15e0ab9f3716ef03bee5f3d625138625d3752eb485fd3cd0ccc2dbf3,2021-12,Cheshire Constabulary,Cheshire Constabulary,-2.874898,53.082187,On or near Parker Drive,E01018339,Cheshire West and Chester 047A,Violence and sexual offences,Local resolution,
f1bd6632d530560647ebac529f74fa625daa822fecfc0fb53a603bca20c9b327,2021-12,Cheshire Constabulary,Cheshire Constabulary,-2.874898,53.082187,On or near Parker Drive,E01018339,Cheshire West and Chester 047A,Violence and sexual offences,Investigation complete; no suspect identified,
ae74ccfdf6cea007ff3c8f09cbd25985369c00eedaa3960c3ee56c6d0a3e6fe4,2021-12,Cheshire Constabulary,Cheshire Constabulary,-2.869574,53.103216,On or near New Lane,E01018339,Cheshire West and Chester 047A,Violence and sexual offences,Unable to prosecute suspect,
e5917be315f0de81cb1ff34b564e90887963f75245cb1f29492382cecaf8e711,2021-12,Cheshire Constabulary,Cheshire Constabulary,-2.727053,53.027188,On or near Dean Park,E01018356,Cheshire West and Chester 047C,Burglary,Investigation complete; no suspect identified,
a3eccb75f19b152087ea40a653815f43cd186680d73a403f5046e88f32609292,2021-12,Cheshire Constabulary,Cheshire Constabulary,-2.727053,53.027188,On or near Dean Park,E01018356,Cheshire West and Chester 047C,Burglary,Investigation complete; no suspect identified,
ef40b33cd5a7101408dd53bf65c20275fd11c9872859146b4051c02aab78684d,2021-12,Cheshire Constabulary,Cheshire Constabulary,-2.704549,53.001246,On or near Cooks Lane,E01018356,Cheshire West and Chester 047C,Criminal damage and arson,Unable to prosecute suspect,
10463a9bf2af0b0fd6a94bd86cb1d3ce99e159a583bd7c403718a90676d5e99b,2021-12,Cheshire Constabulary,Cheshire Constabulary,-2.704549,53.001246,On or near Cooks Lane,E01018356,Cheshire West and Chester 047C,Violence and sexual offences,Unable to prosecute suspect,
562f1a57349ce883612c827c59e2b142fd7216c170adf52e5557b94ca95cc39b,2021-12,Cheshire Constabulary,Cheshire Constabulary,-2.778772,53.025279,On or near Love Lane (Overton Heath Lane),E01018357,Cheshire West and Chester 047D,Other theft,Investigation complete; no suspect identified,
f9413e5034d01fbf1f7964a465767e488c1f51e8d44d4758eda8395ef6674cb1,2021-12,Cheshire Constabulary,Cheshire Constabulary,-2.761649,53.027430,On or near Chester Road,E01018357,Cheshire West and Chester 047D,Public order,Investigation complete; no suspect identified,
b44020f949187f9544c9d941b1446a496d42e26b33163314c79033547386d0ec,2021-12,Cheshire Constabulary,Cheshire Constabulary,-2.762229,53.022240,On or near Brereton Close,E01018357,Cheshire West and Chester 047D,Violence and sexual offences,Unable to prosecute suspect,
fa4bc302408c71fa4554b75a3aed931718eb9811d888f7f3dfdff913b285576d,2021-12,Cheshire Constabulary,Cheshire Constabulary,-2.764748,53.023104,On or near Barnmoore Close,E01018357,Cheshire West and Chester 047D,Violence and sexual offences,Unable to prosecute suspect,
06470b51124224afb9094944797a2702284d41212ba7c88b32237d07c11e6e3a,2021-12,Cheshire Constabulary,Cheshire Constabulary,-2.764633,53.023330,On or near Greenfields Lane,E01018357,Cheshire West and Chester 047D,Violence and sexual offences,Investigation complete; no suspect identified,
c5d843e6797b4ececaa46b52c4868e146182eafceed649abb2858af44d53e9e2,2021-12,Cheshire Constabulary,Cheshire Constabulary,-2.762229,53.022240,On or near Brereton Close,E01018357,Cheshire West and Chester 047D,Violence and sexual offences,Unable to prosecute suspect,
09308cda03f55420b7d5105b723b054b893fb4f6ad77a9b86b014d4b89ce6199,2021-12,Cheshire Constabulary,Cheshire Constabulary,-2.806393,53.055281,On or near Inveresk Road,E01018373,Cheshire West and Chester 047E,Burglary,Investigation complete; no suspect identified,
244dbb03785276336f427902368d972898d8214924b68b3647fad35a73fd9cad,2021-12,Cheshire Constabulary,Cheshire Constabulary,-2.824242,53.082917,On or near Barton Road,E01018373,Cheshire West and Chester 047E,Criminal damage and arson,Offender given a caution,
bf43a4593b14974aef4a88a66fdecee8a98e57b3b66d60484db5276367d26e3a,2021-12,Cheshire Constabulary,Cheshire Constabulary,-2.811251,53.054996,On or near Rookery Road,E01018373,Cheshire West and Chester 047E,Criminal damage and arson,Investigation complete; no suspect identified,
0c2f29afa1afb21cfb6e6114f0e6eb459a5c85b55275760deb8771886c621b41,2021-12,Cheshire Constabulary,Cheshire Constabulary,-2.805811,53.071268,On or near Parking Area,E01018373,Cheshire West and Chester 047E,Public order,Investigation complete; no suspect identified,
e48ca5fc3a5efcd29baf48c9c05639d8bff1905c003f6247a489a1ee8e6c29c8,2021-12,Cheshire Constabulary,Cheshire Constabulary,-2.780179,53.084203,On or near Broxton Road,E01018373,Cheshire West and Chester 047E,Vehicle crime,Investigation complete; no suspect identified,
92a8b9f009d160690876e298f3c7cbd21a612404172cfbbee27143fb04ec6dfa,2021-12,Cheshire Constabulary,Cheshire Constabulary,-2.824242,53.082917,On or near Barton Road,E01018373,Cheshire West and Chester 047E,Violence and sexual offences,Further action is not in the public interest,
249b357fb4e7863caae22d2cbe90062df3f1cae387534d92776dbc6cfb8c6894,2021-12,Cheshire Constabulary,Cheshire Constabulary,-2.812731,53.054330,On or near Wynter Close,E01018373,Cheshire West and Chester 047E,Violence and sexual offences,Unable to prosecute suspect,
7f45b205c4112abd43e47f0b1338c82d13aa5cc2f9860bdcafba80ce7b53678f,2021-12,Cheshire Constabulary,Cheshire Constabulary,-2.811251,53.054996,On or near Rookery Road,E01018373,Cheshire West and Chester 047E,Violence and sexual offences,Unable to prosecute suspect,
6d397b7dd9c3056c0b6f7858ccf4a3308e654e2476f1f5d174064b7d308b6886,2021-12,Cheshire Constabulary,Cheshire Constabulary,-2.824242,53.082917,On or near Barton Road,E01018373,Cheshire West and Chester 047E,Violence and sexual offences,Local resolution,
,2021-12,Cheshire Constabulary,Cheshire Constabulary,-2.937089,53.197334,On or near Marcher Court,W01000332,Flintshire 009A,Anti-social behaviour,,
,2021-12,Cheshire Constabulary,Cheshire Constabulary,-2.994910,53.228147,On or near Welsh Road,W01000332,Flintshire 009A,Anti-social behaviour,,
,2021-12,Cheshire Constabulary,Cheshire Constabulary,-2.923500,53.189152,On or near Sports/Recreation Area,W01000332,Flintshire 009A,Anti-social behaviour,,
ccecc080448b781360e2623cdc653ab20cded971396aa113239d3e314e4b0b67,2021-12,Cheshire Constabulary,Cheshire Constabulary,-2.712164,53.385887,On or near Derby Road,E01012392,Halton 001A,Public order,Investigation complete; no suspect identified,
6c7259259df20f644fe457e9f11ed0f93c963262637bb433912adc4914ca2355,2021-12,Cheshire Constabulary,Cheshire Constabulary,-2.724659,53.385084,On or near Honeysuckle Close,E01012392,Halton 001A,Violence and sexual offences,Unable to prosecute suspect,
fe7e89bc434a43ba01f55365c68d215629189847b899be42d32111ed2d5f9d97,2021-12,Cheshire Constabulary,Cheshire Constabulary,-2.712164,53.385887,On or near Derby Road,E01012392,Halton 001A,Violence and sexual offences,Unable to prosecute suspect,
75324fe5d3b4ea208c5d9a09f20e6e0b15c16cdaa17551421d193b86c70a8d59,2021-12,Cheshire Constabulary,Cheshire Constabulary,-2.712164,53.385887,On or near Derby Road,E01012392,Halton 001A,Violence and sexual offences,Unable to prosecute suspect,
,2021-12,Cheshire Constabulary,Cheshire Constabulary,-2.743190,53.389833,On or near Cronton Lane,E01012393,Halton 001B,Anti-social behaviour,,
,2021-12,Cheshire Constabulary,Cheshire Constabulary,-2.738620,53.389933,On or near A5080,E01012393,Halton 001B,Anti-social behaviour,,
,2021-12,Cheshire Constabulary,Cheshire Constabulary,-2.743644,53.393462,On or near Norlands Park,E01012393,Halton 001B,Anti-social behaviour,,
4b8a2f9d140fceadfb30a4fadca862044fb11db7d9647255e6e4e6585b4e3d46,2021-12,Cheshire Constabulary,Cheshire Constabulary,-2.739018,53.392052,On or near Lindisfarne Court,E01012393,Halton 001B,Criminal damage and arson,Unable to prosecute suspect,
8e942bb29a68ed2a1e5386c9c5f3b69ac7ef5529c0e3eaac4f6a9dddade36abd,2021-12,Cheshire Constabulary,Cheshire Constabulary,-2.739018,53.392052,On or near Lindisfarne Court,E01012393,Halton 001B,Public order,Unable to prosecute suspect,
3d29485796e549f66eb04baa8b44cc128da59b9a69f24723517e7211026ccdee,2021-12,Cheshire Constabulary,Cheshire Constabulary,-2.738620,53.389933,On or near A5080,E01012393,Halton 001B,Public order,Investigation complete; no suspect identified,
a209da211db2caa6f024c538c70c6b45cc1601ab75070e4c46b1011df70f947a,2021-12,Cheshire Constabulary,Cheshire Constabulary,-2.738620,53.389933,On or near A5080,E01012393,Halton 001B,Public order,Unable to prosecute suspect,
8e61ef910c82b114be4fb744a6156e94f2a1d3ae8df39d6ce9cf3c3064165af5,2021-12,Cheshire Constabulary,Cheshire Constabulary,-2.738620,53.389933,On or near A5080,E01012393,Halton 001B,Public order,Unable to prosecute suspect,
78a6075124c33560fe95e4955726e8fca516eb0f22a35edd286e1d4b3336b805,2021-12,Cheshire Constabulary,Cheshire Constabulary,-2.743190,53.389833,On or near Cronton Lane,E01012393,Halton 001B,Public order,Investigation complete; no suspect identified,
8e66651558fcaf4d739d6be6a5da139c85c0f6cf8bb68897cb93113c69a4bd9c,2021-12,Cheshire Constabulary,Cheshire Constabulary,-2.738620,53.389933,On or near A5080,E01012393,Halton 001B,Shoplifting,Investigation complete; no suspect identified,
cd25a8d25eec17242d3caca3bf7a3ce1d1e5d49e5e27ff462037dcf14ebd2727,2021-12,Cheshire Constabulary,Cheshire Constabulary,-2.737369,53.389734,On or near Lunt'S Heath Road,E01012393,Halton 001B,Vehicle crime,Investigation complete; no suspect identified,
877f110af9b3890069a13b7ff6cd7448bfd461c9dc031fe6c586fb6119480d98,2021-12,Cheshire Constabulary,Cheshire Constabulary,-2.735652,53.388738,On or near Monica Drive,E01012393,Halton 001B,Vehicle crime,Investigation complete; no suspect identified,
f4a768b416f92e3693e5f1a871a3ea663a695fd6e2c6c8caf6d4635fbe6b3b2f,2021-12,Cheshire Constabulary,Cheshire Constabulary,-2.739018,53.392052,On or near Lindisfarne Court,E01012393,Halton 001B,Violence and sexual offences,Action to be taken by another organisation,
3818bd8427399b52d3078c4d2adb649acd389b353b7b637b9fe3a98165f9f016,2021-12,Cheshire Constabulary,Cheshire Constabulary,-2.726253,53.386890,On or near Grosvenor Road,E01012395,Halton 001C,Criminal damage and arson,Investigation complete; no suspect identified,
60eca6645e72112228aacbf04f0cc89599297886b69c5e6286eaefcbf5cff1b7,2021-12,Cheshire Constabulary,Cheshire Constabulary,-2.729620,53.389467,On or near Churchfields,E01012395,Halton 001C,Vehicle crime,Investigation complete; no suspect identified,
7c83b7f9c4d3974ff7c600a4ca52c8d214cb74baa6aad58aef5e6f864e9d6d4c,2021-12,Cheshire Constabulary,Cheshire Constabulary,-2.733216,53.389598,On or near Hartland Close,E01012395,Halton 001C,Vehicle crime,Unable to prosecute suspect,
860f6b7e1aa1063024ce7ab39b19c0af6c59e893291839d75b5f6b16b8dd511a,2021-12,Cheshire Constabulary,Cheshire Constabulary,-2.726253,53.386890,On or near Grosvenor Road,E01012395,Halton 001C,Violence and sexual offences,Unable to prosecute suspect,
,2021-12,Cheshire Constabulary,Cheshire Constabulary,-2.712466,53.378793,On or near Bishops Way,E01012411,Halton 001D,Anti-social behaviour,,
,2021-12,Cheshire Constabulary,Cheshire Constabulary,-2.708945,53.378599,On or near Parking Area,E01012411,Halton 001D,Anti-social behaviour,,
da8b31cdfd5dd9564fbee2265af5bc9f389677289cb2549eb47038a888c17b08,2021-12,Cheshire Constabulary,Cheshire Constabulary,-2.708945,53.378599,On or near Parking Area,E01012411,Halton 001D,Public order,Investigation complete; no suspect identified,
f744a6dc1a1ac186ec0074e56d6af59ba9a795941351c319ac930f93165d7d9e,2021-12,Cheshire Constabulary,Cheshire Constabulary,-2.712466,53.378793,On or near Bishops Way,E01012411,Halton 001D,Public order,Investigation complete; no suspect identified,
ea853af7a169b044679a2f4e7d949b56a03e41e3b0e795e2d6b2c5b548457b38,2021-12,Cheshire Constabulary,Cheshire Constabulary,-2.708945,53.378599,On or near Parking Area,E01012411,Halton 001D,Vehicle crime,Investigation complete; no suspect identified,
c77a2810ce296f292fa0641038655b77594229e749a2a16c12ec3736f72a8189,2021-12,Cheshire Constabulary,Cheshire Constabulary,-2.709731,53.378846,On or near Bishops Way,E01012411,Halton 001D,Violence and sexual offences,Unable to prosecute suspect,
49cef09704cc4e66841c1a0baba49cf8be6baca66c047761e8e42c569105ab80,2021-12,Cheshire Constabulary,Cheshire Constabulary,-2.711053,53.377912,On or near Crow Wood Place,E01012411,Halton 001D,Violence and sexual offences,Unable to prosecute suspect,
,2021-12,Cheshire Constabulary,Cheshire Constabulary,-2.747584,53.384916,On or near Harebell Close,E01012374,Halton 002A,Anti-social behaviour,,
9247a87ce097ca3717f1a0956e19a98115a0cd978530b4f1dd7b926e16d6ce68,2021-12,Cheshire Constabulary,Cheshire Constabulary,-2.746910,53.381612,On or near Greenock Mews,E01012374,Halton 002A,Other theft,Unable to prosecute suspect,
9e02bf9a6b215beaaedc3b4844ad37e6d7fbbc6d81a29b3c4a13b893c4cced04,2021-12,Cheshire Constabulary,Cheshire Constabulary,-2.746687,53.386935,On or near Stone Cross Drive,E01012374,Halton 002A,Violence and sexual offences,Unable to prosecute suspect,
a0ee2218069febd3d8d1e442852976895602251050d3ae8673ffc6b535079a05,2021-12,Cheshire Constabulary,Cheshire Constabulary,-2.746687,53.386935,On or near Stone Cross Drive,E01012374,Halton 002A,Violence and sexual offences,Unable to prosecute suspect,
e491d1c9283f8db6c5dbd99004b3035eecca163d45562f606856ca137b5c76d0,2021-12,Cheshire Constabulary,Cheshire Constabulary,-2.748068,53.381632,On or near Motherwell Close,E01012374,Halton 002A,Violence and sexual offences,Unable to prosecute suspect,
70a8b176e4c8c7d43c15e3873c06cd59816b3eb943cc6199d134d7036d927c47,2021-12,Cheshire Constabulary,Cheshire Constabulary,-2.746203,53.385877,On or near Upton Rocks Mews,E01012374,Halton 002A,Violence and sexual offences,Unable to prosecute suspect,
,2021-12,Cheshire Constabulary,Cheshire Constabulary,-2.737571,53.383171,On or near Sandringham Road,E01012375,Halton 002B,Anti-social behaviour,,
,2021-12,Cheshire Constabulary,Cheshire Constabulary,-2.736310,53.383305,On or near Windsor Road,E01012375,Halton 002B,Anti-social behaviour,,
,2021-12,Cheshire Constabulary,Cheshire Constabulary,-2.738801,53.378651,On or near Jefferson Gardens,E01012376,Halton 002C,Anti-social behaviour,,
acc08694af44310ead081d7e69006b2620a63e05bceb7486721165c4e95609ab,2021-12,Cheshire Constabulary,Cheshire Constabulary,-2.754613,53.381078,On or near Meadow Close,E01012376,Halton 002C,Violence and sexual offences,Unable to prosecute suspect,
12bf07f2d9063613d5d250ecba57ac1e08ce98cdce28605f9621b19cfef7ac39,2021-12,Cheshire Constabulary,Cheshire Constabulary,-2.754613,53.381078,On or near Meadow Close,E01012376,Halton 002C,Violence and sexual offences,Status update unavailable,
6e223c3ed12a7cc8f6accbdd43444b36b7ce7b290ede5b53e3be507438979a15,2021-12,Cheshire Constabulary,Cheshire Constabulary,-2.760448,53.379531,On or near Ellerton Close,E01012421,Halton 002D,Burglary,Investigation complete; no suspect identified,
9d203d49439e07b596915fe68f705191478753b57eed94aec5c872a3799e2c96,2021-12,Cheshire Constabulary,Cheshire Constabulary,-2.762098,53.380995,On or near Newland Close,E01012421,Halton 002D,Criminal damage and arson,Investigation complete; no suspect identified,
f6953663a3bcb747e29c599fa543a134e379bf65717a70e0d67174bd9ef5dea0,2021-12,Cheshire Constabulary,Cheshire Constabulary,-2.761387,53.379903,On or near Gainford Close,E01012423,Halton 002E,Criminal damage and arson,Investigation complete; no suspect identified,
6b46b9f475321cbe53545816ddfc7ae7c85f5692662ea3e26d8ce29b0a19f5f3,2021-12,Cheshire Constabulary,Cheshire Constabulary,-2.761387,53.379903,On or near Gainford Close,E01012423,Halton 002E,Criminal damage and arson,Investigation complete; no suspect identified,
cd22c04c72d7454e07eda6e9b0966ed14080d921b5c259e5399b59d4b932dd3d,2021-12,Cheshire Constabulary,Cheshire Constabulary,-2.770998,53.382690,On or near Columbine Close,E01012423,Halton 002E,Public order,Unable to prosecute suspect,
8082084c21544bc41430ff5fd7566fcb4f5121942b1e5bb4a5e89fd5a7e8a08a,2021-12,Cheshire Constabulary,Cheshire Constabulary,-2.766304,53.381651,On or near Burnsall Drive,E01012423,Halton 002E,Violence and sexual offences,Unable to prosecute suspect,
eb5396b6d35fc8cd8d0f5e1a4429915756e2b973119d98c96c59b7bf64194fb8,2021-12,Cheshire Constabulary,Cheshire Constabulary,-2.766304,53.381651,On or near Burnsall Drive,E01012423,Halton 002E,Violence and sexual offences,Unable to prosecute suspect,
ffff1d1b106bd6ea98ba71885050c4507e707a5ed894d92d267dc885f0b936f0,2021-12,Cheshire Constabulary,Cheshire Constabulary,-2.770998,53.382690,On or near Columbine Close,E01012423,Halton 002E,Violence and sexual offences,Unable to prosecute suspect,
ec58b4c7b10528b1abf9eb40baf25d3cbbc8aea59dea3dcd14a9dd7aac9ef6f9,2021-12,Cheshire Constabulary,Cheshire Constabulary,-2.770998,53.382690,On or near Columbine Close,E01012423,Halton 002E,Violence and sexual offences,Unable to prosecute suspect,
b3aba192b17c7e16d60131659198e3510d76b6c0a5fcb11418ac324d7d1ce13d,2021-12,Cheshire Constabulary,Cheshire Constabulary,-2.770998,53.382690,On or near Columbine Close,E01012423,Halton 002E,Violence and sexual offences,Unable to prosecute suspect,
e4960d97d935cb9ebf9c25516420c3a5e41cf5f86c7c4757cc7536ab56ed3e33,2021-12,Cheshire Constabulary,Cheshire Constabulary,-2.720316,53.374531,On or near Doward Street,E01012368,Halton 003A,Public order,Court result unavailable,
8dc95353cb8fcf2a5754ed1803f8d4356c70c96a466b06db13695a332384cd3d,2021-12,Cheshire Constabulary,Cheshire Constabulary,-2.726830,53.373961,On or near Sycamore Avenue,E01012368,Halton 003A,Vehicle crime,Investigation complete; no suspect identified,
73b48ad19fdee5ca50572f76331eed01e5e4176cbd7c3e85e687c362a166eeb3,2021-12,Cheshire Constabulary,Cheshire Constabulary,-2.721895,53.374566,On or near Reay Street,E01012368,Halton 003A,Violence and sexual offences,Unable to prosecute suspect,
067a44ae0b40b152d32574cecb55965eabeae332827926c231ea9e938c465e0f,2021-12,Cheshire Constabulary,Cheshire Constabulary,-2.722178,53.374384,On or near Stanley Close,E01012368,Halton 003A,Violence and sexual offences,Unable to prosecute suspect,
36b43f4b2f73f431271dcf0b3032b7f3379df51d9e3ac4c39ba31a8610757dca,2021-12,Cheshire Constabulary,Cheshire Constabulary,-2.700732,53.379160,On or near Hampton Close,E01012410,Halton 003B,Vehicle crime,Unable to prosecute suspect,
,2021-12,Cheshire Constabulary,Cheshire Constabulary,-2.716951,53.369274,On or near Gregson Road,E01012412,Halton 003C,Anti-social behaviour,,
e9b749b1d04acdd315f5cb1bf9f1e905d9b6a2703facba2bf10b8fa4a5c87182,2021-12,Cheshire Constabulary,Cheshire Constabulary,-2.718630,53.369920,On or near Page Lane,E01012412,Halton 003C,Burglary,Investigation complete; no suspect identified,
f43080be875304bd2b0a72c0273d0e9ca15f7523aeca1fa5eada8ae78c479a44,2021-12,Cheshire Constabulary,Cheshire Constabulary,-2.715334,53.371423,On or near St Ambrose Road,E01012412,Halton 003C,Criminal damage and arson,Unable to prosecute suspect,
a85089287d80acc9b322c182461446330fada0101e30a128563eea93a12d624a,2021-12,Cheshire Constabulary,Cheshire Constabulary,-2.713586,53.372045,On or near Hargreaves Court,E01012412,Halton 003C,Criminal damage and arson,Investigation complete; no suspect identified,
f63d71128dedf05a6f677179860c6f31d78d9b8f82b62268a609eca1bd41df41,2021-12,Cheshire Constabulary,Cheshire Constabulary,-2.717655,53.370007,On or near Bell House Road,E01012412,Halton 003C,Criminal damage and arson,Investigation complete; no suspect identified,
727819dbb320626e60d67c97ad9a7f0111a1c9c3770d3d381c0ca7af33f532fb,2021-12,Cheshire Constabulary,Cheshire Constabulary,-2.710992,53.372402,On or near Edward Street,E01012412,Halton 003C,Public order,Court result unavailable,
dbe1b23a9a426afd96bdb175626d928434a456dd47276c90144dc98d79f55a65,2021-12,Cheshire Constabulary,Cheshire Constabulary,-2.715334,53.371423,On or near St Ambrose Road,E01012412,Halton 003C,Public order,Investigation complete; no suspect identified,
254811232cf7c1eb5081e0bb06f642f231940784b23a7f3a641f989168ae1a2b,2021-12,Cheshire Constabulary,Cheshire Constabulary,-2.717547,53.371644,On or near Plumpton Mews,E01012412,Halton 003C,Violence and sexual offences,Unable to prosecute suspect,
6b117d5278d6ba007ab1e769c4082b866b720bd468c85b95c4081cb5f810de3c,2021-12,Cheshire Constabulary,Cheshire Constabulary,-2.715334,53.371423,On or near St Ambrose Road,E01012412,Halton 003C,Violence and sexual offences,Unable to prosecute suspect,
3134d7cb255911af767cd461b78a85e96163e2356a06e99fbceb8f4ccfe49275,2021-12,Cheshire Constabulary,Cheshire Constabulary,-2.718630,53.369920,On or near Page Lane,E01012412,Halton 003C,Violence and sexual offences,Unable to prosecute suspect,
684b66083c5e718d4d6cd6f6bbdb27ad5cdf754af76bf7c151163d69fe409292,2021-12,Cheshire Constabulary,Cheshire Constabulary,-2.715334,53.371423,On or near St Ambrose Road,E01012412,Halton 003C,Violence and sexual offences,Unable to prosecute suspect,
ca1e32b692205d82dc377039ea7a2bc429d14aa90bfcf76a64a996dc847c3e26,2021-12,Cheshire Constabulary,Cheshire Constabulary,-2.710992,53.372402,On or near Edward Street,E01012412,Halton 003C,Violence and sexual offences,Court result unavailable,
2ca168f2ebbc41770f60c10cbd5e2624560a389bbee103dafaa6a6e191d03ddb,2021-12,Cheshire Constabulary,Cheshire Constabulary,-2.718630,53.369920,On or near Page Lane,E01012412,Halton 003C,Violence and sexual offences,Unable to prosecute suspect,
9f30c6215a4ec84b1365e5e8dddb3cb7834e5514f71ec6f5cbd808bd02b6feee,2021-12,Cheshire Constabulary,Cheshire Constabulary,-2.717655,53.370007,On or near Bell House Road,E01012412,Halton 003C,Violence and sexual offences,Unable to prosecute suspect,
a4c2d2590d75df346fe375a770bcf46b00cea618592e74c00bc625fff9391382,2021-12,Cheshire Constabulary,Cheshire Constabulary,-2.713989,53.369193,On or near French Street,E01012412,Halton 003C,Violence and sexual offences,Court result unavailable,
f6d5527c35d6ed4bc4793b667dbb58ee90f981977cba246c329e2dbd31cf7ade,2021-12,Cheshire Constabulary,Cheshire Constabulary,-2.718630,53.369920,On or near Page Lane,E01012412,Halton 003C,Violence and sexual offences,Court result unavailable,
af55d8f83ee8347779577f4556465566e83bba1ebcbbe62c7ac00c667a862b3a,2021-12,Cheshire Constabulary,Cheshire Constabulary,-2.715382,53.369796,On or near Black Denton'S Place,E01012412,Halton 003C,Violence and sexual offences,Unable to prosecute suspect,
eaebef9c1dde6fe7dfa8447ecaecc407cfcd30dfce776cc7aa8c9ea4efbd6d85,2021-12,Cheshire Constabulary,Cheshire Constabulary,-2.718630,53.369920,On or near Page Lane,E01012412,Halton 003C,Violence and sexual offences,Court result unavailable,
332c3ca687fd79cf28b9c348d9bffa6c32a172425c3bc39d0108d6f6405bbf1a,2021-12,Cheshire Constabulary,Cheshire Constabulary,-2.718630,53.369920,On or near Page Lane,E01012412,Halton 003C,Violence and sexual offences,Unable to prosecute suspect,
7216d417575487634e7fed9ae9ce7e0ddc1206d9855d81d86b772743e59fafa6,2021-12,Cheshire Constabulary,Cheshire Constabulary,-2.715334,53.371423,On or near St Ambrose Road,E01012412,Halton 003C,Other crime,Unable to prosecute suspect,
fd1a763b49659765e3aff304c052454b9603be710f636e8f7627c91a0f039cf2,2021-12,Cheshire Constabulary,Cheshire Constabulary,-2.715433,53.372861,On or near Halton View Road,E01012413,Halton 003D,Criminal damage and arson,Investigation complete; no suspect identified,
6b5be4f2ce312896c761c3e3d67e06e38ebdf549f2c54a85f14e36db6bbbc540,2021-12,Cheshire Constabulary,Cheshire Constabulary,-2.711103,53.373678,On or near Drummond Court,E01012413,Halton 003D,Criminal damage and arson,Investigation complete; no suspect identified,
c45951bad07fcbfadc84efd4073343b2579b6095ed78cb95af888f8a2500bf85,2021-12,Cheshire Constabulary,Cheshire Constabulary,-2.714703,53.376838,On or near Barnes Road,E01012413,Halton 003D,Violence and sexual offences,Unable to prosecute suspect,
c2edb22a04f2868433e34607d81adb8cb7ecb7b522a57ed137be97ffd174cfac,2021-12,Cheshire Constabulary,Cheshire Constabulary,-2.714703,53.376838,On or near Barnes Road,E01012413,Halton 003D,Other crime,Unable to prosecute suspect,
b73078b6dcef389f755d6f29cc5a4998d92dfdb2a4e5abdbff1ea9770a256a6c,2021-12,Cheshire Constabulary,Cheshire Constabulary,-2.708564,53.372839,On or near Cheryl Drive,E01012414,Halton 003E,Other theft,Investigation complete; no suspect identified,
77e0fa2d24860978067fc0f9763d029af933470a58eb7b08fdd8aab85a2444a4,2021-12,Cheshire Constabulary,Cheshire Constabulary,-2.707842,53.373688,On or near Raby Close,E01012414,Halton 003E,Violence and sexual offences,Unable to prosecute suspect,
e817df0ba24635428fec8da67c4c0fe7a1fb03eea88c9391cec19aa9566295b0,2021-12,Cheshire Constabulary,Cheshire Constabulary,-2.708564,53.372839,On or near Cheryl Drive,E01012414,Halton 003E,Violence and sexual offences,Unable to prosecute suspect,
6fc3dbe5fb3a62b63ce6c746f29a7985d69151554734faf25d2bce1a682d9a57,2021-12,Cheshire Constabulary,Cheshire Constabulary,-2.703272,53.378219,On or near Shetland Close,E01012414,Halton 003E,Violence and sexual offences,Unable to prosecute suspect,
,2021-12,Cheshire Constabulary,Cheshire Constabulary,-2.769732,53.372487,On or near Gainsborough Court,E01012377,Halton 004A,Anti-social behaviour,,
429abd02a7c56aa7e24647cdfaf0f5786b447a83e8178085d7f0d0771ac4ac0d,2021-12,Cheshire Constabulary,Cheshire Constabulary,-2.766636,53.369972,On or near Royal Avenue,E01012377,Halton 004A,Criminal damage and arson,Investigation complete; no suspect identified,
a05196c557993f053c753bdcf5f697c1755b651fdae8a5f334f20f98569ae9d8,2021-12,Cheshire Constabulary,Cheshire Constabulary,-2.773715,53.371634,On or near Wilsden Road,E01012377,Halton 004A,Violence and sexual offences,Unable to prosecute suspect,
f7efe7850110bc65d5a76238a76bb42c65c6f257514d5cf67c3eb206e56a0ba0,2021-12,Cheshire Constabulary,Cheshire Constabulary,-2.766352,53.371745,On or near Delamere Avenue,E01012377,Halton 004A,Violence and sexual offences,Unable to prosecute suspect,
e11f05e1e7a364b575c7fb69156e9fe52fa64b2739817aa35581bf5984a6a377,2021-12,Cheshire Constabulary,Cheshire Constabulary,-2.763697,53.373739,On or near Cradley,E01012377,Halton 004A,Violence and sexual offences,Unable to prosecute suspect,
47a342987832344bcb0bb637c3418bff9b2c4f654e94e920610ff5ec4280e9e6,2021-12,Cheshire Constabulary,Cheshire Constabulary,-2.767816,53.372113,On or near Avondale Drive,E01012377,Halton 004A,Violence and sexual offences,Unable to prosecute suspect,
ae4e652e0d9edc689e473c340774e174ea0762f1362c0b80369c8fc685a2353f,2021-12,Cheshire Constabulary,Cheshire Constabulary,-2.763697,53.373739,On or near Cradley,E01012377,Halton 004A,Violence and sexual offences,Unable to prosecute suspect,
6678fcc4459b15b3e87bf3e75ffda7c93080a88349a51794945187929971f569,2021-12,Cheshire Constabulary,Cheshire Constabulary,-2.766477,53.372850,On or near Bankfield Road,E01012377,Halton 004A,Violence and sexual offences,Unable to prosecute suspect,
12e39b83e69bd87aa3196dc16a03271197c20b6f1f519ec31fbe03fab6b0c436,2021-12,Cheshire Constabulary,Cheshire Constabulary,-2.763697,53.373739,On or near Cradley,E01012377,Halton 004A,Violence and sexual offences,Court result unavailable,
e6c99547f0678a9755693935d4239e55dd576169dc3175dae57dca488be0d12c,2021-12,Cheshire Constabulary,Cheshire Constabulary,-2.763697,53.373739,On or near Cradley,E01012377,Halton 004A,Violence and sexual offences,Unable to prosecute suspect,
a9f2bc9bb42a3fe4c57305a73e81f0271ab558a24465d8fd56def91f0c91846e,2021-12,Cheshire Constabulary,Cheshire Constabulary,-2.765792,53.371551,On or near Sherwood Close,E01012377,Halton 004A,Other crime,Unable to prosecute suspect,
,2021-12,Cheshire Constabulary,Cheshire Constabulary,-2.773523,53.371033,On or near Acrefield Road,E01012390,Halton 004B,Anti-social behaviour,,
fb90fbdf83e0c34199bb3b48d85e64eb4a365e1bccffe144f93b58558d2a15b8,2021-12,Cheshire Constabulary,Cheshire Constabulary,-2.773523,53.371033,On or near Acrefield Road,E01012390,Halton 004B,Public order,Unable to prosecute suspect,
b346a4b46063159d004151127160b722e7bc487e9e6cc6db419020a05cdeff88,2021-12,Cheshire Constabulary,Cheshire Constabulary,-2.770231,53.370138,On or near Mayfield Avenue,E01012390,Halton 004B,Public order,Unable to prosecute suspect,
113d21f825e7871be98ff3f72b46336fe52e163c5e0a388e58374c0b1d56c9d4,2021-12,Cheshire Constabulary,Cheshire Constabulary,-2.770160,53.368718,On or near Manor Road,E01012390,Halton 004B,Public order,Investigation complete; no suspect identified,
47e13425407239d5820187b6454322e1e50aabb77ed162044650d842479247b8,2021-12,Cheshire Constabulary,Cheshire Constabulary,-2.773523,53.371033,On or near Acrefield Road,E01012390,Halton 004B,Violence and sexual offences,Unable to prosecute suspect,
3dff87610d3f7e67f72b10a2b9ccd3d8ab48e06ee90d7d6e1bb63ad6154a1ae8,2021-12,Cheshire Constabulary,Cheshire Constabulary,-2.770231,53.370138,On or near Mayfield Avenue,E01012390,Halton 004B,Violence and sexual offences,Unable to prosecute suspect,
f8b4c3ef83111a851e3cc3667b35a574e4f7887279789b5f145c3e9eac86bfc9,2021-12,Cheshire Constabulary,Cheshire Constabulary,-2.773523,53.371033,On or near Acrefield Road,E01012390,Halton 004B,Violence and sexual offences,Court result unavailable,
cc194f6668b06885dc0c1ecb531f2f557bcfe946cfc17f34af6d08f68be546ff,2021-12,Cheshire Constabulary,Cheshire Constabulary,-2.765847,53.378786,On or near Pedestrian Subway,E01012419,Halton 004C,Violence and sexual offences,Unable to prosecute suspect,
0da44b1fc13a83c558ada888f5954bf7c47d4a0ec5c23be0f0c396efcf3ccd1e,2021-12,Cheshire Constabulary,Cheshire Constabulary,-2.767733,53.378352,On or near Dunsford,E01012419,Halton 004C,Violence and sexual offences,Unable to prosecute suspect,
ccada5bbc0b437f65e3aca987359ab19ade48b738ffb731d725f2ca21d4a0756,2021-12,Cheshire Constabulary,Cheshire Constabulary,-2.767733,53.378352,On or near Dunsford,E01012419,Halton 004C,Violence and sexual offences,Unable to prosecute suspect,
dc82a037a26f3f944568de2ab00e196e7cc773c1468f8916bb0877fa10e87aec,2021-12,Cheshire Constabulary,Cheshire Constabulary,-2.768741,53.376745,On or near Foxcote,E01012419,Halton 004C,Violence and sexual offences,Unable to prosecute suspect,
ba4c19397e15d7f5e7be4562387b2239e58d943d777f36ba7603f88343bd7cbf,2021-12,Cheshire Constabulary,Cheshire Constabulary,-2.765847,53.378786,On or near Pedestrian Subway,E01012419,Halton 004C,Violence and sexual offences,Unable to prosecute suspect,
5cdd981e51fb927fe7f800eb03268e95fbc76065d7c943705ae37cdc195b5d8d,2021-12,Cheshire Constabulary,Cheshire Constabulary,-2.765847,53.378786,On or near Pedestrian Subway,E01012419,Halton 004C,Violence and sexual offences,Unable to prosecute suspect,
cb935cd7b255ba337a3a197f65ee781a7b9077a861b58ddb0b2d2470d19377be,2021-12,Cheshire Constabulary,Cheshire Constabulary,-2.766265,53.377786,On or near Deepdale,E01012419,Halton 004C,Violence and sexual offences,Unable to prosecute suspect,
fd6ae860e8b758f2dc961eab202904184457345abd91f01465f02de1a39d3f5f,2021-12,Cheshire Constabulary,Cheshire Constabulary,-2.768741,53.376745,On or near Foxcote,E01012419,Halton 004C,Violence and sexual offences,Unable to prosecute suspect,
1443cfa0c812ca1206dc2c7a4f3075c252e7325c3ddf84257d9a3cfb81074132,2021-12,Cheshire Constabulary,Cheshire Constabulary,-2.775541,53.379515,On or near Thornhills,E01012420,Halton 004D,Burglary,Investigation complete; no suspect identified,
e70e3e3987066a528d2a32a063198aeb807c175a0d37044add08d9c33c47ec3c,2021-12,Cheshire Constabulary,Cheshire Constabulary,-2.775541,53.379515,On or near Thornhills,E01012420,Halton 004D,Burglary,Unable to prosecute suspect,
581675c3931a83f4fbd1aa8c2a5cc0f3c5314a2d3a8ce669f4d27b5410d2aaab,2021-12,Cheshire Constabulary,Cheshire Constabulary,-2.775541,53.379515,On or near Thornhills,E01012420,Halton 004D,Criminal damage and arson,Unable to prosecute suspect,
ec985a30e2e932e73f3af2f3c17445acc9a6a7f32aa6c055200f1dfa9f5d4d44,2021-12,Cheshire Constabulary,Cheshire Constabulary,-2.772039,53.379555,On or near Pedestrian Subway,E01012420,Halton 004D,Public order,Unable to prosecute suspect,
fc12b1a43146f5d0639596d6da67db8ea21f6a69d06db98074c24d12d5f680bf,2021-12,Cheshire Constabulary,Cheshire Constabulary,-2.775775,53.379172,On or near Northern Lane,E01012420,Halton 004D,Public order,Court result unavailable,
8c1a78c717de19ec8897b4ca594df79608ba9001aca2914ad71edbcbd609f225,2021-12,Cheshire Constabulary,Cheshire Constabulary,-2.771234,53.378239,On or near Danescroft,E01012420,Halton 004D,Violence and sexual offences,Unable to prosecute suspect,
bba985390b7e9b2e0049ad4457ef2287e552cdadd2f712c1af73a10af92214c3,2021-12,Cheshire Constabulary,Cheshire Constabulary,-2.771234,53.378239,On or near Danescroft,E01012420,Halton 004D,Violence and sexual offences,Unable to prosecute suspect,
51823c0ddaeba94f6ae1c1b831dee13eb8bc9b687fdee4efdd6ffd7c7a528200,2021-12,Cheshire Constabulary,Cheshire Constabulary,-2.775541,53.379515,On or near Thornhills,E01012420,Halton 004D,Violence and sexual offences,Unable to prosecute suspect,
60e9e486d9d96a765324e24a8b11268d9dd4fb1e3814fe8a638bfa48d743f8e9,2021-12,Cheshire Constabulary,Cheshire Constabulary,-2.776888,53.380000,On or near Orchard Way,E01012420,Halton 004D,Violence and sexual offences,Court result unavailable,
526db5f81bd4a8dbe884ab24f70db47b2000df6bd8f35ebc562df9ca7333d22b,2021-12,Cheshire Constabulary,Cheshire Constabulary,-2.773454,53.380463,On or near Cherrysutton,E01012420,Halton 004D,Violence and sexual offences,Unable to prosecute suspect,
580fa57f7278db81847277334706d13a9615598fb57b6e25b91ff0b59ddf3ada,2021-12,Cheshire Constabulary,Cheshire Constabulary,-2.773454,53.380463,On or near Cherrysutton,E01012420,Halton 004D,Violence and sexual offences,Unable to prosecute suspect,
71bf7e7ec2fc0f5d3cf7f4ba2b0a53604ad15e5906b5aa90f59fcfe50216f769,2021-12,Cheshire Constabulary,Cheshire Constabulary,-2.775541,53.379515,On or near Thornhills,E01012420,Halton 004D,Violence and sexual offences,Unable to prosecute suspect,
1dffb4dccf4180fa67c1b31bfbc3e6fa4279ff223308d005222a7700b2b80960,2021-12,Cheshire Constabulary,Cheshire Constabulary,-2.770045,53.378184,On or near Downside,E01012420,Halton 004D,Violence and sexual offences,Unable to prosecute suspect,
88c20efa65ce0479e2fad69c978a845ea83aaa2bc11bf4cb2dc2d9f8cf2a1fb2,2021-12,Cheshire Constabulary,Cheshire Constabulary,-2.773454,53.380463,On or near Cherrysutton,E01012420,Halton 004D,Violence and sexual offences,Unable to prosecute suspect,
,2021-12,Cheshire Constabulary,Cheshire Constabulary,-2.778892,53.372850,On or near Plumley Gardens,E01012422,Halton 004E,Anti-social behaviour,,
,2021-12,Cheshire Constabulary,Cheshire Constabulary,-2.778892,53.372850,On or near Plumley Gardens,E01012422,Halton 004E,Anti-social behaviour,,
,2021-12,Cheshire Constabulary,Cheshire Constabulary,-2.778892,53.372850,On or near Plumley Gardens,E01012422,Halton 004E,Anti-social behaviour,,
,2021-12,Cheshire Constabulary,Cheshire Constabulary,-2.778892,53.372850,On or near Plumley Gardens,E01012422,Halton 004E,Anti-social behaviour,,
,2021-12,Cheshire Constabulary,Cheshire Constabulary,-2.778892,53.372850,On or near Plumley Gardens,E01012422,Halton 004E,Anti-social behaviour,,
a39f67f0cb7b073f11dbe0456b15d4f72afdc815b1c55efa25e42e30023187bd,2021-12,Cheshire Constabulary,Cheshire Constabulary,-2.774052,53.375336,On or near Alt,E01012422,Halton 004E,Criminal damage and arson,Unable to prosecute suspect,
e49ee5e5098a74ad1c39263fab1e8ea346303e40faa7ba9cf84aebf00a8bdfae,2021-12,Cheshire Constabulary,Cheshire Constabulary,-2.779092,53.374764,On or near Arden,E01012422,Halton 004E,Criminal damage and arson,Unable to prosecute suspect,
8c11310f5654a8b2b71fc5dfb27fb062c1a2460ec68e05a74b605a5e70375c7d,2021-12,Cheshire Constabulary,Cheshire Constabulary,-2.774052,53.375336,On or near Alt,E01012422,Halton 004E,Criminal damage and arson,Investigation complete; no suspect identified,
f08e49a563feff25b39a2147aeb5da3a3d375c8be901cdc620e9e7702dd0e395,2021-12,Cheshire Constabulary,Cheshire Constabulary,-2.774052,53.375336,On or near Alt,E01012422,Halton 004E,Criminal damage and arson,Court result unavailable,
9dbcbb9d1e988cc0c774e45384ebc8ea8f4f5934ca7cd321f20ca6a19a380367,2021-12,Cheshire Constabulary,Cheshire Constabulary,-2.779092,53.374764,On or near Arden,E01012422,Halton 004E,Public order,Local resolution,
4f0aea834f766cd90d0ccc11cfa2589af603fc47c0d83b5ef5fd12798fa6d0e6,2021-12,Cheshire Constabulary,Cheshire Constabulary,-2.775199,53.375589,On or near Aire,E01012422,Halton 004E,Public order,Unable to prosecute suspect,
b7bcbfc9fb7fdb2fca7b8fff96c9caac64498235888e24add396125bab38a203,2021-12,Cheshire Constabulary,Cheshire Constabulary,-2.778892,53.372850,On or near Plumley Gardens,E01012422,Halton 004E,Public order,Court result unavailable,
be4fdc13c925bbd50efcaa5ba531c039ce2b4f55be2c2ab1977c9f77c459f6b3,2021-12,Cheshire Constabulary,Cheshire Constabulary,-2.774052,53.375336,On or near Alt,E01012422,Halton 004E,Violence and sexual offences,Unable to prosecute suspect,
ef227f64b1953679ad69b2454289e2c4e5f264b252afb5e13007c1d6d4cdbd2f,2021-12,Cheshire Constabulary,Cheshire Constabulary,-2.778892,53.372850,On or near Plumley Gardens,E01012422,Halton 004E,Violence and sexual offences,Unable to prosecute suspect,
340b260a225e84bac66bd136543e4a8d64b738ca6e78ba8c22a32532f57fd8bf,2021-12,Cheshire Constabulary,Cheshire Constabulary,-2.776961,53.374085,On or near Afton,E01012422,Halton 004E,Violence and sexual offences,Unable to prosecute suspect,
03346fdb97e746fd74e8e2c22be43cfa5789da6bdd057e4be7e3020030b75f30,2021-12,Cheshire Constabulary,Cheshire Constabulary,-2.771316,53.375308,On or near Edendale,E01012422,Halton 004E,Violence and sexual offences,Unable to prosecute suspect,
fc470f0568722099cd0195da6c006ef30972bf3a49f72b6b5c54729b6745838d,2021-12,Cheshire Constabulary,Cheshire Constabulary,-2.774052,53.375336,On or near Alt,E01012422,Halton 004E,Violence and sexual offences,Unable to prosecute suspect,
1ff740b14c20900286259bcae98bd367fe306f7fa0111cfa7404f4b1afbed7f7,2021-12,Cheshire Constabulary,Cheshire Constabulary,-2.775199,53.375589,On or near Aire,E01012422,Halton 004E,Violence and sexual offences,Investigation complete; no suspect identified,
5664094af541bff7e8bbfdb132605cee148cd456fb3873608374a9431d8d16ab,2021-12,Cheshire Constabulary,Cheshire Constabulary,-2.776961,53.374085,On or near Afton,E01012422,Halton 004E,Violence and sexual offences,Unable to prosecute suspect,
083b1388b033712c069b911462cfc4775c936db130b03ffa46793bdb0391b2fe,2021-12,Cheshire Constabulary,Cheshire Constabulary,-2.778053,53.373018,On or near Liverpool Road,E01012422,Halton 004E,Violence and sexual offences,Unable to prosecute suspect,
16b1146329b291976b63ef60561c03ec233744e2dbc39efedcf5e2a372105d01,2021-12,Cheshire Constabulary,Cheshire Constabulary,-2.774052,53.375336,On or near Alt,E01012422,Halton 004E,Violence and sexual offences,Unable to prosecute suspect,
32dcf7618251ac88986193764c522712cfaee6d5b1bcf964deaf1a21e03ff54d,2021-12,Cheshire Constabulary,Cheshire Constabulary,-2.774052,53.375336,On or near Alt,E01012422,Halton 004E,Violence and sexual offences,Unable to prosecute suspect,
317b871340a7483778c79bf5a3deb211731a0e890223a74b3759a5bbd3a5d33e,2021-12,Cheshire Constabulary,Cheshire Constabulary,-2.774052,53.375336,On or near Alt,E01012422,Halton 004E,Violence and sexual offences,Unable to prosecute suspect,
dbac708d477e453a226729a8902af3b0562bd801f216f6148ef8501f299e8d6c,2021-12,Cheshire Constabulary,Cheshire Constabulary,-2.774052,53.375336,On or near Alt,E01012422,Halton 004E,Violence and sexual offences,Unable to prosecute suspect,
d72a7f086c3102b50de83f40b19d3af7c136e6aed97fbd56adc070a8c0ad991c,2021-12,Cheshire Constabulary,Cheshire Constabulary,-2.774052,53.375336,On or near Alt,E01012422,Halton 004E,Violence and sexual offences,Unable to prosecute suspect,
e6ba570601d40ffd441db12c813041ab1bb750cf64f7758b2a8296ffd7a8b113,2021-12,Cheshire Constabulary,Cheshire Constabulary,-2.775199,53.375589,On or near Aire,E01012422,Halton 004E,Violence and sexual offences,Unable to prosecute suspect,
b96f5b9c56d4b376d31e75d3352a64915f30ccffd69f97cdf5b6271d5c2337c2,2021-12,Cheshire Constabulary,Cheshire Constabulary,-2.776961,53.374085,On or near Afton,E01012422,Halton 004E,Other crime,Unable to prosecute suspect,
,2021-12,Cheshire Constabulary,Cheshire Constabulary,-2.728539,53.372791,On or near Park Avenue,E01012369,Halton 005A,Anti-social behaviour,,
,2021-12,Cheshire Constabulary,Cheshire Constabulary,-2.728540,53.374642,On or near Fairfield Road,E01012369,Halton 005A,Anti-social behaviour,,
894b6b10b2f2e93ea9ed9f7e50edc5aeddc9094c5a62079b12a566cf75860eae,2021-12,Cheshire Constabulary,Cheshire Constabulary,-2.724564,53.379467,On or near Bevan Way,E01012369,Halton 005A,Bicycle theft,Investigation complete; no suspect identified,
4804c69278e8332564d91c2402daf73c4e481409bf7e2a0c5a9da0ad8ecadfa7,2021-12,Cheshire Constabulary,Cheshire Constabulary,-2.725684,53.377267,On or near Cypress Avenue,E01012369,Halton 005A,Public order,Unable to prosecute suspect,
aaacf7962f20c410149c07fb22159668437977150ccf441079302c7bbeb8f76c,2021-12,Cheshire Constabulary,Cheshire Constabulary,-2.725684,53.377267,On or near Cypress Avenue,E01012369,Halton 005A,Public order,Unable to prosecute suspect,
aa1856a07ebc22817f7d9b0cf31095e79f51d14b40beaa80fb0ffffd59cc0edd,2021-12,Cheshire Constabulary,Cheshire Constabulary,-2.728583,53.378894,On or near Alder Avenue,E01012369,Halton 005A,Public order,Unable to prosecute suspect,
6649d90c6ece0ce4c31685ac60d94700b9ed734ed9b70185e1fcee0a7bf214ec,2021-12,Cheshire Constabulary,Cheshire Constabulary,-2.728539,53.372791,On or near Park Avenue,E01012369,Halton 005A,Violence and sexual offences,Investigation complete; no suspect identified,
761890d1d3aa9f227d20dc0229025936fceb188eec85646b14c39b80e79ee289,2021-12,Cheshire Constabulary,Cheshire Constabulary,-2.725684,53.377267,On or near Cypress Avenue,E01012369,Halton 005A,Violence and sexual offences,Unable to prosecute suspect,
a0270d82b2de85d2884c36032c2545ea9bdda6ad92538f220ae84361c0639274,2021-12,Cheshire Constabulary,Cheshire Constabulary,-2.729121,53.377830,On or near Lockett Road,E01012369,Halton 005A,Violence and sexual offences,Investigation complete; no suspect identified,
60de581765b319099a4d10ecbf7149599f8d3f76c78184ea485ad02b236462b2,2021-12,Cheshire Constabulary,Cheshire Constabulary,-2.729121,53.377830,On or near Lockett Road,E01012369,Halton 005A,Violence and sexual offences,Investigation complete; no suspect identified,
fae52922972f910f9986abd765d65b791c44b5344606f0ed05bdc79b87cf8329,2021-12,Cheshire Constabulary,Cheshire Constabulary,-2.729121,53.377830,On or near Lockett Road,E01012369,Halton 005A,Violence and sexual offences,Investigation complete; no suspect identified,
4c5c545097b7da22f0167e5ab446dd66414e9f0c9f9417f76e69d4ef72436dd3,2021-12,Cheshire Constabulary,Cheshire Constabulary,-2.727691,53.375960,On or near Elm Avenue,E01012369,Halton 005A,Violence and sexual offences,Unable to prosecute suspect,
6942b028030873e45aad10b4951c5ac0828f15d5de3a830ed630507fcc0344f8,2021-12,Cheshire Constabulary,Cheshire Constabulary,-2.729121,53.377830,On or near Lockett Road,E01012369,Halton 005A,Violence and sexual offences,Investigation complete; no suspect identified,
66689507e71628125be839fc589900d0442aaa81f3e5b0b607694a5cfde603df,2021-12,Cheshire Constabulary,Cheshire Constabulary,-2.727831,53.372696,On or near Westmorland Avenue,E01012369,Halton 005A,Other crime,Investigation complete; no suspect identified,
b1fc063e8598b8c7f950cee34917797e960d3575d1747122b96820b7314ece83,2021-12,Cheshire Constabulary,Cheshire Constabulary,-2.728854,53.379800,On or near Lancaster Road,E01012394,Halton 005B,Other theft,Investigation complete; no suspect identified,
9c87e571f70451d63f16194889d395536f149d9ff0f3a5cbf5371b8de3e0cd2a,2021-12,Cheshire Constabulary,Cheshire Constabulary,-2.727723,53.380517,On or near Durham Road,E01012394,Halton 005B,Public order,Unable to prosecute suspect,
e4fb067db691ab78ca9c43d90a4639f60713b8989ca94a0651c019c73531909a,2021-12,Cheshire Constabulary,Cheshire Constabulary,-2.732079,53.380266,On or near Birchfield Road,E01012394,Halton 005B,Violence and sexual offences,Unable to prosecute suspect,
5e188f8003f6f6e269f516958ed6b0c2d416d68401b89387ae3100ac796e4c05,2021-12,Cheshire Constabulary,Cheshire Constabulary,-2.727408,53.383153,On or near Farnworth Close,E01012394,Halton 005B,Violence and sexual offences,Unable to prosecute suspect,
6d9edba1932b774e1e387bcc6c42049ac40fff5e145d3135e2e6af8f3e502d64,2021-12,Cheshire Constabulary,Cheshire Constabulary,-2.732079,53.380266,On or near Birchfield Road,E01012394,Halton 005B,Other crime,Unable to prosecute suspect,
,2021-12,Cheshire Constabulary,Cheshire Constabulary,-2.736417,53.368572,On or near Squires Avenue,E01012425,Halton 005C,Anti-social behaviour,,
757de50333e17df988de06b509d54cd600499764cb29ee44b212027caea10b20,2021-12,Cheshire Constabulary,Cheshire Constabulary,-2.734563,53.367396,On or near Mottershead Road,E01012425,Halton 005C,Criminal damage and arson,Investigation complete; no suspect identified,
92da3ad86ffd66b434113ea0d20fdd58c466226fc75ac5f6a253d9e32d8e056f,2021-12,Cheshire Constabulary,Cheshire Constabulary,-2.736417,53.368572,On or near Squires Avenue,E01012425,Halton 005C,Public order,Investigation complete; no suspect identified,
72458018087e086a72673cb5d75f05b6e64306e0a6d611b4eb7f6f5c264e9df4,2021-12,Cheshire Constabulary,Cheshire Constabulary,-2.734555,53.369509,On or near Timmis Crescent,E01012425,Halton 005C,Public order,Unable to prosecute suspect,
be520eb460dfdd8e8a4efc0eee65d1f9c279433b9ee4e5debde9d2f30d4da860,2021-12,Cheshire Constabulary,Cheshire Constabulary,-2.730531,53.367107,On or near Prince'S Street,E01012425,Halton 005C,Vehicle crime,Unable to prosecute suspect,
67bce4d12426685a05323f9321c01cd1ded8a90f2e8135ea0a35b6f8740fa9e2,2021-12,Cheshire Constabulary,Cheshire Constabulary,-2.734563,53.367396,On or near Mottershead Road,E01012425,Halton 005C,Violence and sexual offences,Unable to prosecute suspect,
94b745153d426e33bd0bb99c340f5877240210419a091314e302ef08f94f0012,2021-12,Cheshire Constabulary,Cheshire Constabulary,-2.734555,53.369509,On or near Timmis Crescent,E01012425,Halton 005C,Violence and sexual offences,Unable to prosecute suspect,
9250f1d10f9d9f66227517c54df5806aeefda0da4c36686ae1e3a1bc720d5a29,2021-12,Cheshire Constabulary,Cheshire Constabulary,-2.731910,53.366037,On or near Charles Street,E01012425,Halton 005C,Violence and sexual offences,Unable to prosecute suspect,
843a00149c4145659799832725bc02845a7c497b949a0a6e086a4d380cbabfaf,2021-12,Cheshire Constabulary,Cheshire Constabulary,-2.734563,53.367396,On or near Mottershead Road,E01012425,Halton 005C,Other crime,Unable to prosecute suspect,
,2021-12,Cheshire Constabulary,Cheshire Constabulary,-2.732476,53.371895,On or near Birchfield Road,E01012426,Halton 005D,Anti-social behaviour,,
,2021-12,Cheshire Constabulary,Cheshire Constabulary,-2.732476,53.371895,On or near Birchfield Road,E01012426,Halton 005D,Anti-social behaviour,,
,2021-12,Cheshire Constabulary,Cheshire Constabulary,-2.732476,53.371895,On or near Birchfield Road,E01012426,Halton 005D,Anti-social behaviour,,
5e437f48d73e336a54e30edaab16724be6ee2bea95beea16536a71fd4374fe3b,2021-12,Cheshire Constabulary,Cheshire Constabulary,-2.732476,53.371895,On or near Birchfield Road,E01012426,Halton 005D,Criminal damage and arson,Investigation complete; no suspect identified,
4c0ded34bf080576762d9f898de087f6d5e8063c82b8234209c22c451d6a6504,2021-12,Cheshire Constabulary,Cheshire Constabulary,-2.740156,53.371874,On or near Woodland Avenue,E01012426,Halton 005D,Criminal damage and arson,Investigation complete; no suspect identified,
ffd58c01cc211bfd0f2c924e12dd65d547b084c695bfa20c4c37c8487ba933fe,2021-12,Cheshire Constabulary,Cheshire Constabulary,-2.732476,53.371895,On or near Birchfield Road,E01012426,Halton 005D,Public order,Investigation complete; no suspect identified,
0cc757acd31f720ce44d1c0096979a3ce0af61f3c7d019e4a61f9e9e56dc402c,2021-12,Cheshire Constabulary,Cheshire Constabulary,-2.732476,53.371895,On or near Birchfield Road,E01012426,Halton 005D,Public order,Investigation complete; no suspect identified,
cb8773b935f9dd9e8722f7ecce942fab450d6febdb1b71f0f9877d0cf4671523,2021-12,Cheshire Constabulary,Cheshire Constabulary,-2.732476,53.371895,On or near Birchfield Road,E01012426,Halton 005D,Vehicle crime,Investigation complete; no suspect identified,
38b69cb806c55cfa2b91af51fed70c7be8dca60af9d7c96d68f8d4fe2d80b491,2021-12,Cheshire Constabulary,Cheshire Constabulary,-2.732476,53.371895,On or near Birchfield Road,E01012426,Halton 005D,Violence and sexual offences,Investigation complete; no suspect identified,
21163c773470e7fc95705a70c8840b9021b3710678ffea16f9f60cee88fe3b58,2021-12,Cheshire Constabulary,Cheshire Constabulary,-2.732476,53.371895,On or near Birchfield Road,E01012426,Halton 005D,Violence and sexual offences,Investigation complete; no suspect identified,
58f204a8ba3241bfb424960d125421fb1067153bbda369f7e06b2e17ca5fa46c,2021-12,Cheshire Constabulary,Cheshire Constabulary,-2.740156,53.371874,On or near Woodland Avenue,E01012426,Halton 005D,Violence and sexual offences,Unable to prosecute suspect,
c56da5aed7ddf0eebd4c6999ce44d82cf9b9edbf55543846b9eab67d09de360c,2021-12,Cheshire Constabulary,Cheshire Constabulary,-2.732476,53.371895,On or near Birchfield Road,E01012426,Halton 005D,Violence and sexual offences,Unable to prosecute suspect,
60cbb15792b39822485359a23ec516d4871b19bafdc8e7795a210a0baf66255a,2021-12,Cheshire Constabulary,Cheshire Constabulary,-2.732476,53.371895,On or near Birchfield Road,E01012426,Halton 005D,Violence and sexual offences,Investigation complete; no suspect identified,
976aeb1a47412f391621f5e9c14b19ec0c68774a0926baa147847d5f55cea3c8,2021-12,Cheshire Constabulary,Cheshire Constabulary,-2.732476,53.371895,On or near Birchfield Road,E01012426,Halton 005D,Violence and sexual offences,Investigation complete; no suspect identified,
02981a447087e4956dd8c009fb2ee298c03fb79464c1ed8ba1f8cc0a7c620d49,2021-12,Cheshire Constabulary,Cheshire Constabulary,-2.733826,53.374340,On or near Bradshaw Street,E01012426,Halton 005D,Violence and sexual offences,Unable to prosecute suspect,
8266a148f7fe13bdf6e871b2583a876f1ef212b12210046e6916884904d7a181,2021-12,Cheshire Constabulary,Cheshire Constabulary,-2.740156,53.371874,On or near Woodland Avenue,E01012426,Halton 005D,Violence and sexual offences,Unable to prosecute suspect,
,2021-12,Cheshire Constabulary,Cheshire Constabulary,-2.744942,53.367027,On or near Keats Close,E01012427,Halton 005E,Anti-social behaviour,,
,2021-12,Cheshire Constabulary,Cheshire Constabulary,-2.742340,53.370396,On or near Liverpool Road,E01012427,Halton 005E,Anti-social behaviour,,
,2021-12,Cheshire Constabulary,Cheshire Constabulary,-2.744942,53.367027,On or near Keats Close,E01012427,Halton 005E,Anti-social behaviour,,
bd83c37271a3293a1bfa2622cc91b97cfb12e7a8d98dbd974d4d66c84f0b4d3b,2021-12,Cheshire Constabulary,Cheshire Constabulary,-2.742340,53.370396,On or near Liverpool Road,E01012427,Halton 005E,Violence and sexual offences,Unable to prosecute suspect,
354a9115bd35df4042750203b2da15a233c758c9115756d9fdea167db96b7e59,2021-12,Cheshire Constabulary,Cheshire Constabulary,-2.737954,53.369668,On or near Clayton Crescent,E01012427,Halton 005E,Violence and sexual offences,Unable to prosecute suspect,
4c42d8fc210b566aa602bb29815b398a076b4e7ff4d099ccc2bf0fe11fbdde8d,2021-12,Cheshire Constabulary,Cheshire Constabulary,-2.742340,53.370396,On or near Liverpool Road,E01012427,Halton 005E,Violence and sexual offences,Investigation complete; no suspect identified,
c07d774ee789408081c71967bdb5d17158bd044ff971c9402134436ceb34cfb1,2021-12,Cheshire Constabulary,Cheshire Constabulary,-2.742340,53.370396,On or near Liverpool Road,E01012427,Halton 005E,Violence and sexual offences,Investigation complete; no suspect identified,
,2021-12,Cheshire Constabulary,Cheshire Constabulary,-2.756381,53.373121,On or near Prescot Road,E01012378,Halton 006A,Anti-social behaviour,,
682818f7232e718cff441030eaec229caacf8219adee7e1dc5d92a42ceaf79b0,2021-12,Cheshire Constabulary,Cheshire Constabulary,-2.756756,53.372202,On or near Woodville Place,E01012378,Halton 006A,Criminal damage and arson,Investigation complete; no suspect identified,
16af56d41b8a469245e170d9a14fd51e8f78bce5f6e099917804da061cc5dfb6,2021-12,Cheshire Constabulary,Cheshire Constabulary,-2.753399,53.371953,On or near Kershaw Street,E01012378,Halton 006A,Public order,Unable to prosecute suspect,
56b20a2f802559078cc019b9c0fa580f805945f4c78c8e18b3b41606378c2532,2021-12,Cheshire Constabulary,Cheshire Constabulary,-2.758589,53.373017,On or near Radnor Drive,E01012378,Halton 006A,Violence and sexual offences,Unable to prosecute suspect,
860d33ae60e991dd59d84a69cce6322b5012c8f05a984551552698be66bff9a3,2021-12,Cheshire Constabulary,Cheshire Constabulary,-2.753399,53.371953,On or near Kershaw Street,E01012378,Halton 006A,Violence and sexual offences,Unable to prosecute suspect,
1be00f0cb233acfdcd810c0dd627ee15975df0bd851a21e38c56eecceb796f59,2021-12,Cheshire Constabulary,Cheshire Constabulary,-2.753399,53.371953,On or near Kershaw Street,E01012378,Halton 006A,Violence and sexual offences,Unable to prosecute suspect,
4968981a68a2e367e77a76755d4eaf590df0e4fb63fec3f2623f8a9c45e91944,2021-12,Cheshire Constabulary,Cheshire Constabulary,-2.753399,53.371953,On or near Kershaw Street,E01012378,Halton 006A,Violence and sexual offences,Unable to prosecute suspect,
fb7e3e7b41c2cc5ecf8d645b062726a17a532d4110654002e3e3e764eba79e7d,2021-12,Cheshire Constabulary,Cheshire Constabulary,-2.759171,53.374514,On or near Tabley Avenue,E01012378,Halton 006A,Violence and sexual offences,Unable to prosecute suspect,
,2021-12,Cheshire Constabulary,Cheshire Constabulary,-2.754295,53.368208,On or near Ashley Green,E01012379,Halton 006B,Anti-social behaviour,,
,2021-12,Cheshire Constabulary,Cheshire Constabulary,-2.760125,53.368153,On or near Blundell Road,E01012379,Halton 006B,Anti-social behaviour,,
,2021-12,Cheshire Constabulary,Cheshire Constabulary,-2.757423,53.369995,On or near Berry Road,E01012379,Halton 006B,Anti-social behaviour,,
e1585cd89c70d7b7eb6a70848c4aa528d4d8a34634d808a811715cea5c62f8bc,2021-12,Cheshire Constabulary,Cheshire Constabulary,-2.751055,53.370278,On or near Primrose Close,E01012379,Halton 006B,Public order,Investigation complete; no suspect identified,
5d3382db8a31d6cd3663060408f1ca7d9dcef7486d556d61def95e292245e92e,2021-12,Cheshire Constabulary,Cheshire Constabulary,-2.751055,53.370278,On or near Primrose Close,E01012379,Halton 006B,Violence and sexual offences,Unable to prosecute suspect,
1d7f16645bb36bb12c7cb23e1a25f40394dfdf8a6df04d2d6c571f9bc72bbe51,2021-12,Cheshire Constabulary,Cheshire Constabulary,-2.756384,53.369049,On or near Grange Drive,E01012379,Halton 006B,Violence and sexual offences,Investigation complete; no suspect identified,
,2021-12,Cheshire Constabulary,Cheshire Constabulary,-2.766391,53.368895,On or near Gaisgill Court,E01012380,Halton 006C,Anti-social behaviour,,
,2021-12,Cheshire Constabulary,Cheshire Constabulary,-2.766391,53.368895,On or near Gaisgill Court,E01012380,Halton 006C,Anti-social behaviour,,
59e1f5baf0e4db0d5046e21f663cd55099d206a2612c8716fbeade2bd144101a,2021-12,Cheshire Constabulary,Cheshire Constabulary,-2.763538,53.368221,On or near Borrowdale Road,E01012380,Halton 006C,Violence and sexual offences,Formal action is not in the public interest,
6220ebf37a68f326d6a5cd94112f8af598da368971c6142b00d8328604fa7800,2021-12,Cheshire Constabulary,Cheshire Constabulary,-2.765187,53.368822,On or near Keswick Close,E01012380,Halton 006C,Violence and sexual offences,Unable to prosecute suspect,
6be1b66c3c7ca6991757fc2e9f14264219ed57b4b587999ff1f756d252bee4a1,2021-12,Cheshire Constabulary,Cheshire Constabulary,-2.763538,53.368221,On or near Borrowdale Road,E01012380,Halton 006C,Violence and sexual offences,Unable to prosecute suspect,
a7d7d039ca4c0f0649a0019fe26837ba352387549875d35c2b27781474262acf,2021-12,Cheshire Constabulary,Cheshire Constabulary,-2.761826,53.368268,On or near Graham Road,E01012380,Halton 006C,Violence and sexual offences,Court result unavailable,
7dcbb19b3dc84fbadbc334b5dd0ba18da67212ea2b16b84c9ae7a79e6d4c91f6,2021-12,Cheshire Constabulary,Cheshire Constabulary,-2.763538,53.368221,On or near Borrowdale Road,E01012380,Halton 006C,Violence and sexual offences,Unable to prosecute suspect,
1aefb4ace10422eabb48747c90ca3866c0f78bc2c7521d057417e1c54487dd5f,2021-12,Cheshire Constabulary,Cheshire Constabulary,-2.766225,53.367179,On or near Appleby Close,E01012380,Halton 006C,Violence and sexual offences,Unable to prosecute suspect,
5ca38777732fe7d659df0ed9245c5b4d9ab12dfbd9613253d1da12688344ac1a,2021-12,Cheshire Constabulary,Cheshire Constabulary,-2.762305,53.368993,On or near Rydal Way,E01012380,Halton 006C,Violence and sexual offences,Court result unavailable,
5e2b8bd409bbe1d01092dba118cd123748d80215828e1ed138bfdc22b17cb027,2021-12,Cheshire Constabulary,Cheshire Constabulary,-2.761826,53.368268,On or near Graham Road,E01012380,Halton 006C,Violence and sexual offences,Unable to prosecute suspect,
b4da70cdd3149490a47f7a1bfffff56fd92db033f7156f98fdb978808c008052,2021-12,Cheshire Constabulary,Cheshire Constabulary,-2.761826,53.368268,On or near Graham Road,E01012380,Halton 006C,Violence and sexual offences,Unable to prosecute suspect,
,2021-12,Cheshire Constabulary,Cheshire Constabulary,-2.768822,53.367037,On or near Coronation Drive,E01012388,Halton 006D,Anti-social behaviour,,
,2021-12,Cheshire Constabulary,Cheshire Constabulary,-2.769703,53.367562,On or near Lodge Road,E01012388,Halton 006D,Anti-social behaviour,,
9007387661000e208dde5697330171d88410a49118b9defbf9a6eca2b6bf9559,2021-12,Cheshire Constabulary,Cheshire Constabulary,-2.771910,53.364087,On or near Edgewood Close,E01012388,Halton 006D,Burglary,Investigation complete; no suspect identified,
faa625125e87e88db17d0966ed9635f119a91e42eacb28ae6b05e57c1a944a94,2021-12,Cheshire Constabulary,Cheshire Constabulary,-2.768329,53.364676,On or near Heralds Close,E01012388,Halton 006D,Criminal damage and arson,Investigation complete; no suspect identified,
fe81ca70ab27fcae57f92aeb3ed3a96803de71ee9240e90015ba91fc53a6521c,2021-12,Cheshire Constabulary,Cheshire Constabulary,-2.768822,53.367037,On or near Coronation Drive,E01012388,Halton 006D,Possession of weapons,Court result unavailable,
c999984ac5b7bc93d48a84235a35f741c07a1dc284f4575e3ead636a3a25cf02,2021-12,Cheshire Constabulary,Cheshire Constabulary,-2.774108,53.364342,On or near Rosewood Grove,E01012388,Halton 006D,Public order,Investigation complete; no suspect identified,
46c178ca61e11e44a46570acc478d61f5df2deaf29be887bc481c3002c5b03e3,2021-12,Cheshire Constabulary,Cheshire Constabulary,-2.765097,53.362935,On or near Arnold Place,E01012388,Halton 006D,Public order,Investigation complete; no suspect identified,
741b81f89fea45ec7b7bcae95e9d5bfd4bbb3a75999363e54b5940bbf5bf5d56,2021-12,Cheshire Constabulary,Cheshire Constabulary,-2.763605,53.366073,On or near Abbey Road,E01012388,Halton 006D,Public order,Unable to prosecute suspect,
241811c69f35c81e3ab51a64046c48933a6074c120aa636b85ad60deb3ccfc04,2021-12,Cheshire Constabulary,Cheshire Constabulary,-2.766347,53.362271,On or near Wyncroft Close,E01012388,Halton 006D,Vehicle crime,Investigation complete; no suspect identified,
654099d956a8e713095957751797d9fa2013661e9b622e57c834ede192ef6699,2021-12,Cheshire Constabulary,Cheshire Constabulary,-2.766347,53.362271,On or near Wyncroft Close,E01012388,Halton 006D,Violence and sexual offences,Unable to prosecute suspect,
b95606395a6a57afd178e5fc7325a2d5a0e7b195257b4a9b1ddf4432bf4901f4,2021-12,Cheshire Constabulary,Cheshire Constabulary,-2.770095,53.365950,On or near Crown Avenue,E01012388,Halton 006D,Violence and sexual offences,Unable to prosecute suspect,
7ee4a4be267041bfb7729d9f453018273a6207d9dae8cf2d1775f295dfb0d030,2021-12,Cheshire Constabulary,Cheshire Constabulary,-2.770095,53.365950,On or near Crown Avenue,E01012388,Halton 006D,Violence and sexual offences,Unable to prosecute suspect,
9351c9c6b113ad2d7fa6178b0a689aad09649fc3a3700080795120a5c6d5a43d,2021-12,Cheshire Constabulary,Cheshire Constabulary,-2.768916,53.365580,On or near Philip Road,E01012388,Halton 006D,Violence and sexual offences,Investigation complete; no suspect identified,
4ed6516116cd2b520160c20deb58dc169daadedea440a3b8c9e031a46310c066,2021-12,Cheshire Constabulary,Cheshire Constabulary,-2.770095,53.365950,On or near Crown Avenue,E01012388,Halton 006D,Violence and sexual offences,Unable to prosecute suspect,
84acaa3795fab2c68c3496f315cbfc6db7cd4f614e666d63bfcc856d15dbe7c2,2021-12,Cheshire Constabulary,Cheshire Constabulary,-2.765097,53.362935,On or near Arnold Place,E01012388,Halton 006D,Violence and sexual offences,Unable to prosecute suspect,
ccea716028e09b2b37fc86439b49a889605b96fd83967ce2ea54a044051742e6,2021-12,Cheshire Constabulary,Cheshire Constabulary,-2.755313,53.365451,On or near Cunningham Road,E01012442,Halton 006E,Other theft,Investigation complete; no suspect identified,
4af744de60af34906e31ba500e0303ff3300ff89cb937554aa3188fbe00c1334,2021-12,Cheshire Constabulary,Cheshire Constabulary,-2.757398,53.366076,On or near Montgomery Road,E01012442,Halton 006E,Public order,Local resolution,
cce12de094fdd003df890bb0215e96abe3e52da20db56ea2dbd3fb8db50bf2fa,2021-12,Cheshire Constabulary,Cheshire Constabulary,-2.756983,53.364713,On or near Alexander Drive,E01012442,Halton 006E,Public order,Investigation complete; no suspect identified,
8e506bad8dcf287ba1ad0ed62af1c53706803a1b2438b8fdc44bc5bfb43a9c13,2021-12,Cheshire Constabulary,Cheshire Constabulary,-2.755313,53.365451,On or near Cunningham Road,E01012442,Halton 006E,Other crime,Further investigation is not in the public interest,
,2021-12,Cheshire Constabulary,Cheshire Constabulary,-2.725448,53.370490,On or near Midland Street,E01012367,Halton 007A,Anti-social behaviour,,
,2021-12,Cheshire Constabulary,Cheshire Constabulary,-2.725811,53.368834,On or near Further/Higher Educational Building,E01012367,Halton 007A,Anti-social behaviour,,
,2021-12,Cheshire Constabulary,Cheshire Constabulary,-2.728485,53.363488,On or near Oxford Street,E01012367,Halton 007A,Anti-social behaviour,,
,2021-12,Cheshire Constabulary,Cheshire Constabulary,-2.721656,53.366621,On or near Watkinson Way,E01012367,Halton 007A,Anti-social behaviour,,
,2021-12,Cheshire Constabulary,Cheshire Constabulary,-2.730368,53.362847,On or near Vine Street,E01012367,Halton 007A,Anti-social behaviour,,
,2021-12,Cheshire Constabulary,Cheshire Constabulary,-2.727307,53.366677,On or near Travis Street,E01012367,Halton 007A,Anti-social behaviour,,
,2021-12,Cheshire Constabulary,Cheshire Constabulary,-2.727307,53.366677,On or near Travis Street,E01012367,Halton 007A,Anti-social behaviour,,
,2021-12,Cheshire Constabulary,Cheshire Constabulary,-2.725556,53.367083,On or near Farrant Street,E01012367,Halton 007A,Anti-social behaviour,,
,2021-12,Cheshire Constabulary,Cheshire Constabulary,-2.732538,53.371094,On or near Kingsway,E01012367,Halton 007A,Anti-social behaviour,,
,2021-12,Cheshire Constabulary,Cheshire Constabulary,-2.725556,53.367083,On or near Farrant Street,E01012367,Halton 007A,Anti-social behaviour,,
,2021-12,Cheshire Constabulary,Cheshire Constabulary,-2.730368,53.362847,On or near Vine Street,E01012367,Halton 007A,Anti-social behaviour,,
,2021-12,Cheshire Constabulary,Cheshire Constabulary,-2.725556,53.367083,On or near Farrant Street,E01012367,Halton 007A,Anti-social behaviour,,
,2021-12,Cheshire Constabulary,Cheshire Constabulary,-2.727443,53.364087,On or near Quinn Street,E01012367,Halton 007A,Anti-social behaviour,,
,2021-12,Cheshire Constabulary,Cheshire Constabulary,-2.730368,53.362847,On or near Vine Street,E01012367,Halton 007A,Anti-social behaviour,,
,2021-12,Cheshire Constabulary,Cheshire Constabulary,-2.725811,53.368834,On or near Further/Higher Educational Building,E01012367,Halton 007A,Anti-social behaviour,,
,2021-12,Cheshire Constabulary,Cheshire Constabulary,-2.727443,53.364087,On or near Quinn Street,E01012367,Halton 007A,Anti-social behaviour,,
e376dcd0e6f794ce38b9dd45d8e7ea7f299689a563af37419305bdc4463a7648,2021-12,Cheshire Constabulary,Cheshire Constabulary,-2.729569,53.363580,On or near Keble Street,E01012367,Halton 007A,Criminal damage and arson,Unable to prosecute suspect,
64535f04fb78e848246eec5e8116139acc018fb35e19ed7f3e491893adcdb780,2021-12,Cheshire Constabulary,Cheshire Constabulary,-2.727443,53.364087,On or near Quinn Street,E01012367,Halton 007A,Criminal damage and arson,Investigation complete; no suspect identified,
77471dde3a78a796ee96554734ea759281aea6c17358b5a22d6c8a08410a4efb,2021-12,Cheshire Constabulary,Cheshire Constabulary,-2.727715,53.368562,On or near Supermarket,E01012367,Halton 007A,Criminal damage and arson,Investigation complete; no suspect identified,
ec87e112d92c626d56869c1e8b3de60f17c7af6ec128d5c4a8f2d683442562d9,2021-12,Cheshire Constabulary,Cheshire Constabulary,-2.729569,53.363580,On or near Keble Street,E01012367,Halton 007A,Criminal damage and arson,Unable to prosecute suspect,
ace9002017900c536d8995b7ac4d51a2c009a846e8e22ce139606ea5a22752b8,2021-12,Cheshire Constabulary,Cheshire Constabulary,-2.729569,53.363580,On or near Keble Street,E01012367,Halton 007A,Criminal damage and arson,Unable to prosecute suspect,
45e26759025ddb48b53cfbcfc2a80efbbba731c12b5159f17ed3506e060303a6,2021-12,Cheshire Constabulary,Cheshire Constabulary,-2.728799,53.366012,On or near Grenfell Street,E01012367,Halton 007A,Drugs,Court result unavailable,
31ef3bb2079d66a63e325da07e464e4e842281ed269c66862f2161261edfc38e,2021-12,Cheshire Constabulary,Cheshire Constabulary,-2.725556,53.367083,On or near Farrant Street,E01012367,Halton 007A,Other theft,Investigation complete; no suspect identified,
392394f5b438e37946a4b4012b51e41cfc6f2d754b4621e73ca2d6a1614626a5,2021-12,Cheshire Constabulary,Cheshire Constabulary,-2.728799,53.366012,On or near Grenfell Street,E01012367,Halton 007A,Other theft,Unable to prosecute suspect,
f83a165adb3d59c74c030c542f3fa2be477dd28ab3b24eb4c18359a43585d504,2021-12,Cheshire Constabulary,Cheshire Constabulary,-2.724429,53.369751,On or near Robert Street,E01012367,Halton 007A,Possession of weapons,Court result unavailable,
a6abf66b5c6cd2db7433410699168331e17170fd09ddc21a287598bb34871ec5,2021-12,Cheshire Constabulary,Cheshire Constabulary,-2.721656,53.366621,On or near Watkinson Way,E01012367,Halton 007A,Public order,Further investigation is not in the public interest,
301ef5e4c9bb84f526615bd97eb330174bd54bc82629a29532f35bd2d8ef9996,2021-12,Cheshire Constabulary,Cheshire Constabulary,-2.727443,53.364087,On or near Quinn Street,E01012367,Halton 007A,Public order,Investigation complete; no suspect identified,
66d8c0f35ca62c856028d33f4cb81cf6322555314c535f7ad61d13dff291a866,2021-12,Cheshire Constabulary,Cheshire Constabulary,-2.727307,53.366677,On or near Travis Street,E01012367,Halton 007A,Public order,Investigation complete; no suspect identified,
7a6bfc9cd6322e38630796b199e22e052ec24d059ef33c24f2e512e4696a1cb5,2021-12,Cheshire Constabulary,Cheshire Constabulary,-2.725448,53.370490,On or near Midland Street,E01012367,Halton 007A,Public order,Investigation complete; no suspect identified,
3430b2513976e2e16d60abfbaf2f5b333a33e18d43c1ee968d8ce384305aa411,2021-12,Cheshire Constabulary,Cheshire Constabulary,-2.727443,53.364087,On or near Quinn Street,E01012367,Halton 007A,Public order,Investigation complete; no suspect identified,
79c6ed3a49e28e4436848174e49e5a381eeb39c1764d47783f9ad8e1bbef9d71,2021-12,Cheshire Constabulary,Cheshire Constabulary,-2.727443,53.364087,On or near Quinn Street,E01012367,Halton 007A,Public order,Investigation complete; no suspect identified,
1d079e927c2068ef604713739ae9d2b05e120c027f3a1ef8792bfdc0462c02d9,2021-12,Cheshire Constabulary,Cheshire Constabulary,-2.724429,53.369751,On or near Robert Street,E01012367,Halton 007A,Public order,Investigation complete; no suspect identified,
ce139137db2ccf87cf81eda1ed008919477e49428c764dd69e0834f120eae493,2021-12,Cheshire Constabulary,Cheshire Constabulary,-2.729786,53.371012,On or near Appleton Village,E01012367,Halton 007A,Public order,Investigation complete; no suspect identified,
4cc00cc8dbc195003085489e3c16bb32b90d8b9bb6aa26878afedc812e2409d7,2021-12,Cheshire Constabulary,Cheshire Constabulary,-2.728428,53.366301,On or near Parking Area,E01012367,Halton 007A,Public order,Unable to prosecute suspect,
c94c41f2385cb75e2abde3eeea086b0d8bfcf166fdb7f2179a5ed98781d3594f,2021-12,Cheshire Constabulary,Cheshire Constabulary,-2.725811,53.368834,On or near Further/Higher Educational Building,E01012367,Halton 007A,Shoplifting,Investigation complete; no suspect identified,
e9a1666b03d8ce49633d25c761814e9b4affdff15c7c135a3b0bcab465509524,2021-12,Cheshire Constabulary,Cheshire Constabulary,-2.725811,53.368834,On or near Further/Higher Educational Building,E01012367,Halton 007A,Shoplifting,Investigation complete; no suspect identified,
52dce05b95017b1c1c559336b4e91937da5544177234f6fdd8bc7bf14f3c601b,2021-12,Cheshire Constabulary,Cheshire Constabulary,-2.723912,53.367641,On or near Supermarket,E01012367,Halton 007A,Shoplifting,Investigation complete; no suspect identified,
08ba4c6ab9dead0164afef213dc5b85780c75fb1b9b33e358ac956e4baa71c3a,2021-12,Cheshire Constabulary,Cheshire Constabulary,-2.725811,53.368834,On or near Further/Higher Educational Building,E01012367,Halton 007A,Shoplifting,Investigation complete; no suspect identified,
dd3d50171e05ca2c162b6fe69f0c1f77c07337c1a044cf6637a43a4ee6badb5d,2021-12,Cheshire Constabulary,Cheshire Constabulary,-2.726046,53.365858,On or near Parking Area,E01012367,Halton 007A,Shoplifting,Unable to prosecute suspect,
e3a04c706dac8156e5f1bec60974728613cb3d9bbf45daa5021d52ae016cacb7,2021-12,Cheshire Constabulary,Cheshire Constabulary,-2.726926,53.365484,On or near Gerrard Street,E01012367,Halton 007A,Shoplifting,Unable to prosecute suspect,
a909c31ffe7b1aecefda8efc6fc5dca94105dcc6f9b60df2e3b0b9561cf7605a,2021-12,Cheshire Constabulary,Cheshire Constabulary,-2.723242,53.367097,On or near Parking Area,E01012367,Halton 007A,Shoplifting,Investigation complete; no suspect identified,
abf1633f9108bb5ae17a6d8c5b7fea75fcaa75332cfc6293ef7f8f6a84092cb2,2021-12,Cheshire Constabulary,Cheshire Constabulary,-2.725811,53.368834,On or near Further/Higher Educational Building,E01012367,Halton 007A,Shoplifting,Investigation complete; no suspect identified,
0a4c49a2ff5f46fcf716a2071ec7c730aaea92ed55d903847891f6e36a93afa4,2021-12,Cheshire Constabulary,Cheshire Constabulary,-2.725167,53.368955,On or near B5178,E01012367,Halton 007A,Theft from the person,Investigation complete; no suspect identified,
bc5a8b1e9f3eafd60897dcb14f5a4718b683e35f1d1c195cd0a1f3b3f8e398c9,2021-12,Cheshire Constabulary,Cheshire Constabulary,-2.728485,53.363488,On or near Oxford Street,E01012367,Halton 007A,Violence and sexual offences,Unable to prosecute suspect,
9e4ea584eecd03d1ce1b85d55bf74cbf203d2d88b2fe4fbbb93c838f863ccf6a,2021-12,Cheshire Constabulary,Cheshire Constabulary,-2.729569,53.363580,On or near Keble Street,E01012367,Halton 007A,Violence and sexual offences,Unable to prosecute suspect,
dc13ae602b41bfc1f7d9c4999ffcdb1191555ba40bf01005c10c24b4f3e2810c,2021-12,Cheshire Constabulary,Cheshire Constabulary,-2.727885,53.367977,On or near Parking Area,E01012367,Halton 007A,Violence and sexual offences,Further action is not in the public interest,
2b9efcc6505e82d8ed90b1f9a990ce00e3594520cdd1f03267e176ed3af40588,2021-12,Cheshire Constabulary,Cheshire Constabulary,-2.729569,53.363580,On or near Keble Street,E01012367,Halton 007A,Violence and sexual offences,Unable to prosecute suspect,
3ea27a04fad1b8018481a6f8c6b8223f9d913f613ca21b58116ac869749aab83,2021-12,Cheshire Constabulary,Cheshire Constabulary,-2.729569,53.363580,On or near Keble Street,E01012367,Halton 007A,Violence and sexual offences,Unable to prosecute suspect,
e34bc430d8ffbf9ab75cef62c3a503f4621f5f938f95732005a75394d2c7514a,2021-12,Cheshire Constabulary,Cheshire Constabulary,-2.728965,53.366954,On or near Gladstone Street,E01012367,Halton 007A,Violence and sexual offences,Unable to prosecute suspect,
c72e8dd0644d06b7f44e93fbc42d569ce35acdbb8a4ac667a8140da14e15542a,2021-12,Cheshire Constabulary,Cheshire Constabulary,-2.728474,53.367236,On or near Dean Close,E01012367,Halton 007A,Violence and sexual offences,Unable to prosecute suspect,
9b19e834bbcf2a9c338bf7b319306d8588924c7689fd45fb7c38fcc35db747fd,2021-12,Cheshire Constabulary,Cheshire Constabulary,-2.730191,53.364799,On or near Widnes Road,E01012367,Halton 007A,Violence and sexual offences,Investigation complete; no suspect identified,
a566dbea3433b729978c83528e48cdf363b099aac57607f3303d0982065090e5,2021-12,Cheshire Constabulary,Cheshire Constabulary,-2.723912,53.367641,On or near Supermarket,E01012367,Halton 007A,Violence and sexual offences,Further action is not in the public interest,
33585597f136e140c6a3d599d89b084593ebfdeb142715edc3b402737ac78aa6,2021-12,Cheshire Constabulary,Cheshire Constabulary,-2.728485,53.363488,On or near Oxford Street,E01012367,Halton 007A,Violence and sexual offences,Unable to prosecute suspect,
6b00bf2b127c932c73e3f5a090074adb1459ccaf4c193fda594521ad0ddc010a,2021-12,Cheshire Constabulary,Cheshire Constabulary,-2.729569,53.363580,On or near Keble Street,E01012367,Halton 007A,Violence and sexual offences,Unable to prosecute suspect,
f79de135bde65fe87f901b69cbbbfd70b8ee4aa8523ca215d63654af927d4e0d,2021-12,Cheshire Constabulary,Cheshire Constabulary,-2.728485,53.363488,On or near Oxford Street,E01012367,Halton 007A,Violence and sexual offences,Unable to prosecute suspect,
5766d5c6c9ec583c305186f7a4c4b965674fbe9389569697424c107d353a7426,2021-12,Cheshire Constabulary,Cheshire Constabulary,-2.727443,53.364087,On or near Quinn Street,E01012367,Halton 007A,Violence and sexual offences,Status update unavailable,
afeaa9f1a31da00984bad4f17ba973180c244a8fc416ee43db94d8323104ca1b,2021-12,Cheshire Constabulary,Cheshire Constabulary,-2.729569,53.363580,On or near Keble Street,E01012367,Halton 007A,Violence and sexual offences,Unable to prosecute suspect,
812241b28729b07e370dbf28dda3f4e38486aed269db841953f3e81193e4c9f4,2021-12,Cheshire Constabulary,Cheshire Constabulary,-2.729569,53.363580,On or near Keble Street,E01012367,Halton 007A,Violence and sexual offences,Unable to prosecute suspect,
f05c2353828a7d849fb7989d717381312a8f7cea97ad0f3fdf8543eafa4ba957,2021-12,Cheshire Constabulary,Cheshire Constabulary,-2.729569,53.363580,On or near Keble Street,E01012367,Halton 007A,Violence and sexual offences,Unable to prosecute suspect,
2144e4f711317527e9ae07735a96473ef79d8c8505432f1607fbe3c083222fe6,2021-12,Cheshire Constabulary,Cheshire Constabulary,-2.729569,53.363580,On or near Keble Street,E01012367,Halton 007A,Violence and sexual offences,Unable to prosecute suspect,
351671c6a7045b50ee28d4b2b45e0348eb66bec6e8e7cdd92dfdd0e1a9f09fa2,2021-12,Cheshire Constabulary,Cheshire Constabulary,-2.727443,53.364087,On or near Quinn Street,E01012367,Halton 007A,Violence and sexual offences,Unable to prosecute suspect,
1e61a1713d8c3ee937645e377720ac89cab9781b94b7318a530609ec1e5bf5b2,2021-12,Cheshire Constabulary,Cheshire Constabulary,-2.730191,53.364799,On or near Widnes Road,E01012367,Halton 007A,Violence and sexual offences,Unable to prosecute suspect,
b79635698dfe7aa2bcaa0b2d487957e186283401164560d47ac3db0c9574f630,2021-12,Cheshire Constabulary,Cheshire Constabulary,-2.728965,53.366954,On or near Gladstone Street,E01012367,Halton 007A,Violence and sexual offences,Court result unavailable,
42055027a3692e1ba0deb5367e2a25b502fffafe64dfc1e55e4a0b53ebca9f40,2021-12,Cheshire Constabulary,Cheshire Constabulary,-2.728428,53.366301,On or near Parking Area,E01012367,Halton 007A,Violence and sexual offences,Unable to prosecute suspect,
24d6f91e32d58138e14c7e191619fde2cc7634581ebc8071cc1fa5f4fc18ffb0,2021-12,Cheshire Constabulary,Cheshire Constabulary,-2.724429,53.369751,On or near Robert Street,E01012367,Halton 007A,Violence and sexual offences,Unable to prosecute suspect,
d243d3e63fabed5d4305c8107a6837b09f0d795de8766560b78da9aaec785523,2021-12,Cheshire Constabulary,Cheshire Constabulary,-2.729569,53.363580,On or near Keble Street,E01012367,Halton 007A,Violence and sexual offences,Unable to prosecute suspect,
03e60cf918ebaea9733a82b41bd268aff4504c1b1062bc90d0824805413becad,2021-12,Cheshire Constabulary,Cheshire Constabulary,-2.728474,53.367236,On or near Dean Close,E01012367,Halton 007A,Violence and sexual offences,Unable to prosecute suspect,
a210475dd19b9511a07882999ad9e2dc73f04cbdc9c593ecd7ab7e1a48f730aa,2021-12,Cheshire Constabulary,Cheshire Constabulary,-2.729569,53.363580,On or near Keble Street,E01012367,Halton 007A,Violence and sexual offences,Unable to prosecute suspect,
916de80a181c8f599926b31e4a47ab66c37f70d4111b87db193f748dc0e9fb2f,2021-12,Cheshire Constabulary,Cheshire Constabulary,-2.724429,53.369751,On or near Robert Street,E01012367,Halton 007A,Violence and sexual offences,Unable to prosecute suspect,
94951e53ce55c7c85350c346461c5b1b2c15cef33dddb291069803e2003ca585,2021-12,Cheshire Constabulary,Cheshire Constabulary,-2.728485,53.363488,On or near Oxford Street,E01012367,Halton 007A,Violence and sexual offences,Unable to prosecute suspect,
63f7ede3e966c748b749c5e0d015633c82e87a86a510855d4e02e93b79a25c34,2021-12,Cheshire Constabulary,Cheshire Constabulary,-2.727443,53.364087,On or near Quinn Street,E01012367,Halton 007A,Violence and sexual offences,Unable to prosecute suspect,
1a0165b656bbba201f4be319dbdc031cd29a741000ac59ed45c3ddb11a9b12a4,2021-12,Cheshire Constabulary,Cheshire Constabulary,-2.728474,53.367236,On or near Dean Close,E01012367,Halton 007A,Other crime,Unable to prosecute suspect,
4cd86278b9c991e5fda10debbe7d6b564a76887b4fd8a1df84760cfa28043e03,2021-12,Cheshire Constabulary,Cheshire Constabulary,-2.730368,53.362847,On or near Vine Street,E01012367,Halton 007A,Other crime,Unable to prosecute suspect,
,2021-12,Cheshire Constabulary,Cheshire Constabulary,-2.720734,53.369000,On or near Green Oaks Way,E01012370,Halton 007B,Anti-social behaviour,,
b2d6e09eff8f9cf5eb9ad5167d3770888354699d14372d03418f1c1b438df051,2021-12,Cheshire Constabulary,Cheshire Constabulary,-2.723661,53.372353,On or near Belvoir Road,E01012370,Halton 007B,Burglary,Investigation complete; no suspect identified,
35340b6d885c90bc01733d8c938a310f7935c7c02244b527b947b6bbdb00e318,2021-12,Cheshire Constabulary,Cheshire Constabulary,-2.724476,53.371620,On or near Routledge Street,E01012370,Halton 007B,Other theft,Unable to prosecute suspect,
74a0d9f4bdb55ddbf7724493b2e53e6aac6ea09b6a2a89d6f43e24a895dc6f7d,2021-12,Cheshire Constabulary,Cheshire Constabulary,-2.719606,53.371613,On or near Halton View Road,E01012370,Halton 007B,Other theft,Unable to prosecute suspect,
6f634be4ab66a5559cb614621ed4330b5d0d0b956d5cd8f1549b307e706b58b4,2021-12,Cheshire Constabulary,Cheshire Constabulary,-2.722341,53.370716,On or near Cross Street,E01012370,Halton 007B,Other theft,Investigation complete; no suspect identified,
6870c78fb7c4c9a0ac46dee467769dd65906fdcc39fcc44492853947f5b19725,2021-12,Cheshire Constabulary,Cheshire Constabulary,-2.722341,53.370716,On or near Cross Street,E01012370,Halton 007B,Public order,Unable to prosecute suspect,
d6d789e1a0ae6f202c742140c36e3a297da81f64b1c7bd8dd62dcc2f9e28f1e5,2021-12,Cheshire Constabulary,Cheshire Constabulary,-2.723661,53.372353,On or near Belvoir Road,E01012370,Halton 007B,Violence and sexual offences,Further action is not in the public interest,
bb298990fedaf429926a0d672b2efe6202c234f585116bf9f6deece1a7ac4e53,2021-12,Cheshire Constabulary,Cheshire Constabulary,-2.723661,53.372353,On or near Belvoir Road,E01012370,Halton 007B,Violence and sexual offences,Further action is not in the public interest,
0a5b46acbaffe530fc516eabcd53185b5b73b24b8a177452a3db315d2756e048,2021-12,Cheshire Constabulary,Cheshire Constabulary,-2.719606,53.371613,On or near Halton View Road,E01012370,Halton 007B,Violence and sexual offences,Unable to prosecute suspect,
6709440b911fa363fd8c98d33309cfe444d134998c839517f2a8bc80ad68ed3b,2021-12,Cheshire Constabulary,Cheshire Constabulary,-2.724627,53.371664,On or near Park Road,E01012370,Halton 007B,Violence and sexual offences,Unable to prosecute suspect,
599a795068e0b9f3921d00e49bc1f0d7c86d9b5f6c26e29e1205c9536cbe00cd,2021-12,Cheshire Constabulary,Cheshire Constabulary,-2.723661,53.372353,On or near Belvoir Road,E01012370,Halton 007B,Violence and sexual offences,Further action is not in the public interest,
2e315305d89eec81efb85076cb2f922996a9802c5e38154eb9c728991242eb84,2021-12,Cheshire Constabulary,Cheshire Constabulary,-2.721738,53.371475,On or near Albert Road,E01012370,Halton 007B,Violence and sexual offences,Unable to prosecute suspect,
0861bdfa46f0f680b486f784c305cbaf8ccf11c4a6ecc8a4a6f2ab6405817f13,2021-12,Cheshire Constabulary,Cheshire Constabulary,-2.724874,53.372984,On or near Breck Road,E01012370,Halton 007B,Violence and sexual offences,Unable to prosecute suspect,
8a89bcd69446a395de57bc34314a7f82f8f30355bdd70231f482a3c6f8d3b84e,2021-12,Cheshire Constabulary,Cheshire Constabulary,-2.725653,53.371038,On or near Cooper Street,E01012370,Halton 007B,Violence and sexual offences,Unable to prosecute suspect,
bcf425954bb02cfae3387fca15f8f8919c4520af6526c537ebb88349d8349a92,2021-12,Cheshire Constabulary,Cheshire Constabulary,-2.723661,53.372353,On or near Belvoir Road,E01012370,Halton 007B,Violence and sexual offences,Unable to prosecute suspect,
d728c94653e72eab07f0ea9656af1f556ef0879e7efe27ec59f9b4ee9c26eeb7,2021-12,Cheshire Constabulary,Cheshire Constabulary,-2.723661,53.372353,On or near Belvoir Road,E01012370,Halton 007B,Violence and sexual offences,Further action is not in the public interest,
b1c59fab38f33922ce576af4e88b684bb3c1100aba34c4b09c75599d7fb011da,2021-12,Cheshire Constabulary,Cheshire Constabulary,-2.723661,53.372353,On or near Belvoir Road,E01012370,Halton 007B,Other crime,Further action is not in the public interest,
,2021-12,Cheshire Constabulary,Cheshire Constabulary,-2.730753,53.365155,On or near Supermarket,E01012424,Halton 007C,Anti-social behaviour,,
,2021-12,Cheshire Constabulary,Cheshire Constabulary,-2.730753,53.365155,On or near Supermarket,E01012424,Halton 007C,Anti-social behaviour,,
,2021-12,Cheshire Constabulary,Cheshire Constabulary,-2.740073,53.363614,On or near Moorside Court,E01012424,Halton 007C,Anti-social behaviour,,
,2021-12,Cheshire Constabulary,Cheshire Constabulary,-2.730753,53.365155,On or near Supermarket,E01012424,Halton 007C,Anti-social behaviour,,
,2021-12,Cheshire Constabulary,Cheshire Constabulary,-2.740073,53.363614,On or near Moorside Court,E01012424,Halton 007C,Anti-social behaviour,,
,2021-12,Cheshire Constabulary,Cheshire Constabulary,-2.740073,53.363614,On or near Moorside Court,E01012424,Halton 007C,Anti-social behaviour,,
862ca56c4a69b861bf8f8b3b473b3b4d965b09d6ef06de350b28945c7b0f323e,2021-12,Cheshire Constabulary,Cheshire Constabulary,-2.736992,53.363579,On or near Lewis Crescent,E01012424,Halton 007C,Burglary,Court result unavailable,
8f50acdf8bdc360a97b0dd198196e371707fb1e729b2695bb8d02a0d578a81e5,2021-12,Cheshire Constabulary,Cheshire Constabulary,-2.730753,53.365155,On or near Supermarket,E01012424,Halton 007C,Criminal damage and arson,Investigation complete; no suspect identified,
4c39ec98f46a70f4246bd232677553ded3e211b628b3e99f7c07aae132cab197,2021-12,Cheshire Constabulary,Cheshire Constabulary,-2.741579,53.366391,On or near Wordsworth Avenue,E01012424,Halton 007C,Criminal damage and arson,Unable to prosecute suspect,
518b0fbfeba0e728a88c3a84242a2e9f8ff1ae7e8c31a44ab7523daa0f5c9559,2021-12,Cheshire Constabulary,Cheshire Constabulary,-2.741579,53.366391,On or near Wordsworth Avenue,E01012424,Halton 007C,Criminal damage and arson,Unable to prosecute suspect,
ce95bcbdf9ca812df9b04f3d5b66e8e3369654421bf5824f2cf973492c633987,2021-12,Cheshire Constabulary,Cheshire Constabulary,-2.730753,53.365155,On or near Supermarket,E01012424,Halton 007C,Other theft,Unable to prosecute suspect,
3573be21adce4b1c84651cccf012173157efc94167517fd6853e4b2cf543996a,2021-12,Cheshire Constabulary,Cheshire Constabulary,-2.730753,53.365155,On or near Supermarket,E01012424,Halton 007C,Public order,Court result unavailable,
2706af079f68e213bc8474a388249b82c92032362a6b899e7690904fa6bf13da,2021-12,Cheshire Constabulary,Cheshire Constabulary,-2.740223,53.361842,On or near Moor Lane,E01012424,Halton 007C,Public order,Unable to prosecute suspect,
e6e43161294516b6bf9e93fdf058b9c3d83b03cd161b897df796a146b8f6814a,2021-12,Cheshire Constabulary,Cheshire Constabulary,-2.742652,53.365009,On or near Milton Avenue,E01012424,Halton 007C,Public order,Court result unavailable,
0b1f38b7d65846fbc41408b0f7c44db5926bf7c2fcc8e79933a30807c58314a7,2021-12,Cheshire Constabulary,Cheshire Constabulary,-2.730753,53.365155,On or near Supermarket,E01012424,Halton 007C,Public order,Investigation complete; no suspect identified,
db384e5f60671e1fa8ca1ae0e52e46ca2a2988827f9e5ac22097a88cb2a36a0b,2021-12,Cheshire Constabulary,Cheshire Constabulary,-2.733267,53.361930,On or near Victoria Road,E01012424,Halton 007C,Public order,Unable to prosecute suspect,
f524b9790d3e4ecae397016927ad84e9fae2bfba9af402848f5ccac7b16f1f4d,2021-12,Cheshire Constabulary,Cheshire Constabulary,-2.736704,53.365163,On or near Cameron Road,E01012424,Halton 007C,Public order,Action to be taken by another organisation,
a92fbc56c9b3a415c625b069321d319667c6c87e24d7f762eb2288f3fa395f98,2021-12,Cheshire Constabulary,Cheshire Constabulary,-2.730753,53.365155,On or near Supermarket,E01012424,Halton 007C,Public order,Unable to prosecute suspect,
92eb960ce8ab213b3094dddb3008a7e9ac542d7c1d2476db385bbef3cb24cfd1,2021-12,Cheshire Constabulary,Cheshire Constabulary,-2.730753,53.365155,On or near Supermarket,E01012424,Halton 007C,Shoplifting,Court result unavailable,
a9b1bf5ac7d287a10bc52955a7dc9138cada464663f2247dfa6402bc02ef5f24,2021-12,Cheshire Constabulary,Cheshire Constabulary,-2.730753,53.365155,On or near Supermarket,E01012424,Halton 007C,Shoplifting,Unable to prosecute suspect,
69274f6cdf61d88306d9ba57d5f95b3d1756d4dcb4f842f9a3d3628db5c1ab52,2021-12,Cheshire Constabulary,Cheshire Constabulary,-2.730753,53.365155,On or near Supermarket,E01012424,Halton 007C,Shoplifting,Investigation complete; no suspect identified,
225c9f2face79a1cd6144471819b654d16172241111156c572f5f068baed736c,2021-12,Cheshire Constabulary,Cheshire Constabulary,-2.736704,53.365163,On or near Cameron Road,E01012424,Halton 007C,Violence and sexual offences,Action to be taken by another organisation,
2a4939e419cd88c95ffa1bc89f78ad76c146229fa75a4a8572127fa6e5989696,2021-12,Cheshire Constabulary,Cheshire Constabulary,-2.736704,53.365163,On or near Cameron Road,E01012424,Halton 007C,Violence and sexual offences,Court result unavailable,
0697e279f9b0173d500ca08826a493031d0a1e68ac93b748373645cfb6a8fb17,2021-12,Cheshire Constabulary,Cheshire Constabulary,-2.740223,53.361842,On or near Moor Lane,E01012424,Halton 007C,Violence and sexual offences,Unable to prosecute suspect,
621281d107c31890ca1b89e69c74304e8786c2896412dfeff8d7ae8f459de9e9,2021-12,Cheshire Constabulary,Cheshire Constabulary,-2.733267,53.361930,On or near Victoria Road,E01012424,Halton 007C,Violence and sexual offences,Unable to prosecute suspect,
620ac548adf1800577a05dc8f76f8453ee800bd6d083c8034eb5e46daa44e63a,2021-12,Cheshire Constabulary,Cheshire Constabulary,-2.734653,53.364780,On or near Milton Road,E01012424,Halton 007C,Violence and sexual offences,Unable to prosecute suspect,
975a83da6bfad759cfce8796890f46fc201078cd2d1e6996604c9b03cf73b1d9,2021-12,Cheshire Constabulary,Cheshire Constabulary,-2.737144,53.362796,On or near Millar Crescent,E01012424,Halton 007C,Violence and sexual offences,Unable to prosecute suspect,
a316c5dbfd735c3d3238f1a17316aacff81043b76644790a58677cecb0645d04,2021-12,Cheshire Constabulary,Cheshire Constabulary,-2.742652,53.365009,On or near Milton Avenue,E01012424,Halton 007C,Violence and sexual offences,Unable to prosecute suspect,
b7a224808f0bcba5b4509980a33b490f9a99a1e427a7860af181f45455b6b10f,2021-12,Cheshire Constabulary,Cheshire Constabulary,-2.736468,53.366306,On or near Sinclair Avenue,E01012424,Halton 007C,Violence and sexual offences,Unable to prosecute suspect,
734a1e76d22930c29d8168b283af9ea32d20c6c7c7b13605925c5f9fde0b54f3,2021-12,Cheshire Constabulary,Cheshire Constabulary,-2.736468,53.366306,On or near Sinclair Avenue,E01012424,Halton 007C,Violence and sexual offences,Unable to prosecute suspect,
0c94ea84e446b97dcbfabb49bb00a0a672218ab7fd8736b0c616023d2665636f,2021-12,Cheshire Constabulary,Cheshire Constabulary,-2.733556,53.363034,On or near Kingsway,E01012424,Halton 007C,Other crime,Unable to prosecute suspect,
,2021-12,Cheshire Constabulary,Cheshire Constabulary,-2.724649,53.363232,On or near Shopping Area,E01012441,Halton 007D,Anti-social behaviour,,
,2021-12,Cheshire Constabulary,Cheshire Constabulary,-2.735045,53.361326,On or near Witt Road,E01012441,Halton 007D,Anti-social behaviour,,
,2021-12,Cheshire Constabulary,Cheshire Constabulary,-2.734059,53.359948,On or near Guest Street,E01012441,Halton 007D,Anti-social behaviour,,
,2021-12,Cheshire Constabulary,Cheshire Constabulary,-2.724649,53.363232,On or near Shopping Area,E01012441,Halton 007D,Anti-social behaviour,,
,2021-12,Cheshire Constabulary,Cheshire Constabulary,-2.724649,53.363232,On or near Shopping Area,E01012441,Halton 007D,Anti-social behaviour,,
,2021-12,Cheshire Constabulary,Cheshire Constabulary,-2.730343,53.359647,On or near Ashley Way,E01012441,Halton 007D,Anti-social behaviour,,
,2021-12,Cheshire Constabulary,Cheshire Constabulary,-2.735859,53.349294,On or near Oakland Street,E01012441,Halton 007D,Anti-social behaviour,,
4589bf056c6e6de5db2b9d1304849d4402a4c990600da24ce3b60a50739a3354,2021-12,Cheshire Constabulary,Cheshire Constabulary,-2.724649,53.363232,On or near Shopping Area,E01012441,Halton 007D,Bicycle theft,Investigation complete; no suspect identified,
206229ec430d513e2f1fd9202e7802692d432dc49af1b66127b85f256f907549,2021-12,Cheshire Constabulary,Cheshire Constabulary,-2.724649,53.363232,On or near Shopping Area,E01012441,Halton 007D,Bicycle theft,Investigation complete; no suspect identified,
63ea2c87fb1fa2e8af172957dbd35490192a84a2dcee541d7325fb13f98760f3,2021-12,Cheshire Constabulary,Cheshire Constabulary,-2.733692,53.350826,On or near White Street,E01012441,Halton 007D,Burglary,Investigation complete; no suspect identified,
43536e843cc68e3768c371569e2688ce503ecde420b7b97c9ee7210c508e83c4,2021-12,Cheshire Constabulary,Cheshire Constabulary,-2.735045,53.361326,On or near Witt Road,E01012441,Halton 007D,Criminal damage and arson,Unable to prosecute suspect,
0d38f536cbfb203548f43723bbd128f0c77a727710ae64dd9a6831cdf6d924d1,2021-12,Cheshire Constabulary,Cheshire Constabulary,-2.735859,53.349294,On or near Oakland Street,E01012441,Halton 007D,Criminal damage and arson,Unable to prosecute suspect,
49d915e28c580762d3e6a3a975aac0127cda19f6541579046895744072866da7,2021-12,Cheshire Constabulary,Cheshire Constabulary,-2.735426,53.352047,On or near Church Street,E01012441,Halton 007D,Criminal damage and arson,Unable to prosecute suspect,
4f31adeee04aca0c6bef0ccd6be0c5f85d8e8d30f82cc83c45f44d6fd86f3063,2021-12,Cheshire Constabulary,Cheshire Constabulary,-2.735045,53.361326,On or near Witt Road,E01012441,Halton 007D,Criminal damage and arson,Unable to prosecute suspect,
1b903ed57f5d89b7b67e5f8868cfe2d9c7bdac3e46ccebb686722f2d823c2c79,2021-12,Cheshire Constabulary,Cheshire Constabulary,-2.728602,53.361518,On or near Elizabeth Court,E01012441,Halton 007D,Criminal damage and arson,Investigation complete; no suspect identified,
804a57f253464f3182a08b6848e16847238244caaa419f9b8126908aabf0069d,2021-12,Cheshire Constabulary,Cheshire Constabulary,-2.739839,53.361377,On or near Moor Lane South,E01012441,Halton 007D,Drugs,Local resolution,
3d52fdfdbbb7fb9fcc816928ff06edd9fa3ebc30008f17c6fe57f5a7c4402105,2021-12,Cheshire Constabulary,Cheshire Constabulary,-2.724649,53.363232,On or near Shopping Area,E01012441,Halton 007D,Other theft,Investigation complete; no suspect identified,
c5db387c8299505fbf37263b843daeb06afae156a4397dda421c235da1fbf05a,2021-12,Cheshire Constabulary,Cheshire Constabulary,-2.732354,53.361235,On or near Market Street,E01012441,Halton 007D,Other theft,Investigation complete; no suspect identified,
b2376e1b8f347e39402238cfb126d0d8e30fefb2d7be0b70a5bb776e939d823c,2021-12,Cheshire Constabulary,Cheshire Constabulary,-2.739810,53.350132,On or near Sports/Recreation Area,E01012441,Halton 007D,Other theft,Unable to prosecute suspect,
dcfea645da4100ded352133e2c8e18d38503bd246d557c03d593d84092b19439,2021-12,Cheshire Constabulary,Cheshire Constabulary,-2.724649,53.363232,On or near Shopping Area,E01012441,Halton 007D,Other theft,Investigation complete; no suspect identified,
4e1cf1b8d259683cd15ba18f6ed001c0f66cfb56440093e74f2aa24481aa948e,2021-12,Cheshire Constabulary,Cheshire Constabulary,-2.732354,53.361235,On or near Market Street,E01012441,Halton 007D,Other theft,Investigation complete; no suspect identified,
af7d747c37ff914ca6e103c6631df0d1c992330245584269fc587540797aa2bd,2021-12,Cheshire Constabulary,Cheshire Constabulary,-2.734971,53.348293,On or near Hurst Street,E01012441,Halton 007D,Other theft,Investigation complete; no suspect identified,
47369a7a1c72d66cfe3981f044a6c58908b2eba4eee10a7ff1a008e7354b7b0f,2021-12,Cheshire Constabulary,Cheshire Constabulary,-2.724649,53.363232,On or near Shopping Area,E01012441,Halton 007D,Public order,Investigation complete; no suspect identified,
8ba4d72afa72bdde06da9758293864dff08a19ae03f9845a1da00691ac9fe4cc,2021-12,Cheshire Constabulary,Cheshire Constabulary,-2.724649,53.363232,On or near Shopping Area,E01012441,Halton 007D,Public order,Status update unavailable,
bdf23452746e9ba7b5490f9b2597b582ecbe360e2e468d4962c99c551c17ce14,2021-12,Cheshire Constabulary,Cheshire Constabulary,-2.732354,53.361235,On or near Market Street,E01012441,Halton 007D,Public order,Investigation complete; no suspect identified,
ba366ad4e5af739c39336165e1d0d790fa616bef879324e63d5394898fc7bd88,2021-12,Cheshire Constabulary,Cheshire Constabulary,-2.724649,53.363232,On or near Shopping Area,E01012441,Halton 007D,Public order,Unable to prosecute suspect,
d09baab4d0c80d5a4be4a7165aabf78c0d09a0e544d1654d9c700cd5ad641ca2,2021-12,Cheshire Constabulary,Cheshire Constabulary,-2.727556,53.360985,On or near Caroline Street,E01012441,Halton 007D,Public order,Unable to prosecute suspect,
30e3418eea9acd3e591e869f1586b91e629518df121911d9ffb1f68491364caa,2021-12,Cheshire Constabulary,Cheshire Constabulary,-2.724649,53.363232,On or near Shopping Area,E01012441,Halton 007D,Public order,Unable to prosecute suspect,
bf90bf12e3401c3756b521c5b14e2857906b8936fa94c4e3bee20ad328b1d69b,2021-12,Cheshire Constabulary,Cheshire Constabulary,-2.735426,53.352047,On or near Church Street,E01012441,Halton 007D,Public order,Unable to prosecute suspect,
b1d6ca1c72653d49018d8f1899ee6e2826a333d8cd4a9f5555473b65f109b04f,2021-12,Cheshire Constabulary,Cheshire Constabulary,-2.730126,53.361914,On or near Major Cross Street,E01012441,Halton 007D,Public order,Unable to prosecute suspect,
ba4250914c1008a92544291846061b766ac309875637bd4dadedcce9eeec0238,2021-12,Cheshire Constabulary,Cheshire Constabulary,-2.735163,53.360346,On or near Victoria Road,E01012441,Halton 007D,Robbery,Unable to prosecute suspect,
724f256038d662993038946c01655ce57a23b85b660e61e059dc8b6af9ffd041,2021-12,Cheshire Constabulary,Cheshire Constabulary,-2.728602,53.361518,On or near Elizabeth Court,E01012441,Halton 007D,Violence and sexual offences,Unable to prosecute suspect,
9074ddea0455710419f102dfc2c298b02b090a0dd98e8c2e56266aa435d9413e,2021-12,Cheshire Constabulary,Cheshire Constabulary,-2.730343,53.359647,On or near Ashley Way,E01012441,Halton 007D,Violence and sexual offences,Court result unavailable,
4e8213bd0e914ab6ea903e79428823ddabb6ad73f8de20bebba0ba6cbe7e8ddc,2021-12,Cheshire Constabulary,Cheshire Constabulary,-2.729974,53.361780,On or near Margaret Court,E01012441,Halton 007D,Violence and sexual offences,Unable to prosecute suspect,
a098502a1a0d8b4b9669c4ad12031334fe44102d3ad748ac64cbbd774f2fdfb7,2021-12,Cheshire Constabulary,Cheshire Constabulary,-2.733735,53.351581,On or near Short Street,E01012441,Halton 007D,Violence and sexual offences,Unable to prosecute suspect,
bec12c2451a0c33aeab86ea4485e3fe1f0459827d612d33d80c9b98f5d66b9c7,2021-12,Cheshire Constabulary,Cheshire Constabulary,-2.729974,53.361780,On or near Margaret Court,E01012441,Halton 007D,Violence and sexual offences,Unable to prosecute suspect,
3a4905a521c09dd53a1e0a0c437a3234bb5ffd64314bd7ac835a788862eec8fd,2021-12,Cheshire Constabulary,Cheshire Constabulary,-2.728778,53.360385,On or near Sutton'S Lane,E01012441,Halton 007D,Violence and sexual offences,Unable to prosecute suspect,
fec164dcd0e0a14912e0feb7e472123b139ad9c376f130bd6519b3bf265698dc,2021-12,Cheshire Constabulary,Cheshire Constabulary,-2.736392,53.349713,On or near Cholmondeley Street,E01012441,Halton 007D,Violence and sexual offences,Unable to prosecute suspect,
bdddffa46fc3b4a5223a8540d3782e9a5677c03627a6fb16d977ffc12863d5d8,2021-12,Cheshire Constabulary,Cheshire Constabulary,-2.732354,53.361235,On or near Market Street,E01012441,Halton 007D,Violence and sexual offences,Court result unavailable,
7d7402a29dce4dae2f0888c6d5d6e9a8df2b3966397da7e37c08b9eedf75229c,2021-12,Cheshire Constabulary,Cheshire Constabulary,-2.734971,53.348293,On or near Hurst Street,E01012441,Halton 007D,Violence and sexual offences,Unable to prosecute suspect,
8b3a60913d8d3a5d19a87d390e8741b07035e4b1f61ba41d0d639c5dcf98c775,2021-12,Cheshire Constabulary,Cheshire Constabulary,-2.732354,53.361235,On or near Market Street,E01012441,Halton 007D,Violence and sexual offences,Investigation complete; no suspect identified,
0c99ab32fbb868a01b27b594d1c02c33060a22b9770c426a6b1cd91a8fb473e2,2021-12,Cheshire Constabulary,Cheshire Constabulary,-2.734971,53.348293,On or near Hurst Street,E01012441,Halton 007D,Violence and sexual offences,Unable to prosecute suspect,
27b974f9e6f29d2f5e099d658e5e2061b8fa6727d2221b3e1afb0e95bd6ed7da,2021-12,Cheshire Constabulary,Cheshire Constabulary,-2.733110,53.361518,On or near Eleanor Street,E01012441,Halton 007D,Violence and sexual offences,Unable to prosecute suspect,
292732e0c6b0cb5c61d2111ba49f776e554955e39ac184bacad99b54cbad866d,2021-12,Cheshire Constabulary,Cheshire Constabulary,-2.728602,53.361518,On or near Elizabeth Court,E01012441,Halton 007D,Violence and sexual offences,Court result unavailable,
c5f9438a3bca2837667f626c2363f06fad1b16fb84e1aee271dd42e4d3faca61,2021-12,Cheshire Constabulary,Cheshire Constabulary,-2.730126,53.361914,On or near Major Cross Street,E01012441,Halton 007D,Violence and sexual offences,Unable to prosecute suspect,
81c2c08a6b66cafec84c736274181092c59d9e90b5f3df5aed94ff5408fa3629,2021-12,Cheshire Constabulary,Cheshire Constabulary,-2.735045,53.361326,On or near Witt Road,E01012441,Halton 007D,Violence and sexual offences,Unable to prosecute suspect,
8ce5e6809980ab0b93ef3f8bc79bd5457c9b942dd11428b83b52536701633620,2021-12,Cheshire Constabulary,Cheshire Constabulary,-2.734287,53.356558,On or near Barn Street,E01012441,Halton 007D,Violence and sexual offences,Investigation complete; no suspect identified,
efc1ae5a318858b30f281495f33c13c5fc9262f66e33a88ec6b0746b16da98fc,2021-12,Cheshire Constabulary,Cheshire Constabulary,-2.733735,53.351581,On or near Short Street,E01012441,Halton 007D,Violence and sexual offences,Unable to prosecute suspect,
eeae0bdc10ab8f7f0870bf5e8e922a2cf8cecb64ac6b69302018cff427a0d0e0,2021-12,Cheshire Constabulary,Cheshire Constabulary,-2.732354,53.361235,On or near Market Street,E01012441,Halton 007D,Violence and sexual offences,Unable to prosecute suspect,
107ba7c72fb5b81d5cbb42776110552c2c0c640ce8dd27c43b36bf4a2f60a49e,2021-12,Cheshire Constabulary,Cheshire Constabulary,-2.730126,53.361914,On or near Major Cross Street,E01012441,Halton 007D,Violence and sexual offences,Investigation complete; no suspect identified,
3180bf55545874edd9d6438d92101e9594c4567d589f9465fad08f8413f6c0f9,2021-12,Cheshire Constabulary,Cheshire Constabulary,-2.730126,53.361914,On or near Major Cross Street,E01012441,Halton 007D,Violence and sexual offences,Investigation complete; no suspect identified,
be3fcc5d65a4e9d38a58da31494e17f5c32bac2989075ad113700e902168c203,2021-12,Cheshire Constabulary,Cheshire Constabulary,-2.724649,53.363232,On or near Shopping Area,E01012441,Halton 007D,Violence and sexual offences,Unable to prosecute suspect,
6b3b2da350bc2bfdb9ca18967c30af8938b564e4138ad29b49480aa901f2a1e3,2021-12,Cheshire Constabulary,Cheshire Constabulary,-2.724649,53.363232,On or near Shopping Area,E01012441,Halton 007D,Violence and sexual offences,Unable to prosecute suspect,
63804296e9b654869785ae9ada52d58d6cf2e3377a31faa7f4f70008738aa281,2021-12,Cheshire Constabulary,Cheshire Constabulary,-2.728602,53.361518,On or near Elizabeth Court,E01012441,Halton 007D,Violence and sexual offences,Unable to prosecute suspect,
be17ac4554c620438fddc081be412b4c780cb0867f0bc9af65ad5bd910ff6373,2021-12,Cheshire Constabulary,Cheshire Constabulary,-2.735426,53.352047,On or near Church Street,E01012441,Halton 007D,Violence and sexual offences,Unable to prosecute suspect,
184afa772249894cecf95068fdb2ec8aa7d31aeb85bfefaba09297735440c590,2021-12,Cheshire Constabulary,Cheshire Constabulary,-2.734971,53.348293,On or near Hurst Street,E01012441,Halton 007D,Violence and sexual offences,Unable to prosecute suspect,
92fafe34b265024f07f4db18161e97b1ea154e197ec8c76682c6dc789fa51aff,2021-12,Cheshire Constabulary,Cheshire Constabulary,-2.733735,53.351581,On or near Short Street,E01012441,Halton 007D,Violence and sexual offences,Unable to prosecute suspect,
678f6db7d94fa015668c8b078a516292a39ff9915ba54929417be06e723e5ba5,2021-12,Cheshire Constabulary,Cheshire Constabulary,-2.729974,53.361780,On or near Margaret Court,E01012441,Halton 007D,Violence and sexual offences,Unable to prosecute suspect,
596ddd89b62bdac7e5041ac93f3a7a1fd1ceac9d765cabf0f856b95983c83170,2021-12,Cheshire Constabulary,Cheshire Constabulary,-2.729974,53.361780,On or near Margaret Court,E01012441,Halton 007D,Other crime,Unable to prosecute suspect,
,2021-12,Cheshire Constabulary,Cheshire Constabulary,-2.781128,53.367730,On or near Dale Close,E01012389,Halton 008A,Anti-social behaviour,,
2228adb22394ba39c682e144f3bbc0bcf9b15aa1e8e007125ccbe66ef86be6bf,2021-12,Cheshire Constabulary,Cheshire Constabulary,-2.775612,53.364404,On or near Hazelwood Close,E01012389,Halton 008A,Vehicle crime,Investigation complete; no suspect identified,
08d4f20956905ae94f3baa8aca8545e6cb414ce5f14dd9a4d386430d4837815b,2021-12,Cheshire Constabulary,Cheshire Constabulary,-2.778498,53.366893,On or near Woodview Road,E01012389,Halton 008A,Violence and sexual offences,Investigation complete; no suspect identified,
,2021-12,Cheshire Constabulary,Cheshire Constabulary,-2.775141,53.349198,On or near Cock Lane Ends,E01012391,Halton 008B,Anti-social behaviour,,
,2021-12,Cheshire Constabulary,Cheshire Constabulary,-2.775141,53.349198,On or near Cock Lane Ends,E01012391,Halton 008B,Anti-social behaviour,,
,2021-12,Cheshire Constabulary,Cheshire Constabulary,-2.770809,53.349720,On or near Pickerings Road,E01012391,Halton 008B,Anti-social behaviour,,
,2021-12,Cheshire Constabulary,Cheshire Constabulary,-2.771659,53.351881,On or near Supermarket,E01012391,Halton 008B,Anti-social behaviour,,
,2021-12,Cheshire Constabulary,Cheshire Constabulary,-2.783888,53.351056,On or near Potters Lane,E01012391,Halton 008B,Anti-social behaviour,,
,2021-12,Cheshire Constabulary,Cheshire Constabulary,-2.775512,53.353106,On or near Sports/Recreation Area,E01012391,Halton 008B,Anti-social behaviour,,
6f56e5eb5c72b9b475d1bb9d49c42104315728c82c9ca39f92326716eb52ea9d,2021-12,Cheshire Constabulary,Cheshire Constabulary,-2.783888,53.351056,On or near Potters Lane,E01012391,Halton 008B,Burglary,Investigation complete; no suspect identified,
82121380e07f0435fa5a8748f0ebf645de322b7aa068406fae9dec07dbbd772f,2021-12,Cheshire Constabulary,Cheshire Constabulary,-2.775141,53.349198,On or near Cock Lane Ends,E01012391,Halton 008B,Criminal damage and arson,Unable to prosecute suspect,
da44ffd8d4d0333742f72a3605101d429bec9a7e3ea2640d8fce30e2d8ec49e6,2021-12,Cheshire Constabulary,Cheshire Constabulary,-2.775141,53.349198,On or near Cock Lane Ends,E01012391,Halton 008B,Drugs,Unable to prosecute suspect,
3554f181777c6242fb650e68c7ec16dd377a5d8fb0f697f422011601f613d55f,2021-12,Cheshire Constabulary,Cheshire Constabulary,-2.772831,53.352728,On or near Blackburne Avenue,E01012391,Halton 008B,Public order,Unable to prosecute suspect,
cf84fdd794fec42797a2bf863af262c7ccc394d66f781c7b44f5bbbae3292947,2021-12,Cheshire Constabulary,Cheshire Constabulary,-2.770809,53.349720,On or near Pickerings Road,E01012391,Halton 008B,Public order,Unable to prosecute suspect,
34556032c518c3ceac06bcc55e9364fcc16856ce77e3f11ebb7f6c48cfbd4dba,2021-12,Cheshire Constabulary,Cheshire Constabulary,-2.772831,53.352728,On or near Blackburne Avenue,E01012391,Halton 008B,Public order,Unable to prosecute suspect,
69150c434d693fe4f2851d137474ef6f74f538d8a1933e2933b500e59d4acb4d,2021-12,Cheshire Constabulary,Cheshire Constabulary,-2.770809,53.349720,On or near Pickerings Road,E01012391,Halton 008B,Public order,Unable to prosecute suspect,
9e9978a4131472a0f63420c1f379e055d0328c17f113827d7cc97dc89860fdb4,2021-12,Cheshire Constabulary,Cheshire Constabulary,-2.773982,53.351597,On or near Church Meadow Walk,E01012391,Halton 008B,Public order,Investigation complete; no suspect identified,
f53218b291a6826cb43242392dcc4be4c86868e6953c1f3f047f027096c34cbf,2021-12,Cheshire Constabulary,Cheshire Constabulary,-2.772831,53.352728,On or near Blackburne Avenue,E01012391,Halton 008B,Public order,Unable to prosecute suspect,
5fc2a612a7f0fb6d2c36c7a4c67a074d2aae470360e53c417721f3f0244d400a,2021-12,Cheshire Constabulary,Cheshire Constabulary,-2.772831,53.352728,On or near Blackburne Avenue,E01012391,Halton 008B,Public order,Unable to prosecute suspect,
01d51f80425d548f0a952db884751bbaf6d9a6e507934c78f4c8529a28ea693a,2021-12,Cheshire Constabulary,Cheshire Constabulary,-2.783888,53.351056,On or near Potters Lane,E01012391,Halton 008B,Public order,Unable to prosecute suspect,
805837be92ca3f53b6632ad6b149671404f691e8bc0e8d35d500a9e894f166ee,2021-12,Cheshire Constabulary,Cheshire Constabulary,-2.770809,53.349720,On or near Pickerings Road,E01012391,Halton 008B,Violence and sexual offences,Unable to prosecute suspect,
cf2207a8d0911e563429122d32820a671d517c3c4fbf443f15467bd6aea50306,2021-12,Cheshire Constabulary,Cheshire Constabulary,-2.775512,53.353106,On or near Sports/Recreation Area,E01012391,Halton 008B,Violence and sexual offences,Unable to prosecute suspect,
,2021-12,Cheshire Constabulary,Cheshire Constabulary,-2.799977,53.335002,On or near Carriage Close,E01012401,Halton 008C,Anti-social behaviour,,
a2404d82da8f5dae2fe4467d69b918917805f2e4b7843d7814b59f922e1af2dd,2021-12,Cheshire Constabulary,Cheshire Constabulary,-2.796292,53.337112,On or near Hesketh Road,E01012401,Halton 008C,Criminal damage and arson,Unable to prosecute suspect,
7d8a597da29c46a7ac65564b7b5c5fc0c21d9d06b4c8b9d8c76f9390587fcd4c,2021-12,Cheshire Constabulary,Cheshire Constabulary,-2.794805,53.330605,On or near Church Road,E01012401,Halton 008C,Criminal damage and arson,Investigation complete; no suspect identified,
74e8ba18cfab8445b016c2248da36bc8999061b0123968ba629e60bd0e016548,2021-12,Cheshire Constabulary,Cheshire Constabulary,-2.796292,53.337112,On or near Hesketh Road,E01012401,Halton 008C,Violence and sexual offences,Unable to prosecute suspect,
54c07c1f79282b7d51bbe8aa65489a1cdb74e250921e0c5fb3b625decdd64c0c,2021-12,Cheshire Constabulary,Cheshire Constabulary,-2.796113,53.337968,On or near Curlender Way,E01012401,Halton 008C,Violence and sexual offences,Unable to prosecute suspect,
eab952ab832cbafb0679366b2a9824560cfc545589e17f55d7c30f224815fde6,2021-12,Cheshire Constabulary,Cheshire Constabulary,-2.796292,53.337112,On or near Hesketh Road,E01012401,Halton 008C,Violence and sexual offences,Unable to prosecute suspect,
545d637b35bd0950cb665b0df58aeaf8fc4aaa09b27c5c1ba6c911a304ef472d,2021-12,Cheshire Constabulary,Cheshire Constabulary,-2.796292,53.337112,On or near Hesketh Road,E01012401,Halton 008C,Violence and sexual offences,Unable to prosecute suspect,
,2021-12,Cheshire Constabulary,Cheshire Constabulary,-2.752176,53.366487,On or near Netherfield,E01012443,Halton 008D,Anti-social behaviour,,
,2021-12,Cheshire Constabulary,Cheshire Constabulary,-2.757519,53.364412,On or near Tedder Square,E01012443,Halton 008D,Anti-social behaviour,,
,2021-12,Cheshire Constabulary,Cheshire Constabulary,-2.760330,53.361914,On or near Mckeagney Gardens,E01012443,Halton 008D,Anti-social behaviour,,
,2021-12,Cheshire Constabulary,Cheshire Constabulary,-2.749452,53.365434,On or near Thornton,E01012443,Halton 008D,Anti-social behaviour,,
,2021-12,Cheshire Constabulary,Cheshire Constabulary,-2.757519,53.364412,On or near Tedder Square,E01012443,Halton 008D,Anti-social behaviour,,
acb853441f22fa935fe1ea7731c3a12495895c1c6a7d52e35948ea9d7a257955,2021-12,Cheshire Constabulary,Cheshire Constabulary,-2.759307,53.363538,On or near Buckland Close,E01012443,Halton 008D,Criminal damage and arson,Unable to prosecute suspect,
09dd9e674ac7e5be6b06273b6fd1139672484ce38d7520908bd4d07be5244598,2021-12,Cheshire Constabulary,Cheshire Constabulary,-2.751299,53.358492,On or near Ditton Road,E01012443,Halton 008D,Criminal damage and arson,Investigation complete; no suspect identified,
8865fe67bb732e0a722c249fea1177c108f4a088fa8567989d5d4482515dcd21,2021-12,Cheshire Constabulary,Cheshire Constabulary,-2.757519,53.364412,On or near Tedder Square,E01012443,Halton 008D,Public order,Unable to prosecute suspect,
66eb9ad08857cb47821d82944de6a5292a599d4d59cd833907518114328454b6,2021-12,Cheshire Constabulary,Cheshire Constabulary,-2.750736,53.364941,On or near Laleston Close,E01012443,Halton 008D,Public order,Unable to prosecute suspect,
d21702ec0807666f55acc08d7595b60228d472d32ef202a5fb40ab01892f7077,2021-12,Cheshire Constabulary,Cheshire Constabulary,-2.757519,53.364412,On or near Tedder Square,E01012443,Halton 008D,Public order,Unable to prosecute suspect,
8152012f698768ede7bf57bb78e8d0ce2de5921a8963412f86d64280a9be05f7,2021-12,Cheshire Constabulary,Cheshire Constabulary,-2.757519,53.364412,On or near Tedder Square,E01012443,Halton 008D,Public order,Unable to prosecute suspect,
f154a5e36154b906afb366998b9da69ed50069e8d985137f8b2d008006f85087,2021-12,Cheshire Constabulary,Cheshire Constabulary,-2.761316,53.361593,On or near Nazareth House Lane,E01012443,Halton 008D,Vehicle crime,Investigation complete; no suspect identified,
4177702e0db3572ca7ed3bf66edc8900e93d30152afd4e10c7ad1d850a8e7809,2021-12,Cheshire Constabulary,Cheshire Constabulary,-2.757519,53.364412,On or near Tedder Square,E01012443,Halton 008D,Violence and sexual offences,Unable to prosecute suspect,
0b310689716633fa59977e5cb57ce48f10c964482752fa90c12378e0b47b1425,2021-12,Cheshire Constabulary,Cheshire Constabulary,-2.757519,53.364412,On or near Tedder Square,E01012443,Halton 008D,Violence and sexual offences,Unable to prosecute suspect,
57b370a66f2473f25090c62420b650245f7b9aca7e1dc61ca53caca86018a3cf,2021-12,Cheshire Constabulary,Cheshire Constabulary,-2.759307,53.363538,On or near Buckland Close,E01012443,Halton 008D,Violence and sexual offences,Unable to prosecute suspect,
424f226793503aa181dfd18bb9f2cef3e1e6163e619a3d470a4c75cbfd5849c5,2021-12,Cheshire Constabulary,Cheshire Constabulary,-2.757519,53.364412,On or near Tedder Square,E01012443,Halton 008D,Violence and sexual offences,Unable to prosecute suspect,
884a29c7444671a610e22570d66eba33beb401d3ab023d9a07c9d794f72b4b3c,2021-12,Cheshire Constabulary,Cheshire Constabulary,-2.760330,53.361914,On or near Mckeagney Gardens,E01012443,Halton 008D,Violence and sexual offences,Investigation complete; no suspect identified,
7ce77ab8ce67462b1982b914c977ab1f4bce0fb213e14e5786bd272c353b316e,2021-12,Cheshire Constabulary,Cheshire Constabulary,-2.759307,53.363538,On or near Buckland Close,E01012443,Halton 008D,Violence and sexual offences,Unable to prosecute suspect,
4a30cff0542484573d639094f903bbe3f9288bc9f1efa4ef47d4a3dd72fe9f50,2021-12,Cheshire Constabulary,Cheshire Constabulary,-2.757519,53.364412,On or near Tedder Square,E01012443,Halton 008D,Violence and sexual offences,Unable to prosecute suspect,
,2021-12,Cheshire Constabulary,Cheshire Constabulary,-2.660271,53.338815,On or near Village Street,E01012385,Halton 009A,Anti-social behaviour,,
,2021-12,Cheshire Constabulary,Cheshire Constabulary,-2.660271,53.338815,On or near Village Street,E01012385,Halton 009A,Anti-social behaviour,,
,2021-12,Cheshire Constabulary,Cheshire Constabulary,-2.647170,53.330608,On or near Red Brow Lane,E01012385,Halton 009A,Anti-social behaviour,,
c1ecec57c35ee8ab1423ad78a8ef3f7eed00206884a4a1e64c2da4d0d8ab3c5b,2021-12,Cheshire Constabulary,Cheshire Constabulary,-2.642461,53.331937,On or near Cinnabar Court,E01012385,Halton 009A,Other theft,Investigation complete; no suspect identified,
b5522911ae353bfcd62a6e2f0426a0723062f72ff4ca963f1e7e9bedbe683a47,2021-12,Cheshire Constabulary,Cheshire Constabulary,-2.655775,53.315010,On or near Aston Lane North,E01012385,Halton 009A,Public order,Investigation complete; no suspect identified,
fdcfc19c7eaaee42dd15e94f40182b9c3535b511301544a00fadd7e5c1757ae9,2021-12,Cheshire Constabulary,Cheshire Constabulary,-2.661296,53.311879,On or near Aston Fields Road,E01012385,Halton 009A,Vehicle crime,Investigation complete; no suspect identified,
eb4b35e81374ac04c82b86c08dac27d6f1e3be220cedc0f57c5a965d4a83c3ac,2021-12,Cheshire Constabulary,Cheshire Constabulary,-2.664344,53.313911,On or near Chester Road,E01012385,Halton 009A,Violence and sexual offences,Unable to prosecute suspect,
1e26873dd8a54eff12e335a7081f4768559c4ea4eb8b33a1011b2e298955904f,2021-12,Cheshire Constabulary,Cheshire Constabulary,-2.654907,53.320049,On or near Aston Green,E01012385,Halton 009A,Violence and sexual offences,Unable to prosecute suspect,
5b4a1144c7903da17866fe57a7344bb027e0d8491b4e31183a87442f484e3fc1,2021-12,Cheshire Constabulary,Cheshire Constabulary,-2.660271,53.338815,On or near Village Street,E01012385,Halton 009A,Violence and sexual offences,Investigation complete; no suspect identified,
,2021-12,Cheshire Constabulary,Cheshire Constabulary,-2.648262,53.348094,On or near Keckwick Lane,E01012386,Halton 009B,Anti-social behaviour,,
360e573c1a530aed1a1a48bc915ca0e7ed70d19fa3ab0042942a09be7df195a4,2021-12,Cheshire Constabulary,Cheshire Constabulary,-2.666345,53.347941,On or near Manor Farm Road,E01012386,Halton 009B,Drugs,Court result unavailable,
769add374ac600a73855a7567911d28049f509206563849865561d390febba29,2021-12,Cheshire Constabulary,Cheshire Constabulary,-2.666345,53.347941,On or near Manor Farm Road,E01012386,Halton 009B,Drugs,Court result unavailable,
d055151d01903bab5a1b0e80aebe830cdef4eac3113d955022f4bd9211ef7760,2021-12,Cheshire Constabulary,Cheshire Constabulary,-2.653197,53.348616,On or near Bayswater Close,E01012386,Halton 009B,Other theft,Status update unavailable,
4de4394d8fbdad9b27826dc18120abfee1d483d8db4a33722c66bc00955441be,2021-12,Cheshire Constabulary,Cheshire Constabulary,-2.656132,53.349957,On or near Blackheath Lane,E01012386,Halton 009B,Other theft,Unable to prosecute suspect,
01f3da2dc3feb27a8f128b5af5e1a3c3e706bb3ad33cf28bd7370d43990cd9e5,2021-12,Cheshire Constabulary,Cheshire Constabulary,-2.672986,53.350888,On or near Warrington Road,E01012386,Halton 009B,Public order,Investigation complete; no suspect identified,
9b6c35db4e47ceaf37d1d8ed8c502efd9cfaea02de620ff332de27f53b620049,2021-12,Cheshire Constabulary,Cheshire Constabulary,-2.648262,53.348094,On or near Keckwick Lane,E01012386,Halton 009B,Public order,Investigation complete; no suspect identified,
ff999758b5b8467dd961cec56bac672358cf2630ffb61862c9fda78477539482,2021-12,Cheshire Constabulary,Cheshire Constabulary,-2.661796,53.345170,On or near Dorchester Park,E01012386,Halton 009B,Public order,Unable to prosecute suspect,
dfea20d2cff2cf4d0f3126cdb8a7dca2489523c2c332b71aa7dcf9ed4fd8dff4,2021-12,Cheshire Constabulary,Cheshire Constabulary,-2.655920,53.345949,On or near Buckfast Court,E01012386,Halton 009B,Public order,Unable to prosecute suspect,
0a0a8a89b6714361d78a57580b184b3645b7c982579512dec7f89a4d14b30740,2021-12,Cheshire Constabulary,Cheshire Constabulary,-2.666345,53.347941,On or near Manor Farm Road,E01012386,Halton 009B,Violence and sexual offences,Court result unavailable,
200f99d1f8268aa791f62414242f47d654cd7e8127849e57b83f778b295dc7cc,2021-12,Cheshire Constabulary,Cheshire Constabulary,-2.654402,53.345894,On or near Sherborne Close,E01012386,Halton 009B,Violence and sexual offences,Unable to prosecute suspect,
fbaa1767f908b4f9e7bad63466527989fc08a0cb0923d31a3329a6d6b0386698,2021-12,Cheshire Constabulary,Cheshire Constabulary,-2.656132,53.349957,On or near Blackheath Lane,E01012386,Halton 009B,Violence and sexual offences,Unable to prosecute suspect,
8650a290965d89a4efb4770166b35e5ff127238fbb5ad4b07e7d1d78801b6aff,2021-12,Cheshire Constabulary,Cheshire Constabulary,-2.653197,53.348616,On or near Bayswater Close,E01012386,Halton 009B,Violence and sexual offences,Status update unavailable,
6dd697542883bc17c0bf79c97c9ec0a72c896977f30ea6d002539d056bc2102d,2021-12,Cheshire Constabulary,Cheshire Constabulary,-2.666345,53.347941,On or near Manor Farm Road,E01012386,Halton 009B,Violence and sexual offences,Unable to prosecute suspect,
945c264a00dbc1d765972de622679ddac939f7b6d3754058f95fd6b7c6ad0bd1,2021-12,Cheshire Constabulary,Cheshire Constabulary,-2.666345,53.347941,On or near Manor Farm Road,E01012386,Halton 009B,Other crime,Court result unavailable,
fbab6b7f0a89eb908b9bb9dbe4e2a370850d3c42abc0e262e20842476ec36de6,2021-12,Cheshire Constabulary,Cheshire Constabulary,-2.650992,53.348843,On or near Oakmoore,E01012387,Halton 009C,Violence and sexual offences,Court result unavailable,
,2021-12,Cheshire Constabulary,Cheshire Constabulary,-2.665356,53.333582,On or near Seaford Close,E01012434,Halton 009D,Anti-social behaviour,,
6d32b1c7cac159bd387daf0e9a06b1a70a572b1ef051265e3a8d8424652def0f,2021-12,Cheshire Constabulary,Cheshire Constabulary,-2.665356,53.333582,On or near Seaford Close,E01012434,Halton 009D,Public order,Investigation complete; no suspect identified,
eeed8f0629ea29e772d209e2a2c251c1092dbe2e581c915b6ae07d1037896b06,2021-12,Cheshire Constabulary,Cheshire Constabulary,-2.666878,53.332019,On or near Farnhill Close,E01012434,Halton 009D,Violence and sexual offences,Unable to prosecute suspect,
e0c8c16eae42638151a7d969b8659bc83a47c7b843f060b19bb041426238b3ec,2021-12,Cheshire Constabulary,Cheshire Constabulary,-2.683532,53.334909,On or near Pedestrian Subway,E01012435,Halton 009E,Burglary,Unable to prosecute suspect,
9fadae6b37d2be490cd89f90077898b5d8a277cc7e993cb1bb56bdcc12d0793b,2021-12,Cheshire Constabulary,Cheshire Constabulary,-2.666531,53.330924,On or near Heron Close,E01012435,Halton 009E,Violence and sexual offences,Unable to prosecute suspect,
0ff1b12d3ecb33cd9df5302275bb81df7e57f528d813362e7d6725077b0829c7,2021-12,Cheshire Constabulary,Cheshire Constabulary,-2.675643,53.333632,On or near Glenwood,E01012435,Halton 009E,Violence and sexual offences,Investigation complete; no suspect identified,
57fb7e3ddca167b0acd45b8b4d4ce769f736cc2ceeb6293c5f839da2099ee080,2021-12,Cheshire Constabulary,Cheshire Constabulary,-2.675643,53.333632,On or near Glenwood,E01012435,Halton 009E,Violence and sexual offences,Investigation complete; no suspect identified,
,2021-12,Cheshire Constabulary,Cheshire Constabulary,-2.689246,53.336278,On or near Hedge Hey,E01012381,Halton 010A,Anti-social behaviour,,
,2021-12,Cheshire Constabulary,Cheshire Constabulary,-2.691475,53.338539,On or near Pedestrian Subway,E01012381,Halton 010A,Anti-social behaviour,,
1ca412d03d71ceb26e5b49f359fd1f0e0e3ba3c52a55486973c405ddbbc7cb3c,2021-12,Cheshire Constabulary,Cheshire Constabulary,-2.689246,53.336278,On or near Hedge Hey,E01012381,Halton 010A,Burglary,Investigation complete; no suspect identified,
19e8a161355bcc4f47b6a869604b92c2b8162519881bee47c7e7d802c4888b29,2021-12,Cheshire Constabulary,Cheshire Constabulary,-2.685299,53.336453,On or near Pedestrian Subway,E01012381,Halton 010A,Burglary,Investigation complete; no suspect identified,
8a324b5dcb4b8e14adb3157f882f95a36f44dfa09b2072f5f080b2431b3f47eb,2021-12,Cheshire Constabulary,Cheshire Constabulary,-2.685299,53.336453,On or near Pedestrian Subway,E01012381,Halton 010A,Criminal damage and arson,Unable to prosecute suspect,
f22d6ade6accd91256dbdc8c7b9b7041aca7321320a5bc8c16d45943c0ae5053,2021-12,Cheshire Constabulary,Cheshire Constabulary,-2.689246,53.336278,On or near Hedge Hey,E01012381,Halton 010A,Criminal damage and arson,Investigation complete; no suspect identified,
73afbf29adbfaa671ae857696ce61e6059af014c83bf4d585a94a814c5959af2,2021-12,Cheshire Constabulary,Cheshire Constabulary,-2.689246,53.336278,On or near Hedge Hey,E01012381,Halton 010A,Criminal damage and arson,Investigation complete; no suspect identified,
fcdd8ac428ce077c7fd1c7d02fd99f49ceb6063155152b055967975e15676f01,2021-12,Cheshire Constabulary,Cheshire Constabulary,-2.691475,53.338539,On or near Pedestrian Subway,E01012381,Halton 010A,Criminal damage and arson,Investigation complete; no suspect identified,
1f6bdb4f782243e41bab1687f118483403a0e5260716ef8fe064ac27d3e60ae9,2021-12,Cheshire Constabulary,Cheshire Constabulary,-2.686218,53.339486,On or near Castlefields Avenue East,E01012381,Halton 010A,Other theft,Unable to prosecute suspect,
8ab83cc246cf7ba05c649a95438c7ab2c9a0897e646f4e44600a04e4a2210f94,2021-12,Cheshire Constabulary,Cheshire Constabulary,-2.691475,53.338539,On or near Pedestrian Subway,E01012381,Halton 010A,Public order,Unable to prosecute suspect,
1c6783f14b5b79cbf3256b4850a4801f19f86a5c9efb8edeac403a95818790e4,2021-12,Cheshire Constabulary,Cheshire Constabulary,-2.691475,53.338539,On or near Pedestrian Subway,E01012381,Halton 010A,Public order,Court result unavailable,
3437f342588ab06f1c0ce2458f3b4b93374a3e881e9fc0e55539164c0e0015de,2021-12,Cheshire Constabulary,Cheshire Constabulary,-2.689246,53.336278,On or near Hedge Hey,E01012381,Halton 010A,Vehicle crime,Investigation complete; no suspect identified,
ba4ed8d0dd9b03747fafb15cd6a67c4cb9eb62e193cf438dfe8bcaa458bc13bf,2021-12,Cheshire Constabulary,Cheshire Constabulary,-2.689246,53.336278,On or near Hedge Hey,E01012381,Halton 010A,Vehicle crime,Investigation complete; no suspect identified,
40847013f9b99e17eb87403b97920c5b62347df6d28f71c1dc205203bc39729b,2021-12,Cheshire Constabulary,Cheshire Constabulary,-2.689246,53.336278,On or near Hedge Hey,E01012381,Halton 010A,Vehicle crime,Investigation complete; no suspect identified,
71e41d545a774bc123571fa5ab19f9cd8424c65630bade63995f6bef5fa19ae8,2021-12,Cheshire Constabulary,Cheshire Constabulary,-2.686298,53.337877,On or near Green Bridge Close,E01012381,Halton 010A,Violence and sexual offences,Unable to prosecute suspect,
9e9e271c1d87f69202293af1970a374b5b1eb7db2f15d61729061aa1dd496a11,2021-12,Cheshire Constabulary,Cheshire Constabulary,-2.685785,53.333062,On or near King Arthur'S Walk,E01012381,Halton 010A,Violence and sexual offences,Unable to prosecute suspect,
13c4cf71827044714a9249c4ccf4a4b65d507111016d5cbd920ff77446dd16d1,2021-12,Cheshire Constabulary,Cheshire Constabulary,-2.690494,53.334545,On or near Meadow Row,E01012381,Halton 010A,Violence and sexual offences,Unable to prosecute suspect,
c7e2f930b8709982b23d1c655b1e78f450167af56bd4d40b8a8817bf528a0604,2021-12,Cheshire Constabulary,Cheshire Constabulary,-2.688339,53.334072,On or near Pedestrian Subway,E01012381,Halton 010A,Violence and sexual offences,Offender given a caution,
402affef4da73febb1c125e1ee914d0695584c31a25b450abeee10743e000668,2021-12,Cheshire Constabulary,Cheshire Constabulary,-2.686298,53.337877,On or near Green Bridge Close,E01012381,Halton 010A,Violence and sexual offences,Unable to prosecute suspect,
d7e5284b60d471409cb75c6bcf4836ff246666a951f6e85e41c821afb989eec6,2021-12,Cheshire Constabulary,Cheshire Constabulary,-2.687863,53.338992,On or near De Lacy Row,E01012381,Halton 010A,Violence and sexual offences,Unable to prosecute suspect,
,2021-12,Cheshire Constabulary,Cheshire Constabulary,-2.703887,53.347168,On or near Parking Area,E01012382,Halton 010B,Anti-social behaviour,,
d810490895142773493979ecbda8e7865642a8d3f0453dad1c631e1081b07d16,2021-12,Cheshire Constabulary,Cheshire Constabulary,-2.691050,53.340106,On or near Kingshead Close,E01012382,Halton 010B,Burglary,Investigation complete; no suspect identified,
668217e7611f5ff4e6782aded5aafb1a93fe6c3a171861700a58c7bf6295dad3,2021-12,Cheshire Constabulary,Cheshire Constabulary,-2.699276,53.337100,On or near Pedestrian Subway,E01012382,Halton 010B,Burglary,Investigation complete; no suspect identified,
9fc089d5da1e275e289d3c4be70e8d57e39084782bb9ecc5561ef56ede44f13a,2021-12,Cheshire Constabulary,Cheshire Constabulary,-2.699108,53.338755,On or near Centurion Row,E01012382,Halton 010B,Criminal damage and arson,Local resolution,
245def1e77a5ea9d39d565f80d41e6c80ced88473493ed1e0c8b5831d30e4775,2021-12,Cheshire Constabulary,Cheshire Constabulary,-2.690471,53.341475,On or near Pedestrian Subway,E01012382,Halton 010B,Criminal damage and arson,Unable to prosecute suspect,
d45a9351d0d6f2c80e46a22af10ef56f12f4c97d7867a4416d8e8600ac647b7e,2021-12,Cheshire Constabulary,Cheshire Constabulary,-2.689387,53.341338,On or near Waterbridge Mews,E01012382,Halton 010B,Public order,Court result unavailable,
faa1f23680b403344644aea6d94e7c4499774072905159738cf1a54068399f07,2021-12,Cheshire Constabulary,Cheshire Constabulary,-2.703887,53.347168,On or near Parking Area,E01012382,Halton 010B,Public order,Investigation complete; no suspect identified,
1412a31dc435f2f5d55b5556cf12e6113da89c119184f03885f9489844a40193,2021-12,Cheshire Constabulary,Cheshire Constabulary,-2.696963,53.338013,On or near Pedestrian Subway,E01012382,Halton 010B,Vehicle crime,Investigation complete; no suspect identified,
8f012e994dfb0a7a03ba7d3f5ef9f97c843c0e603b66f20794a40ff9f2cc90ca,2021-12,Cheshire Constabulary,Cheshire Constabulary,-2.701083,53.338294,On or near Caesars Close,E01012382,Halton 010B,Violence and sexual offences,Unable to prosecute suspect,
fa0db19bb28bcfba383c17ee6d6c4989344ae321bed7d30b1e05348d187776f9,2021-12,Cheshire Constabulary,Cheshire Constabulary,-2.699108,53.338755,On or near Centurion Row,E01012382,Halton 010B,Violence and sexual offences,Unable to prosecute suspect,
a3e9c1e5b985887a2fc7e23cc97cb7539cec73ef3036450605c88eca1c19eb77,2021-12,Cheshire Constabulary,Cheshire Constabulary,-2.699276,53.337100,On or near Pedestrian Subway,E01012382,Halton 010B,Violence and sexual offences,Unable to prosecute suspect,
616a655a9b8f2adf32d032cc4500e3011bb6afdd1cb4074caaa0ebeaf43573f4,2021-12,Cheshire Constabulary,Cheshire Constabulary,-2.699276,53.337100,On or near Pedestrian Subway,E01012382,Halton 010B,Violence and sexual offences,Unable to prosecute suspect,
aae14d5a65accb0f83bc557a3be2fd9a504bda0560ac3e223a04fddd961adb78,2021-12,Cheshire Constabulary,Cheshire Constabulary,-2.694581,53.341155,On or near Astmoor Bridge Lane,E01012382,Halton 010B,Violence and sexual offences,Unable to prosecute suspect,
ad1b76eaee384dd460ac5b8fbe037ca38bfcefb90e5b0601d3d051ec58141f02,2021-12,Cheshire Constabulary,Cheshire Constabulary,-2.691050,53.340106,On or near Kingshead Close,E01012382,Halton 010B,Other crime,Unable to prosecute suspect,
b8d94e97584e7ecf07fb188a10ebb3f718d6d32dff3e41854dcb6c56d7d94204,2021-12,Cheshire Constabulary,Cheshire Constabulary,-2.699108,53.338755,On or near Centurion Row,E01012382,Halton 010B,Other crime,Unable to prosecute suspect,
55d027c4b96cda93b76b3eae865375988ff080b6b5ff4445f87549caee52c990,2021-12,Cheshire Constabulary,Cheshire Constabulary,-2.687237,53.332784,On or near Merlin Close,E01012384,Halton 010C,Other theft,Investigation complete; no suspect identified,
ce6fe0c8177a995c701f3de64830265ab8b88c7a532cde3b236b7efec149f379,2021-12,Cheshire Constabulary,Cheshire Constabulary,-2.688573,53.329010,On or near Stockham Close,E01012384,Halton 010C,Other theft,Investigation complete; no suspect identified,
71351a14ff247a9968dc5a4ade8dd02fed01391ef5aaf82694f0b293b264d383,2021-12,Cheshire Constabulary,Cheshire Constabulary,-2.687237,53.332784,On or near Merlin Close,E01012384,Halton 010C,Public order,Investigation complete; no suspect identified,
7d9f246c9fb6c4f50a095bc15e7e270c9f34032da467223d6807db63e468c978,2021-12,Cheshire Constabulary,Cheshire Constabulary,-2.686491,53.332159,On or near Brereton Close,E01012384,Halton 010C,Public order,Unable to prosecute suspect,
9ecb2d1e8b867322df5f64c1398ca5a2a4c497a372b064083df99253c5404e39,2021-12,Cheshire Constabulary,Cheshire Constabulary,-2.691561,53.334584,On or near Priory Close,E01012384,Halton 010C,Vehicle crime,Investigation complete; no suspect identified,
6468648a9b54ec10235e660f94f6ddd1001a67b27f13e5bf77b64de776fd7b40,2021-12,Cheshire Constabulary,Cheshire Constabulary,-2.688573,53.329010,On or near Stockham Close,E01012384,Halton 010C,Vehicle crime,Investigation complete; no suspect identified,
bc1bdb491e2402e4f7ac235bc51659ce72911152d606b58c3d634a50f15b3741,2021-12,Cheshire Constabulary,Cheshire Constabulary,-2.687237,53.332784,On or near Merlin Close,E01012384,Halton 010C,Vehicle crime,Investigation complete; no suspect identified,
8b6cafc0aa6895008184491ff22f3602403fd4bebb12695a8c9891eac4a79f38,2021-12,Cheshire Constabulary,Cheshire Constabulary,-2.692982,53.330548,On or near Main Street,E01012384,Halton 010C,Vehicle crime,Court result unavailable,
ded8fcad4f4e6238c0d2727378b00b9f7f69dfc371f400b7f97700c6d79ba52c,2021-12,Cheshire Constabulary,Cheshire Constabulary,-2.688573,53.329010,On or near Stockham Close,E01012384,Halton 010C,Vehicle crime,Unable to prosecute suspect,
2c3d6f0ee1d25bfcc12aa6cfe67143975c925006cf8a802fde6849c4efe0b8ba,2021-12,Cheshire Constabulary,Cheshire Constabulary,-2.692982,53.330548,On or near Main Street,E01012384,Halton 010C,Violence and sexual offences,Unable to prosecute suspect,
b02cb61aca68022d153ad71ac3358b9bd931cc6bcf71591db2a799a0b26f7576,2021-12,Cheshire Constabulary,Cheshire Constabulary,-2.692754,53.335008,On or near Cheshyre Drive,E01012384,Halton 010C,Violence and sexual offences,Unable to prosecute suspect,
bafd6ab4dd1e2199554ace7291bdf365e0ded75f9a74bc45a4ae92cf7a6c4155,2021-12,Cheshire Constabulary,Cheshire Constabulary,-2.687237,53.332784,On or near Merlin Close,E01012384,Halton 010C,Violence and sexual offences,Unable to prosecute suspect,
b691d2da68340737e0638345ba2ddb09e2c3e49d4d47193dad498e120c59de92,2021-12,Cheshire Constabulary,Cheshire Constabulary,-2.689624,53.332770,On or near Primrose Close,E01012384,Halton 010C,Violence and sexual offences,Unable to prosecute suspect,
4a04615a78a14a45c3995fc364c3fbd7ae8b67d235192bcdb46d45149b486b1f,2021-12,Cheshire Constabulary,Cheshire Constabulary,-2.689624,53.332770,On or near Primrose Close,E01012384,Halton 010C,Violence and sexual offences,Unable to prosecute suspect,
6bcae8eb61ef331443e2273fa185485482483ba6a8507a67758416ba07c36923,2021-12,Cheshire Constabulary,Cheshire Constabulary,-2.695820,53.334244,On or near The Green,E01012384,Halton 010C,Violence and sexual offences,Investigation complete; no suspect identified,
7632bbee7f27e262e4f85d26650d307dbe56246ac9833a8289f536b0c8fcaea4,2021-12,Cheshire Constabulary,Cheshire Constabulary,-2.689624,53.332770,On or near Primrose Close,E01012384,Halton 010C,Violence and sexual offences,Unable to prosecute suspect,
2c0b80e6f8dca6ed87929dea58086feb8b49f1c9a45a28ccc0ded6e8d18389f4,2021-12,Cheshire Constabulary,Cheshire Constabulary,-2.689624,53.332770,On or near Primrose Close,E01012384,Halton 010C,Violence and sexual offences,Unable to prosecute suspect,
c1c9d7e0730389fb4ce9f83865774b6067bd6955d0fbfa960ae9d622545dfd51,2021-12,Cheshire Constabulary,Cheshire Constabulary,-2.687237,53.332784,On or near Merlin Close,E01012384,Halton 010C,Violence and sexual offences,Unable to prosecute suspect,
ec3640227e0653d4c17d9144c681579da104283a45442e7ebf42e83ac7b3cc51,2021-12,Cheshire Constabulary,Cheshire Constabulary,-2.686491,53.332159,On or near Brereton Close,E01012384,Halton 010C,Violence and sexual offences,Unable to prosecute suspect,
1d761b6bff0087ee29a57ccfdfc7c7ac708a53c074ff89acc4fcbbd51535f1a7,2021-12,Cheshire Constabulary,Cheshire Constabulary,-2.695302,53.331955,On or near Castle Road,E01012384,Halton 010C,Violence and sexual offences,Investigation complete; no suspect identified,
c0f2a286336547efac1aa6ab3f6bb26ffdea6f4a7363282eada17bd569fafbae,2021-12,Cheshire Constabulary,Cheshire Constabulary,-2.673968,53.336931,On or near Woodridge,E01012444,Halton 010D,Public order,Unable to prosecute suspect,
cc32fe97a7236ee200937a84eea728d536e6d9cd303b3115fc7d26bc9e148928,2021-12,Cheshire Constabulary,Cheshire Constabulary,-2.678275,53.337653,On or near Greenbridge Road,E01012444,Halton 010D,Vehicle crime,Investigation complete; no suspect identified,
ed9458c452b8bf11039b8afe81b94f961943c39941a4fd9e612bcdaadf210b31,2021-12,Cheshire Constabulary,Cheshire Constabulary,-2.678275,53.337653,On or near Greenbridge Road,E01012444,Halton 010D,Violence and sexual offences,Unable to prosecute suspect,
0d2b2be5f8688e1ad18c98e9057831d493f3365d38e64a097f0ad244b099518a,2021-12,Cheshire Constabulary,Cheshire Constabulary,-2.675504,53.337219,On or near Westwood,E01012444,Halton 010D,Violence and sexual offences,Unable to prosecute suspect,
a9bfae791d25a74977c47dbf9aa4db57a91bb878784d7d02601e9a1ad4261aeb,2021-12,Cheshire Constabulary,Cheshire Constabulary,-2.675504,53.337219,On or near Westwood,E01012444,Halton 010D,Violence and sexual offences,Unable to prosecute suspect,
73a7d25d02a3ada0b33701fe3b8269db632b0f62faa1a2441e29a5633256d84f,2021-12,Cheshire Constabulary,Cheshire Constabulary,-2.675504,53.337219,On or near Westwood,E01012444,Halton 010D,Violence and sexual offences,Unable to prosecute suspect,
08515e7bdff8ab94c7bcf697e71856b00abd9553f737ae2a189cb291cb75224f,2021-12,Cheshire Constabulary,Cheshire Constabulary,-2.677405,53.337748,On or near Stonelea,E01012444,Halton 010D,Violence and sexual offences,Investigation complete; no suspect identified,
5e01aa9e05470ed77fa1f6d8415b33f777fdb490afb6b5f71efdadd4d2b17ca7,2021-12,Cheshire Constabulary,Cheshire Constabulary,-2.677405,53.337748,On or near Stonelea,E01012444,Halton 010D,Violence and sexual offences,Investigation complete; no suspect identified,
e5fbce53c057e362b2d374ef9433ba747a8313d91a431984b8003a08526ba2e5,2021-12,Cheshire Constabulary,Cheshire Constabulary,-2.672337,53.333480,On or near Hornbeam Close,E01012444,Halton 010D,Violence and sexual offences,Unable to prosecute suspect,
9352aa4ccd7bab5f08ffefd0df3e5ec98361a8dc22b4aefb376db7311122e203,2021-12,Cheshire Constabulary,Cheshire Constabulary,-2.672337,53.333480,On or near Hornbeam Close,E01012444,Halton 010D,Violence and sexual offences,Action to be taken by another organisation,
cacc7c9e74b081eb0474316d335fc239a9b926c7501b8a5e55e16002cdff1676,2021-12,Cheshire Constabulary,Cheshire Constabulary,-2.678275,53.337653,On or near Greenbridge Road,E01012444,Halton 010D,Violence and sexual offences,Unable to prosecute suspect,
,2021-12,Cheshire Constabulary,Cheshire Constabulary,-2.673561,53.341581,On or near Canal Reach,E01012445,Halton 010E,Anti-social behaviour,,
,2021-12,Cheshire Constabulary,Cheshire Constabulary,-2.669926,53.337727,On or near Norton Hill,E01012445,Halton 010E,Anti-social behaviour,,
89c113c419479981914c666965cf45bccb6b64eeae7254dce1c8c25d2527eec8,2021-12,Cheshire Constabulary,Cheshire Constabulary,-2.676866,53.339765,On or near Lockgate West,E01012445,Halton 010E,Criminal damage and arson,Unable to prosecute suspect,
2c944d445783323619914c156f664f3897a5bff6dbe8c9d66c6106d22f18176b,2021-12,Cheshire Constabulary,Cheshire Constabulary,-2.675481,53.338604,On or near Southwood Avenue,E01012445,Halton 010E,Other theft,Investigation complete; no suspect identified,
6e4479fd3c4c0a3f4beedfea248b4aacbc9eb408d1007fddffd5aaa72e2dbd08,2021-12,Cheshire Constabulary,Cheshire Constabulary,-2.674695,53.338249,On or near Eastwood,E01012445,Halton 010E,Public order,Investigation complete; no suspect identified,
d9e2419ce5e67e1868f5ef1640e714cf5d3b51b7fb61959ee237fd3f1ce5de07,2021-12,Cheshire Constabulary,Cheshire Constabulary,-2.669199,53.338316,On or near Windmill Hill Avenue South,E01012445,Halton 010E,Public order,Unable to prosecute suspect,
10a58e2bf0dc33fb3b544c03679ca7421afc0c146c7d680388a343511d55e23c,2021-12,Cheshire Constabulary,Cheshire Constabulary,-2.669442,53.339456,On or near Pedestrian Subway,E01012445,Halton 010E,Shoplifting,Unable to prosecute suspect,
c89b60888fb0547efedd4d4c39177f549d2063ece05bced300bc58faa21b550e,2021-12,Cheshire Constabulary,Cheshire Constabulary,-2.669199,53.338316,On or near Windmill Hill Avenue South,E01012445,Halton 010E,Violence and sexual offences,Unable to prosecute suspect,
10906a0956769455fcf23221baa3c133f900e7b8a6a50ae47449cd0e0a68d699,2021-12,Cheshire Constabulary,Cheshire Constabulary,-2.669199,53.338316,On or near Windmill Hill Avenue South,E01012445,Halton 010E,Violence and sexual offences,Court result unavailable,
b6bcb324dfb6ec7829a1e4d440e3df86d6b5e06c4478025f6ec5a6ce2e819b30,2021-12,Cheshire Constabulary,Cheshire Constabulary,-2.674695,53.338249,On or near Eastwood,E01012445,Halton 010E,Violence and sexual offences,Unable to prosecute suspect,
021afb52adec88766aac2bef597ac074f24cd0e4e416a200c4dc7b314a101c4d,2021-12,Cheshire Constabulary,Cheshire Constabulary,-2.669199,53.338316,On or near Windmill Hill Avenue South,E01012445,Halton 010E,Violence and sexual offences,Court result unavailable,
57dc31caeb90ab085d4528703e184176d929fcd2b65b60e0f6b82f256be79cdc,2021-12,Cheshire Constabulary,Cheshire Constabulary,-2.674695,53.338249,On or near Eastwood,E01012445,Halton 010E,Violence and sexual offences,Unable to prosecute suspect,
a81f1a13e8e20c2c3be78c9b8ae2075d48b79e971e29655a579a0130d0f5814b,2021-12,Cheshire Constabulary,Cheshire Constabulary,-2.669926,53.337727,On or near Norton Hill,E01012445,Halton 010E,Violence and sexual offences,Investigation complete; no suspect identified,
fcbf3b31ccb9f830ebc8e3a4f593697caffe8b1a1d677370ccc2b0e5976cc85e,2021-12,Cheshire Constabulary,Cheshire Constabulary,-2.669199,53.338316,On or near Windmill Hill Avenue South,E01012445,Halton 010E,Violence and sexual offences,Unable to prosecute suspect,
7bd0a24d2eb1850e6bb55a29fc20416a0950cdbc9b9a9aa2b8cb2d74df9b7b2a,2021-12,Cheshire Constabulary,Cheshire Constabulary,-2.676368,53.337691,On or near Pedestrian Subway,E01012445,Halton 010E,Violence and sexual offences,Unable to prosecute suspect,
d1048b5ae4ab8bd9bd168670ba4cd45f018fa94414673f0d9fce02b36b926080,2021-12,Cheshire Constabulary,Cheshire Constabulary,-2.674695,53.338249,On or near Eastwood,E01012445,Halton 010E,Violence and sexual offences,Unable to prosecute suspect,
,2021-12,Cheshire Constabulary,Cheshire Constabulary,-2.726175,53.332805,On or near Heath Road,E01012398,Halton 011A,Anti-social behaviour,,
f6887e1913a90b749ef033f7bebe1e153df98391c3198dd568031f5e5b88f9e1,2021-12,Cheshire Constabulary,Cheshire Constabulary,-2.728902,53.331548,On or near Lyndon Grove,E01012398,Halton 011A,Violence and sexual offences,Investigation complete; no suspect identified,
8f09c062fbbb0a43c56e936ba461f4216efd47e955886e672d19e897a0b498cd,2021-12,Cheshire Constabulary,Cheshire Constabulary,-2.728902,53.331548,On or near Lyndon Grove,E01012398,Halton 011A,Violence and sexual offences,Unable to prosecute suspect,
5864fa66a1ca53956a02039a288485d968e5a8d4b370c64dd0d2dd7c49bc0671,2021-12,Cheshire Constabulary,Cheshire Constabulary,-2.727338,53.334982,On or near Harrop Road,E01012400,Halton 011B,Other theft,Investigation complete; no suspect identified,
f29bf14e4dc648c22eb11589404cb39a57b0edc46e574396919a63138bc0e70e,2021-12,Cheshire Constabulary,Cheshire Constabulary,-2.730663,53.335312,On or near Ivy Street,E01012400,Halton 011B,Violence and sexual offences,Unable to prosecute suspect,
401db9be446c85fa3e733ee8577d062c2a2895b54c6b695e7f8d7fe3eb73e750,2021-12,Cheshire Constabulary,Cheshire Constabulary,-2.729798,53.334769,On or near Downs Road,E01012400,Halton 011B,Violence and sexual offences,Investigation complete; no suspect identified,
998d79544fcbcb2e7ebce4b86dd11ff6f1faa6d060695f5b46489dae86d20a63,2021-12,Cheshire Constabulary,Cheshire Constabulary,-2.730663,53.335312,On or near Ivy Street,E01012400,Halton 011B,Violence and sexual offences,Unable to prosecute suspect,
,2021-12,Cheshire Constabulary,Cheshire Constabulary,-2.716763,53.333878,On or near Lavender Close,E01012402,Halton 011C,Anti-social behaviour,,
aff5e5546aa182b1a9fad2386b65a54fdb2f13bf7eafbaee9ad357fcf514c50c,2021-12,Cheshire Constabulary,Cheshire Constabulary,-2.712166,53.335604,On or near Quarry Close,E01012402,Halton 011C,Burglary,Investigation complete; no suspect identified,
4658ab93112a030e842726a65636c6eb27fd245ce5f550a5a32ad450dc0d91af,2021-12,Cheshire Constabulary,Cheshire Constabulary,-2.711234,53.331897,On or near Cotterill,E01012402,Halton 011C,Burglary,Investigation complete; no suspect identified,
07c3d579ee75f5cf0f41bc46386a6b6563748f98840578af05b42a55a0681c83,2021-12,Cheshire Constabulary,Cheshire Constabulary,-2.710146,53.333333,On or near Leaside,E01012402,Halton 011C,Public order,Unable to prosecute suspect,
8c1fc06d4a5f3d498394b59bc65e4027b57da56423ec8494154e952a02794bd3,2021-12,Cheshire Constabulary,Cheshire Constabulary,-2.711234,53.331897,On or near Cotterill,E01012402,Halton 011C,Public order,Unable to prosecute suspect,
c2d1eb6bbd833ac414d3b1993b3dce05a49da49d933740107ddbdd386a9510ec,2021-12,Cheshire Constabulary,Cheshire Constabulary,-2.716763,53.333878,On or near Lavender Close,E01012402,Halton 011C,Robbery,Investigation complete; no suspect identified,
5ccf3408aee6f1b01cd5fae670aad448fe834c9e1bd3e74265ad7ec1a98e59aa,2021-12,Cheshire Constabulary,Cheshire Constabulary,-2.712916,53.338215,On or near Ivychurch Mews,E01012402,Halton 011C,Vehicle crime,Investigation complete; no suspect identified,
6eb61e7734f72c693300febe34b606988a2d24e6d2d27d31ae736974e53cde6c,2021-12,Cheshire Constabulary,Cheshire Constabulary,-2.710376,53.332684,On or near Fernhurst,E01012402,Halton 011C,Vehicle crime,Investigation complete; no suspect identified,
ee017cfbd975835f87ddbd552fc84019b9233ea40f459bb2c6af72deb98675f6,2021-12,Cheshire Constabulary,Cheshire Constabulary,-2.714210,53.332985,On or near Morval Crescent,E01012402,Halton 011C,Violence and sexual offences,Unable to prosecute suspect,
90175b7d67f71fd063fe95940e32a0036e79c1480cb37c8c3a2e8451041b1764,2021-12,Cheshire Constabulary,Cheshire Constabulary,-2.711234,53.331897,On or near Cotterill,E01012402,Halton 011C,Violence and sexual offences,Investigation complete; no suspect identified,
e87698ec6b5dc59c220c18d7740eeb1eabfad73708740798b478dddcb7c144e7,2021-12,Cheshire Constabulary,Cheshire Constabulary,-2.711234,53.331897,On or near Cotterill,E01012402,Halton 011C,Violence and sexual offences,Investigation complete; no suspect identified,
2d5ce59dd09bd1b4adf325c2a7f5cb41f63d181bd76bb668506e475ac1224036,2021-12,Cheshire Constabulary,Cheshire Constabulary,-2.716763,53.333878,On or near Lavender Close,E01012402,Halton 011C,Violence and sexual offences,Unable to prosecute suspect,
f08489d3bd516360e869e82f4e6231fb524dbff7c299e62fdd255c01db4013ba,2021-12,Cheshire Constabulary,Cheshire Constabulary,-2.710146,53.333333,On or near Leaside,E01012402,Halton 011C,Violence and sexual offences,Unable to prosecute suspect,
0a2fdaf8f8a728a7b454bc1029946c17ce8e7a5bc08d71721e7410bd3239f858,2021-12,Cheshire Constabulary,Cheshire Constabulary,-2.712916,53.338215,On or near Ivychurch Mews,E01012402,Halton 011C,Violence and sexual offences,Unable to prosecute suspect,
2c2ac9ae26db781f08dcd2f67fda644755e0c71878d4dec543ca5ce931edad98,2021-12,Cheshire Constabulary,Cheshire Constabulary,-2.716763,53.333878,On or near Lavender Close,E01012402,Halton 011C,Violence and sexual offences,Unable to prosecute suspect,
40a34ad6f59b3b5ee5b31b8b3efd9ac73a1685d3ea2739190774ccff8587b179,2021-12,Cheshire Constabulary,Cheshire Constabulary,-2.710376,53.332684,On or near Fernhurst,E01012402,Halton 011C,Other crime,Court result unavailable,
32e49ab9ccfa1d1fbd4a1d38f268b119b6393073d9c62d07184d8478fae88a8d,2021-12,Cheshire Constabulary,Cheshire Constabulary,-2.711165,53.339520,On or near Ashley Road,E01012404,Halton 011D,Public order,Investigation complete; no suspect identified,
0872c7f4b78728d076b5839a2b4055665ddb290487083ed5fec0b74cd7b6f571,2021-12,Cheshire Constabulary,Cheshire Constabulary,-2.704838,53.341077,On or near Bridgewater Interchange,E01012404,Halton 011D,Vehicle crime,Investigation complete; no suspect identified,
5995206844be936f2015a4f8d056b72caa981c9b6a6c61a490bb5da1e5ea54c7,2021-12,Cheshire Constabulary,Cheshire Constabulary,-2.708540,53.338817,On or near Manor Road,E01012404,Halton 011D,Violence and sexual offences,Unable to prosecute suspect,
637a85229e2890091443eec4ceed01ea4d743f047c75a45bec001519dce81c1d,2021-12,Cheshire Constabulary,Cheshire Constabulary,-2.708540,53.338817,On or near Manor Road,E01012404,Halton 011D,Violence and sexual offences,Unable to prosecute suspect,
,2021-12,Cheshire Constabulary,Cheshire Constabulary,-2.721307,53.336178,On or near Duncan Avenue,E01012405,Halton 011E,Anti-social behaviour,,
,2021-12,Cheshire Constabulary,Cheshire Constabulary,-2.719319,53.334959,On or near Latham Avenue,E01012405,Halton 011E,Anti-social behaviour,,
a278213c812f0534b2cc4ed29ae7cc893e1e14ef7fe06d81b04e57cba8f699c4,2021-12,Cheshire Constabulary,Cheshire Constabulary,-2.725281,53.338518,On or near Sutton Street,E01012405,Halton 011E,Criminal damage and arson,Unable to prosecute suspect,
8740f102073f185fe479f3eb3ad285dd2d0da0fbdfec0ce1e207ba6282b2d09c,2021-12,Cheshire Constabulary,Cheshire Constabulary,-2.719319,53.334959,On or near Latham Avenue,E01012405,Halton 011E,Criminal damage and arson,Investigation complete; no suspect identified,
b4118538ef62520e795a53f755571c8aeba63118aaf977d930260e24b37507a1,2021-12,Cheshire Constabulary,Cheshire Constabulary,-2.719265,53.338932,On or near Grange Park Road,E01012405,Halton 011E,Criminal damage and arson,Unable to prosecute suspect,
435ff5a009e5b41e1534bd7daaad870190f04734f9ee2e2336c73b2b2d868bf9,2021-12,Cheshire Constabulary,Cheshire Constabulary,-2.719265,53.338932,On or near Grange Park Road,E01012405,Halton 011E,Criminal damage and arson,Unable to prosecute suspect,
a8671b1b8a7fa5e6a53cb943254044d30d7b8c3682ee134872735e990fbf71fa,2021-12,Cheshire Constabulary,Cheshire Constabulary,-2.720623,53.337513,On or near Stenhills Crescent,E01012405,Halton 011E,Vehicle crime,Court result unavailable,
e929d3a0ddcc11cc616c7956c5ce1c0d3477951f5fa7b2465da431ec0a179e0b,2021-12,Cheshire Constabulary,Cheshire Constabulary,-2.725281,53.338518,On or near Sutton Street,E01012405,Halton 011E,Violence and sexual offences,Action to be taken by another organisation,
d379310b7085f6c1a9549563c1e9405adb8e2c3cbe9908c58880964c3fca4814,2021-12,Cheshire Constabulary,Cheshire Constabulary,-2.722699,53.339496,On or near Sewell Street,E01012405,Halton 011E,Violence and sexual offences,Unable to prosecute suspect,
bb8c51aa9fb714b8054540072aa7b82bd659766668a185aa731aca7b91738386,2021-12,Cheshire Constabulary,Cheshire Constabulary,-2.720623,53.337513,On or near Stenhills Crescent,E01012405,Halton 011E,Violence and sexual offences,Unable to prosecute suspect,
3a70b3c45f7c71147b8cac90b1d284a06591c9607aaf2493957c7639b164f32c,2021-12,Cheshire Constabulary,Cheshire Constabulary,-2.720623,53.337513,On or near Stenhills Crescent,E01012405,Halton 011E,Violence and sexual offences,Unable to prosecute suspect,
38fd09be224ebb7ce58608becbc5d52db42253c523c427aa600f89ff857db223,2021-12,Cheshire Constabulary,Cheshire Constabulary,-2.722423,53.338284,On or near Picton Avenue,E01012405,Halton 011E,Violence and sexual offences,Unable to prosecute suspect,
d410fdf8c559886812f4685e2da21efb7fbf51cea7251c90a2a78c18508d878a,2021-12,Cheshire Constabulary,Cheshire Constabulary,-2.720623,53.337513,On or near Stenhills Crescent,E01012405,Halton 011E,Violence and sexual offences,Unable to prosecute suspect,
cfa3bd82f3966d0b0dac68ed4a9e9c0a39ae0d27526f9c2dbed289dfcf0f7bc4,2021-12,Cheshire Constabulary,Cheshire Constabulary,-2.720623,53.337513,On or near Stenhills Crescent,E01012405,Halton 011E,Violence and sexual offences,Unable to prosecute suspect,
b8d1053cf37a4e4fc6a81226ebfe6ba3fc3cd974bae1e54bd0dec6cf5eafe704,2021-12,Cheshire Constabulary,Cheshire Constabulary,-2.722423,53.338284,On or near Picton Avenue,E01012405,Halton 011E,Violence and sexual offences,Unable to prosecute suspect,
ae9a1fbd03a42b4f3f7f9b3f99c9fc6e7784f8bced7ae8ed9f41dd43ad214668,2021-12,Cheshire Constabulary,Cheshire Constabulary,-2.720491,53.335931,On or near Alexandra Grove,E01012405,Halton 011E,Violence and sexual offences,Unable to prosecute suspect,
a29d44c3638ae9b4105fbab95c2420ca327d187fc37c0c183ba5d3d236555cee,2021-12,Cheshire Constabulary,Cheshire Constabulary,-2.720590,53.338205,On or near Saxon Road,E01012405,Halton 011E,Violence and sexual offences,Unable to prosecute suspect,
22d66e604d39e3a31314135429de858a166fb40252b3a30d7d8b35c08eb66f68,2021-12,Cheshire Constabulary,Cheshire Constabulary,-2.722423,53.338284,On or near Picton Avenue,E01012405,Halton 011E,Violence and sexual offences,Unable to prosecute suspect,
5c43bb1d11996d279698d21718fbfcb90ec65528c0b45f13a715a03caa42adac,2021-12,Cheshire Constabulary,Cheshire Constabulary,-2.720590,53.338205,On or near Saxon Road,E01012405,Halton 011E,Violence and sexual offences,Unable to prosecute suspect,
b6583d78eda01a7feae6272bf59841801c45cac3968e69a698d80cc77fd8363d,2021-12,Cheshire Constabulary,Cheshire Constabulary,-2.722423,53.338284,On or near Picton Avenue,E01012405,Halton 011E,Violence and sexual offences,Unable to prosecute suspect,
f8b59250ce0fbb65bf5ba37a1c6726e96d9380787abe5acb5e36ac0ce0eb4c2c,2021-12,Cheshire Constabulary,Cheshire Constabulary,-2.719265,53.338932,On or near Grange Park Road,E01012405,Halton 011E,Violence and sexual offences,Unable to prosecute suspect,
,2021-12,Cheshire Constabulary,Cheshire Constabulary,-2.735999,53.319926,On or near Weaver Road,E01012416,Halton 012A,Anti-social behaviour,,
,2021-12,Cheshire Constabulary,Cheshire Constabulary,-2.736792,53.320614,On or near Lambsickle Lane,E01012416,Halton 012A,Anti-social behaviour,,
,2021-12,Cheshire Constabulary,Cheshire Constabulary,-2.737153,53.319802,On or near Tildsley Crescent,E01012416,Halton 012A,Anti-social behaviour,,
,2021-12,Cheshire Constabulary,Cheshire Constabulary,-2.737153,53.319802,On or near Tildsley Crescent,E01012416,Halton 012A,Anti-social behaviour,,
d446dae067c6636f5641726a5e651cf4b397c46e1ab00914e4cc58b5a33c9688,2021-12,Cheshire Constabulary,Cheshire Constabulary,-2.735064,53.321424,On or near Hamlin Close,E01012416,Halton 012A,Criminal damage and arson,Investigation complete; no suspect identified,
47364f8c58e3c0b8364f7c19461692842ef1d5e215f95a2b05626a86e8efb4d0,2021-12,Cheshire Constabulary,Cheshire Constabulary,-2.739987,53.321322,On or near Ashton Close,E01012416,Halton 012A,Criminal damage and arson,Investigation complete; no suspect identified,
0996cb23426c7a8ee42b003d2c034652b8efcf86ee2576c724861bc8ccfe3992,2021-12,Cheshire Constabulary,Cheshire Constabulary,-2.733861,53.326520,On or near Heath Drive,E01012416,Halton 012A,Other theft,Investigation complete; no suspect identified,
0c8df640ba0800c00a9a721ecd3ba81ea72e7f54f0bc9d9150aef2a3b4aaa48e,2021-12,Cheshire Constabulary,Cheshire Constabulary,-2.733861,53.326520,On or near Heath Drive,E01012416,Halton 012A,Public order,Unable to prosecute suspect,
40cf5cdd88a7123cadc94f4fcfe3869def7e0a2d3bf67fbfc56565ed9e805f6f,2021-12,Cheshire Constabulary,Cheshire Constabulary,-2.738386,53.332973,On or near Southlands Mews,E01012416,Halton 012A,Public order,Unable to prosecute suspect,
8f257207bb8e89780d643e9e1045cbbfcccad00726b89ce06ea63e4818043ead,2021-12,Cheshire Constabulary,Cheshire Constabulary,-2.733861,53.326520,On or near Heath Drive,E01012416,Halton 012A,Public order,Unable to prosecute suspect,
a09b4a4afca23bd43f9911444caafb294204c1545b9695ebe1bf49bac843df73,2021-12,Cheshire Constabulary,Cheshire Constabulary,-2.737825,53.323061,On or near Weston Crescent,E01012416,Halton 012A,Public order,Unable to prosecute suspect,
86739a1e1297274f6932428adcd8534dd75a53b1db9338e51244b5038313423f,2021-12,Cheshire Constabulary,Cheshire Constabulary,-2.739303,53.330405,On or near Highlands Road,E01012416,Halton 012A,Violence and sexual offences,Court result unavailable,
130829de9546f82274aa37a695eeeed99f2068af3ff08048cc5beead2a9f12e1,2021-12,Cheshire Constabulary,Cheshire Constabulary,-2.738386,53.332973,On or near Southlands Mews,E01012416,Halton 012A,Violence and sexual offences,Unable to prosecute suspect,
,2021-12,Cheshire Constabulary,Cheshire Constabulary,-2.738450,53.323633,On or near Heath Road South,E01012417,Halton 012B,Anti-social behaviour,,
,2021-12,Cheshire Constabulary,Cheshire Constabulary,-2.751293,53.324829,On or near Pedestrian Subway,E01012417,Halton 012B,Anti-social behaviour,,
0725efa8e499e40e548b4f5d8990d2ed1936e7227aec5016b6f158a4a80147d3,2021-12,Cheshire Constabulary,Cheshire Constabulary,-2.748864,53.325033,On or near Castner Court,E01012417,Halton 012B,Criminal damage and arson,Court result unavailable,
289594c1df10d6f308a033c59e04aeb5a01c74986d678d3a4a8e4f26d11fb8aa,2021-12,Cheshire Constabulary,Cheshire Constabulary,-2.753914,53.326197,On or near Baker Road,E01012417,Halton 012B,Public order,Unable to prosecute suspect,
3c353a807ff8fdd135c2092a205d760374716485cb809e53a47e0bbebd9f8d34,2021-12,Cheshire Constabulary,Cheshire Constabulary,-2.749421,53.325991,On or near Castner Avenue,E01012417,Halton 012B,Public order,Unable to prosecute suspect,
0a72d2841dc6abed45288fbcefa214e97b4c673f92838d4228ae68faf89d3f9b,2021-12,Cheshire Constabulary,Cheshire Constabulary,-2.756778,53.326817,On or near South Road,E01012417,Halton 012B,Violence and sexual offences,Unable to prosecute suspect,
9798ce384e8a8bde19540edff97947c0f34aa4b408e6ac80bd563cedc05104de,2021-12,Cheshire Constabulary,Cheshire Constabulary,-2.750739,53.325812,On or near Roscoe Crescent,E01012417,Halton 012B,Violence and sexual offences,Unable to prosecute suspect,
c2398561c9538df00a432904a9dc3641c79035513fecc89507151123e331aa8f,2021-12,Cheshire Constabulary,Cheshire Constabulary,-2.750739,53.325812,On or near Roscoe Crescent,E01012417,Halton 012B,Violence and sexual offences,Unable to prosecute suspect,
,2021-12,Cheshire Constabulary,Cheshire Constabulary,-2.747309,53.337438,On or near Pimlico Road,E01012428,Halton 012C,Anti-social behaviour,,
cd4bd0910152ce8dcfc1d02e19a8fd1b9c5e1a9c111c55f5d896740a76a7cd61,2021-12,Cheshire Constabulary,Cheshire Constabulary,-2.748173,53.334440,On or near Crofton Road,E01012428,Halton 012C,Criminal damage and arson,Unable to prosecute suspect,
ba571553b19276c7cda4cdf90a20fc43d0e7e56c39b47e5061fa13b21bd8daa7,2021-12,Cheshire Constabulary,Cheshire Constabulary,-2.736482,53.336625,On or near Salisbury Street,E01012428,Halton 012C,Criminal damage and arson,Unable to prosecute suspect,
2d1b9502fb4a25b8935180dd345614d3422b501995a78e4c93bc28ef27c718ee,2021-12,Cheshire Constabulary,Cheshire Constabulary,-2.743440,53.343791,On or near Sunbeam Close,E01012428,Halton 012C,Possession of weapons,Court result unavailable,
42a0bfb67759888afaa58597fa740bb6c3bdd19eee89f5e55d2a7c48e3dd483b,2021-12,Cheshire Constabulary,Cheshire Constabulary,-2.742111,53.338199,On or near Picow Farm Road,E01012428,Halton 012C,Violence and sexual offences,Unable to prosecute suspect,
62aab6e99f675a35cc7209cde965706051001e7ac77ff0ec38dca86d64cf1ab7,2021-12,Cheshire Constabulary,Cheshire Constabulary,-2.748173,53.334440,On or near Crofton Road,E01012428,Halton 012C,Violence and sexual offences,Unable to prosecute suspect,
842f1668fd4d314c03934f3597585c60430e2c3e17c4c4361c27e446c272ae70,2021-12,Cheshire Constabulary,Cheshire Constabulary,-2.747135,53.342069,On or near Further/Higher Educational Building,E01012428,Halton 012C,Violence and sexual offences,Unable to prosecute suspect,
d1249ee7359a0e5f9b2aa77fb1b66b8779133639aeb9dcd3108e102b44a257ed,2021-12,Cheshire Constabulary,Cheshire Constabulary,-2.742300,53.338701,On or near Sports/Recreation Area,E01012428,Halton 012C,Violence and sexual offences,Unable to prosecute suspect,
9e8011da3b20e0a2c1469af127a7701d5da507acb9441a9ea03b3365fe411ca5,2021-12,Cheshire Constabulary,Cheshire Constabulary,-2.742300,53.338701,On or near Sports/Recreation Area,E01012428,Halton 012C,Violence and sexual offences,Unable to prosecute suspect,
da0e9045c93d5ea93266105598626ccd2dfa552a422f971227e12a904b73b725,2021-12,Cheshire Constabulary,Cheshire Constabulary,-2.742300,53.338701,On or near Sports/Recreation Area,E01012428,Halton 012C,Violence and sexual offences,Unable to prosecute suspect,
0b6861c1f5d6b88750db245d43bfa361f393c91d8c8d50e75eaef105ef0a6cf0,2021-12,Cheshire Constabulary,Cheshire Constabulary,-2.737436,53.334444,On or near Greenway Road,E01012428,Halton 012C,Violence and sexual offences,Investigation complete; no suspect identified,
f519f51a9556066c8abe45aac7f717d88a9c16a1a63c95f9c49f6a9ace488b5a,2021-12,Cheshire Constabulary,Cheshire Constabulary,-2.748173,53.334440,On or near Crofton Road,E01012428,Halton 012C,Violence and sexual offences,Unable to prosecute suspect,
8b2c19f3c9a512fd6c189f5c2b3f863fbb4da74a227f0bfac28530b50b191227,2021-12,Cheshire Constabulary,Cheshire Constabulary,-2.748173,53.334440,On or near Crofton Road,E01012428,Halton 012C,Violence and sexual offences,Unable to prosecute suspect,
e84b1aef4392542f0818745f2fe83b90595cb4d9aa7ffa9b2cfbb8c4a1ef0db6,2021-12,Cheshire Constabulary,Cheshire Constabulary,-2.742300,53.338701,On or near Sports/Recreation Area,E01012428,Halton 012C,Violence and sexual offences,Unable to prosecute suspect,
934bd4008c0a45f1a140e3b9e22ae81319a912a073743279134a7455a8f2e183,2021-12,Cheshire Constabulary,Cheshire Constabulary,-2.748173,53.334440,On or near Crofton Road,E01012428,Halton 012C,Violence and sexual offences,Unable to prosecute suspect,
4ded325fccccd003cfdd5c04d8af5140d3f482980b249b1c43148b99a31bc018,2021-12,Cheshire Constabulary,Cheshire Constabulary,-2.742300,53.338701,On or near Sports/Recreation Area,E01012428,Halton 012C,Violence and sexual offences,Unable to prosecute suspect,
6a43da5aba77f1b58cde53236d19b2bf615463677c4d12a709630d3297466fed,2021-12,Cheshire Constabulary,Cheshire Constabulary,-2.742111,53.338199,On or near Picow Farm Road,E01012428,Halton 012C,Violence and sexual offences,Unable to prosecute suspect,
5437bcf380eb8400f4024e29ac625feb0f5da81368a169ff8af7f591fbe88dd9,2021-12,Cheshire Constabulary,Cheshire Constabulary,-2.747320,53.330346,On or near Hillside Avenue,E01012429,Halton 012D,Criminal damage and arson,Investigation complete; no suspect identified,
997fbe1a13335c193d3fb37b1a98b5ff751066b85aa6e58d90251a9532c87fa4,2021-12,Cheshire Constabulary,Cheshire Constabulary,-2.747809,53.332527,On or near Cunningham Drive,E01012429,Halton 012D,Public order,Court result unavailable,
53f3765be0a8106688c0f714ba32b599f7354b90d7e29bc9839c0e2d08348bd0,2021-12,Cheshire Constabulary,Cheshire Constabulary,-2.747353,53.328764,On or near Perrin Avenue,E01012429,Halton 012D,Violence and sexual offences,Unable to prosecute suspect,
7270e8f34522eb963d779eb86034d25c86fe0fafc9c198f3fc8bedcb37bc1fe3,2021-12,Cheshire Constabulary,Cheshire Constabulary,-2.747353,53.328764,On or near Perrin Avenue,E01012429,Halton 012D,Violence and sexual offences,Unable to prosecute suspect,
e20b71164cf17789c679d74d0f299b636e5ce8a9677024887b539d51b069400c,2021-12,Cheshire Constabulary,Cheshire Constabulary,-2.747809,53.332527,On or near Cunningham Drive,E01012429,Halton 012D,Violence and sexual offences,Unable to prosecute suspect,
965c9d59534ca0770761ad82870426fffc7f98da14bf8e16ab6fe9ac7a1d5134,2021-12,Cheshire Constabulary,Cheshire Constabulary,-2.747353,53.328764,On or near Perrin Avenue,E01012429,Halton 012D,Violence and sexual offences,Court result unavailable,
dc5a292484a0350ed757aadf5060022545e077c4874a67c3901a8dd80e6a0d8d,2021-12,Cheshire Constabulary,Cheshire Constabulary,-2.747353,53.328764,On or near Perrin Avenue,E01012429,Halton 012D,Other crime,Further investigation is not in the public interest,
,2021-12,Cheshire Constabulary,Cheshire Constabulary,-2.732657,53.342132,On or near Alcock Street,E01012430,Halton 012E,Anti-social behaviour,,
,2021-12,Cheshire Constabulary,Cheshire Constabulary,-2.733702,53.341784,On or near Pedestrian Subway,E01012430,Halton 012E,Anti-social behaviour,,
50004e894789fb8da95b545c1fc2f269c7674a2f46096982d8b42f83ca479c9f,2021-12,Cheshire Constabulary,Cheshire Constabulary,-2.729558,53.342735,On or near Pool Lane,E01012430,Halton 012E,Drugs,Court result unavailable,
159d7494d871bc3f369fa24a1da4280eaec4b1cfcc2d8236aa4396a3c90777d7,2021-12,Cheshire Constabulary,Cheshire Constabulary,-2.731307,53.342230,On or near Public Hall Street,E01012430,Halton 012E,Other theft,Investigation complete; no suspect identified,
17e529652854d6b7610281a0a0b1745e752a444f74a5da1caad3ecd4e2f16a11,2021-12,Cheshire Constabulary,Cheshire Constabulary,-2.727391,53.341607,On or near Bridge Street,E01012430,Halton 012E,Other theft,Investigation complete; no suspect identified,
74713864c075f68323919502832e8d3407d1f8eb7154624930c69888a2d9b0f4,2021-12,Cheshire Constabulary,Cheshire Constabulary,-2.731307,53.342230,On or near Public Hall Street,E01012430,Halton 012E,Public order,Investigation complete; no suspect identified,
4b40d5085acd164d323c66f328e59b8eb47be3dc809cff1c6ef2deaf1403620f,2021-12,Cheshire Constabulary,Cheshire Constabulary,-2.731307,53.342230,On or near Public Hall Street,E01012430,Halton 012E,Public order,Investigation complete; no suspect identified,
62bed98a9803033cdebc98fad2c716e034abe9571c365f0092920560e86d189a,2021-12,Cheshire Constabulary,Cheshire Constabulary,-2.729558,53.342735,On or near Pool Lane,E01012430,Halton 012E,Violence and sexual offences,Status update unavailable,
afb31fb1ad17436eccc42a3512d18696f6197df63077606ca096ec3972c12a4f,2021-12,Cheshire Constabulary,Cheshire Constabulary,-2.739930,53.342356,On or near Ashridge Street,E01012430,Halton 012E,Violence and sexual offences,Unable to prosecute suspect,
31171555fff59eedde2c6d4b658cf6df5e2864c9b039da3f5aa217f36af0b329,2021-12,Cheshire Constabulary,Cheshire Constabulary,-2.730234,53.341859,On or near Penkeths Lane,E01012430,Halton 012E,Violence and sexual offences,Offender given a caution,
bfa4d238110a3db31561532810ee16ae329bb5ee90522e2a8cf081ae8e0e2b39,2021-12,Cheshire Constabulary,Cheshire Constabulary,-2.729558,53.342735,On or near Pool Lane,E01012430,Halton 012E,Violence and sexual offences,Unable to prosecute suspect,
20466b094721ac218310af0e64c3a5860aa3ed2ac59859356b2572cda9e02955,2021-12,Cheshire Constabulary,Cheshire Constabulary,-2.730234,53.341859,On or near Penkeths Lane,E01012430,Halton 012E,Violence and sexual offences,Further action is not in the public interest,
fef35a2085a792e2f34818df52654084bc6f38de744a931f2ffb6ddfd9205b92,2021-12,Cheshire Constabulary,Cheshire Constabulary,-2.735292,53.343383,On or near Queen Street,E01012430,Halton 012E,Violence and sexual offences,Further action is not in the public interest,
3b650e32cf37bec2b3f4a76ad9430cf964e74be23b5390960f08b3b4ac646267,2021-12,Cheshire Constabulary,Cheshire Constabulary,-2.735390,53.342097,On or near Regent Street,E01012430,Halton 012E,Violence and sexual offences,Unable to prosecute suspect,
5b9239f1ef20008142d29ad51775fb8017b5195b5c37e76cc64111cf95d6dec9,2021-12,Cheshire Constabulary,Cheshire Constabulary,-2.732657,53.342132,On or near Alcock Street,E01012430,Halton 012E,Violence and sexual offences,Investigation complete; no suspect identified,
c83613c56e9043445ffddfb76b0c75900511aefce7e54542a90244fed36735c7,2021-12,Cheshire Constabulary,Cheshire Constabulary,-2.728549,53.342561,On or near St Johns Street,E01012430,Halton 012E,Violence and sexual offences,Investigation complete; no suspect identified,
e6c0b38ed6e4d92fe777f93d075c65d500e1a5a633d0cfead1b573c621e3f534,2021-12,Cheshire Constabulary,Cheshire Constabulary,-2.730234,53.341859,On or near Penkeths Lane,E01012430,Halton 012E,Violence and sexual offences,Unable to prosecute suspect,
ffae848850a2fde97a31ab7fe539c1ef7e524ae50f322addeb5f4a4a6c91ba50,2021-12,Cheshire Constabulary,Cheshire Constabulary,-2.730234,53.341859,On or near Penkeths Lane,E01012430,Halton 012E,Violence and sexual offences,Offender given a caution,
6278f38fa603c46d5d9ee0925ed375dfaf1a3bcdded364950106e85d496c6b62,2021-12,Cheshire Constabulary,Cheshire Constabulary,-2.730234,53.341859,On or near Penkeths Lane,E01012430,Halton 012E,Violence and sexual offences,Investigation complete; no suspect identified,
2fa2808904ba7bfa2125aa4e0f2de7b1623121e648c49573ef1df804808ad357,2021-12,Cheshire Constabulary,Cheshire Constabulary,-2.735292,53.343383,On or near Queen Street,E01012430,Halton 012E,Violence and sexual offences,Action to be taken by another organisation,
ac5399b83e656b2adb71d7665219237992a1632cc7e98e0d083a704c47ee8185,2021-12,Cheshire Constabulary,Cheshire Constabulary,-2.728868,53.341040,On or near Ellesmere Street,E01012430,Halton 012E,Violence and sexual offences,Unable to prosecute suspect,
b8effc8fb25b579d6f4c8a962a9f36c8ef31d706dc788b2c31983cc27b5027c4,2021-12,Cheshire Constabulary,Cheshire Constabulary,-2.730234,53.341859,On or near Penkeths Lane,E01012430,Halton 012E,Violence and sexual offences,Unable to prosecute suspect,
f75422e1ae08ee941ac8cf79afe8be20a0729bd25dc29e2b38857392bfd5270a,2021-12,Cheshire Constabulary,Cheshire Constabulary,-2.730234,53.341859,On or near Penkeths Lane,E01012430,Halton 012E,Violence and sexual offences,Further action is not in the public interest,
93ed13b4342be93fc74053661403863daaeb93618ba83f53608b909538957938,2021-12,Cheshire Constabulary,Cheshire Constabulary,-2.730234,53.341859,On or near Penkeths Lane,E01012430,Halton 012E,Violence and sexual offences,Unable to prosecute suspect,
80a2859216498c5987ccae63073a6faa97f90863a18211b4e4390dd9a7e23748,2021-12,Cheshire Constabulary,Cheshire Constabulary,-2.740432,53.342704,On or near Brindley Street,E01012430,Halton 012E,Violence and sexual offences,Court result unavailable,
0a53e7b3ca43ecd6b9b9633750187fe039d290b57c2bcf1eb025aac3d37931c5,2021-12,Cheshire Constabulary,Cheshire Constabulary,-2.730234,53.341859,On or near Penkeths Lane,E01012430,Halton 012E,Violence and sexual offences,Offender given a caution,
50f1a069e725551055531e03c8d8a36553cd6d3344ab847a6b4108e37b93e66a,2021-12,Cheshire Constabulary,Cheshire Constabulary,-2.728549,53.342561,On or near St Johns Street,E01012430,Halton 012E,Violence and sexual offences,Unable to prosecute suspect,
,2021-12,Cheshire Constabulary,Cheshire Constabulary,-2.724749,53.342575,On or near Irwell Lane,E01012431,Halton 012F,Anti-social behaviour,,
,2021-12,Cheshire Constabulary,Cheshire Constabulary,-2.723831,53.340702,On or near Windmill Street,E01012431,Halton 012F,Anti-social behaviour,,
,2021-12,Cheshire Constabulary,Cheshire Constabulary,-2.734864,53.338594,On or near Oakmere Street,E01012431,Halton 012F,Anti-social behaviour,,
,2021-12,Cheshire Constabulary,Cheshire Constabulary,-2.723831,53.340702,On or near Windmill Street,E01012431,Halton 012F,Anti-social behaviour,,
,2021-12,Cheshire Constabulary,Cheshire Constabulary,-2.734642,53.341427,On or near Back High Street,E01012431,Halton 012F,Anti-social behaviour,,
,2021-12,Cheshire Constabulary,Cheshire Constabulary,-2.728876,53.338865,On or near Bridgewater Expressway,E01012431,Halton 012F,Anti-social behaviour,,
,2021-12,Cheshire Constabulary,Cheshire Constabulary,-2.738756,53.340485,On or near Station Road,E01012431,Halton 012F,Anti-social behaviour,,
,2021-12,Cheshire Constabulary,Cheshire Constabulary,-2.737588,53.341544,On or near Peel Street,E01012431,Halton 012F,Anti-social behaviour,,
,2021-12,Cheshire Constabulary,Cheshire Constabulary,-2.734642,53.341427,On or near Back High Street,E01012431,Halton 012F,Anti-social behaviour,,
,2021-12,Cheshire Constabulary,Cheshire Constabulary,-2.733468,53.343008,On or near King Street,E01012431,Halton 012F,Anti-social behaviour,,
,2021-12,Cheshire Constabulary,Cheshire Constabulary,-2.723831,53.340702,On or near Windmill Street,E01012431,Halton 012F,Anti-social behaviour,,
,2021-12,Cheshire Constabulary,Cheshire Constabulary,-2.723831,53.340702,On or near Windmill Street,E01012431,Halton 012F,Anti-social behaviour,,
,2021-12,Cheshire Constabulary,Cheshire Constabulary,-2.738756,53.340485,On or near Station Road,E01012431,Halton 012F,Anti-social behaviour,,
56002c88c0c7cc3a49451dc419935383b6eb22838fde3e5d0bcc0b14e8c26406,2021-12,Cheshire Constabulary,Cheshire Constabulary,-2.737478,53.341239,On or near Parking Area,E01012431,Halton 012F,Criminal damage and arson,Investigation complete; no suspect identified,
5a04ae6ec11273989ae7de31f2c2f65e3fd8c56d309adc71858f2467becaf567,2021-12,Cheshire Constabulary,Cheshire Constabulary,-2.734864,53.338594,On or near Oakmere Street,E01012431,Halton 012F,Criminal damage and arson,Investigation complete; no suspect identified,
a39a28cbb68c0ce20697cb582c551774a37e0b48b1985adab609fc2b1d01b907,2021-12,Cheshire Constabulary,Cheshire Constabulary,-2.726423,53.342997,On or near Stanley Street,E01012431,Halton 012F,Criminal damage and arson,Unable to prosecute suspect,
b6334248d5a8e8a302d9a2895facbf26016835152e79dbd75455c9bb257a5ecb,2021-12,Cheshire Constabulary,Cheshire Constabulary,-2.734571,53.339046,On or near Okell Street,E01012431,Halton 012F,Drugs,Unable to prosecute suspect,
91dcd457f4890ff72229f91fcd5089dddf9728b3a5b640a005dfaec7145d3586,2021-12,Cheshire Constabulary,Cheshire Constabulary,-2.733285,53.339350,On or near Parking Area,E01012431,Halton 012F,Other theft,Investigation complete; no suspect identified,
3023298da560ba38dffd847bd3b68b13bd38fa8e3f07cfcfa315d5367c171630,2021-12,Cheshire Constabulary,Cheshire Constabulary,-2.723441,53.343365,On or near Old Quay Street,E01012431,Halton 012F,Other theft,Unable to prosecute suspect,
ab228c71e9494465e9eea92f498125703a00cc2b5dc96cbebc21131b7542e427,2021-12,Cheshire Constabulary,Cheshire Constabulary,-2.733285,53.339350,On or near Parking Area,E01012431,Halton 012F,Other theft,Investigation complete; no suspect identified,
1659ece54cba6d127f8c08e06ab85ded2d3e940b6736605777f981a10585bfd0,2021-12,Cheshire Constabulary,Cheshire Constabulary,-2.735903,53.342228,On or near Bridgewater Street,E01012431,Halton 012F,Public order,Local resolution,
d4a092caaaa98c7532e99c27a9eaad7e6c162e4eabd5aae5e1ad8d5d1893f522,2021-12,Cheshire Constabulary,Cheshire Constabulary,-2.732023,53.337587,On or near Walton Street,E01012431,Halton 012F,Public order,Unable to prosecute suspect,
b144d06dbccba2f50049d6f930a0dfe593b3b1b1637ecc16dbc7b0307ffc1622,2021-12,Cheshire Constabulary,Cheshire Constabulary,-2.733285,53.339350,On or near Parking Area,E01012431,Halton 012F,Public order,Investigation complete; no suspect identified,
f41083a35ef7b246aee5b3c0c4a28e1fa2724b08e1601b90167b0d7eb25fe84f,2021-12,Cheshire Constabulary,Cheshire Constabulary,-2.738756,53.340485,On or near Station Road,E01012431,Halton 012F,Public order,Investigation complete; no suspect identified,
cf81676c4df3c0ff4f767327948ae17e7cb1c24f7092f8a418574857165bb276,2021-12,Cheshire Constabulary,Cheshire Constabulary,-2.734642,53.341427,On or near Back High Street,E01012431,Halton 012F,Public order,Unable to prosecute suspect,
57f63e578c72c4c2e41a89ad30e1b0e4bb5bfb227f8af12b4c8ff0131c6b6ea2,2021-12,Cheshire Constabulary,Cheshire Constabulary,-2.734642,53.341427,On or near Back High Street,E01012431,Halton 012F,Public order,Unable to prosecute suspect,
45532ae991499c5391ab47fa6dcedf48eef1ad0b75153c54ee5be0f529001637,2021-12,Cheshire Constabulary,Cheshire Constabulary,-2.733470,53.337866,On or near Hill Street,E01012431,Halton 012F,Public order,Unable to prosecute suspect,
6b47ce232eaa8c788173503ba9e314857112024d46482bb19bb7716ea3062333,2021-12,Cheshire Constabulary,Cheshire Constabulary,-2.738756,53.340485,On or near Station Road,E01012431,Halton 012F,Public order,Investigation complete; no suspect identified,
829b5ff6516c55c857ccd077432af5eb9ddfa8529b2bde1a34c5968316107a61,2021-12,Cheshire Constabulary,Cheshire Constabulary,-2.733285,53.339350,On or near Parking Area,E01012431,Halton 012F,Shoplifting,Investigation complete; no suspect identified,
e01fb67bee72ef3dfe078a683946722c1f9fec6c066502d59ef548e940aecbbb,2021-12,Cheshire Constabulary,Cheshire Constabulary,-2.733285,53.339350,On or near Parking Area,E01012431,Halton 012F,Shoplifting,Investigation complete; no suspect identified,
62ff21a386ab95139c556c4b3518039ae4bbad07c582c2471c8f2aad6ff26542,2021-12,Cheshire Constabulary,Cheshire Constabulary,-2.737156,53.337376,On or near Arthur Street,E01012431,Halton 012F,Vehicle crime,Unable to prosecute suspect,
21bf28391e648b174d5fdfc11c4521e5216ac87d7b4487edd88083f980c626fe,2021-12,Cheshire Constabulary,Cheshire Constabulary,-2.722940,53.341283,On or near Canal Street,E01012431,Halton 012F,Vehicle crime,Investigation complete; no suspect identified,
782efdf658bcb6297853658ade4a8f54e2fa1381a0ec21bf5c673e81f4b2f328,2021-12,Cheshire Constabulary,Cheshire Constabulary,-2.723441,53.343365,On or near Old Quay Street,E01012431,Halton 012F,Vehicle crime,Investigation complete; no suspect identified,
ccc31abaf883dcc391f01ed6505848d366a92f8c1f74a63327aca5b719025127,2021-12,Cheshire Constabulary,Cheshire Constabulary,-2.737177,53.336872,On or near Picow Street,E01012431,Halton 012F,Violence and sexual offences,Unable to prosecute suspect,
f1ecf69f6aab1f855a21a86062798d8a9a58d633b3f29d8f9b72d723e96ec953,2021-12,Cheshire Constabulary,Cheshire Constabulary,-2.729220,53.337901,On or near Victoria Road,E01012431,Halton 012F,Violence and sexual offences,Status update unavailable,
3cd67017c42d196d3c5320ab61ffcd0a9a55942be621833c5f5c658de1d0dd4f,2021-12,Cheshire Constabulary,Cheshire Constabulary,-2.726423,53.342997,On or near Stanley Street,E01012431,Halton 012F,Violence and sexual offences,Unable to prosecute suspect,
9bbd0a5edaaf037a0a793ab0ba5dd59adcd7aae7a3d41d1b3f7335d1bd13a76f,2021-12,Cheshire Constabulary,Cheshire Constabulary,-2.726423,53.342997,On or near Stanley Street,E01012431,Halton 012F,Violence and sexual offences,Unable to prosecute suspect,
5eb0b69534acf8ed96ba92bd8c559b1c49b0f58e0d053193165058a854827033,2021-12,Cheshire Constabulary,Cheshire Constabulary,-2.735903,53.342228,On or near Bridgewater Street,E01012431,Halton 012F,Violence and sexual offences,Unable to prosecute suspect,
d526cae5317e7b853b4ba2b25ce3e4e1740268ffe152cb42681da6bb08186669,2021-12,Cheshire Constabulary,Cheshire Constabulary,-2.735903,53.342228,On or near Bridgewater Street,E01012431,Halton 012F,Violence and sexual offences,Unable to prosecute suspect,
1fb2c8a014676d8b25bafd8ae91df9b6d1fdf38e031b56c6c3ceb849743afecc,2021-12,Cheshire Constabulary,Cheshire Constabulary,-2.737177,53.336872,On or near Picow Street,E01012431,Halton 012F,Violence and sexual offences,Unable to prosecute suspect,
5437d207035cca5dbd2815e45932ca97ee7ab6bc2bae1470f63f94afe74c0091,2021-12,Cheshire Constabulary,Cheshire Constabulary,-2.734642,53.341427,On or near Back High Street,E01012431,Halton 012F,Violence and sexual offences,Unable to prosecute suspect,
bbf78d8ba7ba84a44db2190feb4d213f78e827178c1374a148a1ea1d5d3ff5e0,2021-12,Cheshire Constabulary,Cheshire Constabulary,-2.726656,53.342537,On or near Bold Street,E01012431,Halton 012F,Violence and sexual offences,Unable to prosecute suspect,
2d74ee4f0fa8c5af3e1eba9e0a4bfb4e859e8e2d96d7c23b0003d82b00975732,2021-12,Cheshire Constabulary,Cheshire Constabulary,-2.732023,53.337587,On or near Walton Street,E01012431,Halton 012F,Violence and sexual offences,Unable to prosecute suspect,
c614e4bec7fbbe1f867e8a2033d56610cbcbcea8de4f6357ef6a4cabbe708556,2021-12,Cheshire Constabulary,Cheshire Constabulary,-2.734642,53.341427,On or near Back High Street,E01012431,Halton 012F,Violence and sexual offences,Unable to prosecute suspect,
d6c20272f172ae83876975a6a0ff2ae06a76a8d9772779f0988e28217b828c35,2021-12,Cheshire Constabulary,Cheshire Constabulary,-2.737478,53.341239,On or near Parking Area,E01012431,Halton 012F,Violence and sexual offences,Unable to prosecute suspect,
417de0dfbf333da680559acf9b34003eb5c204a39c25431e365acd850666115f,2021-12,Cheshire Constabulary,Cheshire Constabulary,-2.738756,53.340485,On or near Station Road,E01012431,Halton 012F,Violence and sexual offences,Court result unavailable,
044486f97b5c3fc4dffd50a43c780dde9d9ac2689ba4103cb6a84525a586d972,2021-12,Cheshire Constabulary,Cheshire Constabulary,-2.737478,53.341239,On or near Parking Area,E01012431,Halton 012F,Violence and sexual offences,Unable to prosecute suspect,
63164ff39ab1cd7573d63e735561bcc3b071bdd112b5a5004c441d12c7d89a60,2021-12,Cheshire Constabulary,Cheshire Constabulary,-2.737177,53.336872,On or near Picow Street,E01012431,Halton 012F,Violence and sexual offences,Unable to prosecute suspect,
77f2ce87fdc650c1477876d6c66bf13a169ac7636d2d575d754fd7af504e4e1d,2021-12,Cheshire Constabulary,Cheshire Constabulary,-2.726423,53.342997,On or near Stanley Street,E01012431,Halton 012F,Violence and sexual offences,Unable to prosecute suspect,
a0e30139c626b5a6b4e732811d4bdb4afe670fa4b03773561dd8f13695747616,2021-12,Cheshire Constabulary,Cheshire Constabulary,-2.732023,53.337587,On or near Walton Street,E01012431,Halton 012F,Other crime,Unable to prosecute suspect,
9271814dfb9645e6dcb7f6328a75e11cce41ff0f8ccffbfd4b4c9a36fcf23f84,2021-12,Cheshire Constabulary,Cheshire Constabulary,-2.737177,53.336872,On or near Picow Street,E01012431,Halton 012F,Other crime,Unable to prosecute suspect,
53e4083b2ece05fbdadb5b059ffd7ce6e7b021cbed812cb1610592baa74d388e,2021-12,Cheshire Constabulary,Cheshire Constabulary,-2.736482,53.336625,On or near Salisbury Street,E01035383,Halton 012H,Violence and sexual offences,Court result unavailable,
65200f019b83164f554e79a0427723086906bdfaa65c189dccde937c76d16ad9,2021-12,Cheshire Constabulary,Cheshire Constabulary,-2.700175,53.332394,On or near Riversdale Road,E01012383,Halton 013A,Burglary,Investigation complete; no suspect identified,
758e70af208cce5c338150494dab84fc4112d44d0c485b238ae4bc7f67e57cc8,2021-12,Cheshire Constabulary,Cheshire Constabulary,-2.702118,53.334567,On or near Calvers,E01012383,Halton 013A,Criminal damage and arson,Unable to prosecute suspect,
7231ccfd8bdad68825237d1651a8f9481683848175ea3ba73a1dd623884c52c2,2021-12,Cheshire Constabulary,Cheshire Constabulary,-2.698151,53.336280,On or near Cornwall Close,E01012383,Halton 013A,Violence and sexual offences,Unable to prosecute suspect,
05a2030e4d09f0702a33ee5ece97d3e7b3fb1c609d3b4f6a171e348dda13d3c2,2021-12,Cheshire Constabulary,Cheshire Constabulary,-2.700805,53.334197,On or near Pedestrian Subway,E01012383,Halton 013A,Violence and sexual offences,Court result unavailable,
,2021-12,Cheshire Constabulary,Cheshire Constabulary,-2.710555,53.329007,On or near Grangemoor,E01012396,Halton 013B,Anti-social behaviour,,
18b10192bf18a7c456f2aaf61b489b8a7c4d92f58ee6a5032771da90e3186c64,2021-12,Cheshire Constabulary,Cheshire Constabulary,-2.706826,53.328687,On or near Cotton Lane,E01012396,Halton 013B,Burglary,Investigation complete; no suspect identified,
1fdd2ed3aaa397cb3fea2d50f5b708e1c5b474db3e03d62579d3069231f73c2f,2021-12,Cheshire Constabulary,Cheshire Constabulary,-2.713696,53.331010,On or near Sycamore Road,E01012396,Halton 013B,Criminal damage and arson,Unable to prosecute suspect,
d4f7dd1738ae88374f8357afba1b5ed54d8858ff80a03a0ab5d1607773bd0b47,2021-12,Cheshire Constabulary,Cheshire Constabulary,-2.713696,53.331010,On or near Sycamore Road,E01012396,Halton 013B,Public order,Investigation complete; no suspect identified,
3df9f99f0eaa346ab3541fcdf7a336a7bfd0c2439c14725d1c596ced3f9ccadb,2021-12,Cheshire Constabulary,Cheshire Constabulary,-2.713696,53.331010,On or near Sycamore Road,E01012396,Halton 013B,Public order,Investigation complete; no suspect identified,
d7101724063cca535d433699142de9a2a9b920403762eaf6c2984f36f3f7b533,2021-12,Cheshire Constabulary,Cheshire Constabulary,-2.710555,53.329007,On or near Grangemoor,E01012396,Halton 013B,Vehicle crime,Investigation complete; no suspect identified,
2f24182675f7541e22d276046e213e241e99959c76ad59c1a424991f6dc4c815,2021-12,Cheshire Constabulary,Cheshire Constabulary,-2.710555,53.329007,On or near Grangemoor,E01012396,Halton 013B,Violence and sexual offences,Unable to prosecute suspect,
0c7004d622cc954095fba878fb4740dd88f9b5870d15396ffcb42446125c230a,2021-12,Cheshire Constabulary,Cheshire Constabulary,-2.706826,53.328687,On or near Cotton Lane,E01012396,Halton 013B,Violence and sexual offences,Status update unavailable,
03d700d424e88ffa578423f5f07af5e3a62ca3c87dde9adad442d08a27a8bfe2,2021-12,Cheshire Constabulary,Cheshire Constabulary,-2.710555,53.329007,On or near Grangemoor,E01012396,Halton 013B,Violence and sexual offences,Unable to prosecute suspect,
1cbfdc5bdbf77b18932688f99851f6b1e1c33c98863dd3c30f8af3698ae71fc1,2021-12,Cheshire Constabulary,Cheshire Constabulary,-2.706826,53.328687,On or near Cotton Lane,E01012396,Halton 013B,Violence and sexual offences,Unable to prosecute suspect,
c3f03c92098620af1150864d9c4cde77a4d42ee572ac644a1493905b40d74fe8,2021-12,Cheshire Constabulary,Cheshire Constabulary,-2.708426,53.329226,On or near Davenport Row,E01012396,Halton 013B,Violence and sexual offences,Unable to prosecute suspect,
a46e4369c6a65bcb1cd8fdfe1bfbe1fa4c015372002cee6502a6c5ebb6e0c38e,2021-12,Cheshire Constabulary,Cheshire Constabulary,-2.711423,53.327024,On or near Grangeway,E01012396,Halton 013B,Violence and sexual offences,Unable to prosecute suspect,
95ef61b56be3498ddd2a520ee8c0a5004b03f6b035df28afd876cec08b6683a4,2021-12,Cheshire Constabulary,Cheshire Constabulary,-2.708846,53.328253,On or near Halton Lodge Avenue,E01012396,Halton 013B,Violence and sexual offences,Unable to prosecute suspect,
f9d1d6595f72f5f17322660a1eef5c2cc1b7c14fa6eb7072a2e11a94d93fdd0e,2021-12,Cheshire Constabulary,Cheshire Constabulary,-2.708846,53.328253,On or near Halton Lodge Avenue,E01012396,Halton 013B,Violence and sexual offences,Investigation complete; no suspect identified,
a7363ced547e591eed8739593e1142ebf7f6254d4fe72440cc55caf8e13b34b1,2021-12,Cheshire Constabulary,Cheshire Constabulary,-2.711423,53.327024,On or near Grangeway,E01012396,Halton 013B,Violence and sexual offences,Unable to prosecute suspect,
5e56320c308c9db2dbcfa15d344e5c62730cae5b45cd2f4c5ca6999447ba3454,2021-12,Cheshire Constabulary,Cheshire Constabulary,-2.710555,53.329007,On or near Grangemoor,E01012396,Halton 013B,Other crime,Unable to prosecute suspect,
8c38b647b8dd5b70867000766089fbdc8594d22145dda1c34942db8d89a7953d,2021-12,Cheshire Constabulary,Cheshire Constabulary,-2.708846,53.328253,On or near Halton Lodge Avenue,E01012396,Halton 013B,Other crime,Unable to prosecute suspect,
b99fad4f7bb10a43421b3bb9fe10e0d7a105b7d888b9ce64524010c332d058ea,2021-12,Cheshire Constabulary,Cheshire Constabulary,-2.708846,53.328253,On or near Halton Lodge Avenue,E01012396,Halton 013B,Other crime,Investigation complete; no suspect identified,
,2021-12,Cheshire Constabulary,Cheshire Constabulary,-2.717066,53.328680,On or near Supermarket,E01012397,Halton 013C,Anti-social behaviour,,
,2021-12,Cheshire Constabulary,Cheshire Constabulary,-2.715663,53.328266,On or near Pine Road,E01012397,Halton 013C,Anti-social behaviour,,
a57469288d56e23907f99b306af09a8d81d26741669b1ad95134f07e7cad9b43,2021-12,Cheshire Constabulary,Cheshire Constabulary,-2.716878,53.328241,On or near Supermarket,E01012397,Halton 013C,Criminal damage and arson,Investigation complete; no suspect identified,
59f1993c6fc9e9e552c4cf338a0bb2615c6828e6823d594d99ebdedec8d6a288,2021-12,Cheshire Constabulary,Cheshire Constabulary,-2.716878,53.328241,On or near Supermarket,E01012397,Halton 013C,Criminal damage and arson,Unable to prosecute suspect,
199d57678652fe64381a8c4ac7ed5672f2aee169ad4dd46d39683a049cb179b7,2021-12,Cheshire Constabulary,Cheshire Constabulary,-2.716837,53.330228,On or near Lyndale,E01012397,Halton 013C,Public order,Unable to prosecute suspect,
f33aa6675734e74340fb5af438eebe699c8cdfa04cfa061ba17dde8d69867ee6,2021-12,Cheshire Constabulary,Cheshire Constabulary,-2.716837,53.330228,On or near Lyndale,E01012397,Halton 013C,Public order,Unable to prosecute suspect,
2e47298e105fba8c35e3b390e153ebd3a21924750b1913984088a921f9b92d74,2021-12,Cheshire Constabulary,Cheshire Constabulary,-2.720685,53.331355,On or near Birch Road,E01012397,Halton 013C,Public order,Investigation complete; no suspect identified,
06f1d7dafa93f6b2993391bcb2b7cc3cab7613a8feef51abd5be9ef2f0c79c9d,2021-12,Cheshire Constabulary,Cheshire Constabulary,-2.715590,53.330235,On or near Beech Road,E01012397,Halton 013C,Public order,Unable to prosecute suspect,
09d973547a653c52284ee0183931ce986e49efbc9ead8dc102495ab3f70a3b61,2021-12,Cheshire Constabulary,Cheshire Constabulary,-2.720268,53.328886,On or near Linkway,E01012397,Halton 013C,Vehicle crime,Investigation complete; no suspect identified,
63f8b71807843ef1932c299c117920c3721fbc1e1b3805f9a780e498ae38aba1,2021-12,Cheshire Constabulary,Cheshire Constabulary,-2.720268,53.328886,On or near Linkway,E01012397,Halton 013C,Violence and sexual offences,Unable to prosecute suspect,
f8de5b294a4a08a17f428feac99a2c4a7fb61b84c0b12896c61ddab7bce688f2,2021-12,Cheshire Constabulary,Cheshire Constabulary,-2.716837,53.330228,On or near Lyndale,E01012397,Halton 013C,Violence and sexual offences,Unable to prosecute suspect,
1832be4588901130d360b95ca511d9c91328834b47b29034315667d53cc02864,2021-12,Cheshire Constabulary,Cheshire Constabulary,-2.715731,53.332338,On or near Runcorn Spur Road,E01012397,Halton 013C,Violence and sexual offences,Unable to prosecute suspect,
e3d89b806d6517619acfdf367bd85d94e02fe195b71b24455b8a23f600c382e8,2021-12,Cheshire Constabulary,Cheshire Constabulary,-2.721741,53.328104,On or near Laburnum Grove,E01012397,Halton 013C,Violence and sexual offences,Action to be taken by another organisation,
dab9be7ff8328cc496fea3e6f0bda40ba789ca6c7f33af01ce15fbd823fbe0ca,2021-12,Cheshire Constabulary,Cheshire Constabulary,-2.715590,53.330235,On or near Beech Road,E01012397,Halton 013C,Violence and sexual offences,Investigation complete; no suspect identified,
98b273d07214cd4700cf8f1a6d5e0fda37f2662b46f168af688a0346116c3711,2021-12,Cheshire Constabulary,Cheshire Constabulary,-2.716878,53.328241,On or near Supermarket,E01012397,Halton 013C,Violence and sexual offences,Further action is not in the public interest,
a761b4afd31fd663304e5ba629e02a179ec93b75dc76de17e4094c54fa5fc53c,2021-12,Cheshire Constabulary,Cheshire Constabulary,-2.721741,53.328104,On or near Laburnum Grove,E01012397,Halton 013C,Violence and sexual offences,Action to be taken by another organisation,
b3bd36882e6a533fa720d6489ac8a3f307bc07111ef708b7d67727e7e4f49c59,2021-12,Cheshire Constabulary,Cheshire Constabulary,-2.721741,53.328104,On or near Laburnum Grove,E01012397,Halton 013C,Violence and sexual offences,Action to be taken by another organisation,
932b07330d8307fae87cdf92816070325b66ffd2c4bae0b1f3f8c0f7e7c8ec61,2021-12,Cheshire Constabulary,Cheshire Constabulary,-2.716878,53.328241,On or near Supermarket,E01012397,Halton 013C,Violence and sexual offences,Further action is not in the public interest,
,2021-12,Cheshire Constabulary,Cheshire Constabulary,-2.716163,53.324047,On or near Bamford Close,E01012399,Halton 013D,Anti-social behaviour,,
,2021-12,Cheshire Constabulary,Cheshire Constabulary,-2.716498,53.327057,On or near Oak Drive,E01012399,Halton 013D,Anti-social behaviour,,
,2021-12,Cheshire Constabulary,Cheshire Constabulary,-2.716498,53.327057,On or near Oak Drive,E01012399,Halton 013D,Anti-social behaviour,,
afe9bf79788df197e1df263a69c2821db608e7de845901dd2fae66375f4da974,2021-12,Cheshire Constabulary,Cheshire Constabulary,-2.716249,53.326546,On or near Cedar Avenue,E01012399,Halton 013D,Criminal damage and arson,Unable to prosecute suspect,
f3a597c5db5a0e469645abeddfccbc2ed325ded3f69bc68c5bceece45222f874,2021-12,Cheshire Constabulary,Cheshire Constabulary,-2.713746,53.325913,On or near Birstall Court,E01012399,Halton 013D,Criminal damage and arson,Unable to prosecute suspect,
b53d3f1d12908a59f86ecdf86865d9a44be09eb37ec6ad82d1ca9c2878bb0861,2021-12,Cheshire Constabulary,Cheshire Constabulary,-2.715229,53.327487,On or near Thorn Road,E01012399,Halton 013D,Criminal damage and arson,Unable to prosecute suspect,
d864f69686d8b1396e74b19ac63b62919fcc0bdcb445fd6d30fbbf91d323e0ea,2021-12,Cheshire Constabulary,Cheshire Constabulary,-2.715229,53.327487,On or near Thorn Road,E01012399,Halton 013D,Other theft,Unable to prosecute suspect,
1afdbab5ec914cd743ce8a3db9ba63b07b7f28548bbe52e91201992143f82079,2021-12,Cheshire Constabulary,Cheshire Constabulary,-2.721914,53.327698,On or near Willow Close,E01012399,Halton 013D,Violence and sexual offences,Unable to prosecute suspect,
0682de1a8cc85433326ad60fe97b7b52ddf6d4a244019e90bf8247b12565cb01,2021-12,Cheshire Constabulary,Cheshire Constabulary,-2.716498,53.327057,On or near Oak Drive,E01012399,Halton 013D,Violence and sexual offences,Unable to prosecute suspect,
,2021-12,Cheshire Constabulary,Cheshire Constabulary,-2.706149,53.332242,On or near Halton Brook Avenue,E01012403,Halton 013E,Anti-social behaviour,,
,2021-12,Cheshire Constabulary,Cheshire Constabulary,-2.706171,53.332700,On or near Meadway,E01012403,Halton 013E,Anti-social behaviour,,
81c2415f7541888addb93cafc2e632ed579d0a508175c98819ddc8eb92bd7416,2021-12,Cheshire Constabulary,Cheshire Constabulary,-2.706149,53.332242,On or near Halton Brook Avenue,E01012403,Halton 013E,Criminal damage and arson,Investigation complete; no suspect identified,
ede3f3e83dcf3a0c0b29b2115aa432832158d80d3e39bf6d8e22dcf319efdd50,2021-12,Cheshire Constabulary,Cheshire Constabulary,-2.704514,53.335991,On or near Central Expressway,E01012403,Halton 013E,Criminal damage and arson,Investigation complete; no suspect identified,
10f74d29a0e697147fd4fd1baa93e621a5d59a00d5338a72cda1757c042a0974,2021-12,Cheshire Constabulary,Cheshire Constabulary,-2.708199,53.330881,On or near Brackendale,E01012403,Halton 013E,Criminal damage and arson,Unable to prosecute suspect,
82a5c2f65ded6778a7fd690bcd9f0e80fbef4373cf197ead816626dae7bea84e,2021-12,Cheshire Constabulary,Cheshire Constabulary,-2.706171,53.332700,On or near Meadway,E01012403,Halton 013E,Criminal damage and arson,Investigation complete; no suspect identified,
62f0e839aba8038990d49dd4e3d26186ec9212862b446008cc707577365c3573,2021-12,Cheshire Constabulary,Cheshire Constabulary,-2.706149,53.332242,On or near Halton Brook Avenue,E01012403,Halton 013E,Public order,Investigation complete; no suspect identified,
6ce3c0da13fe7cde14eb3902b38621a934d87fbdade4b3cf03f8db44cd9553f1,2021-12,Cheshire Constabulary,Cheshire Constabulary,-2.706171,53.332700,On or near Meadway,E01012403,Halton 013E,Public order,Investigation complete; no suspect identified,
3d953cdb5459ba14a41b44b87826f88baeb7922aae2395580ebe5d1c567012f9,2021-12,Cheshire Constabulary,Cheshire Constabulary,-2.706171,53.332700,On or near Meadway,E01012403,Halton 013E,Public order,Investigation complete; no suspect identified,
6939e00c185f6cf10cd181ef44568cd83ec13e17f3af250ac1bcb32e8fe6f479,2021-12,Cheshire Constabulary,Cheshire Constabulary,-2.706149,53.332242,On or near Halton Brook Avenue,E01012403,Halton 013E,Public order,Unable to prosecute suspect,
dab1a205d0391421cd58a30a18d166747b1a1a1246a5eaf66a6d09d89be70b75,2021-12,Cheshire Constabulary,Cheshire Constabulary,-2.706080,53.334445,On or near Wheatlands,E01012403,Halton 013E,Public order,Unable to prosecute suspect,
d63fdcada6ac34eea03a75bc9b53298df67868e66c5e6c3e1d131012c4984ef9,2021-12,Cheshire Constabulary,Cheshire Constabulary,-2.706171,53.332700,On or near Meadway,E01012403,Halton 013E,Public order,Unable to prosecute suspect,
402314181cdb800f96aef9057651649481160d0e7632e85208019662e57117da,2021-12,Cheshire Constabulary,Cheshire Constabulary,-2.706171,53.332700,On or near Meadway,E01012403,Halton 013E,Vehicle crime,Investigation complete; no suspect identified,
2826e6fe0d8f535768eec0cc485a15b34ec1779afc49c08a944b7df6795e7733,2021-12,Cheshire Constabulary,Cheshire Constabulary,-2.706199,53.333455,On or near The Tithings,E01012403,Halton 013E,Vehicle crime,Investigation complete; no suspect identified,
af08cc1c4c3bf43f64fc02db5ec2b7526f83c68d3386e023bbda71ee62a722d7,2021-12,Cheshire Constabulary,Cheshire Constabulary,-2.706171,53.332700,On or near Meadway,E01012403,Halton 013E,Violence and sexual offences,Unable to prosecute suspect,
e5223fb7b66bd86e30ff927fbc468e9b07bdfa107eb9d96b5a51ea183c9d2470,2021-12,Cheshire Constabulary,Cheshire Constabulary,-2.706199,53.333455,On or near The Tithings,E01012403,Halton 013E,Violence and sexual offences,Unable to prosecute suspect,
4383cbefb6d51fee1cd72b484b4ca0f71388d5bba501adac9ab97fe8f2915378,2021-12,Cheshire Constabulary,Cheshire Constabulary,-2.706149,53.332242,On or near Halton Brook Avenue,E01012403,Halton 013E,Violence and sexual offences,Investigation complete; no suspect identified,
c2232608f57a3b7d6d24ec2a878728a8dcf6c21a16315c3c4c043edaf82c30de,2021-12,Cheshire Constabulary,Cheshire Constabulary,-2.709906,53.334242,On or near Fallowfield,E01012403,Halton 013E,Violence and sexual offences,Status update unavailable,
2cb04a189d8d4bfccf91d3041c8bf7ed4b2285daa76e74596db63032367f1bd1,2021-12,Cheshire Constabulary,Cheshire Constabulary,-2.706149,53.332242,On or near Halton Brook Avenue,E01012403,Halton 013E,Violence and sexual offences,Unable to prosecute suspect,
093c75476b08efbe344ef15c59fd09449d02975f40bfac025026b659e5df2d49,2021-12,Cheshire Constabulary,Cheshire Constabulary,-2.706171,53.332700,On or near Meadway,E01012403,Halton 013E,Violence and sexual offences,Unable to prosecute suspect,
,2021-12,Cheshire Constabulary,Cheshire Constabulary,-2.698774,53.326640,On or near Southway,E01012408,Halton 013F,Anti-social behaviour,,
,2021-12,Cheshire Constabulary,Cheshire Constabulary,-2.702633,53.324793,On or near Penshaw Court,E01012408,Halton 013F,Anti-social behaviour,,
,2021-12,Cheshire Constabulary,Cheshire Constabulary,-2.698774,53.326640,On or near Southway,E01012408,Halton 013F,Anti-social behaviour,,
,2021-12,Cheshire Constabulary,Cheshire Constabulary,-2.698774,53.326640,On or near Southway,E01012408,Halton 013F,Anti-social behaviour,,
,2021-12,Cheshire Constabulary,Cheshire Constabulary,-2.697979,53.327598,On or near Fifth Avenue,E01012408,Halton 013F,Anti-social behaviour,,
,2021-12,Cheshire Constabulary,Cheshire Constabulary,-2.710447,53.323407,On or near Ripon Row,E01012408,Halton 013F,Anti-social behaviour,,
,2021-12,Cheshire Constabulary,Cheshire Constabulary,-2.707783,53.325742,On or near Shopping Area,E01012408,Halton 013F,Anti-social behaviour,,
,2021-12,Cheshire Constabulary,Cheshire Constabulary,-2.698774,53.326640,On or near Southway,E01012408,Halton 013F,Anti-social behaviour,,
,2021-12,Cheshire Constabulary,Cheshire Constabulary,-2.698774,53.326640,On or near Southway,E01012408,Halton 013F,Anti-social behaviour,,
,2021-12,Cheshire Constabulary,Cheshire Constabulary,-2.698774,53.326640,On or near Southway,E01012408,Halton 013F,Anti-social behaviour,,
,2021-12,Cheshire Constabulary,Cheshire Constabulary,-2.701248,53.329170,On or near Supermarket,E01012408,Halton 013F,Anti-social behaviour,,
,2021-12,Cheshire Constabulary,Cheshire Constabulary,-2.698774,53.326640,On or near Southway,E01012408,Halton 013F,Anti-social behaviour,,
,2021-12,Cheshire Constabulary,Cheshire Constabulary,-2.700023,53.328611,On or near Petrol Station,E01012408,Halton 013F,Anti-social behaviour,,
,2021-12,Cheshire Constabulary,Cheshire Constabulary,-2.698774,53.326640,On or near Southway,E01012408,Halton 013F,Anti-social behaviour,,
,2021-12,Cheshire Constabulary,Cheshire Constabulary,-2.711573,53.322493,On or near Handforth Lane,E01012408,Halton 013F,Anti-social behaviour,,
,2021-12,Cheshire Constabulary,Cheshire Constabulary,-2.698774,53.326640,On or near Southway,E01012408,Halton 013F,Anti-social behaviour,,
,2021-12,Cheshire Constabulary,Cheshire Constabulary,-2.697126,53.327783,On or near Supermarket,E01012408,Halton 013F,Anti-social behaviour,,
,2021-12,Cheshire Constabulary,Cheshire Constabulary,-2.698491,53.327694,On or near Shopping Area,E01012408,Halton 013F,Anti-social behaviour,,
ff6057d0da6c2d1124ca252312918d5baeb6dd1f0a1ff213d1e8fee93176ba30,2021-12,Cheshire Constabulary,Cheshire Constabulary,-2.710447,53.323407,On or near Ripon Row,E01012408,Halton 013F,Burglary,Unable to prosecute suspect,
e54390f19e736236b6134b8940b7529e37edb4fa13656f5d19bf742055ba3141,2021-12,Cheshire Constabulary,Cheshire Constabulary,-2.701248,53.329170,On or near Supermarket,E01012408,Halton 013F,Criminal damage and arson,Investigation complete; no suspect identified,
6c15f598450fcd83c046fccfca5a9ffcb11c86614481def2e6831d5706e59e8a,2021-12,Cheshire Constabulary,Cheshire Constabulary,-2.709011,53.324647,On or near Whitchurch Way,E01012408,Halton 013F,Criminal damage and arson,Investigation complete; no suspect identified,
c278104f51832d89d2b717fac59d224e17a60920256b09716b566926fbc10c5c,2021-12,Cheshire Constabulary,Cheshire Constabulary,-2.701248,53.329170,On or near Supermarket,E01012408,Halton 013F,Criminal damage and arson,Unable to prosecute suspect,
00bbd9c251d967f6da7c61a4d16c6d9da64c664ea3b773727cbfd018d261a390,2021-12,Cheshire Constabulary,Cheshire Constabulary,-2.700023,53.328611,On or near Petrol Station,E01012408,Halton 013F,Criminal damage and arson,Unable to prosecute suspect,
a81baeeedc438e1982e1facc558e8bd86f52f47162ede3aefa07d49b08839eea,2021-12,Cheshire Constabulary,Cheshire Constabulary,-2.698774,53.326640,On or near Southway,E01012408,Halton 013F,Other theft,Investigation complete; no suspect identified,
c32df51fb93c7c5bc93be633bda97deec36fb608c3a638b09ee1f51de1d63b7f,2021-12,Cheshire Constabulary,Cheshire Constabulary,-2.698491,53.327694,On or near Shopping Area,E01012408,Halton 013F,Other theft,Investigation complete; no suspect identified,
031881596ba4cf44aa1bcc06a19d1c1ebe5cfe68c92e9b5195a231c83fdabae5,2021-12,Cheshire Constabulary,Cheshire Constabulary,-2.698491,53.327694,On or near Shopping Area,E01012408,Halton 013F,Public order,Unable to prosecute suspect,
44bc341486d1cb1f511091c79613b8e6dd0175696c05401e8b3647752b1cfdd4,2021-12,Cheshire Constabulary,Cheshire Constabulary,-2.701248,53.329170,On or near Supermarket,E01012408,Halton 013F,Public order,Investigation complete; no suspect identified,
9954681365b854b9d216f815a08f9b508fd6efff7fe1625e740bcb453822a8fc,2021-12,Cheshire Constabulary,Cheshire Constabulary,-2.697979,53.327598,On or near Fifth Avenue,E01012408,Halton 013F,Public order,Unable to prosecute suspect,
7a8591491f651306bc51c18e171055ea57cde6db00726cea7321da72be05ae7b,2021-12,Cheshire Constabulary,Cheshire Constabulary,-2.701248,53.329170,On or near Supermarket,E01012408,Halton 013F,Public order,Investigation complete; no suspect identified,
6fcad44d9748fb35f07e2d1bd8e2f461fc39d770af466984cde9606c50cd62e4,2021-12,Cheshire Constabulary,Cheshire Constabulary,-2.698774,53.326640,On or near Southway,E01012408,Halton 013F,Public order,Investigation complete; no suspect identified,
f6da3b07248f860e32038eb6d9528d30f78607b4e6562eb513897954bcb19cc6,2021-12,Cheshire Constabulary,Cheshire Constabulary,-2.698774,53.326640,On or near Southway,E01012408,Halton 013F,Public order,Investigation complete; no suspect identified,
7aa45661c1483515fb2bd71bf0200941e7025e866c38c04452af957f3686e952,2021-12,Cheshire Constabulary,Cheshire Constabulary,-2.704376,53.321223,On or near Hawks Court,E01012408,Halton 013F,Public order,Unable to prosecute suspect,
bcff0d8031e1f67d907e18ddadf9ac76ade4d7bf91c162a7319f6a97f87a44d5,2021-12,Cheshire Constabulary,Cheshire Constabulary,-2.698491,53.327694,On or near Shopping Area,E01012408,Halton 013F,Public order,Unable to prosecute suspect,
60cc5358ca2794958bcbcf51a60c875a5b812cf66393d77bcef1884c4051a2c7,2021-12,Cheshire Constabulary,Cheshire Constabulary,-2.707783,53.325742,On or near Shopping Area,E01012408,Halton 013F,Public order,Investigation complete; no suspect identified,
9205e55d0f8517dbfd513b3934f9b1a1ca27cbd475ef9ef5e1911322cc66c7da,2021-12,Cheshire Constabulary,Cheshire Constabulary,-2.707783,53.325742,On or near Shopping Area,E01012408,Halton 013F,Public order,Unable to prosecute suspect,
41d56862507084345a998c68e700e4475a1823d49293d22371cc7018558f5d59,2021-12,Cheshire Constabulary,Cheshire Constabulary,-2.698774,53.326640,On or near Southway,E01012408,Halton 013F,Robbery,Investigation complete; no suspect identified,
f8fed2df53bf3dd24e9010d6696922cad64462a6face84507909c94f26a5447b,2021-12,Cheshire Constabulary,Cheshire Constabulary,-2.701248,53.329170,On or near Supermarket,E01012408,Halton 013F,Shoplifting,Investigation complete; no suspect identified,
e48f587b68eac2df3a6244eff7ea16c245d60a628135fe1b9275445119171297,2021-12,Cheshire Constabulary,Cheshire Constabulary,-2.698774,53.326640,On or near Southway,E01012408,Halton 013F,Shoplifting,Unable to prosecute suspect,
042e2fef2f02237508a32856076d67dd594e45b8af83a513ea7812d31ed86a21,2021-12,Cheshire Constabulary,Cheshire Constabulary,-2.701248,53.329170,On or near Supermarket,E01012408,Halton 013F,Shoplifting,Investigation complete; no suspect identified,
30f408face63da6c60c3ceb14588e9948ada4d394377026661bef84c4ffe493f,2021-12,Cheshire Constabulary,Cheshire Constabulary,-2.701248,53.329170,On or near Supermarket,E01012408,Halton 013F,Shoplifting,Investigation complete; no suspect identified,
91bf4328db94d72651d5cc1aa40fb90853b2e7879cf1176b773c10ce2ffaa63a,2021-12,Cheshire Constabulary,Cheshire Constabulary,-2.701248,53.329170,On or near Supermarket,E01012408,Halton 013F,Shoplifting,Investigation complete; no suspect identified,
410471b34aa1a4b698d5f082baa1a236820429b1714c30fd80d36e6630666757,2021-12,Cheshire Constabulary,Cheshire Constabulary,-2.703239,53.320565,On or near Rosam Court,E01012408,Halton 013F,Violence and sexual offences,Unable to prosecute suspect,
c6c5ed76ff8c0a38e392d71a636cabdc9d7c02f46b83a47134c8c40c843b0207,2021-12,Cheshire Constabulary,Cheshire Constabulary,-2.701248,53.329170,On or near Supermarket,E01012408,Halton 013F,Violence and sexual offences,Investigation complete; no suspect identified,
011e5c5506a1023bc66a9f4fd55a19405af1ca880ac772399a7ebaf5f17ceeed,2021-12,Cheshire Constabulary,Cheshire Constabulary,-2.700023,53.328611,On or near Petrol Station,E01012408,Halton 013F,Violence and sexual offences,Investigation complete; no suspect identified,
920006059cebda9934877ce79f2ef50c3c4b03934b1997726fe94d2168d1be83,2021-12,Cheshire Constabulary,Cheshire Constabulary,-2.701248,53.329170,On or near Supermarket,E01012408,Halton 013F,Violence and sexual offences,Local resolution,
9cbf647eddf57cb10037cc5192a465b540bec8534eef8f625f4d5967fd0a2ffd,2021-12,Cheshire Constabulary,Cheshire Constabulary,-2.702420,53.322835,On or near Eagles Way,E01012408,Halton 013F,Violence and sexual offences,Unable to prosecute suspect,
d150919a3d7ed3cd97edde527c7cf9d5d5e4e22f20837cfc41d722b87d4c2fb2,2021-12,Cheshire Constabulary,Cheshire Constabulary,-2.702633,53.324793,On or near Penshaw Court,E01012408,Halton 013F,Violence and sexual offences,Investigation complete; no suspect identified,
7f8b9cff6e8fc0baf42bf32c303affb766c5565e4fdf9aec535cd0d35412ef54,2021-12,Cheshire Constabulary,Cheshire Constabulary,-2.703629,53.324194,On or near Tawny Court,E01012408,Halton 013F,Violence and sexual offences,Unable to prosecute suspect,
b0e95e19536ad9a8acacbc93e3154cbbbc7baff9b1960cbc6fdb767897aedf79,2021-12,Cheshire Constabulary,Cheshire Constabulary,-2.701248,53.329170,On or near Supermarket,E01012408,Halton 013F,Violence and sexual offences,Unable to prosecute suspect,
859bcae638f7ead1ed337034ab17e23760aa93b99678f24378750831b8cf5ea1,2021-12,Cheshire Constabulary,Cheshire Constabulary,-2.698774,53.326640,On or near Southway,E01012408,Halton 013F,Violence and sexual offences,Investigation complete; no suspect identified,
0ff6cf8404d5a2b2eb6a0117d16513ba519d47b88a1e143b7d8e39a6ebfcc076,2021-12,Cheshire Constabulary,Cheshire Constabulary,-2.698491,53.327694,On or near Shopping Area,E01012408,Halton 013F,Violence and sexual offences,Court result unavailable,
b5bb066df79e16bd156be2d1b2f6141bf30828567b681f4624d400f63532124c,2021-12,Cheshire Constabulary,Cheshire Constabulary,-2.707783,53.325742,On or near Shopping Area,E01012408,Halton 013F,Violence and sexual offences,Unable to prosecute suspect,
d77d40aa11fcbb816d36ea869bebdece5db2e28edfc91e88008d1f8bdcb4ceac,2021-12,Cheshire Constabulary,Cheshire Constabulary,-2.707783,53.325742,On or near Shopping Area,E01012408,Halton 013F,Violence and sexual offences,Unable to prosecute suspect,
6c0331a5e597d756606bdce395f0d57a9829f0a3b918eeb7d13317c6ee5f2cee,2021-12,Cheshire Constabulary,Cheshire Constabulary,-2.707783,53.325742,On or near Shopping Area,E01012408,Halton 013F,Violence and sexual offences,Unable to prosecute suspect,
3bb8b9512053cb572d5e8cf2adc3c1aa4f3df2288e56bb5dadf45cca369d7f51,2021-12,Cheshire Constabulary,Cheshire Constabulary,-2.707783,53.325742,On or near Shopping Area,E01012408,Halton 013F,Violence and sexual offences,Unable to prosecute suspect,
b9103e7126a34ef39e6e260b598c031b31437d99e2a3ff5f467c1d3fba1fdcec,2021-12,Cheshire Constabulary,Cheshire Constabulary,-2.702420,53.322835,On or near Eagles Way,E01012408,Halton 013F,Other crime,Unable to prosecute suspect,
,2021-12,Cheshire Constabulary,Cheshire Constabulary,-2.662736,53.326397,On or near Petersgate,E01012432,Halton 014A,Anti-social behaviour,,
0bf0b71b7bcc9be41bd72fea8acb59d231099a8ebb4b878ef3ed24263d0c44ae,2021-12,Cheshire Constabulary,Cheshire Constabulary,-2.664178,53.325427,On or near Aldersgate Avenue,E01012432,Halton 014A,Criminal damage and arson,Investigation complete; no suspect identified,
b8dfadfef2a11a0ec9bae118ee679b048d0a9c401b185964512c53f4f7bf3a45,2021-12,Cheshire Constabulary,Cheshire Constabulary,-2.659583,53.326342,On or near Barington Drive,E01012432,Halton 014A,Other theft,Unable to prosecute suspect,
,2021-12,Cheshire Constabulary,Cheshire Constabulary,-2.659587,53.322747,On or near Plymouth Close,E01012433,Halton 014B,Anti-social behaviour,,
2e38369efcf125872134d10661016546927493ef06dad28a96da00913b011b0e,2021-12,Cheshire Constabulary,Cheshire Constabulary,-2.656808,53.323625,On or near Weymouth Close,E01012433,Halton 014B,Other theft,Unable to prosecute suspect,
43638fe2bf7e819832267be18fcc677e5ee8f879805e3581b07c4cb03f145570,2021-12,Cheshire Constabulary,Cheshire Constabulary,-2.654249,53.324160,On or near Dukes Wharf,E01012433,Halton 014B,Public order,Further investigation is not in the public interest,
ba72bbb490c54d29c8fa6189fce51dbb8b1768aba93ce9aa6fb0941546fbc003,2021-12,Cheshire Constabulary,Cheshire Constabulary,-2.657948,53.322558,On or near Exmouth Crescent,E01012433,Halton 014B,Public order,Unable to prosecute suspect,
9c4eb1d2428372939a6c33a16fff270bb4938af4ff876120f0bc7971b1cd3074,2021-12,Cheshire Constabulary,Cheshire Constabulary,-2.660551,53.321995,On or near Falmouth Place,E01012433,Halton 014B,Violence and sexual offences,Unable to prosecute suspect,
8d0663dd4f4ad78395ce6367cedd5d9e180dfafe76f1f23ee63a84c0992025a8,2021-12,Cheshire Constabulary,Cheshire Constabulary,-2.661054,53.322478,On or near Dover Close,E01012433,Halton 014B,Violence and sexual offences,Unable to prosecute suspect,
70d9afe07e7085ab0f2f3093ddbaa9ab592a739addd682d8c2f68e1a4d6bc83d,2021-12,Cheshire Constabulary,Cheshire Constabulary,-2.663586,53.320208,On or near Sextant Close,E01012433,Halton 014B,Violence and sexual offences,Unable to prosecute suspect,
1998dbf4eaf90695cedbbe2dbdb99cf630dcfa61beb9172b6372314ff4bbb4a4,2021-12,Cheshire Constabulary,Cheshire Constabulary,-2.657100,53.323057,On or near Bristol Avenue,E01012433,Halton 014B,Violence and sexual offences,Investigation complete; no suspect identified,
3ccd4a36ef49a345d6e55b9724abbd1fc2c11ee5be563e812be2750caee0314a,2021-12,Cheshire Constabulary,Cheshire Constabulary,-2.662014,53.323344,On or near Gorsewood Road,E01012433,Halton 014B,Violence and sexual offences,Offender given a caution,
2ae824bfa739583aec4c87e2984bc444ed3ed14ff3b2a70b72b7bed6a3f77bf2,2021-12,Cheshire Constabulary,Cheshire Constabulary,-2.661054,53.322478,On or near Dover Close,E01012433,Halton 014B,Violence and sexual offences,Unable to prosecute suspect,
059e7fb238b1786dcf41cf6cead083023b640d7f5ad377c79e3479e486ea1175,2021-12,Cheshire Constabulary,Cheshire Constabulary,-2.669489,53.324238,On or near Parkgate Way,E01012436,Halton 014C,Criminal damage and arson,Investigation complete; no suspect identified,
b113a8c21796f451c6ebef803f4c48814ef57ba4f25682457a0d3788371c1f83,2021-12,Cheshire Constabulary,Cheshire Constabulary,-2.670392,53.323441,On or near Hoylake Close,E01012436,Halton 014C,Other theft,Investigation complete; no suspect identified,
7371c4af35c8c1f04f67712680006d21b3e26894afa3ff15f032b2bbe96e4409,2021-12,Cheshire Constabulary,Cheshire Constabulary,-2.669489,53.324238,On or near Parkgate Way,E01012436,Halton 014C,Public order,Investigation complete; no suspect identified,
932cc289c97dd31c99e52c46eb80f1ff7159a6d581ba0c8876a66efdd275ae68,2021-12,Cheshire Constabulary,Cheshire Constabulary,-2.674206,53.319636,On or near Gorran Haven,E01012436,Halton 014C,Public order,Unable to prosecute suspect,
5f5a854bf75c621a97161efdbe29b56d95a119f4721be096581ca07ccead8cb0,2021-12,Cheshire Constabulary,Cheshire Constabulary,-2.672385,53.325120,On or near Folkstone Way,E01012436,Halton 014C,Theft from the person,Unable to prosecute suspect,
bc7d77e27a71c457b1627e1f4e5a60fe8c92e98c6e6d15a9003d825c9a93a990,2021-12,Cheshire Constabulary,Cheshire Constabulary,-2.668213,53.323274,On or near Bournemouth Close,E01012436,Halton 014C,Violence and sexual offences,Unable to prosecute suspect,
f178d3c1cce3eba6ea6a6ee9c4ab1469be38daa9673e5cd607e1f0e7ec08f816,2021-12,Cheshire Constabulary,Cheshire Constabulary,-2.668213,53.323274,On or near Bournemouth Close,E01012436,Halton 014C,Violence and sexual offences,Unable to prosecute suspect,
3920bc77d6cd064b5f79b9b9df87467b5aeb5ff61b4ad79d6ff44a25a8e09d24,2021-12,Cheshire Constabulary,Cheshire Constabulary,-2.672372,53.323313,On or near Tynemouth Road,E01012436,Halton 014C,Violence and sexual offences,Unable to prosecute suspect,
9f64014f6b84379b0c64def58c43c0af1f45d9155a916e8359d074d4e7ec9868,2021-12,Cheshire Constabulary,Cheshire Constabulary,-2.675686,53.321137,On or near Launceston Close,E01012436,Halton 014C,Violence and sexual offences,Unable to prosecute suspect,
1f8f33d9560654d20f2633f4999ef9d01c5b602a879c6b8cc9c5f3f17f59fe5c,2021-12,Cheshire Constabulary,Cheshire Constabulary,-2.675686,53.321137,On or near Launceston Close,E01012436,Halton 014C,Violence and sexual offences,Unable to prosecute suspect,
6f5764ff744310eeb3799c309ccbb8d0e32ce0009b5b6c4e602d69db2c8e4906,2021-12,Cheshire Constabulary,Cheshire Constabulary,-2.675686,53.321137,On or near Launceston Close,E01012436,Halton 014C,Violence and sexual offences,Investigation complete; no suspect identified,
,2021-12,Cheshire Constabulary,Cheshire Constabulary,-2.668054,53.318861,On or near Compass Close,E01012438,Halton 014D,Anti-social behaviour,,
,2021-12,Cheshire Constabulary,Cheshire Constabulary,-2.663127,53.322556,On or near Mooring Close,E01012438,Halton 014D,Anti-social behaviour,,
ceccc2a2b6c6319ecc065c249a3cb4844835d224645ce5025d99f33e73e941cf,2021-12,Cheshire Constabulary,Cheshire Constabulary,-2.664798,53.321873,On or near Navigation Close,E01012438,Halton 014D,Criminal damage and arson,Investigation complete; no suspect identified,
f9fd230b205eb1aa6f944ee25da97f5ee610f89576dc074c3a3c934ebeabe11c,2021-12,Cheshire Constabulary,Cheshire Constabulary,-2.664798,53.321873,On or near Navigation Close,E01012438,Halton 014D,Criminal damage and arson,Unable to prosecute suspect,
c4aebfdd90ab14158df0f812018fa8b1e1238d4c97c60ecc2b47492330afed5a,2021-12,Cheshire Constabulary,Cheshire Constabulary,-2.665568,53.320250,On or near Chichester Close,E01012438,Halton 014D,Public order,Unable to prosecute suspect,
b7d2664897db8eb450f5742779311d0e5b775d788fe21c2da5a0411b74f99cd6,2021-12,Cheshire Constabulary,Cheshire Constabulary,-2.664798,53.321873,On or near Navigation Close,E01012438,Halton 014D,Public order,Unable to prosecute suspect,
479fa7419a39487baf785cc6b2851102428606eb1239aa318ceac9a969f129fa,2021-12,Cheshire Constabulary,Cheshire Constabulary,-2.665568,53.320250,On or near Chichester Close,E01012438,Halton 014D,Public order,Unable to prosecute suspect,
8429e8b59f66e1a1e570333679dafa7127a9cad0b73fe6aa5d3807281e227196,2021-12,Cheshire Constabulary,Cheshire Constabulary,-2.665568,53.320250,On or near Chichester Close,E01012438,Halton 014D,Violence and sexual offences,Unable to prosecute suspect,
9bc7a1e5b176fcb709d2c70834df446d6aa87e4a687e23a8112c024d1a5558df,2021-12,Cheshire Constabulary,Cheshire Constabulary,-2.663127,53.322556,On or near Mooring Close,E01012438,Halton 014D,Other crime,Unable to prosecute suspect,
,2021-12,Cheshire Constabulary,Cheshire Constabulary,-2.676517,53.317708,On or near Clovelly Grove,E01012440,Halton 014E,Anti-social behaviour,,
,2021-12,Cheshire Constabulary,Cheshire Constabulary,-2.676517,53.317708,On or near Clovelly Grove,E01012440,Halton 014E,Anti-social behaviour,,
284ed6753d89cf67d1a107e967bcc43beb96e06541e611d0e5ea9b769253ae6b,2021-12,Cheshire Constabulary,Cheshire Constabulary,-2.674495,53.317998,On or near Wellbrook Close,E01012440,Halton 014E,Criminal damage and arson,Investigation complete; no suspect identified,
cb220a81387b5191d1d79bd1c38ca928a385e05d043d0e94c547b2dbbe92a242,2021-12,Cheshire Constabulary,Cheshire Constabulary,-2.672382,53.314414,On or near A56,E01012440,Halton 014E,Public order,Unable to prosecute suspect,
be7e632d0cb9e1547de030d38bab4defc6da5fc087a7f01542a83f04752137c5,2021-12,Cheshire Constabulary,Cheshire Constabulary,-2.676517,53.317708,On or near Clovelly Grove,E01012440,Halton 014E,Public order,Unable to prosecute suspect,
576687b06f4a75bfb33bb62bbb41152b50386d5dfac276bcbfe80af94f68b169,2021-12,Cheshire Constabulary,Cheshire Constabulary,-2.676822,53.317068,On or near Trenance Close,E01012440,Halton 014E,Public order,Investigation complete; no suspect identified,
dd758d0a840775f47df4245372099482846f21b86c2a605b525bfa0fc9a3478e,2021-12,Cheshire Constabulary,Cheshire Constabulary,-2.672846,53.317207,On or near Granby Close,E01012440,Halton 014E,Violence and sexual offences,Investigation complete; no suspect identified,
149aff8404863082a675890dc7cc60c777c880dd4bd92485fdf2106246d1c9cc,2021-12,Cheshire Constabulary,Cheshire Constabulary,-2.672846,53.317207,On or near Granby Close,E01012440,Halton 014E,Violence and sexual offences,Investigation complete; no suspect identified,
a50c29a70b99273bbc2a8bb5203f3835dc888c6b13525b12d8f39b1660bdf7ab,2021-12,Cheshire Constabulary,Cheshire Constabulary,-2.676517,53.317708,On or near Clovelly Grove,E01012440,Halton 014E,Violence and sexual offences,Court result unavailable,
930d1e29376ecd46a451459cd65fc06f650d0dfed4b01957693bcfafae953d55,2021-12,Cheshire Constabulary,Cheshire Constabulary,-2.676517,53.317708,On or near Clovelly Grove,E01012440,Halton 014E,Violence and sexual offences,Unable to prosecute suspect,
,2021-12,Cheshire Constabulary,Cheshire Constabulary,-2.684710,53.325931,On or near Iveagh Close,E01012406,Halton 015A,Anti-social behaviour,,
309dd7837d926dffa64b3455e52b468562a3e141231f8435fbfabe8f7364bc8b,2021-12,Cheshire Constabulary,Cheshire Constabulary,-2.696991,53.328691,On or near Bus/Coach Station,E01012406,Halton 015A,Burglary,Investigation complete; no suspect identified,
1f3567de5b83ee28a0864d1f785f7452fb180725ed9ec3c2542453c3f41c1aa3,2021-12,Cheshire Constabulary,Cheshire Constabulary,-2.685813,53.324504,On or near Sparrowhawk Close,E01012406,Halton 015A,Burglary,Investigation complete; no suspect identified,
1132cb1946c8d14c0628896a72780be6272e969eaeea34e09020c15ebf4527be,2021-12,Cheshire Constabulary,Cheshire Constabulary,-2.684701,53.325374,On or near Martin Close,E01012406,Halton 015A,Criminal damage and arson,Unable to prosecute suspect,
35377acae328c4f7ef9ca5e70da04033d1b5a2455d088eb01fe311afc061d791,2021-12,Cheshire Constabulary,Cheshire Constabulary,-2.696991,53.328691,On or near Bus/Coach Station,E01012406,Halton 015A,Criminal damage and arson,Investigation complete; no suspect identified,
c775a96c6c41f36f864692b5547e3f32bc9a8322757d3e301b3ddd8cc69008e9,2021-12,Cheshire Constabulary,Cheshire Constabulary,-2.685813,53.324504,On or near Sparrowhawk Close,E01012406,Halton 015A,Other theft,Unable to prosecute suspect,
65346a5a3dbc5a526fec883c12be7cf20c8d79cb88aa2ffe143e99b7249ac4c8,2021-12,Cheshire Constabulary,Cheshire Constabulary,-2.682200,53.326736,On or near Silkstone Crescent,E01012406,Halton 015A,Other theft,Investigation complete; no suspect identified,
a9d18b615a5ef5c8a491eab2cd502e97f59bb89bb97a93b25c937110bbb94119,2021-12,Cheshire Constabulary,Cheshire Constabulary,-2.684710,53.325931,On or near Iveagh Close,E01012406,Halton 015A,Public order,Unable to prosecute suspect,
9f62fd1425159d5d2dc1b09056ce1f7fe54fcac437d797681ba191fbadc92394,2021-12,Cheshire Constabulary,Cheshire Constabulary,-2.696991,53.328691,On or near Bus/Coach Station,E01012406,Halton 015A,Public order,Investigation complete; no suspect identified,
8dffd3d35d0dde658420f1f72586b99550db8658b624b2887df1cef59a8e5fdc,2021-12,Cheshire Constabulary,Cheshire Constabulary,-2.684710,53.325931,On or near Iveagh Close,E01012406,Halton 015A,Public order,Unable to prosecute suspect,
3ba382201009be0bb3073a1f28a7159acc7b8f24765e77fe3907a017391ac66e,2021-12,Cheshire Constabulary,Cheshire Constabulary,-2.693951,53.330075,On or near Holt Lane,E01012406,Halton 015A,Violence and sexual offences,Court result unavailable,
0b26f0a276f6048d5e655e69de0038b322f9d4b202ce448626d5cf774b30bbaf,2021-12,Cheshire Constabulary,Cheshire Constabulary,-2.696991,53.328691,On or near Bus/Coach Station,E01012406,Halton 015A,Violence and sexual offences,Unable to prosecute suspect,
f5112e9fe86f526003bb1052bc0611246913f99876cfc67c016ed7d5e70be05a,2021-12,Cheshire Constabulary,Cheshire Constabulary,-2.684701,53.325374,On or near Martin Close,E01012406,Halton 015A,Violence and sexual offences,Unable to prosecute suspect,
3dd3f9da7318fabf6611e84ae1c4b24cac8c4b6111adb7fa18d1004e3901b667,2021-12,Cheshire Constabulary,Cheshire Constabulary,-2.683091,53.327028,On or near Manor Fell,E01012406,Halton 015A,Violence and sexual offences,Unable to prosecute suspect,
7cbe6e84a8ff7c5c0777cb778af8f3c1ae2cf19614358e8a40a92e569a489202,2021-12,Cheshire Constabulary,Cheshire Constabulary,-2.693951,53.330075,On or near Holt Lane,E01012406,Halton 015A,Violence and sexual offences,Unable to prosecute suspect,
7ae55d41baaec2ed22e94c97d5452ea6db2c14864f98c64348cfb52215107115,2021-12,Cheshire Constabulary,Cheshire Constabulary,-2.685813,53.324504,On or near Sparrowhawk Close,E01012406,Halton 015A,Violence and sexual offences,Investigation complete; no suspect identified,
a288f81fa4cf465a4918c4385e84c640b235e73ced5a53a2a893188c28ee30ff,2021-12,Cheshire Constabulary,Cheshire Constabulary,-2.685813,53.324504,On or near Sparrowhawk Close,E01012406,Halton 015A,Other crime,Further investigation is not in the public interest,
,2021-12,Cheshire Constabulary,Cheshire Constabulary,-2.690437,53.326392,On or near The Uplands,E01012407,Halton 015B,Anti-social behaviour,,
,2021-12,Cheshire Constabulary,Cheshire Constabulary,-2.700655,53.325065,On or near Roehampton Drive,E01012407,Halton 015B,Anti-social behaviour,,
,2021-12,Cheshire Constabulary,Cheshire Constabulary,-2.690278,53.323948,On or near Charlton Close,E01012407,Halton 015B,Anti-social behaviour,,
,2021-12,Cheshire Constabulary,Cheshire Constabulary,-2.690278,53.323948,On or near Charlton Close,E01012407,Halton 015B,Anti-social behaviour,,
,2021-12,Cheshire Constabulary,Cheshire Constabulary,-2.690437,53.326392,On or near The Uplands,E01012407,Halton 015B,Anti-social behaviour,,
6b61094d6f780a6998c877bbd8d57833bb8b441e3e8291b31f123b86742dcfa2,2021-12,Cheshire Constabulary,Cheshire Constabulary,-2.690437,53.326392,On or near The Uplands,E01012407,Halton 015B,Criminal damage and arson,Court result unavailable,
bde832abfa922d12dc80dcdb0bb7b073e402119875358d89ceb1c57b06ce8164,2021-12,Cheshire Constabulary,Cheshire Constabulary,-2.693130,53.324876,On or near Pedestrian Subway,E01012407,Halton 015B,Criminal damage and arson,Unable to prosecute suspect,
d0c6808a6fae4d0e3bd4f5e66dce0be0dce467b7a1fca9182acb245c6e58b19f,2021-12,Cheshire Constabulary,Cheshire Constabulary,-2.693130,53.324876,On or near Pedestrian Subway,E01012407,Halton 015B,Criminal damage and arson,Unable to prosecute suspect,
877a2f728295524848f68307237c8e406d2bcc5252b4012e4aa46e2edc7d384f,2021-12,Cheshire Constabulary,Cheshire Constabulary,-2.693892,53.325554,On or near Pedestrian Subway,E01012407,Halton 015B,Criminal damage and arson,Investigation complete; no suspect identified,
7426af987ad3fb3141d59dea88c729424b02dac78fb50c46ca8b1efb1b6b735a,2021-12,Cheshire Constabulary,Cheshire Constabulary,-2.693130,53.324876,On or near Pedestrian Subway,E01012407,Halton 015B,Criminal damage and arson,Investigation complete; no suspect identified,
0411d39b3e3778904a0423a97ac2d980655b25103603f1a6e9616191c633f3a5,2021-12,Cheshire Constabulary,Cheshire Constabulary,-2.690437,53.326392,On or near The Uplands,E01012407,Halton 015B,Other theft,Investigation complete; no suspect identified,
e812d21eb919f1cb87d13d8d0ed2b6227afcb6a5559e922a13f2ead28fe858fd,2021-12,Cheshire Constabulary,Cheshire Constabulary,-2.693130,53.324876,On or near Pedestrian Subway,E01012407,Halton 015B,Other theft,Unable to prosecute suspect,
d0845872182863f925e70779a2b2285bc65d3c2e7a0094d13b1f63d546269d03,2021-12,Cheshire Constabulary,Cheshire Constabulary,-2.690437,53.326392,On or near The Uplands,E01012407,Halton 015B,Other theft,Investigation complete; no suspect identified,
8a48eca302ea266b949fee013c066245991d22f6e2443098beb4aab7e082cc43,2021-12,Cheshire Constabulary,Cheshire Constabulary,-2.699485,53.323247,On or near Deer Park Court,E01012407,Halton 015B,Public order,Unable to prosecute suspect,
c98c86f9fe20d75749f593c2dab61842b39cad4066c9337173224f25037f1d2c,2021-12,Cheshire Constabulary,Cheshire Constabulary,-2.700655,53.325065,On or near Roehampton Drive,E01012407,Halton 015B,Public order,Unable to prosecute suspect,
d43bfb31db8cd01d8298f967bd0dc0741f00d1b8b98825b7806cd6805cf51db7,2021-12,Cheshire Constabulary,Cheshire Constabulary,-2.690278,53.323948,On or near Charlton Close,E01012407,Halton 015B,Public order,Unable to prosecute suspect,
2ec7f37e5202bd7fa5088253679ba01ea5a9731be89391accd07fa600f0637da,2021-12,Cheshire Constabulary,Cheshire Constabulary,-2.690437,53.326392,On or near The Uplands,E01012407,Halton 015B,Public order,Court result unavailable,
d66f83014a4f39863ef468b08113242e99321a52753e3693a37a55e828126df4,2021-12,Cheshire Constabulary,Cheshire Constabulary,-2.693130,53.324876,On or near Pedestrian Subway,E01012407,Halton 015B,Public order,Unable to prosecute suspect,
b3d237f0442e2a78f3420a0e77e0b985e069a35e162f5793b2d37fc97f1ad6f5,2021-12,Cheshire Constabulary,Cheshire Constabulary,-2.693130,53.324876,On or near Pedestrian Subway,E01012407,Halton 015B,Public order,Investigation complete; no suspect identified,
049c7a8fd4641352290f218acf947c9a3fdfa13180ecb3a9a858a57f1b63b5b2,2021-12,Cheshire Constabulary,Cheshire Constabulary,-2.690437,53.326392,On or near The Uplands,E01012407,Halton 015B,Robbery,Investigation complete; no suspect identified,
1462b9284d1629d1f440fc0ec88613d114e4f1ce18bd5df46339d17e640df5b9,2021-12,Cheshire Constabulary,Cheshire Constabulary,-2.690437,53.326392,On or near The Uplands,E01012407,Halton 015B,Vehicle crime,Investigation complete; no suspect identified,
750dfcec4a1a15d25bf35e2eb73c0c0522bc1a822fbb290ad525e2d258470b2e,2021-12,Cheshire Constabulary,Cheshire Constabulary,-2.690437,53.326392,On or near The Uplands,E01012407,Halton 015B,Violence and sexual offences,Unable to prosecute suspect,
a5568024614ec9db82ef56f8b639535561055e6d5545a927fbc01caaefb17659,2021-12,Cheshire Constabulary,Cheshire Constabulary,-2.693892,53.325554,On or near Pedestrian Subway,E01012407,Halton 015B,Violence and sexual offences,Unable to prosecute suspect,
fba2644c70f6eadee5a8ba74121aa79a3467b804c194fe75acd2b48f2582938e,2021-12,Cheshire Constabulary,Cheshire Constabulary,-2.690437,53.326392,On or near The Uplands,E01012407,Halton 015B,Violence and sexual offences,Unable to prosecute suspect,
fe0a7f865dbaaf219673e309580ac5e507bd0fb14ae40cdc87702aa6f01f96b7,2021-12,Cheshire Constabulary,Cheshire Constabulary,-2.690437,53.326392,On or near The Uplands,E01012407,Halton 015B,Violence and sexual offences,Unable to prosecute suspect,
975439c2835bc4d732e9c2674490019bff65c46cc54a3b87e4d960b7cf81b2ba,2021-12,Cheshire Constabulary,Cheshire Constabulary,-2.690437,53.326392,On or near The Uplands,E01012407,Halton 015B,Violence and sexual offences,Unable to prosecute suspect,
fd7ac2609c5b0d74f6ad7ddb4bb5c20929c1f8c93bb49aa1cdd323d307f489ee,2021-12,Cheshire Constabulary,Cheshire Constabulary,-2.690437,53.326392,On or near The Uplands,E01012407,Halton 015B,Violence and sexual offences,Unable to prosecute suspect,
cbe2bc50c95eb5420b8f70bac8d620b4b50bd9571f33ac547bd6fd1090f6d892,2021-12,Cheshire Constabulary,Cheshire Constabulary,-2.690437,53.326392,On or near The Uplands,E01012407,Halton 015B,Violence and sexual offences,Court result unavailable,
a2ab3a0be3f54e925deb95655d7b04084c791a992e45501fa52d81c0680e5dca,2021-12,Cheshire Constabulary,Cheshire Constabulary,-2.690437,53.326392,On or near The Uplands,E01012407,Halton 015B,Violence and sexual offences,Status update unavailable,
0c26710505aaef7afd0e37b47bd4736e21e625e32f367e4acd7d1df86503ea12,2021-12,Cheshire Constabulary,Cheshire Constabulary,-2.699468,53.322223,On or near Roberts Court,E01012407,Halton 015B,Violence and sexual offences,Unable to prosecute suspect,
0bba34f1041c40a438c490be5420906aedb0e63684f30915b0a7338a55fd9107,2021-12,Cheshire Constabulary,Cheshire Constabulary,-2.693130,53.324876,On or near Pedestrian Subway,E01012407,Halton 015B,Violence and sexual offences,Investigation complete; no suspect identified,
eecb651a30591e2a4d857642fa8f46d51fefe0f616ef9361692246fd899d94e3,2021-12,Cheshire Constabulary,Cheshire Constabulary,-2.690437,53.326392,On or near The Uplands,E01012407,Halton 015B,Violence and sexual offences,Unable to prosecute suspect,
d5e6398b882b1d05c9e7ca1e6d2f7d5f985e2b793dd34d3868235b59253937a2,2021-12,Cheshire Constabulary,Cheshire Constabulary,-2.699468,53.322223,On or near Roberts Court,E01012407,Halton 015B,Violence and sexual offences,Unable to prosecute suspect,
317173f7dfd2304fc7d59e6ecdfeb8f1205f14669ea5a56291350eacac3671ff,2021-12,Cheshire Constabulary,Cheshire Constabulary,-2.693130,53.324876,On or near Pedestrian Subway,E01012407,Halton 015B,Other crime,Investigation complete; no suspect identified,
d080431b451c33e0ac21e4f2dc4ba6ee1df2b836beba6ae913cdd954efb7edfd,2021-12,Cheshire Constabulary,Cheshire Constabulary,-2.691251,53.320985,On or near Cannell Court,E01012409,Halton 015C,Criminal damage and arson,Unable to prosecute suspect,
b69077b4ba831b7cfe08b8734986f110dc44681821c0bd7cd200868265487cd6,2021-12,Cheshire Constabulary,Cheshire Constabulary,-2.693243,53.319751,On or near The Glen,E01012409,Halton 015C,Criminal damage and arson,Investigation complete; no suspect identified,
08cf59ed7ff6f2d5ce27205baf76ae36a4d954af5319dad2c6051fe0db0425cd,2021-12,Cheshire Constabulary,Cheshire Constabulary,-2.694605,53.323249,On or near Hospital,E01012409,Halton 015C,Criminal damage and arson,Investigation complete; no suspect identified,
7beb7d41a0b104db953cc1b46b268311e7fe779f9d59ec8b3ba18c38a76a5efe,2021-12,Cheshire Constabulary,Cheshire Constabulary,-2.689797,53.320212,On or near The Copse,E01012409,Halton 015C,Criminal damage and arson,Investigation complete; no suspect identified,
aae9ae9451d80f2d9baa7242560e409d1cf241cf1d2cd04bd16907036a26d1bd,2021-12,Cheshire Constabulary,Cheshire Constabulary,-2.689359,53.320933,On or near Lapwing Grove,E01012409,Halton 015C,Criminal damage and arson,Investigation complete; no suspect identified,
86452c54ce72936d53ad6f4d870e61484f9e920c670743269072be3a469a05d8,2021-12,Cheshire Constabulary,Cheshire Constabulary,-2.689359,53.320933,On or near Lapwing Grove,E01012409,Halton 015C,Criminal damage and arson,Investigation complete; no suspect identified,
0ba75e082b479342bd6e994b447dcda5c2d66861357e45971855471c51bfde72,2021-12,Cheshire Constabulary,Cheshire Constabulary,-2.694605,53.323249,On or near Hospital,E01012409,Halton 015C,Criminal damage and arson,Investigation complete; no suspect identified,
ed5c432400a4b19f4e73d9ff8f4fe24d22bcf12a1ed4e28d76fca26805d673d7,2021-12,Cheshire Constabulary,Cheshire Constabulary,-2.689797,53.320212,On or near The Copse,E01012409,Halton 015C,Other theft,Investigation complete; no suspect identified,
ab5aa8c7fcbe3da730fa4d1e0784702c3a44c20be59633cd4fca5bb362e7d410,2021-12,Cheshire Constabulary,Cheshire Constabulary,-2.694605,53.323249,On or near Hospital,E01012409,Halton 015C,Public order,Unable to prosecute suspect,
79fc9c56886d710f7d6a32cbdff4adcd43d49861a0c49d2275b4b87dce8e74bc,2021-12,Cheshire Constabulary,Cheshire Constabulary,-2.697755,53.322107,On or near Hallwood Link Road,E01012409,Halton 015C,Public order,Unable to prosecute suspect,
f73b459e645f33f398469b9265d49db46a0dd5de80ca4baf00cce7931e98f727,2021-12,Cheshire Constabulary,Cheshire Constabulary,-2.693243,53.319751,On or near The Glen,E01012409,Halton 015C,Violence and sexual offences,Court result unavailable,
c6ef7cbead2e98900e32a1ac80f6c3d1838762a6a980ba206d6a95d3a57e7410,2021-12,Cheshire Constabulary,Cheshire Constabulary,-2.693243,53.319751,On or near The Glen,E01012409,Halton 015C,Violence and sexual offences,Unable to prosecute suspect,
44a4bca551ef6a3d9f313eaa0f9c8fd963ace55e88a70f7710ca9994e8526a09,2021-12,Cheshire Constabulary,Cheshire Constabulary,-2.694605,53.323249,On or near Hospital,E01012409,Halton 015C,Violence and sexual offences,Unable to prosecute suspect,
33cb552d93ace8d8f5b9b0e7c32345185bab3ebda781efb33b92a1e5b7934a38,2021-12,Cheshire Constabulary,Cheshire Constabulary,-2.689359,53.320933,On or near Lapwing Grove,E01012409,Halton 015C,Violence and sexual offences,Unable to prosecute suspect,
f26b951894af66e0476d7fdaf26f9ef69ca1312437ef0aec35bd5802e4766267,2021-12,Cheshire Constabulary,Cheshire Constabulary,-2.693243,53.319751,On or near The Glen,E01012409,Halton 015C,Violence and sexual offences,Unable to prosecute suspect,
5c6879b32f4b876f42f7c0e589c234e3547d1cdfe93f35d47d2c7e9fb6a16e6c,2021-12,Cheshire Constabulary,Cheshire Constabulary,-2.689359,53.320933,On or near Lapwing Grove,E01012409,Halton 015C,Violence and sexual offences,Unable to prosecute suspect,
c869cfd74a50c50fb64cd43eb64a8bff189aa369729bb85fb3bc65109d325daf,2021-12,Cheshire Constabulary,Cheshire Constabulary,-2.689359,53.320933,On or near Lapwing Grove,E01012409,Halton 015C,Violence and sexual offences,Unable to prosecute suspect,
a46e29af4aefb785b58ae6910576791c133d9dc24972cf71a35a05da95f5b72a,2021-12,Cheshire Constabulary,Cheshire Constabulary,-2.682119,53.321622,On or near Mullion Close,E01012437,Halton 015D,Criminal damage and arson,Investigation complete; no suspect identified,
adcea96b1c0890585f42e3e3b46812dacbcea87957f9aa5f7cdf11a97a93aff2,2021-12,Cheshire Constabulary,Cheshire Constabulary,-2.679768,53.321096,On or near St Austell Close,E01012437,Halton 015D,Violence and sexual offences,Unable to prosecute suspect,
e5cef06ce6892924f0390c8b02fed9b59bdc607ead4cf33e41496ebd2ba86b59,2021-12,Cheshire Constabulary,Cheshire Constabulary,-2.674851,53.320558,On or near Truro Close,E01012437,Halton 015D,Violence and sexual offences,Investigation complete; no suspect identified,
60515f732ed15e34cbe8d70c1ceb6f2594520f5d707cea51454e14e93d44a31e,2021-12,Cheshire Constabulary,Cheshire Constabulary,-2.682119,53.321622,On or near Mullion Close,E01012437,Halton 015D,Violence and sexual offences,Unable to prosecute suspect,
,2021-12,Cheshire Constabulary,Cheshire Constabulary,-2.686793,53.317272,On or near Ainley Close,E01012439,Halton 015E,Anti-social behaviour,,
,2021-12,Cheshire Constabulary,Cheshire Constabulary,-2.684726,53.318506,On or near Sanders Hey Close,E01012439,Halton 015E,Anti-social behaviour,,
,2021-12,Cheshire Constabulary,Cheshire Constabulary,-2.682783,53.318131,On or near Rushfield Crescent,E01012439,Halton 015E,Anti-social behaviour,,
6c0b59e99916f7c7b9fec75583cad0f6a6ab4f3841e5d1150d9c8153249d7447,2021-12,Cheshire Constabulary,Cheshire Constabulary,-2.682198,53.316264,On or near Goulders Court,E01012439,Halton 015E,Violence and sexual offences,Unable to prosecute suspect,
6b0bb349d6c64c45bfb518e94e2970b7a059b8fff3a8cd03ff6d65a089dd199a,2021-12,Cheshire Constabulary,Cheshire Constabulary,-2.683749,53.316579,On or near Clover Court,E01012439,Halton 015E,Violence and sexual offences,Unable to prosecute suspect,
a0a2c74f1a1d9040452ce4cffe4a71fe81ab237149d53d14fbf511065a6208c4,2021-12,Cheshire Constabulary,Cheshire Constabulary,-2.682783,53.318131,On or near Rushfield Crescent,E01012439,Halton 015E,Violence and sexual offences,Unable to prosecute suspect,
a3ce557b489958cf626211dce86e78d48de1429566f3d9e001190019b9d17bff,2021-12,Cheshire Constabulary,Cheshire Constabulary,-2.682783,53.318131,On or near Rushfield Crescent,E01012439,Halton 015E,Violence and sexual offences,Unable to prosecute suspect,
c5a2a5dca168d46aea83c023a42c9be33e8defc1f99fd1712cf38f54fc1682e0,2021-12,Cheshire Constabulary,Cheshire Constabulary,-2.694743,53.315104,On or near Aster Crescent,E01012371,Halton 016A,Violence and sexual offences,Unable to prosecute suspect,
cf89598d0903b82766895afeda9ab6fe3cf668b7473f7d9b5a1d16cf437ddc40,2021-12,Cheshire Constabulary,Cheshire Constabulary,-2.694743,53.315104,On or near Aster Crescent,E01012371,Halton 016A,Violence and sexual offences,Unable to prosecute suspect,
,2021-12,Cheshire Constabulary,Cheshire Constabulary,-2.695793,53.310433,On or near Elvington Close,E01012372,Halton 016B,Anti-social behaviour,,
49fbe0bbb04ae1b1425e4e678f53cbdc05aa30bf5ac91cce478431d88795d4dc,2021-12,Cheshire Constabulary,Cheshire Constabulary,-2.695793,53.310433,On or near Elvington Close,E01012372,Halton 016B,Violence and sexual offences,Investigation complete; no suspect identified,
6f8652a3ee8a8bf5154ac06027119263d04af34a2e392dffa989da2897b2f09d,2021-12,Cheshire Constabulary,Cheshire Constabulary,-2.695793,53.310433,On or near Elvington Close,E01012372,Halton 016B,Violence and sexual offences,Investigation complete; no suspect identified,
581e5abdd91d7e0aff551f3dfb16a8503d68843c5012775da33860ee3c009a21,2021-12,Cheshire Constabulary,Cheshire Constabulary,-2.695793,53.310433,On or near Elvington Close,E01012372,Halton 016B,Violence and sexual offences,Unable to prosecute suspect,
46333022e5bf49edd05a97e326808353a55f0a96e3b0bf8aa668eb5e65466997,2021-12,Cheshire Constabulary,Cheshire Constabulary,-2.700675,53.308885,On or near Ashville Point,E01012415,Halton 016D,Other theft,Investigation complete; no suspect identified,
da44047ec831058f15c5b4b574be3d9898cabe4a2d1471295f20cf8fec2bceae,2021-12,Cheshire Constabulary,Cheshire Constabulary,-2.700675,53.308885,On or near Ashville Point,E01012415,Halton 016D,Public order,Unable to prosecute suspect,
0a87e95ddc286e9dc9dacb9f8ddb0e693bfe73c5d5ba764c87f9ea159fc4c71f,2021-12,Cheshire Constabulary,Cheshire Constabulary,-2.700675,53.308885,On or near Ashville Point,E01012415,Halton 016D,Violence and sexual offences,Unable to prosecute suspect,
c8d22d04d2b450965152ea757c02b1f8f9a12e9bb1a7d74903fcbef0ce5cae73,2021-12,Cheshire Constabulary,Cheshire Constabulary,-2.728925,53.325885,On or near Beaufort Close,E01012418,Halton 016E,Burglary,Investigation complete; no suspect identified,
,2021-12,Cheshire Constabulary,Cheshire Constabulary,-2.890129,53.497179,On or near Riesling Drive,E01006490,Knowsley 002E,Anti-social behaviour,,
91a840856fbf51bc2fb7a2fc20ab6bbc7c719ebb1a40d668db03e2af2daa684b,2021-12,Cheshire Constabulary,Cheshire Constabulary,-2.786095,53.360803,On or near A562,E01006420,Knowsley 017A,Public order,Unable to prosecute suspect,
,2021-12,Cheshire Constabulary,Cheshire Constabulary,-2.762811,53.392262,On or near Brook Close,E01006503,Knowsley 017D,Anti-social behaviour,,
,2021-12,Cheshire Constabulary,Cheshire Constabulary,-2.921670,53.357612,On or near Stanlow View,E01006687,Liverpool 056D,Anti-social behaviour,,
cb5b42932161e4f2d01ac6cef6f8abdf699d92948816f10eb7939a39bca38daf,2021-12,Cheshire Constabulary,Cheshire Constabulary,-2.825152,53.338417,On or near Almeda Road,E01006757,Liverpool 059E,Violence and sexual offences,Unable to prosecute suspect,
,2021-12,Cheshire Constabulary,Cheshire Constabulary,-2.367438,52.986558,On or near Sports/Recreation Area,E01029574,Newcastle-under-Lyme 013C,Anti-social behaviour,,
7bd9606de4c2679ae15c5b20acd3912ccfe0141d98f41d5c822baae15a4c5eff,2021-12,Cheshire Constabulary,Cheshire Constabulary,-2.585894,52.954102,On or near Lodmore Lane,E01028882,Shropshire 002C,Other theft,Investigation complete; no suspect identified,
,2021-12,Cheshire Constabulary,Cheshire Constabulary,-2.616784,53.454678,On or near Park Road North,E01006857,St. Helens 015B,Anti-social behaviour,,
,2021-12,Cheshire Constabulary,Cheshire Constabulary,-2.196385,53.394547,On or near St Ives Avenue,E01005778,Stockport 022B,Anti-social behaviour,,
,2021-12,Cheshire Constabulary,Cheshire Constabulary,-2.218252,53.362609,On or near Deanwater Court,E01005848,Stockport 040C,Anti-social behaviour,,
06c705813ee334d6d46ea64674ec36b21b412dff30f51e799947ae35013af8ca,2021-12,Cheshire Constabulary,Cheshire Constabulary,-2.525207,53.438712,On or near Prison,E01012471,Warrington 001A,Vehicle crime,Investigation complete; no suspect identified,
cd76de06d5b61b286c706242d67a595237377b4412293f8022364c635604c39f,2021-12,Cheshire Constabulary,Cheshire Constabulary,-2.525207,53.438712,On or near Prison,E01012471,Warrington 001A,Violence and sexual offences,Action to be taken by another organisation,
3aa370f37f64ae5ced6e266095f100bb1b5a22b02aaab5453b76aa8e35dd0d34,2021-12,Cheshire Constabulary,Cheshire Constabulary,-2.525207,53.438712,On or near Prison,E01012471,Warrington 001A,Violence and sexual offences,Court result unavailable,
5384601638304919635d50c61d0f4dde1743784e11f1b9183a5f84c27a048417,2021-12,Cheshire Constabulary,Cheshire Constabulary,-2.525207,53.438712,On or near Prison,E01012471,Warrington 001A,Violence and sexual offences,Action to be taken by another organisation,
d96dd8e01424d6eb8f14038b995c7cd2130a907ae6e89e1b486ae5833f472cc4,2021-12,Cheshire Constabulary,Cheshire Constabulary,-2.525207,53.438712,On or near Prison,E01012471,Warrington 001A,Violence and sexual offences,Court result unavailable,
21089d0f4b2caaaf53a075bee768f284eae860a462549ccf4d687d4d5da21c30,2021-12,Cheshire Constabulary,Cheshire Constabulary,-2.531115,53.453760,On or near Clifton Avenue,E01012471,Warrington 001A,Violence and sexual offences,Unable to prosecute suspect,
0e42362fc46f6623411dd034c435c806f2e466d5c1ea4e6052ee509a798a1255,2021-12,Cheshire Constabulary,Cheshire Constabulary,-2.525207,53.438712,On or near Prison,E01012471,Warrington 001A,Violence and sexual offences,Court result unavailable,
,2021-12,Cheshire Constabulary,Cheshire Constabulary,-2.556779,53.448286,On or near New Lane End,E01012472,Warrington 001B,Anti-social behaviour,,
fab90eafd78f102364e4f84dcaf76b972c636ab7b963c28ab53f2fee6de586e9,2021-12,Cheshire Constabulary,Cheshire Constabulary,-2.554441,53.436414,On or near Birchall Street,E01012472,Warrington 001B,Other theft,Unable to prosecute suspect,
0570436320b012c564da5ffadd36eeb44821b93937ff453c9999fd9f5791a617,2021-12,Cheshire Constabulary,Cheshire Constabulary,-2.550753,53.435199,On or near Pasture Drive,E01012472,Warrington 001B,Violence and sexual offences,Investigation complete; no suspect identified,
38392cdd5334ff1a5e0436a2a02ed4ed16d4b419b93f324ed6ed7d9e7dbed799,2021-12,Cheshire Constabulary,Cheshire Constabulary,-2.492870,53.465807,On or near Light Oaks Road,E01012476,Warrington 001C,Criminal damage and arson,Unable to prosecute suspect,
94c0c67579f34232414b69896f29a30f82dfb9561a60ebf176499c693c773752,2021-12,Cheshire Constabulary,Cheshire Constabulary,-2.494119,53.468318,On or near Supermarket,E01012476,Warrington 001C,Drugs,Court result unavailable,
2a41986291546eaef33493de680424a8d0bf216c865d6a7c63eeaaf267f93515,2021-12,Cheshire Constabulary,Cheshire Constabulary,-2.492870,53.465807,On or near Light Oaks Road,E01012476,Warrington 001C,Other theft,Investigation complete; no suspect identified,
19bb094f05c6969b87b366705d9d929d39bcfdba5653909199a2643a9d805f49,2021-12,Cheshire Constabulary,Cheshire Constabulary,-2.496700,53.457108,On or near Eden Avenue,E01012476,Warrington 001C,Other theft,Unable to prosecute suspect,
094a560b047ddacce1994a7b3fe6086bef60cd7cf4eae2a0c971f60f0d618291,2021-12,Cheshire Constabulary,Cheshire Constabulary,-2.499228,53.480063,On or near Petrol Station,E01012476,Warrington 001C,Other theft,Investigation complete; no suspect identified,
273a9023107771364409ad41fd37d5ee04f9f6ef7c08a5d4b5a05c6ad4c07272,2021-12,Cheshire Constabulary,Cheshire Constabulary,-2.495571,53.471395,On or near Lowfield Gardens,E01012476,Warrington 001C,Public order,Unable to prosecute suspect,
3edd640cc9535f831b777a70ce79a173c614cfbf58d47dde0c4f0c7f246c3e95,2021-12,Cheshire Constabulary,Cheshire Constabulary,-2.510926,53.456670,On or near Sports/Recreation Area,E01012476,Warrington 001C,Public order,Unable to prosecute suspect,
8c4937f86e457221fcda8f4be273250620714e350766dc264984c8a39af72798,2021-12,Cheshire Constabulary,Cheshire Constabulary,-2.496504,53.477764,On or near Park/Open Space,E01012476,Warrington 001C,Shoplifting,Investigation complete; no suspect identified,
ff75bde6cc7dee249cad0acfb055c3c6c8c4af52faa93703289c755c643b95e8,2021-12,Cheshire Constabulary,Cheshire Constabulary,-2.510926,53.456670,On or near Sports/Recreation Area,E01012476,Warrington 001C,Violence and sexual offences,Unable to prosecute suspect,
9a731bfb50d4b9915706072a3bb959a4360554eba1ffb75d4521734dabc90f24,2021-12,Cheshire Constabulary,Cheshire Constabulary,-2.493544,53.469444,On or near Coronation Avenue,E01012476,Warrington 001C,Violence and sexual offences,Investigation complete; no suspect identified,
e25659cd59e4a1ff5ce75f1c2a878ce2444ff941d3634d7c5bc52b5a32037e5c,2021-12,Cheshire Constabulary,Cheshire Constabulary,-2.497508,53.459271,On or near Park/Open Space,E01012476,Warrington 001C,Violence and sexual offences,Unable to prosecute suspect,
345b79d15134be2836774890e147a633042942d80120bcee463f2db1e763ed24,2021-12,Cheshire Constabulary,Cheshire Constabulary,-2.527572,53.461937,On or near Doeford Close,E01012477,Warrington 001D,Violence and sexual offences,Unable to prosecute suspect,
433721e1920e9d6a762f586035db970d7f82754567469b283b5c5a444df47896,2021-12,Cheshire Constabulary,Cheshire Constabulary,-2.530365,53.457601,On or near Stainforth Close,E01012477,Warrington 001D,Violence and sexual offences,Unable to prosecute suspect,
a387ed4c9f594e52395ce22eca88994e0467bae5b19b654187932542d9159d6c,2021-12,Cheshire Constabulary,Cheshire Constabulary,-2.513102,53.453497,On or near Beech Avenue,E01012473,Warrington 002A,Other theft,Investigation complete; no suspect identified,
,2021-12,Cheshire Constabulary,Cheshire Constabulary,-2.521856,53.452704,On or near Parking Area,E01012474,Warrington 002B,Anti-social behaviour,,
bc986d7bbfb3fe4abed609f0e2c31aa7216e882d688b6f2510b669b9a0eaf2bb,2021-12,Cheshire Constabulary,Cheshire Constabulary,-2.520943,53.451953,On or near Parking Area,E01012474,Warrington 002B,Burglary,Investigation complete; no suspect identified,
2ed4d8ccfab98b4d8ee0b574c486cebd92d2d06ca0f5191e0d55c13b86c90683,2021-12,Cheshire Constabulary,Cheshire Constabulary,-2.517453,53.450970,On or near Hampson Avenue,E01012474,Warrington 002B,Other theft,Unable to prosecute suspect,
7008e5577dd8f5ef6cc6e5a43dabc1414a18b18478cfd7787fcab0fe0b0ef5ca,2021-12,Cheshire Constabulary,Cheshire Constabulary,-2.517452,53.449613,On or near York Avenue,E01012474,Warrington 002B,Other theft,Investigation complete; no suspect identified,
675dfd4c73780c51f1dc2b593a76f3a8aac4888621be99975ea827136039bc2e,2021-12,Cheshire Constabulary,Cheshire Constabulary,-2.520943,53.451953,On or near Parking Area,E01012474,Warrington 002B,Shoplifting,Investigation complete; no suspect identified,
aaf32f74cbde75ca7c1c4fe920ab87c7ebe5840e64da9d30a10f324e7a5fab77,2021-12,Cheshire Constabulary,Cheshire Constabulary,-2.520943,53.451953,On or near Parking Area,E01012474,Warrington 002B,Shoplifting,Investigation complete; no suspect identified,
48ccde6a98a044d1ff23aa710e247eb2a89330f7aea7319400fda3355cfda9d8,2021-12,Cheshire Constabulary,Cheshire Constabulary,-2.519149,53.449291,On or near Whitegate Avenue,E01012474,Warrington 002B,Violence and sexual offences,Court result unavailable,
d4e7c6b768d2df5e500ac3c5cb2f8a03fc5fe12d54933817e7e8e087da620583,2021-12,Cheshire Constabulary,Cheshire Constabulary,-2.519149,53.449291,On or near Whitegate Avenue,E01012474,Warrington 002B,Violence and sexual offences,Court result unavailable,
15b53eb1734e2cdcb2d676a6368a8bcc84c6bd3ec6a1d1da55a64693bf24e6d4,2021-12,Cheshire Constabulary,Cheshire Constabulary,-2.518597,53.450912,On or near Kaye Avenue,E01012474,Warrington 002B,Violence and sexual offences,Court result unavailable,
0ffe57965fbb710bd661ed17017a29329d1bb7d5f00becad8fa06c77bd880875,2021-12,Cheshire Constabulary,Cheshire Constabulary,-2.518597,53.450912,On or near Kaye Avenue,E01012474,Warrington 002B,Violence and sexual offences,Court result unavailable,
398aac6e1deb7b798c58f9a4bb33af42740e36c859192b7e9c3f51295396fff9,2021-12,Cheshire Constabulary,Cheshire Constabulary,-2.519149,53.449291,On or near Whitegate Avenue,E01012474,Warrington 002B,Violence and sexual offences,Court result unavailable,
1a7761653d0c60cbf4ed80406c8ee648e568e6a78579c090ee800e6af7b193a2,2021-12,Cheshire Constabulary,Cheshire Constabulary,-2.513136,53.452625,On or near Petrol Station,E01012475,Warrington 002C,Public order,Investigation complete; no suspect identified,
a00a85b0ff3a6585182d95decdc38e7fd985ba78e4fd2960dfce50561051389a,2021-12,Cheshire Constabulary,Cheshire Constabulary,-2.507605,53.448442,On or near Medway Road,E01012475,Warrington 002C,Violence and sexual offences,Unable to prosecute suspect,
,2021-12,Cheshire Constabulary,Cheshire Constabulary,-2.463186,53.435958,On or near Woolden Road,E01012554,Warrington 002D,Anti-social behaviour,,
,2021-12,Cheshire Constabulary,Cheshire Constabulary,-2.463186,53.435958,On or near Woolden Road,E01012554,Warrington 002D,Anti-social behaviour,,
6d48afbaaac9c55cd14fccd766d5700910eb4de0a82a9af3ebf23f0383cd6c22,2021-12,Cheshire Constabulary,Cheshire Constabulary,-2.452084,53.425187,On or near Carlton Way,E01012554,Warrington 002D,Burglary,Unable to prosecute suspect,
802f022e2d4b6e544222d54f771ff2da26281f327c31f3914af3367253e291de,2021-12,Cheshire Constabulary,Cheshire Constabulary,-2.452084,53.425187,On or near Carlton Way,E01012554,Warrington 002D,Criminal damage and arson,Investigation complete; no suspect identified,
316a217eb41391c0c6e2b68ff15bc772d748690f3785e6cbe562f68ab8acaaf3,2021-12,Cheshire Constabulary,Cheshire Constabulary,-2.468236,53.410581,On or near Chapel Lane,E01012554,Warrington 002D,Public order,Court result unavailable,
cce0919f4c7a904962006ad78bb056cefc43d8933f8b81843d34f1c2815acbbd,2021-12,Cheshire Constabulary,Cheshire Constabulary,-2.468236,53.410581,On or near Chapel Lane,E01012554,Warrington 002D,Violence and sexual offences,Court result unavailable,
e5ee9a52c07d08a54e387cdcd9f3374b22bf2dbe71a507128032671e1bce0cb9,2021-12,Cheshire Constabulary,Cheshire Constabulary,-2.468236,53.410581,On or near Chapel Lane,E01012554,Warrington 002D,Violence and sexual offences,Court result unavailable,
2b0a231c71760904350a4f71ff960308e9a9e0230c4974288cb90b5882abca7c,2021-12,Cheshire Constabulary,Cheshire Constabulary,-2.468236,53.410581,On or near Chapel Lane,E01012554,Warrington 002D,Violence and sexual offences,Court result unavailable,
58408b49202c0d90c1eaa46b25551b560c3a7d827a300169574b459cf8788085,2021-12,Cheshire Constabulary,Cheshire Constabulary,-2.468236,53.410581,On or near Chapel Lane,E01012554,Warrington 002D,Violence and sexual offences,Court result unavailable,
d3e9dfbd34ac3c768b5c24e5af7bda14b549d58935ee5a200f067cf65a424eda,2021-12,Cheshire Constabulary,Cheshire Constabulary,-2.650495,53.430581,On or near Colne Road,E01012467,Warrington 003A,Criminal damage and arson,Investigation complete; no suspect identified,
e9b75d64c960ad3cf37688774ba39d4941f11520d6337e28b94212d15ddd68b2,2021-12,Cheshire Constabulary,Cheshire Constabulary,-2.650495,53.430581,On or near Colne Road,E01012467,Warrington 003A,Public order,Action to be taken by another organisation,
aa72566403bc0b2844552a1fee001cd4a5757a9cf77158a99e9cb2ae7632b435,2021-12,Cheshire Constabulary,Cheshire Constabulary,-2.652466,53.431523,On or near Weymouth Road,E01012467,Warrington 003A,Vehicle crime,Unable to prosecute suspect,
6b06d7e39d0dab0c1fc57d1f8e7c15961340046aa6d30b09fe116f03a22f6983,2021-12,Cheshire Constabulary,Cheshire Constabulary,-2.652011,53.431283,On or near Dorchester Way,E01012467,Warrington 003A,Vehicle crime,Investigation complete; no suspect identified,
21cc8f9fe87659f094c3d9ebe09cf970ca21f2fd03d3157e6ddbdda7a8c15b80,2021-12,Cheshire Constabulary,Cheshire Constabulary,-2.650936,53.430884,On or near Arundell Close,E01012467,Warrington 003A,Violence and sexual offences,Unable to prosecute suspect,
6a73f500a7b726fc639d7e1afcd8a185dc1e057fba0cdc3a5617d8f6d8c52c68,2021-12,Cheshire Constabulary,Cheshire Constabulary,-2.649738,53.429308,On or near Green Jones Brow,E01012467,Warrington 003A,Violence and sexual offences,Unable to prosecute suspect,
da9fb401459a2f65a1e98cd6087556e77e4e93003011b73bd5d6e1e88dca8a4a,2021-12,Cheshire Constabulary,Cheshire Constabulary,-2.649738,53.429308,On or near Green Jones Brow,E01012467,Warrington 003A,Violence and sexual offences,Investigation complete; no suspect identified,
,2021-12,Cheshire Constabulary,Cheshire Constabulary,-2.601813,53.426827,On or near Beckett Drive,E01012468,Warrington 003B,Anti-social behaviour,,
,2021-12,Cheshire Constabulary,Cheshire Constabulary,-2.600074,53.428409,On or near Austen Drive,E01012468,Warrington 003B,Anti-social behaviour,,
,2021-12,Cheshire Constabulary,Cheshire Constabulary,-2.603741,53.428040,On or near Browning Drive,E01012468,Warrington 003B,Anti-social behaviour,,
e0081a598cc207f8b368b22101e29b779fb70bc1a7b2ded8ad6a1b0f83da0ad3,2021-12,Cheshire Constabulary,Cheshire Constabulary,-2.594324,53.428348,On or near St Anthony Place,E01012468,Warrington 003B,Criminal damage and arson,Unable to prosecute suspect,
5e46e61c796c9c93e5a6e11f7a6eb3da627dc5e0e8e75f69b297104ccc62627d,2021-12,Cheshire Constabulary,Cheshire Constabulary,-2.601813,53.426827,On or near Beckett Drive,E01012468,Warrington 003B,Drugs,Unable to prosecute suspect,
82c7f36aaddfee9af2367e40dc57ce97d143b259a4b178c4653db5d13e71e1ca,2021-12,Cheshire Constabulary,Cheshire Constabulary,-2.603741,53.428040,On or near Browning Drive,E01012468,Warrington 003B,Other theft,Unable to prosecute suspect,
7114bb90a21f8cec7d660811a3365d89c5fa7b2525c2910e1c0fc130b27a422f,2021-12,Cheshire Constabulary,Cheshire Constabulary,-2.593716,53.432252,On or near Ilex Avenue,E01012468,Warrington 003B,Other theft,Investigation complete; no suspect identified,
ed7d04bb17adb471086086363eac8c954deec2ad95e3b8cda3163cb28a8d22e2,2021-12,Cheshire Constabulary,Cheshire Constabulary,-2.596671,53.429361,On or near Rectory Lane,E01012468,Warrington 003B,Public order,Investigation complete; no suspect identified,
1b383361bb39f4efa9dbd4728327e23f8716674ade0419484329893b530ad56a,2021-12,Cheshire Constabulary,Cheshire Constabulary,-2.603741,53.428040,On or near Browning Drive,E01012468,Warrington 003B,Public order,Unable to prosecute suspect,
008a6bd68b1a0327fd9812ebd793ec59c9a3f237ff406d6621bcff6d83719133,2021-12,Cheshire Constabulary,Cheshire Constabulary,-2.601813,53.426827,On or near Beckett Drive,E01012468,Warrington 003B,Shoplifting,Unable to prosecute suspect,
fc0cee798632b9f07b42b3d8cf2a74f9abe5dffbc4af3d1071cd9d983fd40bc2,2021-12,Cheshire Constabulary,Cheshire Constabulary,-2.603741,53.428040,On or near Browning Drive,E01012468,Warrington 003B,Violence and sexual offences,Action to be taken by another organisation,
064d29a77f2dc3305c3ffe9165a063020ee04ffea521ca9d29ca7a9fdac4a972,2021-12,Cheshire Constabulary,Cheshire Constabulary,-2.594324,53.428348,On or near St Anthony Place,E01012468,Warrington 003B,Violence and sexual offences,Unable to prosecute suspect,
bede8adc93471250903461bc98e4c090cdca64ee8a355a783b349633a89e48f2,2021-12,Cheshire Constabulary,Cheshire Constabulary,-2.603741,53.428040,On or near Browning Drive,E01012468,Warrington 003B,Violence and sexual offences,Court result unavailable,
3fd7176ee2f3fb1744c6724a708c04c8b9cc816851d8929fc3c65316e61dd908,2021-12,Cheshire Constabulary,Cheshire Constabulary,-2.603741,53.428040,On or near Browning Drive,E01012468,Warrington 003B,Violence and sexual offences,Unable to prosecute suspect,
65b9d9d3a08c2323d279682e3ae10f71e5fc1adf7b2ca74151293c6aa7dd61a7,2021-12,Cheshire Constabulary,Cheshire Constabulary,-2.594324,53.428348,On or near St Anthony Place,E01012468,Warrington 003B,Violence and sexual offences,Unable to prosecute suspect,
fa4d4ff1036ac3030a42aeec171d0d4ae22fffd939bb3047d3e9571c0bc94093,2021-12,Cheshire Constabulary,Cheshire Constabulary,-2.603741,53.428040,On or near Browning Drive,E01012468,Warrington 003B,Violence and sexual offences,Court result unavailable,
b5c97dfa32f7861b033711691f724372bbe37259984646e0af7bc1e596707510,2021-12,Cheshire Constabulary,Cheshire Constabulary,-2.594324,53.428348,On or near St Anthony Place,E01012468,Warrington 003B,Violence and sexual offences,Status update unavailable,
9e33150a482a7d09ce4dba04299a147de1822b6ea260f0b67bbacb609e191574,2021-12,Cheshire Constabulary,Cheshire Constabulary,-2.603741,53.428040,On or near Browning Drive,E01012468,Warrington 003B,Violence and sexual offences,Court result unavailable,
98738a5b45fcda470bb52da5c0203e8cddce88a7b684c30672316c488632176b,2021-12,Cheshire Constabulary,Cheshire Constabulary,-2.603741,53.428040,On or near Browning Drive,E01012468,Warrington 003B,Violence and sexual offences,Unable to prosecute suspect,
e7809bf00c7ec7265d9c7129dc41e2433fff1f3b2858af44ad2fa3c6dd09900b,2021-12,Cheshire Constabulary,Cheshire Constabulary,-2.603741,53.428040,On or near Browning Drive,E01012468,Warrington 003B,Violence and sexual offences,Unable to prosecute suspect,
15c88db68d79b4e8cabdf21599271414ad00b2c8afd9d784aa6a2c63e05bc005,2021-12,Cheshire Constabulary,Cheshire Constabulary,-2.603741,53.428040,On or near Browning Drive,E01012468,Warrington 003B,Violence and sexual offences,Court result unavailable,
a90af97f72a98a96fa308ffe5aea22309a23b44f742338b3658b7ba60debd267,2021-12,Cheshire Constabulary,Cheshire Constabulary,-2.603741,53.428040,On or near Browning Drive,E01012468,Warrington 003B,Violence and sexual offences,Action to be taken by another organisation,
ac88e323c2aecfd331bae49896a4a4b6eac54a7a27596e1efe22496bdef20e75,2021-12,Cheshire Constabulary,Cheshire Constabulary,-2.594324,53.428348,On or near St Anthony Place,E01012468,Warrington 003B,Violence and sexual offences,Unable to prosecute suspect,
8dc06fb375b0d6b31184fa27d59da7fb4f249e5d48074d8e90b051de80eafc66,2021-12,Cheshire Constabulary,Cheshire Constabulary,-2.594324,53.428348,On or near St Anthony Place,E01012468,Warrington 003B,Violence and sexual offences,Unable to prosecute suspect,
a4b2e11b0493cebeaf852bb668abfa35c8407670480966bb267b9a710ba85825,2021-12,Cheshire Constabulary,Cheshire Constabulary,-2.603741,53.428040,On or near Browning Drive,E01012468,Warrington 003B,Violence and sexual offences,Court result unavailable,
f9cec28d87713d7f5801a57dafaa7dfe1da086355e30c52fe29dadb24afc2d62,2021-12,Cheshire Constabulary,Cheshire Constabulary,-2.596671,53.429361,On or near Rectory Lane,E01012468,Warrington 003B,Violence and sexual offences,Unable to prosecute suspect,
02a97576a9a615d607979a0d4244a16bad893cff8850c85a846c99304a011638,2021-12,Cheshire Constabulary,Cheshire Constabulary,-2.603741,53.428040,On or near Browning Drive,E01012468,Warrington 003B,Violence and sexual offences,Court result unavailable,
44ed4c8a227636fafe59756c2ab29337058fe2acdb5d5eb64e366077b46cdef9,2021-12,Cheshire Constabulary,Cheshire Constabulary,-2.594324,53.428348,On or near St Anthony Place,E01012468,Warrington 003B,Violence and sexual offences,Investigation complete; no suspect identified,
cddf15ff929f3743f7b5d6896f8275fb88801941e5d77d5abcbd60072cb666b0,2021-12,Cheshire Constabulary,Cheshire Constabulary,-2.602055,53.430152,On or near Hollins Drive,E01012468,Warrington 003B,Violence and sexual offences,Unable to prosecute suspect,
bf98e230e93c68be08bc95349c484aec337815a3108bc112e8c27165935bd4da,2021-12,Cheshire Constabulary,Cheshire Constabulary,-2.594324,53.428348,On or near St Anthony Place,E01012468,Warrington 003B,Violence and sexual offences,Court result unavailable,
25f8e6e13fcd583d109590d057a3d2c9153177e0c7beb6af9c8d75f088bc51af,2021-12,Cheshire Constabulary,Cheshire Constabulary,-2.594324,53.428348,On or near St Anthony Place,E01012468,Warrington 003B,Violence and sexual offences,Unable to prosecute suspect,
c93a9b40bca24eec28091de54887e3fe03f799f16c52c5d5122aa3ab493d3e39,2021-12,Cheshire Constabulary,Cheshire Constabulary,-2.603741,53.428040,On or near Browning Drive,E01012468,Warrington 003B,Violence and sexual offences,Unable to prosecute suspect,
9a6d3713424b1ec3fd791655e562e7a821d3aac97959134f43c807079e886ff5,2021-12,Cheshire Constabulary,Cheshire Constabulary,-2.602055,53.430152,On or near Hollins Drive,E01012468,Warrington 003B,Violence and sexual offences,Unable to prosecute suspect,
11ed0af5bff4cb92875e402a4a3a18edd14797781b8c114e262d22fb2ab6e940,2021-12,Cheshire Constabulary,Cheshire Constabulary,-2.603741,53.428040,On or near Browning Drive,E01012468,Warrington 003B,Violence and sexual offences,Unable to prosecute suspect,
1f20460a6a86a824c4aa080d4a843a66c9120e11072b0cadb447a29f8690f3e3,2021-12,Cheshire Constabulary,Cheshire Constabulary,-2.603741,53.428040,On or near Browning Drive,E01012468,Warrington 003B,Violence and sexual offences,Court result unavailable,
7e4cd0e0c4cebde313ffbb61b6f452c6f9d2fd36f4ad17b21e6e9c07b2e0a613,2021-12,Cheshire Constabulary,Cheshire Constabulary,-2.594324,53.428348,On or near St Anthony Place,E01012468,Warrington 003B,Violence and sexual offences,Unable to prosecute suspect,
21ce8e1aa6234a2b62eb6430f2e1f37cef7a9afb5658daaabb343d11034f0795,2021-12,Cheshire Constabulary,Cheshire Constabulary,-2.603741,53.428040,On or near Browning Drive,E01012468,Warrington 003B,Violence and sexual offences,Unable to prosecute suspect,
54e9fc80a74e6abf5ffe913115c0467833a84ba1d281add4b7648e45070edff7,2021-12,Cheshire Constabulary,Cheshire Constabulary,-2.603741,53.428040,On or near Browning Drive,E01012468,Warrington 003B,Violence and sexual offences,Unable to prosecute suspect,
1730126004ba83ede02ef830ba1f080014e764069f50bb1ca7aa25b4488e0a36,2021-12,Cheshire Constabulary,Cheshire Constabulary,-2.603741,53.428040,On or near Browning Drive,E01012468,Warrington 003B,Violence and sexual offences,Unable to prosecute suspect,
,2021-12,Cheshire Constabulary,Cheshire Constabulary,-2.660084,53.429728,On or near Fairclough Street,E01012469,Warrington 003C,Anti-social behaviour,,
40421b0f8c2154e37b393d3d9bbcd60fbda9d35e510d067050d3fcdf5e217d70,2021-12,Cheshire Constabulary,Cheshire Constabulary,-2.654014,53.430418,On or near Chapel Lane,E01012469,Warrington 003C,Other theft,Unable to prosecute suspect,
b5f0e333b3a790c3d07bc257ee1af19e901aa0f3b1d2ccdaa5a58c7f93358bb1,2021-12,Cheshire Constabulary,Cheshire Constabulary,-2.654014,53.430418,On or near Chapel Lane,E01012469,Warrington 003C,Public order,Court result unavailable,
85f5b3a364a122128f92150baaf2879ce802665b9853a1740a132518cfcecb46,2021-12,Cheshire Constabulary,Cheshire Constabulary,-2.660084,53.429728,On or near Fairclough Street,E01012469,Warrington 003C,Public order,Investigation complete; no suspect identified,
aa00ff2a43e68b69b4e6004b8f6abacbcf6d13e01d11ab23366ad49b149605a6,2021-12,Cheshire Constabulary,Cheshire Constabulary,-2.653781,53.437754,On or near Lumber Lane,E01012469,Warrington 003C,Vehicle crime,Investigation complete; no suspect identified,
912b9d0d61b336a114e045f62abb0cc7822cb9116eb629177e45455564de1de1,2021-12,Cheshire Constabulary,Cheshire Constabulary,-2.656949,53.433368,On or near Winsford Drive,E01012469,Warrington 003C,Vehicle crime,Investigation complete; no suspect identified,
384b644b319b2c4173d51b498382c3ee03b46b8fa5864057e90881901e554c26,2021-12,Cheshire Constabulary,Cheshire Constabulary,-2.653285,53.430979,On or near Exmouth Way,E01012469,Warrington 003C,Violence and sexual offences,Unable to prosecute suspect,
5d1ac910da4df02c8f956130e866e35c6681113e106715a855d62cf6331ec0aa,2021-12,Cheshire Constabulary,Cheshire Constabulary,-2.654014,53.430418,On or near Chapel Lane,E01012469,Warrington 003C,Violence and sexual offences,Unable to prosecute suspect,
6c94bb46228f87783008590cbf599538979cc5342d86e3d1f32dbec4dd04c0ec,2021-12,Cheshire Constabulary,Cheshire Constabulary,-2.661191,53.434162,On or near Ollerton Park,E01012469,Warrington 003C,Other crime,Unable to prosecute suspect,
,2021-12,Cheshire Constabulary,Cheshire Constabulary,-2.654469,53.429651,On or near Webb Drive,E01012470,Warrington 003D,Anti-social behaviour,,
9f83f5b200d2baec8e25f618aeb39cae18440e3e494325a1a1253fe155ae6f9b,2021-12,Cheshire Constabulary,Cheshire Constabulary,-2.662343,53.426938,On or near Haley Road South,E01012470,Warrington 003D,Other theft,Investigation complete; no suspect identified,
e684b6edc66046eea98bb53e795a9a48b5f3b5793c077e58397cbe3d87134de4,2021-12,Cheshire Constabulary,Cheshire Constabulary,-2.662343,53.426938,On or near Haley Road South,E01012470,Warrington 003D,Public order,Investigation complete; no suspect identified,
be3afad10e41811c91f4a31467c19608ac3206da095f022886506e90b9cdf976,2021-12,Cheshire Constabulary,Cheshire Constabulary,-2.652723,53.428636,On or near Gleave Road,E01012470,Warrington 003D,Public order,Unable to prosecute suspect,
b5f0e333b3a790c3d07bc257ee1af19e901aa0f3b1d2ccdaa5a58c7f93358bb1,2021-12,Cheshire Constabulary,Cheshire Constabulary,-2.657345,53.429770,On or near Milnthorpe Road,E01012470,Warrington 003D,Public order,Status update unavailable,
9b94526624daaddfec2a46296d7e2f0055c43556f92cfe554994e9647c34569d,2021-12,Cheshire Constabulary,Cheshire Constabulary,-2.654469,53.429651,On or near Webb Drive,E01012470,Warrington 003D,Robbery,Court result unavailable,
5de21cc2ab7c69021818fb280b6c2c8c547063cadede76f004b9767a160562b8,2021-12,Cheshire Constabulary,Cheshire Constabulary,-2.662343,53.426938,On or near Haley Road South,E01012470,Warrington 003D,Violence and sexual offences,Court result unavailable,
d06736d059f065db67b78d90a3077356020c14d47969b6a2483df4a91ac7f871,2021-12,Cheshire Constabulary,Cheshire Constabulary,-2.662343,53.426938,On or near Haley Road South,E01012470,Warrington 003D,Violence and sexual offences,Unable to prosecute suspect,
58603af127a6dbf3acb385e2c159258aa9323251d1f88dfcc7302a4d66f9cfd3,2021-12,Cheshire Constabulary,Cheshire Constabulary,-2.662343,53.426938,On or near Haley Road South,E01012470,Warrington 003D,Violence and sexual offences,Court result unavailable,
a3c748aec3e4e337e206857bc70b8277a82b76d0ba2313f8a57f2a89be1cc25a,2021-12,Cheshire Constabulary,Cheshire Constabulary,-2.662343,53.426938,On or near Haley Road South,E01012470,Warrington 003D,Violence and sexual offences,Unable to prosecute suspect,
b8859473e49fae460e6128e05355b730ce3e97c59fe36b3930f7eb3a935f0451,2021-12,Cheshire Constabulary,Cheshire Constabulary,-2.652723,53.428636,On or near Gleave Road,E01012470,Warrington 003D,Violence and sexual offences,Unable to prosecute suspect,
089f438b6b8894e3f04c58c334d3970ef6a1b27f92c9e33e5e97c283291b649b,2021-12,Cheshire Constabulary,Cheshire Constabulary,-2.662343,53.426938,On or near Haley Road South,E01012470,Warrington 003D,Violence and sexual offences,Offender given a caution,
,2021-12,Cheshire Constabulary,Cheshire Constabulary,-2.524633,53.419012,On or near Forbes Close,E01012460,Warrington 004A,Anti-social behaviour,,
,2021-12,Cheshire Constabulary,Cheshire Constabulary,-2.527388,53.417876,On or near Talbot Close,E01012460,Warrington 004A,Anti-social behaviour,,
c754fcf048d4ae2af4d774d391f7b8b232106254ed23b834dfaa3fa30a23dde2,2021-12,Cheshire Constabulary,Cheshire Constabulary,-2.528519,53.419354,On or near Oakwood Gate,E01012460,Warrington 004A,Other theft,Investigation complete; no suspect identified,
a33b96b4199940b4bfeda37b833f91899e009fe2235dd13ee30919a195cfd0b5,2021-12,Cheshire Constabulary,Cheshire Constabulary,-2.529215,53.420879,On or near Oakwood Gate,E01012460,Warrington 004A,Public order,Investigation complete; no suspect identified,
3a653856028fec6ad926a8ee7cfee2d877ea204162cd3d3005f9680bee5d9414,2021-12,Cheshire Constabulary,Cheshire Constabulary,-2.527388,53.417876,On or near Talbot Close,E01012460,Warrington 004A,Violence and sexual offences,Court result unavailable,
8c253827ba9af4a475efdba7e2fbad148231d61414d86f917b4d3bfd3e5635c6,2021-12,Cheshire Constabulary,Cheshire Constabulary,-2.517752,53.429738,On or near Heaton Court,E01012462,Warrington 004B,Criminal damage and arson,Investigation complete; no suspect identified,
88731d15c47ac466475576a719582b30bead3d5b48fc1c1023db6bd3b504ba2f,2021-12,Cheshire Constabulary,Cheshire Constabulary,-2.510683,53.428888,On or near Bramshill Close,E01012462,Warrington 004B,Criminal damage and arson,Unable to prosecute suspect,
4567213024839be8b696dcdced90a1c3ce6c913d66600a683fca5ff412b4c81a,2021-12,Cheshire Constabulary,Cheshire Constabulary,-2.504271,53.428843,On or near Rendlesham Close,E01012462,Warrington 004B,Violence and sexual offences,Unable to prosecute suspect,
fff17fa31259598d1c2281a46cbc895df2d4fb7c0df9b08f5e48b7994a1a2d0c,2021-12,Cheshire Constabulary,Cheshire Constabulary,-2.510683,53.428888,On or near Bramshill Close,E01012462,Warrington 004B,Violence and sexual offences,Court result unavailable,
ee0c9ecfcde036cd779347a3059645068994cd51e5b61c05c1e39412126d45c8,2021-12,Cheshire Constabulary,Cheshire Constabulary,-2.504271,53.428843,On or near Rendlesham Close,E01012462,Warrington 004B,Violence and sexual offences,Unable to prosecute suspect,
a449db2af4bf82752e97a4fc95d6d4b374617f468bda4345deb8c2a39270b09d,2021-12,Cheshire Constabulary,Cheshire Constabulary,-2.504271,53.428843,On or near Rendlesham Close,E01012462,Warrington 004B,Violence and sexual offences,Unable to prosecute suspect,
e095db6123ef33174efcf9d595bf8eec4efe1a917b97a724786a366994db8fa5,2021-12,Cheshire Constabulary,Cheshire Constabulary,-2.504271,53.428843,On or near Rendlesham Close,E01012462,Warrington 004B,Violence and sexual offences,Unable to prosecute suspect,
95fb7bbdc4613ba074cfaf5dcbbe198a05541903326de6994dd67a4aa96f23ca,2021-12,Cheshire Constabulary,Cheshire Constabulary,-2.533640,53.413740,On or near Birchwood Boulevard,E01012463,Warrington 004C,Burglary,Court result unavailable,
,2021-12,Cheshire Constabulary,Cheshire Constabulary,-2.533746,53.425803,On or near Havisham Close,E01012464,Warrington 004D,Anti-social behaviour,,
2728a3cd0481935fdbefd00ae069ff59cdda654bead0da8095a20d9532bd7058,2021-12,Cheshire Constabulary,Cheshire Constabulary,-2.523759,53.429928,On or near Temple Court,E01012464,Warrington 004D,Criminal damage and arson,Investigation complete; no suspect identified,
,2021-12,Cheshire Constabulary,Cheshire Constabulary,-2.526369,53.413404,On or near Parking Area,E01012459,Warrington 005A,Anti-social behaviour,,
0c3b7240d984bcac09c32235ecfd6f16b57a4d5c7d62e7596fbd0597a1fa91ef,2021-12,Cheshire Constabulary,Cheshire Constabulary,-2.517865,53.417980,On or near Mallard Lane,E01012459,Warrington 005A,Public order,Unable to prosecute suspect,
5cb203ad2b5ddadfc1377331307efdf9f08f4cbe7262128192361d0b928cb18b,2021-12,Cheshire Constabulary,Cheshire Constabulary,-2.528566,53.413430,On or near Supermarket,E01012459,Warrington 005A,Public order,Investigation complete; no suspect identified,
4c00dd519a9438771ad463c254217aa2148cd4f687d14e0371457cd4522b300d,2021-12,Cheshire Constabulary,Cheshire Constabulary,-2.516208,53.417844,On or near Admirals Road,E01012459,Warrington 005A,Public order,Investigation complete; no suspect identified,
c9a25447f66d54385950a75517c12ddd30f412b260ed7f9541ecf7bc7bcd8e81,2021-12,Cheshire Constabulary,Cheshire Constabulary,-2.528566,53.413430,On or near Supermarket,E01012459,Warrington 005A,Vehicle crime,Investigation complete; no suspect identified,
4ca82834b4f6ce6db5b6ec5007971266dc6c4a92d49480b500280d7859800070,2021-12,Cheshire Constabulary,Cheshire Constabulary,-2.521435,53.417111,On or near Pipit Lane,E01012459,Warrington 005A,Violence and sexual offences,Unable to prosecute suspect,
d7549b7c39be4b8ceeb882966812d1dd9295633e64c01c8ac1f24e8631890b32,2021-12,Cheshire Constabulary,Cheshire Constabulary,-2.528566,53.413430,On or near Supermarket,E01012459,Warrington 005A,Violence and sexual offences,Unable to prosecute suspect,
c3f3d0159884628887096ed948b83f284b8d6c11637cab393cf98985bc89093b,2021-12,Cheshire Constabulary,Cheshire Constabulary,-2.517723,53.417469,On or near Teal Grove,E01012459,Warrington 005A,Violence and sexual offences,Unable to prosecute suspect,
a6b2495d189754576784aab3f5e78dd14e35f143ce02edf7246d4e5d4402a265,2021-12,Cheshire Constabulary,Cheshire Constabulary,-2.518383,53.416064,On or near Rawlings Close,E01012459,Warrington 005A,Violence and sexual offences,Unable to prosecute suspect,
310a3d63172a555afa018aa69ad084e29fc321946032094aafbaf699ebdd5800,2021-12,Cheshire Constabulary,Cheshire Constabulary,-2.531506,53.416356,On or near Sports/Recreation Area,E01012459,Warrington 005A,Violence and sexual offences,Unable to prosecute suspect,
399c5d182c418a3c5e6829bda5c8ca94eb8164b1b60586e3f198b33effba097e,2021-12,Cheshire Constabulary,Cheshire Constabulary,-2.517865,53.417980,On or near Mallard Lane,E01012459,Warrington 005A,Violence and sexual offences,Unable to prosecute suspect,
c58b1a624976a924e9623144f7f6940227edd0956e89d4bf429f046d07b88190,2021-12,Cheshire Constabulary,Cheshire Constabulary,-2.531506,53.416356,On or near Sports/Recreation Area,E01012459,Warrington 005A,Violence and sexual offences,Unable to prosecute suspect,
173ee5d5f083aaca5a45743080c97579333728018544f97fe9a1c515e02b02f3,2021-12,Cheshire Constabulary,Cheshire Constabulary,-2.518383,53.416064,On or near Rawlings Close,E01012459,Warrington 005A,Violence and sexual offences,Unable to prosecute suspect,
a76f8235f0dd001e491124d323ec86cdb0edd0d4327fd64bcc1686e253ba7c05,2021-12,Cheshire Constabulary,Cheshire Constabulary,-2.517723,53.417469,On or near Teal Grove,E01012459,Warrington 005A,Violence and sexual offences,Unable to prosecute suspect,
568d85c1685f3f4d349ca119f41f17e418b4fcbda797d9b452ea21e0d392e039,2021-12,Cheshire Constabulary,Cheshire Constabulary,-2.531506,53.416356,On or near Sports/Recreation Area,E01012459,Warrington 005A,Violence and sexual offences,Court result unavailable,
3dc6fdabfb8af2ea73a616f352c8a337bb936bee5a604daa53fa28978281f4a4,2021-12,Cheshire Constabulary,Cheshire Constabulary,-2.517723,53.417469,On or near Teal Grove,E01012459,Warrington 005A,Violence and sexual offences,Unable to prosecute suspect,
9f0518a6f774c7122bb6244a1ea3e733469af0697e2d5254533c7fb0dc9bb42e,2021-12,Cheshire Constabulary,Cheshire Constabulary,-2.517723,53.417469,On or near Teal Grove,E01012459,Warrington 005A,Violence and sexual offences,Unable to prosecute suspect,
c83edf08850f1e5273bedea075ce97e8223fb72407fceb92a4e177be006c71da,2021-12,Cheshire Constabulary,Cheshire Constabulary,-2.517723,53.417469,On or near Teal Grove,E01012459,Warrington 005A,Violence and sexual offences,Unable to prosecute suspect,
712951ead3647d5e9d14f14e77e65ddffb1be50fd777d4f4d7f12c808120a83d,2021-12,Cheshire Constabulary,Cheshire Constabulary,-2.517723,53.417469,On or near Teal Grove,E01012459,Warrington 005A,Violence and sexual offences,Unable to prosecute suspect,
,2021-12,Cheshire Constabulary,Cheshire Constabulary,-2.498174,53.431224,On or near Inglewood Close,E01012461,Warrington 005B,Anti-social behaviour,,
b167aa676ef9da07348376bb7c69e71c17723c034a9364525ab63473a4f6fc61,2021-12,Cheshire Constabulary,Cheshire Constabulary,-2.503605,53.431093,On or near Hamsterley Close,E01012461,Warrington 005B,Burglary,Unable to prosecute suspect,
d2e1b5d5b0c1ca446fce012cd57a3c589c3225edccb2216315eb9952e5afc698,2021-12,Cheshire Constabulary,Cheshire Constabulary,-2.498104,53.427889,On or near Hazelborough Close,E01012461,Warrington 005B,Criminal damage and arson,Investigation complete; no suspect identified,
08e44dce5475341f5f22d70738e031975b8256d98ba36d9afaa29d7cbc02a875,2021-12,Cheshire Constabulary,Cheshire Constabulary,-2.502506,53.427197,On or near Bowland Close,E01012461,Warrington 005B,Violence and sexual offences,Unable to prosecute suspect,
6ca88de40537a7ac1994f0a323d59a3d9d071673c06107e0cd107e021451ae00,2021-12,Cheshire Constabulary,Cheshire Constabulary,-2.502506,53.427197,On or near Bowland Close,E01012461,Warrington 005B,Violence and sexual offences,Court result unavailable,
,2021-12,Cheshire Constabulary,Cheshire Constabulary,-2.516817,53.419675,On or near Fieldfare Close,E01012465,Warrington 005C,Anti-social behaviour,,
168d0582251961d3a920565a5800f49de0641148fdadaf845a7dd9396c984b2a,2021-12,Cheshire Constabulary,Cheshire Constabulary,-2.516817,53.419675,On or near Fieldfare Close,E01012465,Warrington 005C,Public order,Investigation complete; no suspect identified,
d263db312a230a65029eb600b3dc0a4b1a49f2528e4afa6f5cbc94ae110415df,2021-12,Cheshire Constabulary,Cheshire Constabulary,-2.516817,53.419675,On or near Fieldfare Close,E01012465,Warrington 005C,Violence and sexual offences,Unable to prosecute suspect,
20d85f093e79bc784ad7e81b466a139df8db598653212ddd81bac939467a9563,2021-12,Cheshire Constabulary,Cheshire Constabulary,-2.516817,53.419675,On or near Fieldfare Close,E01012465,Warrington 005C,Violence and sexual offences,Unable to prosecute suspect,
,2021-12,Cheshire Constabulary,Cheshire Constabulary,-2.520631,53.420270,On or near Partridge Close,E01012466,Warrington 005D,Anti-social behaviour,,
f7a03fa73d2a8d0cd1c5c86c02d64c77f10b5290c05ec34ff3a53cbd1f648f13,2021-12,Cheshire Constabulary,Cheshire Constabulary,-2.519595,53.419249,On or near Nightingale Close,E01012466,Warrington 005D,Burglary,Court result unavailable,
fa95406b8d0ac7294705cb27868df74cfeecda126723a1a54f32c7db45dc8a0b,2021-12,Cheshire Constabulary,Cheshire Constabulary,-2.518046,53.420496,On or near Park/Open Space,E01012466,Warrington 005D,Burglary,Unable to prosecute suspect,
fb9bc2b9de69e8ea9ba99c6aeac77c496aaef9836c66d444d67c745522b31c5c,2021-12,Cheshire Constabulary,Cheshire Constabulary,-2.519595,53.419249,On or near Nightingale Close,E01012466,Warrington 005D,Public order,Unable to prosecute suspect,
e96de4108638d462bc30c86c07339ee420e4039f0071606c23c06b6a46b9ee87,2021-12,Cheshire Constabulary,Cheshire Constabulary,-2.520631,53.420270,On or near Partridge Close,E01012466,Warrington 005D,Public order,Investigation complete; no suspect identified,
4642ee93d53b6399509654e9c95a5d5a22aef12c5ff8963f0253817d79d29766,2021-12,Cheshire Constabulary,Cheshire Constabulary,-2.516537,53.421429,On or near Pheasant Close,E01012466,Warrington 005D,Violence and sexual offences,Investigation complete; no suspect identified,
4e3bcc656d5204e0a8824ab54871fd4d3ca1b7b9d2f43dc71c7d2c3a41b7ee19,2021-12,Cheshire Constabulary,Cheshire Constabulary,-2.522049,53.419293,On or near Linnet Grove,E01012466,Warrington 005D,Violence and sexual offences,Unable to prosecute suspect,
143f13cbaad3ff772a4bd812aa4807083b0058db57f2e1565cec962082fdb278,2021-12,Cheshire Constabulary,Cheshire Constabulary,-2.520631,53.420270,On or near Partridge Close,E01012466,Warrington 005D,Violence and sexual offences,Unable to prosecute suspect,
67cca2a9fd01efec4e89897b1a9425afc701dab94e2dc9910957317ff1cd5d01,2021-12,Cheshire Constabulary,Cheshire Constabulary,-2.520631,53.420270,On or near Partridge Close,E01012466,Warrington 005D,Violence and sexual offences,Unable to prosecute suspect,
ee63c31e0491a24277bf7d0ecc7953069b9933ae7ee6817b737225327081c314,2021-12,Cheshire Constabulary,Cheshire Constabulary,-2.522049,53.419293,On or near Linnet Grove,E01012466,Warrington 005D,Violence and sexual offences,Unable to prosecute suspect,
ce4c6804d7b73697e5aaa70753f0785ac31fb680b2e3d8bcb32281cf47f29d64,2021-12,Cheshire Constabulary,Cheshire Constabulary,-2.518046,53.420496,On or near Park/Open Space,E01012466,Warrington 005D,Violence and sexual offences,Unable to prosecute suspect,
256730bc985c03cab40d85675985c26f634c2ef2149423e8d94395a011fc1e42,2021-12,Cheshire Constabulary,Cheshire Constabulary,-2.520631,53.420270,On or near Partridge Close,E01012466,Warrington 005D,Violence and sexual offences,Unable to prosecute suspect,
0d6435d7408b95dd2bedd6e3571423e21908caea7fd1bf248d45d3d11885f0d3,2021-12,Cheshire Constabulary,Cheshire Constabulary,-2.522049,53.419293,On or near Linnet Grove,E01012466,Warrington 005D,Violence and sexual offences,Unable to prosecute suspect,
5ec1bdd6d6d9a3c1c0a88a21216568090aa88c6949483fd69ee4f8fb937c8312,2021-12,Cheshire Constabulary,Cheshire Constabulary,-2.518390,53.421610,On or near Redshank Lane,E01012466,Warrington 005D,Violence and sexual offences,Unable to prosecute suspect,
4161bfb20f3b73b0494b3f8fe7478a47ed4586bb6c05ee0d9776023019a0caec,2021-12,Cheshire Constabulary,Cheshire Constabulary,-2.516537,53.421429,On or near Pheasant Close,E01012466,Warrington 005D,Violence and sexual offences,Unable to prosecute suspect,
c7f00b7d75644623f936a28295f1059984af7804108ababa1f5dcb114f6113ef,2021-12,Cheshire Constabulary,Cheshire Constabulary,-2.518390,53.421610,On or near Redshank Lane,E01012466,Warrington 005D,Violence and sexual offences,Unable to prosecute suspect,
47b9562cff6fd5b67c0fb945bd5ce44cf58904abc4578a17e0667054a3cf64c2,2021-12,Cheshire Constabulary,Cheshire Constabulary,-2.517662,53.422368,On or near Ordnance Avenue,E01012466,Warrington 005D,Violence and sexual offences,Further action is not in the public interest,
790630d54eac8129d17d7e362e0ec7ddfdab10a96644eb2976fe825d13306c94,2021-12,Cheshire Constabulary,Cheshire Constabulary,-2.520631,53.420270,On or near Partridge Close,E01012466,Warrington 005D,Violence and sexual offences,Unable to prosecute suspect,
33fc8885d66a9c487a51ef9c449a7cafbee7e5f76c8b93d923a4f4efb6849582,2021-12,Cheshire Constabulary,Cheshire Constabulary,-2.522049,53.419293,On or near Linnet Grove,E01012466,Warrington 005D,Violence and sexual offences,Unable to prosecute suspect,
23c4a1dd91e3929b783a80c8010153c4d274ae7f3148528078ea4e1a9300b2d9,2021-12,Cheshire Constabulary,Cheshire Constabulary,-2.594062,53.411738,On or near Marron Avenue,E01012526,Warrington 006A,Public order,Investigation complete; no suspect identified,
c54daa8c61aadadc308e52c71a13e070ed833e6bbf1efb90976753abd8e0eaf5,2021-12,Cheshire Constabulary,Cheshire Constabulary,-2.594557,53.413740,On or near Ajax Avenue,E01012526,Warrington 006A,Vehicle crime,Investigation complete; no suspect identified,
300fd3cf87b99d4ef2161dc3a2c4834e1193ca420408cbf890a47ae81df2cf42,2021-12,Cheshire Constabulary,Cheshire Constabulary,-2.593518,53.412622,On or near Mckee Avenue,E01012526,Warrington 006A,Violence and sexual offences,Unable to prosecute suspect,
f4a9d1faf6722cb3d3de1aaf84076d18dee5da25b2b2f4971c7b99d2a74ad431,2021-12,Cheshire Constabulary,Cheshire Constabulary,-2.592870,53.414710,On or near St Stephen'S Avenue,E01012526,Warrington 006A,Violence and sexual offences,Status update unavailable,
91c6640bd9d05a1820fd9207175f2cd8a619d3159c702d13926c9683d2ebd2f1,2021-12,Cheshire Constabulary,Cheshire Constabulary,-2.594419,53.412464,On or near Brandwood Avenue,E01012526,Warrington 006A,Violence and sexual offences,Unable to prosecute suspect,
a111e22fdfff318091e0ce1b6964b406342d208d2a2cccfc1d758bfa25533087,2021-12,Cheshire Constabulary,Cheshire Constabulary,-2.593518,53.412622,On or near Mckee Avenue,E01012526,Warrington 006A,Violence and sexual offences,Court result unavailable,
6d4068c41d5b7ba5d5c7586c0cd0f8758955a409fee25a1c7040e78b24816dff,2021-12,Cheshire Constabulary,Cheshire Constabulary,-2.594868,53.414494,On or near Hunter Avenue,E01012526,Warrington 006A,Violence and sexual offences,Court result unavailable,
9f9ea55e6a0b8a3bc801fdff5b46e77cdb18727f7ecba8af7360022670a5c89a,2021-12,Cheshire Constabulary,Cheshire Constabulary,-2.594557,53.413740,On or near Ajax Avenue,E01012526,Warrington 006A,Violence and sexual offences,Unable to prosecute suspect,
9d11c7d540dcdcc3d249ab99a8e75d3f3df00da232694396ab27b01dafc237cb,2021-12,Cheshire Constabulary,Cheshire Constabulary,-2.596476,53.414360,On or near Sandy Lane West,E01012526,Warrington 006A,Violence and sexual offences,Unable to prosecute suspect,
2b51d215990b7b48f513f71217822be03e5d088a5925d4c0d6cb7e0537662cb4,2021-12,Cheshire Constabulary,Cheshire Constabulary,-2.592870,53.414710,On or near St Stephen'S Avenue,E01012526,Warrington 006A,Violence and sexual offences,Status update unavailable,
5b3b582a61459569303887b11d7fff0db66772d40365309a04260aa9dafa1724,2021-12,Cheshire Constabulary,Cheshire Constabulary,-2.590934,53.412913,On or near Locker Avenue,E01012526,Warrington 006A,Violence and sexual offences,Unable to prosecute suspect,
e5f3ed52a92fcc071200b9441eb94fee9413be3ba6afc06d5e502c6bd07e7ab9,2021-12,Cheshire Constabulary,Cheshire Constabulary,-2.594062,53.411738,On or near Marron Avenue,E01012526,Warrington 006A,Violence and sexual offences,Unable to prosecute suspect,
bb6e27efa3f5ed16914f4a988877500fc0338a8aa24716bfe78e4c90c36cffb0,2021-12,Cheshire Constabulary,Cheshire Constabulary,-2.590934,53.412913,On or near Locker Avenue,E01012526,Warrington 006A,Violence and sexual offences,Unable to prosecute suspect,
784e24cc5e612c6c559ccb36d55d4a27264f958b32626faea577cb3e3eea1470,2021-12,Cheshire Constabulary,Cheshire Constabulary,-2.590934,53.412913,On or near Locker Avenue,E01012526,Warrington 006A,Violence and sexual offences,Unable to prosecute suspect,
310e8b96ce9d170d3808b80041c5c1f12be8a47f1b16d5b30082a420a04d98f6,2021-12,Cheshire Constabulary,Cheshire Constabulary,-2.590934,53.412913,On or near Locker Avenue,E01012526,Warrington 006A,Violence and sexual offences,Unable to prosecute suspect,
d53e107ed2a41ab74efbe63f7b88754d7ece02e1232f368807593e893cc50492,2021-12,Cheshire Constabulary,Cheshire Constabulary,-2.594868,53.414494,On or near Hunter Avenue,E01012526,Warrington 006A,Violence and sexual offences,Court result unavailable,
,2021-12,Cheshire Constabulary,Cheshire Constabulary,-2.581548,53.415233,On or near Poplars Avenue,E01012534,Warrington 006B,Anti-social behaviour,,
,2021-12,Cheshire Constabulary,Cheshire Constabulary,-2.577146,53.414589,On or near Canberra Avenue,E01012534,Warrington 006B,Anti-social behaviour,,
ab36282c3c20a6db36ed24c2d6dcf55d0629d56e87784e9838981e6a23cb28a3,2021-12,Cheshire Constabulary,Cheshire Constabulary,-2.581484,53.416025,On or near Buttermere Avenue,E01012534,Warrington 006B,Criminal damage and arson,Court result unavailable,
bee26acbf276a58b2edb894a791ba1b292c275edbe8c0a1d0b47e4ed8ad7faf2,2021-12,Cheshire Constabulary,Cheshire Constabulary,-2.580911,53.415938,On or near Buttermere Crescent,E01012534,Warrington 006B,Criminal damage and arson,Investigation complete; no suspect identified,
59aa51ed116570aee780efadbef1706054318a4163522d973b3365ae09f114b0,2021-12,Cheshire Constabulary,Cheshire Constabulary,-2.581484,53.416025,On or near Buttermere Avenue,E01012534,Warrington 006B,Violence and sexual offences,Status update unavailable,
b9233155769965a8946e5cc49db2fd10bde00da1425051160b23a949e004ff9b,2021-12,Cheshire Constabulary,Cheshire Constabulary,-2.581548,53.415233,On or near Poplars Avenue,E01012534,Warrington 006B,Violence and sexual offences,Unable to prosecute suspect,
5d57dc8385f4a96497aca3166514645c7a3ba475e1efcf6712999a7763d8d813,2021-12,Cheshire Constabulary,Cheshire Constabulary,-2.581548,53.415233,On or near Poplars Avenue,E01012534,Warrington 006B,Violence and sexual offences,Unable to prosecute suspect,
9067e823bc884a23e6d1d6a776baf47ca000369f5c0a4c6e5b34936298822f8b,2021-12,Cheshire Constabulary,Cheshire Constabulary,-2.574372,53.416383,On or near Linnet Close,E01012534,Warrington 006B,Violence and sexual offences,Unable to prosecute suspect,
92efae2856ee9fcbbb09d1575279d8157fe2da48cc12ad64924791e5c6f44a17,2021-12,Cheshire Constabulary,Cheshire Constabulary,-2.581484,53.416025,On or near Buttermere Avenue,E01012534,Warrington 006B,Violence and sexual offences,Court result unavailable,
4dc9082a9b4e3e05b3ea8383f1a95799e32e9c556f1b7021d7bfdc375acc6a25,2021-12,Cheshire Constabulary,Cheshire Constabulary,-2.581548,53.415233,On or near Poplars Avenue,E01012534,Warrington 006B,Violence and sexual offences,Unable to prosecute suspect,
,2021-12,Cheshire Constabulary,Cheshire Constabulary,-2.588013,53.412739,On or near Sandy Lane,E01012535,Warrington 006C,Anti-social behaviour,,
12762ba55895eb6788695c90eb46c1234ecef7156455a8703ce96c88e7440804,2021-12,Cheshire Constabulary,Cheshire Constabulary,-2.587491,53.414162,On or near Penrith Avenue,E01012535,Warrington 006C,Criminal damage and arson,Unable to prosecute suspect,
09001bea4f8cafbafb5359d7dfa953e1c704eb7067728aff3b56294316f0be3c,2021-12,Cheshire Constabulary,Cheshire Constabulary,-2.588013,53.412739,On or near Sandy Lane,E01012535,Warrington 006C,Public order,Unable to prosecute suspect,
bdce288a222df7d100e5d0dd21731a7e7e662b76b195e62bfa499ee3608cfed8,2021-12,Cheshire Constabulary,Cheshire Constabulary,-2.588013,53.412739,On or near Sandy Lane,E01012535,Warrington 006C,Public order,Unable to prosecute suspect,
6adba93516dbcef65bf305248116a256ed9b41740f368c8e17b2bb1415ff46af,2021-12,Cheshire Constabulary,Cheshire Constabulary,-2.587491,53.414162,On or near Penrith Avenue,E01012535,Warrington 006C,Violence and sexual offences,Investigation complete; no suspect identified,
54b66329299d9db2d81d0ddf3d79c2fe12255cb404cf7dbbebaa1a06d31675f0,2021-12,Cheshire Constabulary,Cheshire Constabulary,-2.587491,53.414162,On or near Penrith Avenue,E01012535,Warrington 006C,Violence and sexual offences,Investigation complete; no suspect identified,
1b303a47875bdfd9dc006be04cb9284a2a2cdf00519a0f340a687537e5bcc404,2021-12,Cheshire Constabulary,Cheshire Constabulary,-2.584427,53.414491,On or near Appleby Road,E01012535,Warrington 006C,Violence and sexual offences,Court result unavailable,
d1ef7fe10dc5e55ff44fbda8ed49936412373494f2f37fb3ba346d3d288a8ca1,2021-12,Cheshire Constabulary,Cheshire Constabulary,-2.581944,53.413380,On or near Bowness Avenue,E01012535,Warrington 006C,Violence and sexual offences,Unable to prosecute suspect,
e4b254afcb537f9b779e54f24be95a5e2ccb19072a136824ddd510e2a03b5b59,2021-12,Cheshire Constabulary,Cheshire Constabulary,-2.587491,53.414162,On or near Penrith Avenue,E01012535,Warrington 006C,Violence and sexual offences,Investigation complete; no suspect identified,
df73f40d7f8c4154ab0b44664f309fc54fc284a4dd85580af6ae8e7ab49dd227,2021-12,Cheshire Constabulary,Cheshire Constabulary,-2.582928,53.412746,On or near Statham Avenue,E01012535,Warrington 006C,Violence and sexual offences,Investigation complete; no suspect identified,
74c6f21170be24f2aa4a89e6c006714c9094a4df92776afc24f4d1b85fe639f2,2021-12,Cheshire Constabulary,Cheshire Constabulary,-2.582917,53.414130,On or near Honister Avenue,E01012535,Warrington 006C,Violence and sexual offences,Unable to prosecute suspect,
30c784d61d7e3ae71b258be977f449b407db73f362311a396b2791e8e643282a,2021-12,Cheshire Constabulary,Cheshire Constabulary,-2.587491,53.414162,On or near Penrith Avenue,E01012535,Warrington 006C,Violence and sexual offences,Unable to prosecute suspect,
f129eec97728eefb6ccbdaf4122ab4f970df81a89c518f219453fc3157bd1e84,2021-12,Cheshire Constabulary,Cheshire Constabulary,-2.587491,53.414162,On or near Penrith Avenue,E01012535,Warrington 006C,Violence and sexual offences,Unable to prosecute suspect,
5660a537927873051d7a71ff9f65f85d921a32ba44a09d26cb8704b41c5e88e8,2021-12,Cheshire Constabulary,Cheshire Constabulary,-2.588013,53.412739,On or near Sandy Lane,E01012535,Warrington 006C,Violence and sexual offences,Investigation complete; no suspect identified,
e98040ebeb56b2a467b90d0f2b0d405a82c419db74271b58e0db82ce493edcea,2021-12,Cheshire Constabulary,Cheshire Constabulary,-2.588013,53.412739,On or near Sandy Lane,E01012535,Warrington 006C,Violence and sexual offences,Unable to prosecute suspect,
c18f1263db8f0a4d4c1ef1a405cf4c42851a824420825d979a453ca0f3b3d651,2021-12,Cheshire Constabulary,Cheshire Constabulary,-2.594762,53.415528,On or near Harvey Court,E01012537,Warrington 006D,Burglary,Investigation complete; no suspect identified,
39b2871c380179abc2f023755c0c040a7bcc676bee820e22f95fb51c8ed215f4,2021-12,Cheshire Constabulary,Cheshire Constabulary,-2.595490,53.414850,On or near Sandy Lane West,E01012537,Warrington 006D,Drugs,Court result unavailable,
5b38f72c726595e9e79edac59043c4a12c96b16ecb89587de4e16cbc9d211e57,2021-12,Cheshire Constabulary,Cheshire Constabulary,-2.596475,53.415366,On or near Chiltern Avenue,E01012537,Warrington 006D,Shoplifting,Investigation complete; no suspect identified,
5cfbfc65d5f3f8654447887e3fc2b5c7f0728917dcfdc173dd26fc90ac70394d,2021-12,Cheshire Constabulary,Cheshire Constabulary,-2.594694,53.418162,On or near Cotswold Road,E01012537,Warrington 006D,Violence and sexual offences,Unable to prosecute suspect,
0e23597b5bbad93cb67b860bdcb93c1be8577b59d281192bb6654f404a08af2d,2021-12,Cheshire Constabulary,Cheshire Constabulary,-2.595883,53.419315,On or near Lancing Avenue,E01012537,Warrington 006D,Violence and sexual offences,Unable to prosecute suspect,
7ee8e2c8f8e4caf6002fa7b8e62d7b50624c45638dcb361eb7c1355ac3b48ba6,2021-12,Cheshire Constabulary,Cheshire Constabulary,-2.591311,53.416219,On or near Mendip Avenue,E01012537,Warrington 006D,Violence and sexual offences,Unable to prosecute suspect,
9e35a9a4d7abb749e8cc3fc1c9ad6420a0ef4016211e5e8ca6f8ac105ede0378,2021-12,Cheshire Constabulary,Cheshire Constabulary,-2.595769,53.417572,On or near Oxenham Road,E01012537,Warrington 006D,Violence and sexual offences,Unable to prosecute suspect,
8bd72287e1c49980acf9eb531b871b8362a21dfbf08be286cc8d8dd34dca86c9,2021-12,Cheshire Constabulary,Cheshire Constabulary,-2.596475,53.415366,On or near Chiltern Avenue,E01012537,Warrington 006D,Violence and sexual offences,Unable to prosecute suspect,
fed964ca83668c3468fa91a953fba498c8d59e7edcf092446b4107fdfde4957b,2021-12,Cheshire Constabulary,Cheshire Constabulary,-2.596119,53.417894,On or near Kentmere Place,E01012537,Warrington 006D,Violence and sexual offences,Unable to prosecute suspect,
4c53296e59455bb0e199355476ccfe510ef3b13144e88d1cdbae441bc2879b2b,2021-12,Cheshire Constabulary,Cheshire Constabulary,-2.596475,53.415366,On or near Chiltern Avenue,E01012537,Warrington 006D,Violence and sexual offences,Investigation complete; no suspect identified,
c6149b6209febb51e6379e8f3b743b19a35e63c6864e510afb10d2dfed60c5c4,2021-12,Cheshire Constabulary,Cheshire Constabulary,-2.591311,53.416219,On or near Mendip Avenue,E01012537,Warrington 006D,Violence and sexual offences,Unable to prosecute suspect,
dad5fbc041173580abfec00ce708848a075cfed0cfcf505dc44e0965c318652e,2021-12,Cheshire Constabulary,Cheshire Constabulary,-2.596119,53.417894,On or near Kentmere Place,E01012537,Warrington 006D,Violence and sexual offences,Unable to prosecute suspect,
4aa35b8d3f9258962b24c0a872b14bd4a87f0788a485750bdd40895ad2f018eb,2021-12,Cheshire Constabulary,Cheshire Constabulary,-2.594351,53.418433,On or near Supermarket,E01012537,Warrington 006D,Violence and sexual offences,Unable to prosecute suspect,
1fd55b351376c75134a988707125d7c8f8e055e9cb7ab48d982ce5c1f3192f23,2021-12,Cheshire Constabulary,Cheshire Constabulary,-2.591311,53.416219,On or near Mendip Avenue,E01012537,Warrington 006D,Violence and sexual offences,Unable to prosecute suspect,
,2021-12,Cheshire Constabulary,Cheshire Constabulary,-2.597717,53.420250,On or near Poplars Avenue,E01012539,Warrington 006E,Anti-social behaviour,,
,2021-12,Cheshire Constabulary,Cheshire Constabulary,-2.597717,53.420250,On or near Poplars Avenue,E01012539,Warrington 006E,Anti-social behaviour,,
2e9bcf684435e722892bf8c00b0622e49bbceac159e22a89242877d96d0e3515,2021-12,Cheshire Constabulary,Cheshire Constabulary,-2.602733,53.418508,On or near Harvard Court,E01012539,Warrington 006E,Other theft,Investigation complete; no suspect identified,
b5e98bee1fe5efd0cc7926fdae0baef9cd58de3bf6b4403e659068e998cb509b,2021-12,Cheshire Constabulary,Cheshire Constabulary,-2.587145,53.417408,On or near Brathay Close,E01012539,Warrington 006E,Other theft,Investigation complete; no suspect identified,
db92e06229c813d39425c15eb5be582b1b710c93956422dc5e6c217609657a41,2021-12,Cheshire Constabulary,Cheshire Constabulary,-2.602733,53.418508,On or near Harvard Court,E01012539,Warrington 006E,Other theft,Unable to prosecute suspect,
250e2c10c407aa600cd1df123005cdeac0814108899277372d71abbae96b4f0c,2021-12,Cheshire Constabulary,Cheshire Constabulary,-2.602733,53.418508,On or near Harvard Court,E01012539,Warrington 006E,Other theft,Unable to prosecute suspect,
b879fd47919e85b9799811be1b68357ea6fd27b7b7ea4a90322a362fda697148,2021-12,Cheshire Constabulary,Cheshire Constabulary,-2.587145,53.417408,On or near Brathay Close,E01012539,Warrington 006E,Public order,Unable to prosecute suspect,
ec5194b246610cf738e55817c09795c2ab24ccacb18eeeeb54f124efba247f14,2021-12,Cheshire Constabulary,Cheshire Constabulary,-2.608453,53.420735,On or near Craven Court,E01012539,Warrington 006E,Vehicle crime,Investigation complete; no suspect identified,
8469f72c8b69cdc03afcc844c1ac4e1d0d24d04de52114916352996513d1ac7e,2021-12,Cheshire Constabulary,Cheshire Constabulary,-2.602733,53.418508,On or near Harvard Court,E01012539,Warrington 006E,Vehicle crime,Investigation complete; no suspect identified,
3895888a5a799606d2be139f3d98916dc4fc9eec78d2455e2b2f3cc14d24dca3,2021-12,Cheshire Constabulary,Cheshire Constabulary,-2.587145,53.417408,On or near Brathay Close,E01012539,Warrington 006E,Violence and sexual offences,Unable to prosecute suspect,
c448ff15f3ee356355d1d2e9859c052d67423d3ea0aa079ee9b4d172c8ca4fe0,2021-12,Cheshire Constabulary,Cheshire Constabulary,-2.591545,53.418977,On or near Ulverston Avenue,E01012539,Warrington 006E,Violence and sexual offences,Unable to prosecute suspect,
b43f0310ab5e43a339a909038c4d38965f47aeb3fb76da8cdb4aad292559aad2,2021-12,Cheshire Constabulary,Cheshire Constabulary,-2.602852,53.420548,On or near Bishops Court,E01012539,Warrington 006E,Violence and sexual offences,Unable to prosecute suspect,
0d903e93e408a436e3feeddbd04578f971bd6c5bc60ab76648a3d5c34e72b8b4,2021-12,Cheshire Constabulary,Cheshire Constabulary,-2.589861,53.419076,On or near Cleveland Road,E01012539,Warrington 006E,Violence and sexual offences,Unable to prosecute suspect,
a856967f0d4a5307bd0fab80eeafafa832bd493ecd6e4a8e4e6b7d10f2ce60a7,2021-12,Cheshire Constabulary,Cheshire Constabulary,-2.569679,53.419884,On or near Ballater Drive,E01012539,Warrington 006E,Violence and sexual offences,Investigation complete; no suspect identified,
84fadafb8fd14e5ae1ec2ee66f9877a3b6602c82f6018e50afaa58cbbfab365d,2021-12,Cheshire Constabulary,Cheshire Constabulary,-2.569679,53.419884,On or near Ballater Drive,E01012539,Warrington 006E,Violence and sexual offences,Investigation complete; no suspect identified,
031c9c402efca997c8adff73cb19efde2c5d778b5764a06cd68bcda96c8d15d4,2021-12,Cheshire Constabulary,Cheshire Constabulary,-2.587145,53.417408,On or near Brathay Close,E01012539,Warrington 006E,Violence and sexual offences,Unable to prosecute suspect,
bb292644702a5ccd0817fe3171e351468860ef35f65f20714c9e3d8a80038e76,2021-12,Cheshire Constabulary,Cheshire Constabulary,-2.591545,53.418977,On or near Ulverston Avenue,E01012539,Warrington 006E,Violence and sexual offences,Offender given a caution,
c732a07f1bbf7e3c3fe2a5367091a4ceb7276392dd3a446ada963ccf10544642,2021-12,Cheshire Constabulary,Cheshire Constabulary,-2.569679,53.419884,On or near Ballater Drive,E01012539,Warrington 006E,Violence and sexual offences,Unable to prosecute suspect,
550b03693ac89aaa48302613959eaf1631c22de2ed06a112de99d4bb3fd1278b,2021-12,Cheshire Constabulary,Cheshire Constabulary,-2.569679,53.419884,On or near Ballater Drive,E01012539,Warrington 006E,Violence and sexual offences,Investigation complete; no suspect identified,
,2021-12,Cheshire Constabulary,Cheshire Constabulary,-2.566480,53.419180,On or near Mill Close,E01012538,Warrington 007A,Anti-social behaviour,,
341c652117c0b85ab58b9a2cbdfbd7dddf70932786a34d70302cd8a41bdc02af,2021-12,Cheshire Constabulary,Cheshire Constabulary,-2.563421,53.422241,On or near Kinross Close,E01012538,Warrington 007A,Burglary,Investigation complete; no suspect identified,
9c6ae200273be08a04c2cec822c659ba126a6c4e8bc5de0ca056de708ff521e7,2021-12,Cheshire Constabulary,Cheshire Constabulary,-2.567727,53.415650,On or near Foxfield Close,E01012538,Warrington 007A,Other theft,Investigation complete; no suspect identified,
6f07335604b615c6a0042128622f0c6a389de53273b8aed3e9c53d0a8f906a8d,2021-12,Cheshire Constabulary,Cheshire Constabulary,-2.566480,53.419180,On or near Mill Close,E01012538,Warrington 007A,Violence and sexual offences,Unable to prosecute suspect,
3806c04f43b8295d2d944d055efa9cd57ecce1f7234a0155841501346ecd01f0,2021-12,Cheshire Constabulary,Cheshire Constabulary,-2.570160,53.416466,On or near Grasmere Avenue,E01012538,Warrington 007A,Violence and sexual offences,Unable to prosecute suspect,
6c78f253c8dff9db1742e9e1ae088c34f416ebbf0434f19ca371378396bbfd32,2021-12,Cheshire Constabulary,Cheshire Constabulary,-2.570160,53.416466,On or near Grasmere Avenue,E01012538,Warrington 007A,Violence and sexual offences,Unable to prosecute suspect,
851c986c99d80f89a68f8be6feb3e1f16d911ea7e8206d869e74ae7faf2e617b,2021-12,Cheshire Constabulary,Cheshire Constabulary,-2.565685,53.421656,On or near Dundee Close,E01012538,Warrington 007A,Violence and sexual offences,Investigation complete; no suspect identified,
cad9e177ddb122aaf88557030916784fe7fb5dc4f5982f4aa52562198c2ca084,2021-12,Cheshire Constabulary,Cheshire Constabulary,-2.570160,53.416466,On or near Grasmere Avenue,E01012538,Warrington 007A,Violence and sexual offences,Unable to prosecute suspect,
15d89788f270a047d4d336351bb1ab05b864b160618df21f4bb7e1d3c7ce98d0,2021-12,Cheshire Constabulary,Cheshire Constabulary,-2.570160,53.416466,On or near Grasmere Avenue,E01012538,Warrington 007A,Violence and sexual offences,Unable to prosecute suspect,
c5cadbb9497d729254d324f5f0d0bfb8938e2cf2400bee3e1711451f7016b4ce,2021-12,Cheshire Constabulary,Cheshire Constabulary,-2.570160,53.416466,On or near Grasmere Avenue,E01012538,Warrington 007A,Violence and sexual offences,Unable to prosecute suspect,
3f56aacfa6fc6c2f231ea2ee1e93a709993d4e03e5c8f0d6614bc7b3233e3a47,2021-12,Cheshire Constabulary,Cheshire Constabulary,-2.570160,53.416466,On or near Grasmere Avenue,E01012538,Warrington 007A,Violence and sexual offences,Unable to prosecute suspect,
713c61dddf87a1fbe84b2d6a89bd678d2f0eb4820815c25a287db8df872361ff,2021-12,Cheshire Constabulary,Cheshire Constabulary,-2.553661,53.415734,On or near Aviemore Drive,E01012540,Warrington 007B,Vehicle crime,Investigation complete; no suspect identified,
f749ed644802782b2184ac8df10e71cabe02def1f428709928b8525dee313407,2021-12,Cheshire Constabulary,Cheshire Constabulary,-2.559363,53.414620,On or near Bromley Close,E01012540,Warrington 007B,Violence and sexual offences,Unable to prosecute suspect,
3ca35492832f45801081c6257c9ea4c202683a1cfc1a9dfb07c45b80072624a3,2021-12,Cheshire Constabulary,Cheshire Constabulary,-2.559317,53.411061,On or near Supermarket,E01012540,Warrington 007B,Violence and sexual offences,Unable to prosecute suspect,
3a720329955f53b58f7884f89b6dc258fbfaae47fbb4443f717220b1dd968fcf,2021-12,Cheshire Constabulary,Cheshire Constabulary,-2.559317,53.411061,On or near Supermarket,E01012540,Warrington 007B,Violence and sexual offences,Unable to prosecute suspect,
a1f767dfb0be3d4333f394b147ce366fe14f0aab0c436bcc5b6c49c2af2de3b3,2021-12,Cheshire Constabulary,Cheshire Constabulary,-2.550478,53.418617,On or near Nairn Close,E01012541,Warrington 007C,Violence and sexual offences,Unable to prosecute suspect,
a36b14092087bb7af50279e9ac031b24e80fc4066af3cfc6a0d5c248252ba544,2021-12,Cheshire Constabulary,Cheshire Constabulary,-2.554959,53.418362,On or near Braemar Close,E01012541,Warrington 007C,Violence and sexual offences,Unable to prosecute suspect,
3fbc11e6a03ae3876bd73ed438aaff859ecd80a0cd70a81cb9e8f7f6e8ab5593,2021-12,Cheshire Constabulary,Cheshire Constabulary,-2.550478,53.418617,On or near Nairn Close,E01012541,Warrington 007C,Violence and sexual offences,Unable to prosecute suspect,
948dbc28d80ce061ae30f77fa0f56fd42c3d2e6948a00a65de31d0a6d69d5101,2021-12,Cheshire Constabulary,Cheshire Constabulary,-2.560726,53.416448,On or near Enfield Park Road,E01012542,Warrington 007D,Criminal damage and arson,Unable to prosecute suspect,
d456074a6fcd5781fe3c6f1e7cacba9ebc09bb99765f64642a407bfb34ea6f4e,2021-12,Cheshire Constabulary,Cheshire Constabulary,-2.560726,53.416448,On or near Enfield Park Road,E01012542,Warrington 007D,Violence and sexual offences,Unable to prosecute suspect,
676d7a9bd6266fb141607eedf491124e1a32d85375f7c78ab381b37302333251,2021-12,Cheshire Constabulary,Cheshire Constabulary,-2.557017,53.418128,On or near Blackledge Close,E01012542,Warrington 007D,Violence and sexual offences,Action to be taken by another organisation,
b693e050e5eaef25f22e5e544c5c764b1a40b43ab23d8f0d4b7072d0cd82aae8,2021-12,Cheshire Constabulary,Cheshire Constabulary,-2.560726,53.416448,On or near Enfield Park Road,E01012542,Warrington 007D,Violence and sexual offences,Unable to prosecute suspect,
98c7633209e45da076ab570391cc13bd7e5b229daeb204c5cba3aee9882523ec,2021-12,Cheshire Constabulary,Cheshire Constabulary,-2.548962,53.413078,On or near Ronald Drive,E01012543,Warrington 007E,Violence and sexual offences,Unable to prosecute suspect,
75ecefd65aae9663649a6d74b7a833d5f5244730b8cf0980518754b5c37080b5,2021-12,Cheshire Constabulary,Cheshire Constabulary,-2.556491,53.411290,On or near Orchard Street,E01012543,Warrington 007E,Violence and sexual offences,Unable to prosecute suspect,
87ea2f89542825d266c9ea54c6be48a10afa09b889e28f69a9eb714a3c0e391f,2021-12,Cheshire Constabulary,Cheshire Constabulary,-2.551384,53.415376,On or near Sports/Recreation Area,E01012543,Warrington 007E,Violence and sexual offences,Investigation complete; no suspect identified,
02fd192331d0d020d863cc4e65bddc5d8fa6380b73e0802591802d2903589357,2021-12,Cheshire Constabulary,Cheshire Constabulary,-2.552174,53.412487,On or near Mere Road,E01012543,Warrington 007E,Violence and sexual offences,Unable to prosecute suspect,
9f3805dc05c4db1f63a5a56a1d40d510174b729ea0503081116b6eecb8d0fa53,2021-12,Cheshire Constabulary,Cheshire Constabulary,-2.556491,53.411290,On or near Orchard Street,E01012543,Warrington 007E,Violence and sexual offences,Unable to prosecute suspect,
,2021-12,Cheshire Constabulary,Cheshire Constabulary,-2.548362,53.408505,On or near Oxmead Close,E01012544,Warrington 007F,Anti-social behaviour,,
,2021-12,Cheshire Constabulary,Cheshire Constabulary,-2.544610,53.411533,On or near Anderson Close,E01012544,Warrington 007F,Anti-social behaviour,,
fe17e70ad87ea44a977366095a487bd9d5344fdd5b8a12ef78b24d9d913b616b,2021-12,Cheshire Constabulary,Cheshire Constabulary,-2.548492,53.410410,On or near Harpers Road,E01012544,Warrington 007F,Criminal damage and arson,Unable to prosecute suspect,
7cde25692ff7ea9e5fc46d2add20d7108eb6fdc409373711e6359b72cd2e5d6b,2021-12,Cheshire Constabulary,Cheshire Constabulary,-2.548492,53.410410,On or near Harpers Road,E01012544,Warrington 007F,Violence and sexual offences,Unable to prosecute suspect,
35484705681981573410221b5d5384699794d83442a3751ed1a3020988a7098b,2021-12,Cheshire Constabulary,Cheshire Constabulary,-2.548492,53.410410,On or near Harpers Road,E01012544,Warrington 007F,Violence and sexual offences,Unable to prosecute suspect,
281c087ef2c66b1f5c056a9cfc862ce313ddb400f47294beaa44dcd69d772813,2021-12,Cheshire Constabulary,Cheshire Constabulary,-2.548492,53.410410,On or near Harpers Road,E01012544,Warrington 007F,Violence and sexual offences,Unable to prosecute suspect,
d67c3b83d20dc28bbc2d1c07dc6cbdbaf7c23e77f9197bfd844d33c7f030c600,2021-12,Cheshire Constabulary,Cheshire Constabulary,-2.584935,53.412026,On or near Byron Court,E01012521,Warrington 008A,Criminal damage and arson,Investigation complete; no suspect identified,
f95425fb43586ace819a9a1794b115e7c43d928aa4f1277f92b7776d23c82ec8,2021-12,Cheshire Constabulary,Cheshire Constabulary,-2.580620,53.408973,On or near Povey Road,E01012521,Warrington 008A,Criminal damage and arson,Investigation complete; no suspect identified,
4f3c47943ddbef4a90999e7060145577d1898845d39659e5321ffa1a8c626e71,2021-12,Cheshire Constabulary,Cheshire Constabulary,-2.587777,53.409774,On or near Cossack Avenue,E01012521,Warrington 008A,Public order,Unable to prosecute suspect,
dfd647a1a2b8e70ecdb42299da01215956cdbee735465d9a102c20373bb0ce49,2021-12,Cheshire Constabulary,Cheshire Constabulary,-2.581788,53.407439,On or near Birtles Road,E01012521,Warrington 008A,Public order,Investigation complete; no suspect identified,
29351947ccbbe95491256afdb6aecba0e58fcc1ce0eefb5e4ff3f02daa922d81,2021-12,Cheshire Constabulary,Cheshire Constabulary,-2.581788,53.407439,On or near Birtles Road,E01012521,Warrington 008A,Public order,Investigation complete; no suspect identified,
76978dc89d6be8ba7ead97fc2a2fd7b1fb5489f73c649f1b83642e2a0e1c4da8,2021-12,Cheshire Constabulary,Cheshire Constabulary,-2.581485,53.411737,On or near Small Avenue,E01012521,Warrington 008A,Vehicle crime,Investigation complete; no suspect identified,
d8e64c8048d1353e9d73b6f2618d4f3ce19e64005d05619e127afdabddd2b7fc,2021-12,Cheshire Constabulary,Cheshire Constabulary,-2.580620,53.408973,On or near Povey Road,E01012521,Warrington 008A,Violence and sexual offences,Court result unavailable,
15ef74f3e6943addb17408e882c5aec3df0e25c5267b201c445cac56730e67c7,2021-12,Cheshire Constabulary,Cheshire Constabulary,-2.581801,53.407313,On or near Orford Green,E01012521,Warrington 008A,Violence and sexual offences,Unable to prosecute suspect,
2a363791d3fe1d3f7f5bdfbb85daa53b15c18a9dea39f2fa57515cb1fa9ae7eb,2021-12,Cheshire Constabulary,Cheshire Constabulary,-2.581801,53.407313,On or near Orford Green,E01012521,Warrington 008A,Violence and sexual offences,Unable to prosecute suspect,
,2021-12,Cheshire Constabulary,Cheshire Constabulary,-2.575721,53.410453,On or near Poplars Avenue,E01012522,Warrington 008B,Anti-social behaviour,,
d13383e8db52a18e9855ef37c045c6894d3662417919003ab7b0d460352191e7,2021-12,Cheshire Constabulary,Cheshire Constabulary,-2.577832,53.408582,On or near Park Road,E01012522,Warrington 008B,Burglary,Investigation complete; no suspect identified,
1209ad7f74ef35a33bfb65060e82eb47d14d923bb42988c1e015da5cd8317db9,2021-12,Cheshire Constabulary,Cheshire Constabulary,-2.577832,53.408582,On or near Park Road,E01012522,Warrington 008B,Other theft,Investigation complete; no suspect identified,
cd48964446b85e819dcb3dd0d5f932faa5fbabac3e840378a7deeea824231e2b,2021-12,Cheshire Constabulary,Cheshire Constabulary,-2.578785,53.411175,On or near Festival Crescent,E01012522,Warrington 008B,Public order,Unable to prosecute suspect,
ab74804d39db5a87df2fc97c76553110be35e583e038392ec751d3465a93bbb3,2021-12,Cheshire Constabulary,Cheshire Constabulary,-2.576264,53.410567,On or near Supermarket,E01012522,Warrington 008B,Public order,Unable to prosecute suspect,
bd3614e2fcfc065a19082707f1ac6752b1ac04fb765b78f7df74d98c0d3ed20c,2021-12,Cheshire Constabulary,Cheshire Constabulary,-2.575585,53.408143,On or near Neville Avenue,E01012522,Warrington 008B,Violence and sexual offences,Unable to prosecute suspect,
d5427b475c376890acdc45ab1608367e0fffdff7ac22c5622cc8f9e60b271253,2021-12,Cheshire Constabulary,Cheshire Constabulary,-2.576944,53.410734,On or near Caldbeck Avenue,E01012522,Warrington 008B,Violence and sexual offences,Investigation complete; no suspect identified,
66b5775fc45efb9d709339cf0cf1c62e2cb69894e88cbd2e76ec524c6186ab44,2021-12,Cheshire Constabulary,Cheshire Constabulary,-2.575585,53.408143,On or near Neville Avenue,E01012522,Warrington 008B,Violence and sexual offences,Unable to prosecute suspect,
c6b714e2fe9896ecc8adecc8341a9b166040af9f59145708889f0afba8eeeef3,2021-12,Cheshire Constabulary,Cheshire Constabulary,-2.577832,53.408582,On or near Park Road,E01012522,Warrington 008B,Violence and sexual offences,Investigation complete; no suspect identified,
d3072ac76dc18012dbb7165c8af5d262e40e8dac1f8b0ebf84bef65d453278ee,2021-12,Cheshire Constabulary,Cheshire Constabulary,-2.577832,53.408582,On or near Park Road,E01012522,Warrington 008B,Other crime,Investigation complete; no suspect identified,
,2021-12,Cheshire Constabulary,Cheshire Constabulary,-2.572001,53.413464,On or near Humber Road,E01012533,Warrington 008C,Anti-social behaviour,,
,2021-12,Cheshire Constabulary,Cheshire Constabulary,-2.572633,53.415735,On or near Swift Close,E01012533,Warrington 008C,Anti-social behaviour,,
,2021-12,Cheshire Constabulary,Cheshire Constabulary,-2.572001,53.413464,On or near Humber Road,E01012533,Warrington 008C,Anti-social behaviour,,
,2021-12,Cheshire Constabulary,Cheshire Constabulary,-2.573775,53.413392,On or near Thames Close,E01012533,Warrington 008C,Anti-social behaviour,,
47720088c4ab24211002c07385221bec98e02f7cba67c57960a39d2115ef74e6,2021-12,Cheshire Constabulary,Cheshire Constabulary,-2.572001,53.413464,On or near Humber Road,E01012533,Warrington 008C,Criminal damage and arson,Local resolution,
a35ba7034a9d2b3fe67067ed177b353557ad337e404491a62092e5a806ba89eb,2021-12,Cheshire Constabulary,Cheshire Constabulary,-2.567185,53.414493,On or near Capesthorne Road,E01012533,Warrington 008C,Drugs,Unable to prosecute suspect,
7a641360eb5d8d6025083d0957dc6e326c641c6b42e88f2f8d289887d086d9a3,2021-12,Cheshire Constabulary,Cheshire Constabulary,-2.575076,53.415040,On or near Bittern Close,E01012533,Warrington 008C,Public order,Investigation complete; no suspect identified,
f71e98f362b500756ed43ffef815c44ea58fa6c9e26063224ebe86baaaade494,2021-12,Cheshire Constabulary,Cheshire Constabulary,-2.570667,53.414980,On or near Dunlin Close,E01012533,Warrington 008C,Vehicle crime,Investigation complete; no suspect identified,
2e20889d6a0ce0196848ec3fff3a6d94edc127f3e6e85ce9eb81387ebec3cb76,2021-12,Cheshire Constabulary,Cheshire Constabulary,-2.568391,53.414640,On or near Merrick Close,E01012533,Warrington 008C,Vehicle crime,Investigation complete; no suspect identified,
05adb709ef32d3a297bdc9fff58d1cf3d234e7e82368006c63ff039b6d5b7fb5,2021-12,Cheshire Constabulary,Cheshire Constabulary,-2.570667,53.414980,On or near Dunlin Close,E01012533,Warrington 008C,Violence and sexual offences,Unable to prosecute suspect,
25f4cd72a9c1b6aa355fe48b20e6f88d5dd03d255f43117cfdd2bf56f3b3a664,2021-12,Cheshire Constabulary,Cheshire Constabulary,-2.572001,53.413464,On or near Humber Road,E01012533,Warrington 008C,Violence and sexual offences,Local resolution,
9432c41bcec39e7eb5671620dca74b4cd51c927dd66fd9eee1c0dbcac6707463,2021-12,Cheshire Constabulary,Cheshire Constabulary,-2.572559,53.413551,On or near Medway Close,E01012533,Warrington 008C,Violence and sexual offences,Unable to prosecute suspect,
279ec56dcb12d1d4a8d1e33b6f94eddbea50ed7ea518c698dfbd68415672daa8,2021-12,Cheshire Constabulary,Cheshire Constabulary,-2.572255,53.416725,On or near Osprey Close,E01012533,Warrington 008C,Violence and sexual offences,Unable to prosecute suspect,
ee1089b5d9870e07e7a4b21fb774cd87300bccaa2892df17af8d7d71174affab,2021-12,Cheshire Constabulary,Cheshire Constabulary,-2.573785,53.414093,On or near Sandalwood Close,E01012533,Warrington 008C,Violence and sexual offences,Court result unavailable,
75c6e0300cafb4486d0d4855edcf1c7596d2dc94b2bb651eefaac76e896edeac,2021-12,Cheshire Constabulary,Cheshire Constabulary,-2.572001,53.413464,On or near Humber Road,E01012533,Warrington 008C,Violence and sexual offences,Local resolution,
,2021-12,Cheshire Constabulary,Cheshire Constabulary,-2.575567,53.412422,On or near Whittaker Avenue,E01012536,Warrington 008D,Anti-social behaviour,,
,2021-12,Cheshire Constabulary,Cheshire Constabulary,-2.572877,53.411527,On or near Capesthorne Road,E01012536,Warrington 008D,Anti-social behaviour,,
349240a0c017577c4a38ed1b30ba38ad66a4792e508e0e187cd0f3fcf0b976a0,2021-12,Cheshire Constabulary,Cheshire Constabulary,-2.575567,53.412422,On or near Whittaker Avenue,E01012536,Warrington 008D,Criminal damage and arson,Investigation complete; no suspect identified,
ecd7a72923e4f8eccfd742c1bbb2fa2c2b57a460e0fa8714aaf639095483899b,2021-12,Cheshire Constabulary,Cheshire Constabulary,-2.572680,53.408058,On or near Harding Avenue,E01012536,Warrington 008D,Public order,Unable to prosecute suspect,
c219013d997dc9bb122cc994064b1bf1c8bc10aca59aac3d9b3a408d19f669cf,2021-12,Cheshire Constabulary,Cheshire Constabulary,-2.575567,53.412422,On or near Whittaker Avenue,E01012536,Warrington 008D,Violence and sexual offences,Unable to prosecute suspect,
3673aaed41bc3ccd1e462240d2b03a112e12e51752bd470cf2b738d9f74bcd67,2021-12,Cheshire Constabulary,Cheshire Constabulary,-2.572877,53.411527,On or near Capesthorne Road,E01012536,Warrington 008D,Violence and sexual offences,Unable to prosecute suspect,
1154ab682f73ccf702105655cb3794e353b1218254056652d89f599330e78357,2021-12,Cheshire Constabulary,Cheshire Constabulary,-2.570934,53.407959,On or near Derek Avenue,E01012536,Warrington 008D,Violence and sexual offences,Court result unavailable,
d84f60616d2c5e20bfa0927118f2f11bc2bf34d8a5f36514e6a99f737dee7536,2021-12,Cheshire Constabulary,Cheshire Constabulary,-2.575567,53.412422,On or near Whittaker Avenue,E01012536,Warrington 008D,Violence and sexual offences,Investigation complete; no suspect identified,
7655e1bce59cbfd3d458ad969d75284c71c6e608fb32651a3e9408d2ac8214be,2021-12,Cheshire Constabulary,Cheshire Constabulary,-2.572877,53.411527,On or near Capesthorne Road,E01012536,Warrington 008D,Violence and sexual offences,Unable to prosecute suspect,
745c2e90d4097964da27e56b4f781e96982a7d463122a261eea86f7717f80fc5,2021-12,Cheshire Constabulary,Cheshire Constabulary,-2.575567,53.412422,On or near Whittaker Avenue,E01012536,Warrington 008D,Violence and sexual offences,Investigation complete; no suspect identified,
84e46d64b25bb1e04aacd57a2a825a619bec94d054fdaeb209041378902f8992,2021-12,Cheshire Constabulary,Cheshire Constabulary,-2.575567,53.412422,On or near Whittaker Avenue,E01012536,Warrington 008D,Violence and sexual offences,Local resolution,
2f40d76fa052bc1dc7860ef5e96d658b7cd227b8621b1b46c7180556fe43f687,2021-12,Cheshire Constabulary,Cheshire Constabulary,-2.572717,53.411914,On or near Barrow Avenue,E01012536,Warrington 008D,Violence and sexual offences,Unable to prosecute suspect,
0aff5f072f5e583525251cb4e1cfc3c2efe439d0c0efabd842927fb8d8908579,2021-12,Cheshire Constabulary,Cheshire Constabulary,-2.572717,53.411914,On or near Barrow Avenue,E01012536,Warrington 008D,Violence and sexual offences,Unable to prosecute suspect,
,2021-12,Cheshire Constabulary,Cheshire Constabulary,-2.563559,53.409899,On or near St Mawgan Court,E01012545,Warrington 008E,Anti-social behaviour,,
0104de83594a7aa6aeade46b24d0ca35c14be5bfc3457329f18ff9fe6b99ad04,2021-12,Cheshire Constabulary,Cheshire Constabulary,-2.562979,53.413812,On or near Wellington Close,E01012545,Warrington 008E,Criminal damage and arson,Unable to prosecute suspect,
243b86450c4445e0b6b5011f83a99bf708e76ac4e5a3cb6427f5807b4a16b687,2021-12,Cheshire Constabulary,Cheshire Constabulary,-2.559563,53.413756,On or near Cinnamon Lane,E01012545,Warrington 008E,Drugs,Offender given a caution,
7d7282f958ba89e8a6b84db6e9e77fa7010e83b9a8a3a4dd08d1188e1e72d850,2021-12,Cheshire Constabulary,Cheshire Constabulary,-2.564354,53.413141,On or near Pedestrian Subway,E01012545,Warrington 008E,Other theft,Investigation complete; no suspect identified,
aacbf723ddf9d126bd0d82dc17a90bd23bf1c746679b09e4e1e630f9b7526e4f,2021-12,Cheshire Constabulary,Cheshire Constabulary,-2.562072,53.412396,On or near Valiant Close,E01012545,Warrington 008E,Vehicle crime,Investigation complete; no suspect identified,
c56bef930f496fcdbe4eb4fad4b3c8408b640f3bb34b214d1c31805655007920,2021-12,Cheshire Constabulary,Cheshire Constabulary,-2.564354,53.413141,On or near Pedestrian Subway,E01012545,Warrington 008E,Violence and sexual offences,Unable to prosecute suspect,
aa542d034736b039207fc9b51295c26f44d77b042f8ee3ba9d219e2800a3c170,2021-12,Cheshire Constabulary,Cheshire Constabulary,-2.565500,53.411068,On or near Blenheim Close,E01012545,Warrington 008E,Violence and sexual offences,Unable to prosecute suspect,
88096a75b9fe5a56d486af8a537c98e03f445001695f6a88f93590b5d067b30e,2021-12,Cheshire Constabulary,Cheshire Constabulary,-2.566576,53.411701,On or near Viscount Road,E01012545,Warrington 008E,Violence and sexual offences,Investigation complete; no suspect identified,
e1dd785c7b9a35fd5a4bd09b106a9114afb10c4309782eb7c5f084edd86847d4,2021-12,Cheshire Constabulary,Cheshire Constabulary,-2.562979,53.413812,On or near Wellington Close,E01012545,Warrington 008E,Violence and sexual offences,Unable to prosecute suspect,
a0e986e20b4465c24e592c0c87518561659aaf2e792a39cf78b49e4a665f5d54,2021-12,Cheshire Constabulary,Cheshire Constabulary,-2.564354,53.413141,On or near Pedestrian Subway,E01012545,Warrington 008E,Violence and sexual offences,Unable to prosecute suspect,
3ce5b801e6cae7f54055d87eb14ec69a69f56580ae402ea1427e91148207cfee,2021-12,Cheshire Constabulary,Cheshire Constabulary,-2.562979,53.413812,On or near Wellington Close,E01012545,Warrington 008E,Violence and sexual offences,Unable to prosecute suspect,
1ce9c659a7729e52d782c27d8e89d65f0984b9f25fc3669c89a31ffffa28fccd,2021-12,Cheshire Constabulary,Cheshire Constabulary,-2.564354,53.413141,On or near Pedestrian Subway,E01012545,Warrington 008E,Violence and sexual offences,Unable to prosecute suspect,
80db1abea56dfac695e34ad3873a0ee10debdd40bb6cae75b947d02aa70f3b94,2021-12,Cheshire Constabulary,Cheshire Constabulary,-2.564354,53.413141,On or near Pedestrian Subway,E01012545,Warrington 008E,Violence and sexual offences,Unable to prosecute suspect,
d2e0161b6fd30682d9d5ad2fdd6b5a9a5b9431edfa3f5840ef3155802aba499a,2021-12,Cheshire Constabulary,Cheshire Constabulary,-2.564354,53.413141,On or near Pedestrian Subway,E01012545,Warrington 008E,Violence and sexual offences,Unable to prosecute suspect,
a53ddf7e0002180b51c5972b02c0715fd8d39b75c061636160d0038a1eafc3df,2021-12,Cheshire Constabulary,Cheshire Constabulary,-2.564354,53.413141,On or near Pedestrian Subway,E01012545,Warrington 008E,Violence and sexual offences,Unable to prosecute suspect,
,2021-12,Cheshire Constabulary,Cheshire Constabulary,-2.564135,53.409115,On or near Ruislip Court,E01012546,Warrington 008F,Anti-social behaviour,,
da98deb1063200723cec9b2f2ea9ba3482c72e13e25d42db7c4faba6732266af,2021-12,Cheshire Constabulary,Cheshire Constabulary,-2.571730,53.405645,On or near Sealand Close,E01012546,Warrington 008F,Vehicle crime,Investigation complete; no suspect identified,
0421037138ef904b629e18e9823630be270c2c390d73c85022899fb731dca852,2021-12,Cheshire Constabulary,Cheshire Constabulary,-2.565963,53.408549,On or near Northolt Court,E01012546,Warrington 008F,Violence and sexual offences,Unable to prosecute suspect,
8cf131fb87a5f4a585b6f958692656e51036bb442b058b75adc81de1298507f1,2021-12,Cheshire Constabulary,Cheshire Constabulary,-2.571219,53.405683,On or near Woodvale Close,E01012546,Warrington 008F,Violence and sexual offences,Court result unavailable,
,2021-12,Cheshire Constabulary,Cheshire Constabulary,-2.624320,53.414073,On or near Peterstone Close,E01012561,Warrington 009A,Anti-social behaviour,,
,2021-12,Cheshire Constabulary,Cheshire Constabulary,-2.610861,53.413415,On or near Colwyn Close,E01012561,Warrington 009A,Anti-social behaviour,,
4ba33e1703cec216a5d3f7d1566e5ad58f43488f8c7849d6c24b8be24cf30567,2021-12,Cheshire Constabulary,Cheshire Constabulary,-2.623149,53.418313,On or near Taurus Park,E01012561,Warrington 009A,Bicycle theft,Investigation complete; no suspect identified,
8da3906b5ba949605e1187d4367c99f94f4a8e2ff8ee9bbca14ef9c8ccdb39d0,2021-12,Cheshire Constabulary,Cheshire Constabulary,-2.622748,53.414576,On or near Goldcliffe Close,E01012561,Warrington 009A,Criminal damage and arson,Court result unavailable,
5fae4b665180737e198e9dfe9e1d2298a9901dabf67c1bd8cbe24c65b7ee4999,2021-12,Cheshire Constabulary,Cheshire Constabulary,-2.623149,53.418313,On or near Taurus Park,E01012561,Warrington 009A,Other theft,Status update unavailable,
45813c49030068c6a1a90e7bb6fe3f39067ed546a35db1982219ad4ee632dd11,2021-12,Cheshire Constabulary,Cheshire Constabulary,-2.624320,53.414073,On or near Peterstone Close,E01012561,Warrington 009A,Public order,Unable to prosecute suspect,
d12daa0f801bb4e8f7f30285f411b7e2f6939047a19ec4eac56474df4760e392,2021-12,Cheshire Constabulary,Cheshire Constabulary,-2.623149,53.418313,On or near Taurus Park,E01012561,Warrington 009A,Public order,Investigation complete; no suspect identified,
87362a7c63a0b03630ebc2a7b683d18bc9f5b655e78658003fd3b2bdd6780ca5,2021-12,Cheshire Constabulary,Cheshire Constabulary,-2.624320,53.414073,On or near Peterstone Close,E01012561,Warrington 009A,Shoplifting,Investigation complete; no suspect identified,
567a32d031b94f2cf8a77ce250e9f4746db2a1eff1fae72c4d01499f3d7b5ccd,2021-12,Cheshire Constabulary,Cheshire Constabulary,-2.624320,53.414073,On or near Peterstone Close,E01012561,Warrington 009A,Shoplifting,Investigation complete; no suspect identified,
8482241a891459571f8abdd8ee3409129b32095865cf3acae814cdd63d8b79fd,2021-12,Cheshire Constabulary,Cheshire Constabulary,-2.624320,53.414073,On or near Peterstone Close,E01012561,Warrington 009A,Shoplifting,Court result unavailable,
00e7ccf8d302749583fd76484a435fe90606e6f7531dbb2631b3dbe328f3f530,2021-12,Cheshire Constabulary,Cheshire Constabulary,-2.624320,53.414073,On or near Peterstone Close,E01012561,Warrington 009A,Shoplifting,Investigation complete; no suspect identified,
8454935dabf0ed3b3909a628c06747856dbcebe1736f774f25533f3d58aad2cc,2021-12,Cheshire Constabulary,Cheshire Constabulary,-2.624320,53.414073,On or near Peterstone Close,E01012561,Warrington 009A,Shoplifting,Court result unavailable,
3d0d1dc81201366c77da29b0a719d086b46ed229138c553912276e93dc8dfd23,2021-12,Cheshire Constabulary,Cheshire Constabulary,-2.623685,53.415866,On or near Europa Boulevard,E01012561,Warrington 009A,Vehicle crime,Court result unavailable,
0ec33f6d1e0429f690cdfd150844d00ef4ff9db2336d3670ab18400653e52bd7,2021-12,Cheshire Constabulary,Cheshire Constabulary,-2.624320,53.414073,On or near Peterstone Close,E01012561,Warrington 009A,Violence and sexual offences,Unable to prosecute suspect,
,2021-12,Cheshire Constabulary,Cheshire Constabulary,-2.637389,53.416755,On or near Pedestrian Subway,E01012562,Warrington 009B,Anti-social behaviour,,
,2021-12,Cheshire Constabulary,Cheshire Constabulary,-2.636917,53.416362,On or near Motorway Service Area,E01012562,Warrington 009B,Anti-social behaviour,,
,2021-12,Cheshire Constabulary,Cheshire Constabulary,-2.646085,53.413751,On or near Burtonwood Road,E01012562,Warrington 009B,Anti-social behaviour,,
6fd9b779e2359c542b6dde066b43d0dca13df3f55419deb34c2202ecd883dc92,2021-12,Cheshire Constabulary,Cheshire Constabulary,-2.646085,53.413751,On or near Burtonwood Road,E01012562,Warrington 009B,Burglary,Investigation complete; no suspect identified,
8ee6f2aab662aa330cae5820ad4c433e0085e5367c8a56314fbc4ac7583fc42e,2021-12,Cheshire Constabulary,Cheshire Constabulary,-2.632362,53.411559,On or near Delta Crescent,E01012562,Warrington 009B,Other theft,Investigation complete; no suspect identified,
18434ea142bdeb26fb34ffce9813c6108429ea60a54d78954cad4055b3cff617,2021-12,Cheshire Constabulary,Cheshire Constabulary,-2.652226,53.411929,On or near Airport/Airfield,E01012562,Warrington 009B,Other theft,Investigation complete; no suspect identified,
9f69f3e9adc4b742d1683c66d082943a4846e07a5476a5ee5958c19b2e07fc2e,2021-12,Cheshire Constabulary,Cheshire Constabulary,-2.637948,53.412851,On or near Falconers Green,E01012562,Warrington 009B,Public order,Unable to prosecute suspect,
0725a853a33dfeda938159af114af499eb895ad9b6e268252c4a370c73f77288,2021-12,Cheshire Constabulary,Cheshire Constabulary,-2.637389,53.416755,On or near Pedestrian Subway,E01012562,Warrington 009B,Public order,Investigation complete; no suspect identified,
8181113b3a70067a5989a2e9897edf981e7c7bc4dee7ee1e7f70426e1c582143,2021-12,Cheshire Constabulary,Cheshire Constabulary,-2.636917,53.416362,On or near Motorway Service Area,E01012562,Warrington 009B,Public order,Unable to prosecute suspect,
d02d85b28cd774e18c1dc1b80da4f036741a52c16c6a7888abad3a98c4da4224,2021-12,Cheshire Constabulary,Cheshire Constabulary,-2.639351,53.415109,On or near Charon Way,E01012562,Warrington 009B,Public order,Unable to prosecute suspect,
fde0059edead0351b4c5c9d8b536a0a7e9169f524acd813b4e801084f1f90d2d,2021-12,Cheshire Constabulary,Cheshire Constabulary,-2.636917,53.416362,On or near Motorway Service Area,E01012562,Warrington 009B,Shoplifting,Investigation complete; no suspect identified,
ac88818f33ed99cacb802656e03a3e7f2d2c1141001025df80573c6e4582dfcb,2021-12,Cheshire Constabulary,Cheshire Constabulary,-2.636917,53.416362,On or near Motorway Service Area,E01012562,Warrington 009B,Shoplifting,Unable to prosecute suspect,
50e03f788f81d93bf9b689eeb191adf13017df90c1a5b40f75d566ce107414d1,2021-12,Cheshire Constabulary,Cheshire Constabulary,-2.636917,53.416362,On or near Motorway Service Area,E01012562,Warrington 009B,Shoplifting,Court result unavailable,
13fa00f409b478b4bb79f82ee4edaae6b265832e4cc564f3c22489bb2b9e931c,2021-12,Cheshire Constabulary,Cheshire Constabulary,-2.636917,53.416362,On or near Motorway Service Area,E01012562,Warrington 009B,Shoplifting,Unable to prosecute suspect,
bc24eda5b03adc13e43db1fe48ed2c68085558eefbcd390f5bcc79c4113a48dc,2021-12,Cheshire Constabulary,Cheshire Constabulary,-2.637389,53.416755,On or near Pedestrian Subway,E01012562,Warrington 009B,Vehicle crime,Investigation complete; no suspect identified,
35db2604d802b21d8688094aed3f3923716573b6b701e5fdac711b2f94acd55e,2021-12,Cheshire Constabulary,Cheshire Constabulary,-2.635647,53.410913,On or near Carina Park,E01012562,Warrington 009B,Violence and sexual offences,Unable to prosecute suspect,
0a66f3d4f4fca8548aee000543508f398419937d21b04711c6b509e17897cc72,2021-12,Cheshire Constabulary,Cheshire Constabulary,-2.652226,53.411929,On or near Airport/Airfield,E01012562,Warrington 009B,Violence and sexual offences,Investigation complete; no suspect identified,
0dd654f3ee4318dadca722be3b0ffaa41661ad2d3db1dbc89a6b77ccc742bb6e,2021-12,Cheshire Constabulary,Cheshire Constabulary,-2.636917,53.416362,On or near Motorway Service Area,E01012562,Warrington 009B,Violence and sexual offences,Investigation complete; no suspect identified,
4793a6c12bce58c43bf4a322a35aad166ce8db51fc52e19b8b74d06adec21cc7,2021-12,Cheshire Constabulary,Cheshire Constabulary,-2.652226,53.411929,On or near Airport/Airfield,E01012562,Warrington 009B,Violence and sexual offences,Investigation complete; no suspect identified,
50242d41e727e762057bde08eb10c01af2f44eaf46245e90f8da31868855e3aa,2021-12,Cheshire Constabulary,Cheshire Constabulary,-2.636917,53.416362,On or near Motorway Service Area,E01012562,Warrington 009B,Violence and sexual offences,Investigation complete; no suspect identified,
,2021-12,Cheshire Constabulary,Cheshire Constabulary,-2.658257,53.400138,On or near Stockdale Crescent,E01012567,Warrington 009C,Anti-social behaviour,,
,2021-12,Cheshire Constabulary,Cheshire Constabulary,-2.658045,53.401991,On or near Bainbridge Crescent,E01012567,Warrington 009C,Anti-social behaviour,,
,2021-12,Cheshire Constabulary,Cheshire Constabulary,-2.647833,53.398083,On or near Wharfdale Close,E01012567,Warrington 009C,Anti-social behaviour,,
,2021-12,Cheshire Constabulary,Cheshire Constabulary,-2.651220,53.401211,On or near Wensleydale Close,E01012567,Warrington 009C,Anti-social behaviour,,
,2021-12,Cheshire Constabulary,Cheshire Constabulary,-2.658045,53.401991,On or near Bainbridge Crescent,E01012567,Warrington 009C,Anti-social behaviour,,
25e2ecc68375b09f571f9afccf8b8966580a52e0ae7a0120c811af8adff5bbeb,2021-12,Cheshire Constabulary,Cheshire Constabulary,-2.655614,53.401357,On or near Lonsdale Close,E01012567,Warrington 009C,Other theft,Unable to prosecute suspect,
322157784c8a0a09a2758ca860dfa8c0bb9a632a5f8617d92c2ea1a072b93a41,2021-12,Cheshire Constabulary,Cheshire Constabulary,-2.661122,53.401570,On or near Billington Close,E01012567,Warrington 009C,Other theft,Unable to prosecute suspect,
a163481d932038d9ee7194a15f4782481bcbf42f562e5438db2f186ed0c29a1c,2021-12,Cheshire Constabulary,Cheshire Constabulary,-2.661122,53.401570,On or near Billington Close,E01012567,Warrington 009C,Violence and sexual offences,Unable to prosecute suspect,
2334c96b01ba5287fe6ec522edc53ccffe410f4c641ebbcfb98bd796819a9197,2021-12,Cheshire Constabulary,Cheshire Constabulary,-2.661122,53.401570,On or near Billington Close,E01012567,Warrington 009C,Violence and sexual offences,Unable to prosecute suspect,
203635f8e12449a93ea9032f97b83aa7a049c1b9e865d2e0a56add3695c28860,2021-12,Cheshire Constabulary,Cheshire Constabulary,-2.661122,53.401570,On or near Billington Close,E01012567,Warrington 009C,Violence and sexual offences,Unable to prosecute suspect,
37975d323ae24068610faa3e84a9ec307a6c093c92ab1ec60c7b02a38973984a,2021-12,Cheshire Constabulary,Cheshire Constabulary,-2.661122,53.401570,On or near Billington Close,E01012567,Warrington 009C,Violence and sexual offences,Unable to prosecute suspect,
313372bb37258ceb534a96f388585f3cd93c6d5a01505a1fc3bb3d3217b704b8,2021-12,Cheshire Constabulary,Cheshire Constabulary,-2.653865,53.400082,On or near Farndale Close,E01012567,Warrington 009C,Violence and sexual offences,Unable to prosecute suspect,
311980e267d2d6cb8689430cb0148afbbca9491f5d07226a59c6aaa9623d816e,2021-12,Cheshire Constabulary,Cheshire Constabulary,-2.659283,53.399342,On or near Blue Ridge Close,E01012567,Warrington 009C,Violence and sexual offences,Unable to prosecute suspect,
63f69d009f3d1a1d6e5897d93e7493f87c8b36c3b9011707bd1262b6550927fd,2021-12,Cheshire Constabulary,Cheshire Constabulary,-2.661122,53.401570,On or near Billington Close,E01012567,Warrington 009C,Violence and sexual offences,Unable to prosecute suspect,
b60f59ff95b6fe51b43682c89b87fddf2f4bbe234c46a172f895baa3ea632c06,2021-12,Cheshire Constabulary,Cheshire Constabulary,-2.659283,53.399342,On or near Blue Ridge Close,E01012567,Warrington 009C,Violence and sexual offences,Unable to prosecute suspect,
0ffcfc9bd45052c67e38cc01e2db18a1132a1525d18452d5803aaab211a4b23c,2021-12,Cheshire Constabulary,Cheshire Constabulary,-2.659283,53.399342,On or near Blue Ridge Close,E01012567,Warrington 009C,Violence and sexual offences,Unable to prosecute suspect,
2ed6504f44b0f58cea23effb42423e5275c6d761d1b508bf82a30232056b2cbe,2021-12,Cheshire Constabulary,Cheshire Constabulary,-2.659283,53.399342,On or near Blue Ridge Close,E01012567,Warrington 009C,Violence and sexual offences,Unable to prosecute suspect,
0d01255c1ade46bab64f8f9f5541b5b2dfc438a6e0e598a95bbd3df4bb9b223c,2021-12,Cheshire Constabulary,Cheshire Constabulary,-2.655614,53.401357,On or near Lonsdale Close,E01012567,Warrington 009C,Violence and sexual offences,Unable to prosecute suspect,
a21635485b6ff8d5341218971d3f8ea82c9f512018d82306033daae837fa698a,2021-12,Cheshire Constabulary,Cheshire Constabulary,-2.658045,53.401991,On or near Bainbridge Crescent,E01012567,Warrington 009C,Violence and sexual offences,Unable to prosecute suspect,
85d31ac9696f32d76dc9eff79f3a07ff5a0ea616d73c008c992bae8ea16cdea8,2021-12,Cheshire Constabulary,Cheshire Constabulary,-2.661122,53.401570,On or near Billington Close,E01012567,Warrington 009C,Violence and sexual offences,Unable to prosecute suspect,
,2021-12,Cheshire Constabulary,Cheshire Constabulary,-2.644957,53.398836,On or near Missouri Drive,E01012568,Warrington 009D,Anti-social behaviour,,
,2021-12,Cheshire Constabulary,Cheshire Constabulary,-2.639981,53.398943,On or near Ventura Drive,E01012568,Warrington 009D,Anti-social behaviour,,
,2021-12,Cheshire Constabulary,Cheshire Constabulary,-2.639981,53.398943,On or near Ventura Drive,E01012568,Warrington 009D,Anti-social behaviour,,
,2021-12,Cheshire Constabulary,Cheshire Constabulary,-2.639981,53.398943,On or near Ventura Drive,E01012568,Warrington 009D,Anti-social behaviour,,
,2021-12,Cheshire Constabulary,Cheshire Constabulary,-2.639981,53.398943,On or near Ventura Drive,E01012568,Warrington 009D,Anti-social behaviour,,
,2021-12,Cheshire Constabulary,Cheshire Constabulary,-2.642847,53.398559,On or near Dallas Drive,E01012568,Warrington 009D,Anti-social behaviour,,
,2021-12,Cheshire Constabulary,Cheshire Constabulary,-2.639981,53.398943,On or near Ventura Drive,E01012568,Warrington 009D,Anti-social behaviour,,
f9b5d2bc18edf3d26c23893edca308351f34680a1ab1e5582dd681972e1f4c3a,2021-12,Cheshire Constabulary,Cheshire Constabulary,-2.641420,53.400644,On or near Boston Boulevard,E01012568,Warrington 009D,Bicycle theft,Investigation complete; no suspect identified,
3b014279df3724a673b779f21e69d66a843fb99b6e87fb14cd393e34726f8939,2021-12,Cheshire Constabulary,Cheshire Constabulary,-2.646098,53.403666,On or near Leamington Close,E01012568,Warrington 009D,Burglary,Investigation complete; no suspect identified,
74add1c00d43d97ab5c1523a0d1be93b64f71fb261589a66a81cbd864792c809,2021-12,Cheshire Constabulary,Cheshire Constabulary,-2.639981,53.398943,On or near Ventura Drive,E01012568,Warrington 009D,Criminal damage and arson,Investigation complete; no suspect identified,
0ea695b7bc2d5aa385ee6b0ca5e100489b4757cc5752a36a44144ddf160591d9,2021-12,Cheshire Constabulary,Cheshire Constabulary,-2.639981,53.398943,On or near Ventura Drive,E01012568,Warrington 009D,Criminal damage and arson,Investigation complete; no suspect identified,
39e772b9a64c03fc61ff3c000aa24a40fa8dddb2e474bc41a6a87dbdb4597098,2021-12,Cheshire Constabulary,Cheshire Constabulary,-2.639981,53.398943,On or near Ventura Drive,E01012568,Warrington 009D,Public order,Investigation complete; no suspect identified,
551d2448ec874598d8b89d664b161211e7ea8b6c8ffcd50ca34b1646c2022eb4,2021-12,Cheshire Constabulary,Cheshire Constabulary,-2.639981,53.398943,On or near Ventura Drive,E01012568,Warrington 009D,Public order,Unable to prosecute suspect,
7631f26022e41222671162f0526e99d45d240a8030cf81acd68cc065d3b13192,2021-12,Cheshire Constabulary,Cheshire Constabulary,-2.642046,53.396254,On or near Moran Drive,E01012568,Warrington 009D,Public order,Unable to prosecute suspect,
51b80ab026407ac73bc8da4d780266ab3e94360098ed991438c6fbd4ec3a21b3,2021-12,Cheshire Constabulary,Cheshire Constabulary,-2.646470,53.405371,On or near Tenbury Close,E01012568,Warrington 009D,Violence and sexual offences,Unable to prosecute suspect,
bddcc40da3bdf8c1c4c9cd76b4a010f679fe9d5f2e57023cc8f0bac898984d37,2021-12,Cheshire Constabulary,Cheshire Constabulary,-2.642046,53.396254,On or near Moran Drive,E01012568,Warrington 009D,Violence and sexual offences,Investigation complete; no suspect identified,
ebfbe6bad2f0f4b384c3bd7ff74d8e6d87b92fbba8ca05b39ad3b0b47b19d3df,2021-12,Cheshire Constabulary,Cheshire Constabulary,-2.639981,53.398943,On or near Ventura Drive,E01012568,Warrington 009D,Violence and sexual offences,Investigation complete; no suspect identified,
399bba353ffab7a5beca44a139be8597445763a9fb0fb743eaaf0c8f9d12e300,2021-12,Cheshire Constabulary,Cheshire Constabulary,-2.642847,53.398559,On or near Dallas Drive,E01012568,Warrington 009D,Violence and sexual offences,Unable to prosecute suspect,
ab458d6a9e71b4bbabdd9b85c1201dc35b486c19ca97204435440c3b53d2b41a,2021-12,Cheshire Constabulary,Cheshire Constabulary,-2.641172,53.400160,On or near Mckinley Street,E01012568,Warrington 009D,Violence and sexual offences,Unable to prosecute suspect,
a2db86bcca891cb015bc975846c7686b77ed7660990203433447b4a056f1548b,2021-12,Cheshire Constabulary,Cheshire Constabulary,-2.646470,53.405371,On or near Tenbury Close,E01012568,Warrington 009D,Violence and sexual offences,Unable to prosecute suspect,
1f06ad371a8bf39023b7dee4006965ba268dc35d31fc80b4219d0b1eba8792db,2021-12,Cheshire Constabulary,Cheshire Constabulary,-2.642847,53.398559,On or near Dallas Drive,E01012568,Warrington 009D,Violence and sexual offences,Unable to prosecute suspect,
36637ce233148a885e8d36ac180605131e96971a7bbfe29c12aa57a3e29f5080,2021-12,Cheshire Constabulary,Cheshire Constabulary,-2.641172,53.400160,On or near Mckinley Street,E01012568,Warrington 009D,Violence and sexual offences,Unable to prosecute suspect,
,2021-12,Cheshire Constabulary,Cheshire Constabulary,-2.626863,53.406923,On or near Nares Close,E01012563,Warrington 010A,Anti-social behaviour,,
b3c10db6e2fd351a27e0f2d997fb0355d99eb3ef7ccf9ee77013e017032f7946,2021-12,Cheshire Constabulary,Cheshire Constabulary,-2.629892,53.408318,On or near Supermarket,E01012563,Warrington 010A,Criminal damage and arson,Investigation complete; no suspect identified,
f0f9c60de8166eefea621e3d19f093ed40c3ea26b859123101503803879af183,2021-12,Cheshire Constabulary,Cheshire Constabulary,-2.630133,53.407319,On or near Petrol Station,E01012563,Warrington 010A,Other theft,Investigation complete; no suspect identified,
d42bedaab2bc15c504da17924b621f1244a0a5ad090a24f2eda6e1b3b88d44de,2021-12,Cheshire Constabulary,Cheshire Constabulary,-2.626673,53.408335,On or near Willoughby Close,E01012563,Warrington 010A,Violence and sexual offences,Unable to prosecute suspect,
2dbe2df3224f6d3867840cebf1ed3cbca29a58906736978c528d369b5186cd4c,2021-12,Cheshire Constabulary,Cheshire Constabulary,-2.625003,53.413441,On or near Newbridge Close,E01012563,Warrington 010A,Violence and sexual offences,Court result unavailable,
c1003584e5a0211dd5fd2196021c04dc2156c0f8261795195ede591c787938db,2021-12,Cheshire Constabulary,Cheshire Constabulary,-2.625003,53.413441,On or near Newbridge Close,E01012563,Warrington 010A,Violence and sexual offences,Court result unavailable,
63ea5ffece1ef83ab88ffdb13fc5a43f873ba9b8b6e6b6ae6d13af52ca7e103f,2021-12,Cheshire Constabulary,Cheshire Constabulary,-2.625003,53.413441,On or near Newbridge Close,E01012563,Warrington 010A,Violence and sexual offences,Court result unavailable,
00c2390b193cfd2edbab77e57013aadb60f76e41865c8d1058f7426a8318aa9b,2021-12,Cheshire Constabulary,Cheshire Constabulary,-2.628435,53.404344,On or near Twenty Acre Road,E01012563,Warrington 010A,Violence and sexual offences,Investigation complete; no suspect identified,
,2021-12,Cheshire Constabulary,Cheshire Constabulary,-2.617850,53.405703,On or near Theme/Adventure Park,E01012564,Warrington 010B,Anti-social behaviour,,
,2021-12,Cheshire Constabulary,Cheshire Constabulary,-2.617850,53.405703,On or near Theme/Adventure Park,E01012564,Warrington 010B,Anti-social behaviour,,
b746c74958407bf4970de56e9ca91d7b655dd774ccfc8eafbd308a6f1ccf401f,2021-12,Cheshire Constabulary,Cheshire Constabulary,-2.612138,53.411197,On or near Langland Close,E01012564,Warrington 010B,Criminal damage and arson,Investigation complete; no suspect identified,
4603ec06eb6107888eafc76064ed9ba27808fd3362d1b60237bc6c4824d3d089,2021-12,Cheshire Constabulary,Cheshire Constabulary,-2.617850,53.405703,On or near Theme/Adventure Park,E01012564,Warrington 010B,Vehicle crime,Investigation complete; no suspect identified,
81be888d7abe09d5a38f0ceaabeb061a339082c9a1d1c4d710399244fd16755e,2021-12,Cheshire Constabulary,Cheshire Constabulary,-2.619205,53.409947,On or near Lydbury Close,E01012564,Warrington 010B,Violence and sexual offences,Unable to prosecute suspect,
cce110c54275e4242967380a65c80d8b189931303dd29b08305afae9783d2ae2,2021-12,Cheshire Constabulary,Cheshire Constabulary,-2.619205,53.409947,On or near Lydbury Close,E01012564,Warrington 010B,Violence and sexual offences,Unable to prosecute suspect,
3beb80c454230841e05a44aa97d666cf35595100c027431a60412ee6f74960df,2021-12,Cheshire Constabulary,Cheshire Constabulary,-2.619205,53.409947,On or near Lydbury Close,E01012564,Warrington 010B,Violence and sexual offences,Court result unavailable,
de7ce8e82d2fca12c070ed148603842d76d8aba5bccf2cd94044e64f2c68995c,2021-12,Cheshire Constabulary,Cheshire Constabulary,-2.633573,53.397854,On or near Denver Drive,E01012565,Warrington 010C,Bicycle theft,Investigation complete; no suspect identified,
d7718cbf922e3b632cbde248c95a0e0d333c74f992a5d27883af3752f7855cb2,2021-12,Cheshire Constabulary,Cheshire Constabulary,-2.626668,53.396731,On or near Maryland Close,E01012565,Warrington 010C,Burglary,Investigation complete; no suspect identified,
1220075e67cadb771e5cce214dc244cd0f4e8f0701e183678241ca77b14e31c5,2021-12,Cheshire Constabulary,Cheshire Constabulary,-2.626668,53.396731,On or near Maryland Close,E01012565,Warrington 010C,Burglary,Investigation complete; no suspect identified,
95a3a5e7c62b31543ba1db1e548001a927da5544870dfa466a5fc16d27452097,2021-12,Cheshire Constabulary,Cheshire Constabulary,-2.626668,53.396731,On or near Maryland Close,E01012565,Warrington 010C,Burglary,Investigation complete; no suspect identified,
73cc8f9b3ad7db30ca184ad5a87d67503bdd94bbdd47f0ef1d7cc134eaa3d6e5,2021-12,Cheshire Constabulary,Cheshire Constabulary,-2.626668,53.396731,On or near Maryland Close,E01012565,Warrington 010C,Burglary,Investigation complete; no suspect identified,
924f32228c915a5d3e1332c7924fc40f7192dd8b314662ed55943cc833dba637,2021-12,Cheshire Constabulary,Cheshire Constabulary,-2.628962,53.398319,On or near Washington Drive,E01012565,Warrington 010C,Burglary,Investigation complete; no suspect identified,
e967d0c241138506c2f21cd6b13c17ddb8691874401d6996e2089e895699a74f,2021-12,Cheshire Constabulary,Cheshire Constabulary,-2.618817,53.399765,On or near Ledyard Close,E01012565,Warrington 010C,Violence and sexual offences,Court result unavailable,
3d07ae29555be24bd26cd9eebbcbc7cc4676c52509a6d507086c88e49550a357,2021-12,Cheshire Constabulary,Cheshire Constabulary,-2.624195,53.397283,On or near Livingstone Close,E01012565,Warrington 010C,Violence and sexual offences,Unable to prosecute suspect,
258d687ac78d77487ef27f2d856ef03b3ce56549f706f8d7409f4d22458fd558,2021-12,Cheshire Constabulary,Cheshire Constabulary,-2.624195,53.397283,On or near Livingstone Close,E01012565,Warrington 010C,Violence and sexual offences,Status update unavailable,
a0c0c325b7638c3e653e0c86441f397f84c0a2c5fe25aef86bc9f6988c1b313b,2021-12,Cheshire Constabulary,Cheshire Constabulary,-2.624195,53.397283,On or near Livingstone Close,E01012565,Warrington 010C,Violence and sexual offences,Status update unavailable,
f5f8513e1ad2772ae63087f8f1795701df729e67389f1593af5de4eecec0fc2a,2021-12,Cheshire Constabulary,Cheshire Constabulary,-2.632078,53.397457,On or near Charlotte Grove,E01012565,Warrington 010C,Violence and sexual offences,Unable to prosecute suspect,
25893e5a9a3ea61b30aafdc19da6ff10888362f4760c20452df80700f1304b27,2021-12,Cheshire Constabulary,Cheshire Constabulary,-2.629057,53.401653,On or near Ellesworth Close,E01012566,Warrington 010D,Criminal damage and arson,Investigation complete; no suspect identified,
a9af1befb4878811423d985ae666922d419567c1082d66039d92030fa1f8fd25,2021-12,Cheshire Constabulary,Cheshire Constabulary,-2.629057,53.401653,On or near Ellesworth Close,E01012566,Warrington 010D,Vehicle crime,Investigation complete; no suspect identified,
15b68b4b4d9ff9146ab7941c642a9b388a7785b4b4ab02355c200c9b711ab38e,2021-12,Cheshire Constabulary,Cheshire Constabulary,-2.634877,53.401649,On or near Virginia Gardens,E01012566,Warrington 010D,Violence and sexual offences,Unable to prosecute suspect,
7da1bce29ce950f8365d7e53c95fc492982b23abb02a34892cb62ab972ae0db7,2021-12,Cheshire Constabulary,Cheshire Constabulary,-2.634877,53.401649,On or near Virginia Gardens,E01012566,Warrington 010D,Violence and sexual offences,Unable to prosecute suspect,
5efa1cb29dcedba7a1934b2fca6b7d98d9d6868f1ae798f3b594c46442e0886f,2021-12,Cheshire Constabulary,Cheshire Constabulary,-2.633319,53.400031,On or near Kansas Place,E01012566,Warrington 010D,Violence and sexual offences,Unable to prosecute suspect,
7470e5fa09fdefebab5049205042aa701f328c00ecbf48fe0f2308f69edd4369,2021-12,Cheshire Constabulary,Cheshire Constabulary,-2.638024,53.404851,On or near Firman Close,E01012569,Warrington 010E,Criminal damage and arson,Investigation complete; no suspect identified,
71e1bd58a2153d54eb405893c5c3932a0adfe23937b1d5f1094c46a04c26e606,2021-12,Cheshire Constabulary,Cheshire Constabulary,-2.638024,53.404851,On or near Firman Close,E01012569,Warrington 010E,Criminal damage and arson,Unable to prosecute suspect,
773179546414a890d1aa3a92f532b04d6d17b5cbeb593d1c5cadb78f0760ddfd,2021-12,Cheshire Constabulary,Cheshire Constabulary,-2.644844,53.403286,On or near Malvern Close,E01012569,Warrington 010E,Violence and sexual offences,Offender given a caution,
30c9ac591f4521003b7a9451dc7acd27a77e245441e5d3205cda6d37777321ea,2021-12,Cheshire Constabulary,Cheshire Constabulary,-2.638024,53.404851,On or near Firman Close,E01012569,Warrington 010E,Violence and sexual offences,Investigation complete; no suspect identified,
eb1cb7d791e30869912322240735e556ad18df8d6dc256c4cb6469384554a67f,2021-12,Cheshire Constabulary,Cheshire Constabulary,-2.633505,53.406475,On or near Westbrook Crescent,E01012569,Warrington 010E,Violence and sexual offences,Unable to prosecute suspect,
,2021-12,Cheshire Constabulary,Cheshire Constabulary,-2.620961,53.399332,On or near Lander Close,E01012570,Warrington 010F,Anti-social behaviour,,
190d4f6982fbbe9702eee2bf8aa1ee3a17b7186a8423e461116d3a0c13fae5ee,2021-12,Cheshire Constabulary,Cheshire Constabulary,-2.624464,53.399250,On or near Cavendish Close,E01012570,Warrington 010F,Burglary,Investigation complete; no suspect identified,
cf43613558a3a768ec4149d3bf13df27b25f8494711ccd802bcdafa105e21b50,2021-12,Cheshire Constabulary,Cheshire Constabulary,-2.624464,53.399250,On or near Cavendish Close,E01012570,Warrington 010F,Criminal damage and arson,Investigation complete; no suspect identified,
cf4c0ae4c0e59ef40980561dea97fadb15f206544b18324649c272563c5f037e,2021-12,Cheshire Constabulary,Cheshire Constabulary,-2.623001,53.400984,On or near Frobisher Court,E01012570,Warrington 010F,Criminal damage and arson,Investigation complete; no suspect identified,
49483c77c1472a5598be5dfafce0e1f49d6fb7ba84666507d2271709be2b687d,2021-12,Cheshire Constabulary,Cheshire Constabulary,-2.623001,53.400984,On or near Frobisher Court,E01012570,Warrington 010F,Public order,Investigation complete; no suspect identified,
3a6e2fe980878683cc90138de5d51ffd1fa9c5cb3e9048a906757a2263b42420,2021-12,Cheshire Constabulary,Cheshire Constabulary,-2.627118,53.399722,On or near Gregory Close,E01012570,Warrington 010F,Violence and sexual offences,Unable to prosecute suspect,
d4a7aaf49f9489b1ef4eb27f07f15de31ffa1f1cf3d5fbce51504a22fe367b41,2021-12,Cheshire Constabulary,Cheshire Constabulary,-2.624464,53.399250,On or near Cavendish Close,E01012570,Warrington 010F,Violence and sexual offences,Unable to prosecute suspect,
d0d497f9e3ec93e21dfd2d4b58ce969184776180f8e844ccdd155b4bb93c84ac,2021-12,Cheshire Constabulary,Cheshire Constabulary,-2.623001,53.400984,On or near Frobisher Court,E01012570,Warrington 010F,Violence and sexual offences,Unable to prosecute suspect,
2c6dc399ac0054777a1a3cdf401e528c9c378ceeb7787c19a17908cfe3556927,2021-12,Cheshire Constabulary,Cheshire Constabulary,-2.623001,53.400984,On or near Frobisher Court,E01012570,Warrington 010F,Violence and sexual offences,Investigation complete; no suspect identified,
1ade05bb6007b1ae12c12d81bb393c206663577cd5c4d706b53a1dd7290919c0,2021-12,Cheshire Constabulary,Cheshire Constabulary,-2.624464,53.399250,On or near Cavendish Close,E01012570,Warrington 010F,Violence and sexual offences,Unable to prosecute suspect,
db3fb918352e694f4c591b708fae404b3aa7a7f2fb5ec6f6761dd1a9abdfbaa5,2021-12,Cheshire Constabulary,Cheshire Constabulary,-2.570673,53.398594,On or near Ashwood Avenue,E01012481,Warrington 011A,Public order,Investigation complete; no suspect identified,
3147bb1f9f79b23833bf40093ea146c1feee6d77a640751dd79f36f63c23366f,2021-12,Cheshire Constabulary,Cheshire Constabulary,-2.572641,53.398378,On or near Elmwood Avenue,E01012481,Warrington 011A,Public order,Unable to prosecute suspect,
82ad9db4bbf8102ef0cc95554c1ca27e8217b116d0f440fb8fb7c63c5deca562,2021-12,Cheshire Constabulary,Cheshire Constabulary,-2.569267,53.398007,On or near Cornwall Street,E01012481,Warrington 011A,Violence and sexual offences,Unable to prosecute suspect,
,2021-12,Cheshire Constabulary,Cheshire Constabulary,-2.576900,53.400856,On or near Sports/Recreation Area,E01012482,Warrington 011B,Anti-social behaviour,,
22157a855efe3f57ca197af02560911cd1959988868dc7a1aa0a1d9a96abbfe4,2021-12,Cheshire Constabulary,Cheshire Constabulary,-2.579330,53.400377,On or near Quebec Road,E01012482,Warrington 011B,Criminal damage and arson,Unable to prosecute suspect,
3100e58ffb4590ba954c176854c4dd7ea6ef47ef2682657b70a3398f1ed9cee1,2021-12,Cheshire Constabulary,Cheshire Constabulary,-2.576900,53.400856,On or near Sports/Recreation Area,E01012482,Warrington 011B,Criminal damage and arson,Investigation complete; no suspect identified,
003842c1d33afb54dd357bc0d5187b0fef63f5d80ca353b0e942954159628247,2021-12,Cheshire Constabulary,Cheshire Constabulary,-2.576209,53.399799,On or near Gorsey Lane,E01012482,Warrington 011B,Other theft,Investigation complete; no suspect identified,
914c06d1ec81e263a1210c5afa6d12b189a0462c5d2fed6955a483adca1e9d51,2021-12,Cheshire Constabulary,Cheshire Constabulary,-2.572713,53.401532,On or near Sports/Recreation Area,E01012482,Warrington 011B,Vehicle crime,Investigation complete; no suspect identified,
7bebe91491b10738526a3efbe049c959aac952f97cc39088cb9a546db3ff9d55,2021-12,Cheshire Constabulary,Cheshire Constabulary,-2.580817,53.399093,On or near Cabul Close,E01012482,Warrington 011B,Violence and sexual offences,Unable to prosecute suspect,
03c0456df7fd2e9f5de26dff291675b8f9ec86e283130261edbda6bf94feda70,2021-12,Cheshire Constabulary,Cheshire Constabulary,-2.578864,53.398177,On or near Godfrey Street,E01012482,Warrington 011B,Violence and sexual offences,Court result unavailable,
8de56c9333786e4a456e91df823ddc0fad02cb9620f5de280118bc5270d44a24,2021-12,Cheshire Constabulary,Cheshire Constabulary,-2.578864,53.398177,On or near Godfrey Street,E01012482,Warrington 011B,Violence and sexual offences,Unable to prosecute suspect,
16d90b9209f295a1da1722cbf19fa3d9d1eb2c70469026b96973999c785724c8,2021-12,Cheshire Constabulary,Cheshire Constabulary,-2.575900,53.398092,On or near Elaine Street,E01012482,Warrington 011B,Violence and sexual offences,Investigation complete; no suspect identified,
89cb6a2c99a44222badb28a455c322ce2d2a45a4322da896365ddfaafdbb1e61,2021-12,Cheshire Constabulary,Cheshire Constabulary,-2.579330,53.400377,On or near Quebec Road,E01012482,Warrington 011B,Violence and sexual offences,Unable to prosecute suspect,
,2021-12,Cheshire Constabulary,Cheshire Constabulary,-2.588446,53.403748,On or near Alder Lane,E01012520,Warrington 011C,Anti-social behaviour,,
,2021-12,Cheshire Constabulary,Cheshire Constabulary,-2.584782,53.407505,On or near Longfield Road,E01012520,Warrington 011C,Anti-social behaviour,,
,2021-12,Cheshire Constabulary,Cheshire Constabulary,-2.588446,53.403748,On or near Alder Lane,E01012520,Warrington 011C,Anti-social behaviour,,
,2021-12,Cheshire Constabulary,Cheshire Constabulary,-2.588446,53.403748,On or near Alder Lane,E01012520,Warrington 011C,Anti-social behaviour,,
5b5b2e84dc7d6e326ca99f3e876e38369f97f1a4e71026fd8ac8e26c69486f05,2021-12,Cheshire Constabulary,Cheshire Constabulary,-2.584782,53.407505,On or near Longfield Road,E01012520,Warrington 011C,Public order,Investigation complete; no suspect identified,
46a92f4759edaeb7c72e07a42d761409f038b95ac429b16346e24aad82f285c7,2021-12,Cheshire Constabulary,Cheshire Constabulary,-2.588446,53.403748,On or near Alder Lane,E01012520,Warrington 011C,Public order,Unable to prosecute suspect,
72217bd1cb428af64122bc0287e10dd02320d39d8562ce390c46ec4b67f5f0e9,2021-12,Cheshire Constabulary,Cheshire Constabulary,-2.594600,53.407169,On or near Winwick Road,E01012520,Warrington 011C,Public order,Unable to prosecute suspect,
27b190bbf12916f91bd0f6918d74da7b65beff74147b6ce2340add2d8ee7d20f,2021-12,Cheshire Constabulary,Cheshire Constabulary,-2.588522,53.408134,On or near Long Lane,E01012520,Warrington 011C,Vehicle crime,Investigation complete; no suspect identified,
a574d57738c893560b37cbebe7bcc74359b348684303279f096d586f986f0bb4,2021-12,Cheshire Constabulary,Cheshire Constabulary,-2.595603,53.411065,On or near Currans Road,E01012520,Warrington 011C,Vehicle crime,Investigation complete; no suspect identified,
b9ce1e445cac24007c047ab5c74c7bf32ff9f46ce7c15f3834634df9e517ffcd,2021-12,Cheshire Constabulary,Cheshire Constabulary,-2.594363,53.410649,On or near Armour Avenue,E01012520,Warrington 011C,Violence and sexual offences,Unable to prosecute suspect,
4f8e1af9bb17fa5dc9ecdb29de7d7bf356ea32c6344f8091b18ac981b96346cf,2021-12,Cheshire Constabulary,Cheshire Constabulary,-2.592838,53.408095,On or near Further/Higher Educational Building,E01012520,Warrington 011C,Violence and sexual offences,Unable to prosecute suspect,
e899f9aa7bef03d9a54cb2e0562d8b8e5d91a9d5dfa82575f7b0c30ffff32379,2021-12,Cheshire Constabulary,Cheshire Constabulary,-2.592838,53.408095,On or near Further/Higher Educational Building,E01012520,Warrington 011C,Violence and sexual offences,Unable to prosecute suspect,
0fe677677f65ffab870a60ca9fd4d990d788940fb9656f01549a7fee71800595,2021-12,Cheshire Constabulary,Cheshire Constabulary,-2.588658,53.410381,On or near Fisher Avenue,E01012520,Warrington 011C,Violence and sexual offences,Unable to prosecute suspect,
96b221a9db921c140e72255c267e6e7e23e1353884266641f63f5b250cd17208,2021-12,Cheshire Constabulary,Cheshire Constabulary,-2.592838,53.408095,On or near Further/Higher Educational Building,E01012520,Warrington 011C,Violence and sexual offences,Unable to prosecute suspect,
236072030ff6b6525a4f85a57e8005271d6fe430273c5cdb455fcd6e0a466afa,2021-12,Cheshire Constabulary,Cheshire Constabulary,-2.584782,53.407505,On or near Longfield Road,E01012520,Warrington 011C,Violence and sexual offences,Unable to prosecute suspect,
44bc0a9824ed939b0c05dc2ab66a9cb114a279f13b61803d721394a01608a53b,2021-12,Cheshire Constabulary,Cheshire Constabulary,-2.594363,53.410649,On or near Armour Avenue,E01012520,Warrington 011C,Other crime,Investigation complete; no suspect identified,
83fb17a7417f7e2b2d58c5c11ff98789d153b8eeded51b2717a14bd938ac1fcf,2021-12,Cheshire Constabulary,Cheshire Constabulary,-2.585006,53.401895,On or near East Avenue,E01012523,Warrington 011D,Criminal damage and arson,Unable to prosecute suspect,
cd0233522061a1d18eb8485302e17e1a6f6d154ce02e176b5f17815633df6bb4,2021-12,Cheshire Constabulary,Cheshire Constabulary,-2.582855,53.399677,On or near Garner Street,E01012523,Warrington 011D,Criminal damage and arson,Investigation complete; no suspect identified,
5122c2fed6537f5c8b27dbd850f4eed23512def553022588454bff8f5c5780f8,2021-12,Cheshire Constabulary,Cheshire Constabulary,-2.585894,53.403059,On or near Alder Crescent,E01012523,Warrington 011D,Other theft,Investigation complete; no suspect identified,
33feced45f2b2996b2a6d0e4736647ed232eb051dffda19ec671924e77b6cd1e,2021-12,Cheshire Constabulary,Cheshire Constabulary,-2.582202,53.401397,On or near Norris Street,E01012523,Warrington 011D,Other theft,Investigation complete; no suspect identified,
29f855a5e013d5b757757425a56b19cb5fd907d611122b961f2a26f285d16bae,2021-12,Cheshire Constabulary,Cheshire Constabulary,-2.583616,53.399241,On or near Roome Street,E01012523,Warrington 011D,Other theft,Investigation complete; no suspect identified,
6c55e64f73fa98d2c0c1af40db38229568f569605711079b1ac850b813736a26,2021-12,Cheshire Constabulary,Cheshire Constabulary,-2.580910,53.401538,On or near O'Leary Street,E01012523,Warrington 011D,Public order,Investigation complete; no suspect identified,
b00b0907f70481268d919fe8b1035f41db6c3b9fc2c9f19fdbaec47ca20a401c,2021-12,Cheshire Constabulary,Cheshire Constabulary,-2.585894,53.403059,On or near Alder Crescent,E01012523,Warrington 011D,Public order,Unable to prosecute suspect,
13ff3d5b64f4b111ea9df32f0e18126ccdc6472f505121152a49e3e54dffe756,2021-12,Cheshire Constabulary,Cheshire Constabulary,-2.580910,53.401538,On or near O'Leary Street,E01012523,Warrington 011D,Public order,Investigation complete; no suspect identified,
6815ce2fe8f1ffd41f50c60af996bd01c2628283d93434aeaf4583b803bf279e,2021-12,Cheshire Constabulary,Cheshire Constabulary,-2.580910,53.401538,On or near O'Leary Street,E01012523,Warrington 011D,Public order,Investigation complete; no suspect identified,
55184213a397ead4d7304513105da1f02d2e844b0b9aee787ece14c367755267,2021-12,Cheshire Constabulary,Cheshire Constabulary,-2.582855,53.399677,On or near Garner Street,E01012523,Warrington 011D,Vehicle crime,Investigation complete; no suspect identified,
cc9541ffd05250f65a94236d399dbdfa2c254090ce42941e8c7aaab9faaff075,2021-12,Cheshire Constabulary,Cheshire Constabulary,-2.580512,53.404335,On or near Hallfields Road,E01012523,Warrington 011D,Violence and sexual offences,Investigation complete; no suspect identified,
d4d4604f575aa967e3d761fe0dc7afdefadd74d2f25e11ab97f081b836dbf5f0,2021-12,Cheshire Constabulary,Cheshire Constabulary,-2.585894,53.403059,On or near Alder Crescent,E01012523,Warrington 011D,Violence and sexual offences,Investigation complete; no suspect identified,
64f94e6fa095fe1454740df123fc133a265aeffc496ce00dc6cd974f538f4742,2021-12,Cheshire Constabulary,Cheshire Constabulary,-2.582202,53.401397,On or near Norris Street,E01012523,Warrington 011D,Violence and sexual offences,Unable to prosecute suspect,
a505308d28e12417ef9412afe5c9543cd25544179d94bca7da33015c2d45f883,2021-12,Cheshire Constabulary,Cheshire Constabulary,-2.585894,53.403059,On or near Alder Crescent,E01012523,Warrington 011D,Violence and sexual offences,Unable to prosecute suspect,
461470cd33e4f32b97487163d069d94eda75c4e930e099eec8d88f95149394f9,2021-12,Cheshire Constabulary,Cheshire Constabulary,-2.582855,53.399677,On or near Garner Street,E01012523,Warrington 011D,Violence and sexual offences,Investigation complete; no suspect identified,
c86153cceed842c71d2a74c4580c9479db9573ac203b908d5f8d649a0a5a48cf,2021-12,Cheshire Constabulary,Cheshire Constabulary,-2.580910,53.401538,On or near O'Leary Street,E01012523,Warrington 011D,Violence and sexual offences,Unable to prosecute suspect,
99b103fefcb1833fdbda147cd8831897b24d5ed1be17b25653f12772fe83273e,2021-12,Cheshire Constabulary,Cheshire Constabulary,-2.576923,53.404748,On or near Lyndale Avenue,E01012524,Warrington 011E,Vehicle crime,Investigation complete; no suspect identified,
37ffdcf8f57a6845005451d8f58fe23b8f0aa5eddde2c2d2789bfbdad3eef179,2021-12,Cheshire Constabulary,Cheshire Constabulary,-2.578641,53.403877,On or near Ashbrook Crescent,E01012524,Warrington 011E,Violence and sexual offences,Unable to prosecute suspect,
,2021-12,Cheshire Constabulary,Cheshire Constabulary,-2.591203,53.401892,On or near South Avenue,E01012525,Warrington 011F,Anti-social behaviour,,
,2021-12,Cheshire Constabulary,Cheshire Constabulary,-2.592814,53.402027,On or near Ireland Street,E01012525,Warrington 011F,Anti-social behaviour,,
9acba08e041f2011fc537ca147525e6d6b54eb053d0786c22fdcbaa7ce2599eb,2021-12,Cheshire Constabulary,Cheshire Constabulary,-2.591203,53.401892,On or near South Avenue,E01012525,Warrington 011F,Bicycle theft,Investigation complete; no suspect identified,
60ea67477c528decd501ec0c51d1abc4e7fed82e8d0382a261506edb90bb09e3,2021-12,Cheshire Constabulary,Cheshire Constabulary,-2.586287,53.399902,On or near Rhodes Street,E01012525,Warrington 011F,Other theft,Investigation complete; no suspect identified,
2b250ec16dd723bee51a7f782a6e81a6525b2fd231c4e55fdb710ee447ee2acf,2021-12,Cheshire Constabulary,Cheshire Constabulary,-2.592047,53.403137,On or near North Avenue,E01012525,Warrington 011F,Public order,Investigation complete; no suspect identified,
4376d6cf13e2a1b89d73c83538f8d909879bf2f6ba1b2e602164573ac99c55c7,2021-12,Cheshire Constabulary,Cheshire Constabulary,-2.591203,53.401892,On or near South Avenue,E01012525,Warrington 011F,Violence and sexual offences,Unable to prosecute suspect,
4f91746ff838da8a95e5561ab9bafbe7898ffa3cca4b979c2e98886c6e373f86,2021-12,Cheshire Constabulary,Cheshire Constabulary,-2.589986,53.399839,On or near Earl Street,E01012525,Warrington 011F,Violence and sexual offences,Unable to prosecute suspect,
63f6a494121640392ae099253566268c30db0dc22ba63406b53387f646949172,2021-12,Cheshire Constabulary,Cheshire Constabulary,-2.589069,53.399853,On or near Cowdell Street,E01012525,Warrington 011F,Violence and sexual offences,Unable to prosecute suspect,
b4f818718ab8f68ba7d5f74511de4b97f2a4af5f3bbf66a722fc7a9d377080df,2021-12,Cheshire Constabulary,Cheshire Constabulary,-2.592047,53.403137,On or near North Avenue,E01012525,Warrington 011F,Violence and sexual offences,Unable to prosecute suspect,
1a547dc67c7f4db7ecc7b32147cbc801e3cb90eb1227ab468d83875b44b8bbe2,2021-12,Cheshire Constabulary,Cheshire Constabulary,-2.586766,53.399747,On or near Adam Street,E01012525,Warrington 011F,Violence and sexual offences,Unable to prosecute suspect,
803805bc5cec35b33d2a8bab49021633d1b84341b4080d4d54ca654878bfa942,2021-12,Cheshire Constabulary,Cheshire Constabulary,-2.592552,53.403746,On or near Grace Avenue,E01012525,Warrington 011F,Violence and sexual offences,Unable to prosecute suspect,
9276e777717827df95df69a4ffa38ba527021ecadded40f9878d904a37bd65bd,2021-12,Cheshire Constabulary,Cheshire Constabulary,-2.591203,53.401892,On or near South Avenue,E01012525,Warrington 011F,Violence and sexual offences,Unable to prosecute suspect,
51261e092dc5deae0b1ba9470982a66f0e9d76422538d0741527ff64d772fd0d,2021-12,Cheshire Constabulary,Cheshire Constabulary,-2.592552,53.403746,On or near Grace Avenue,E01012525,Warrington 011F,Violence and sexual offences,Unable to prosecute suspect,
98ae9a621a4074b895504d714bb67b3eadc76361258134278aae06c43a086b9e,2021-12,Cheshire Constabulary,Cheshire Constabulary,-2.592047,53.403137,On or near North Avenue,E01012525,Warrington 011F,Violence and sexual offences,Court result unavailable,
d1e1ed13134bece68422d2f97a076b167c63ef57733257c941fcc348fc1dde02,2021-12,Cheshire Constabulary,Cheshire Constabulary,-2.589069,53.399853,On or near Cowdell Street,E01012525,Warrington 011F,Violence and sexual offences,Unable to prosecute suspect,
b6d5a37f3b1fa18b4b286d36c5f8ff6f23eed4d26f69035f008fc9a791544a5c,2021-12,Cheshire Constabulary,Cheshire Constabulary,-2.587475,53.402081,On or near Shaw'S Avenue,E01012525,Warrington 011F,Violence and sexual offences,Unable to prosecute suspect,
9587b86535b4dc0e5b3ba6b2b0caaf6c84701a588bb21f18acf5e5dbea83a17d,2021-12,Cheshire Constabulary,Cheshire Constabulary,-2.591203,53.401892,On or near South Avenue,E01012525,Warrington 011F,Violence and sexual offences,Unable to prosecute suspect,
,2021-12,Cheshire Constabulary,Cheshire Constabulary,-2.574566,53.391708,On or near Pedestrian Subway,E01012478,Warrington 012A,Anti-social behaviour,,
,2021-12,Cheshire Constabulary,Cheshire Constabulary,-2.568381,53.395827,On or near Peacock Avenue,E01012478,Warrington 012A,Anti-social behaviour,,
baa2135e8fe8f9b8aa36fbb66fb67766ce72e5d373e74be75a7cb0cc5f3c9f4c,2021-12,Cheshire Constabulary,Cheshire Constabulary,-2.574566,53.391708,On or near Pedestrian Subway,E01012478,Warrington 012A,Robbery,Unable to prosecute suspect,
3b3824316aa8d08e7905eb178180f357c5e49f862c32f94aac7b2306ff2c358a,2021-12,Cheshire Constabulary,Cheshire Constabulary,-2.566456,53.396969,On or near Manchester Road,E01012478,Warrington 012A,Shoplifting,Investigation complete; no suspect identified,
6d7c1bf77724a39de6a0132248d737254ecd684fca4f4c0a919e897581117252,2021-12,Cheshire Constabulary,Cheshire Constabulary,-2.567716,53.397880,On or near King Edward Street,E01012478,Warrington 012A,Vehicle crime,Investigation complete; no suspect identified,
3aafea2f732e3e176bc0b6cc99a7b5c764a9a0c79c8efd2de5a6bebfd78d3704,2021-12,Cheshire Constabulary,Cheshire Constabulary,-2.568609,53.397156,On or near Clarence Street,E01012478,Warrington 012A,Violence and sexual offences,Unable to prosecute suspect,
ddf682376eef4a47ea6ec32545684b428e980e0f05a5ae7cc42af983619edf80,2021-12,Cheshire Constabulary,Cheshire Constabulary,-2.574566,53.391708,On or near Pedestrian Subway,E01012478,Warrington 012A,Violence and sexual offences,Unable to prosecute suspect,
,2021-12,Cheshire Constabulary,Cheshire Constabulary,-2.566982,53.402629,On or near Delery Drive,E01012547,Warrington 012B,Anti-social behaviour,,
,2021-12,Cheshire Constabulary,Cheshire Constabulary,-2.562748,53.402029,On or near Bruche Drive,E01012547,Warrington 012B,Anti-social behaviour,,
03e0e9ac5d304dd3044f35467d30de8e23555aa08eabbde2aedc57170f4823db,2021-12,Cheshire Constabulary,Cheshire Constabulary,-2.563841,53.403930,On or near Brownhill Drive,E01012547,Warrington 012B,Other theft,Investigation complete; no suspect identified,
5fc135af2597af06563b614b87d40c014d5d6d60a377c90214f77b0209696db5,2021-12,Cheshire Constabulary,Cheshire Constabulary,-2.562649,53.402560,On or near Jubilee Avenue,E01012547,Warrington 012B,Other theft,Investigation complete; no suspect identified,
,2021-12,Cheshire Constabulary,Cheshire Constabulary,-2.556267,53.409053,On or near Pedestrian Subway,E01012548,Warrington 012C,Anti-social behaviour,,
f35bb7a4fb57224fd0c506166888a8689f1fdf1363e970cf53e31c1f104436a2,2021-12,Cheshire Constabulary,Cheshire Constabulary,-2.547356,53.406280,On or near Pipe Lane,E01012548,Warrington 012C,Vehicle crime,Investigation complete; no suspect identified,
8a9dc3c9bae60d3412d247eae422faee451f24ee68a1e3a76c3cc28cbd5e5255,2021-12,Cheshire Constabulary,Cheshire Constabulary,-2.552165,53.403616,On or near Regent Avenue,E01012548,Warrington 012C,Vehicle crime,Investigation complete; no suspect identified,
307afc11972351a8f5d235b50b1a38d75d89609b9facdf99099e449c39247e2e,2021-12,Cheshire Constabulary,Cheshire Constabulary,-2.553969,53.404704,On or near Westbury Close,E01012548,Warrington 012C,Violence and sexual offences,Unable to prosecute suspect,
a599b50ad4891b80bbb46ddda8125f42e359765c93a2d1fab8b8ad4bb97a6b9e,2021-12,Cheshire Constabulary,Cheshire Constabulary,-2.553969,53.404704,On or near Westbury Close,E01012548,Warrington 012C,Violence and sexual offences,Unable to prosecute suspect,
,2021-12,Cheshire Constabulary,Cheshire Constabulary,-2.555627,53.401568,On or near Lambs Lane,E01012549,Warrington 012D,Anti-social behaviour,,
7653c9663f965bbae5faa1702621a46f73fd65cbf38bbb617c4c82ed9424f780,2021-12,Cheshire Constabulary,Cheshire Constabulary,-2.555828,53.403068,On or near Mead Road,E01012549,Warrington 012D,Possession of weapons,Offender given a caution,
df2176897c3fa4197216a96e193c93ab2fbc354ae97086b73f2e6553f252a9fa,2021-12,Cheshire Constabulary,Cheshire Constabulary,-2.556048,53.404991,On or near Wenlock Close,E01012549,Warrington 012D,Public order,Unable to prosecute suspect,
7e5e6ef19446d17d076b770069657a7b56a86561a98e94d2573021d7a8233553,2021-12,Cheshire Constabulary,Cheshire Constabulary,-2.557728,53.403446,On or near Springfield Avenue,E01012549,Warrington 012D,Vehicle crime,Investigation complete; no suspect identified,
8af543a1a7c740138f997d1047aaad9317ddcfa6a9c290f915434d897394d402,2021-12,Cheshire Constabulary,Cheshire Constabulary,-2.552180,53.401341,On or near Seymour Drive,E01012549,Warrington 012D,Vehicle crime,Investigation complete; no suspect identified,
7f25b3af5aa5db6c6d5257d15f03a819ff144dfe97754a221e677bd7a3a952cc,2021-12,Cheshire Constabulary,Cheshire Constabulary,-2.555828,53.403068,On or near Mead Road,E01012549,Warrington 012D,Violence and sexual offences,Unable to prosecute suspect,
2e941fd3bbf8ce97829fea4979b8fa55417370460071fa75954e580a98f75f7e,2021-12,Cheshire Constabulary,Cheshire Constabulary,-2.548758,53.401897,On or near Willow Crescent,E01012549,Warrington 012D,Violence and sexual offences,Unable to prosecute suspect,
0c552cf1d4852f05788424da3dcdfb23a150dac562c6b8a68f4f2a1ab78cc407,2021-12,Cheshire Constabulary,Cheshire Constabulary,-2.557728,53.403446,On or near Springfield Avenue,E01012549,Warrington 012D,Violence and sexual offences,Unable to prosecute suspect,
db0e3b81117a16f8dd483845e368dace96ad9242f9ace341e66b8ec5ea8551c2,2021-12,Cheshire Constabulary,Cheshire Constabulary,-2.555828,53.403068,On or near Mead Road,E01012549,Warrington 012D,Violence and sexual offences,Unable to prosecute suspect,
22942b0573e4ac5e5e15abb3f6936305b4cd036619fb6d75945f90e7e52c8a9c,2021-12,Cheshire Constabulary,Cheshire Constabulary,-2.548758,53.401897,On or near Willow Crescent,E01012549,Warrington 012D,Violence and sexual offences,Unable to prosecute suspect,
075072ff8657ef39c913430a3b2776d5b572841ae73d902fdcfb1ad824e918f7,2021-12,Cheshire Constabulary,Cheshire Constabulary,-2.555828,53.403068,On or near Mead Road,E01012549,Warrington 012D,Violence and sexual offences,Unable to prosecute suspect,
a4b07d71c27a36c7da048caf4e3ef10abb97525ebbb0d6872f7b3239684f310c,2021-12,Cheshire Constabulary,Cheshire Constabulary,-2.562479,53.396475,On or near Jackson Avenue,E01012550,Warrington 012E,Criminal damage and arson,Investigation complete; no suspect identified,
f6875ef8e351f6e54a337d9f37252b42fa461850ad98ab70cfd2b647f7914c95,2021-12,Cheshire Constabulary,Cheshire Constabulary,-2.549036,53.397805,On or near Aveley Close,E01012550,Warrington 012E,Public order,Unable to prosecute suspect,
ed93c5131ae6bba475c516b2a154c486205aa2ab70672a60ead7516807e79c57,2021-12,Cheshire Constabulary,Cheshire Constabulary,-2.549036,53.397805,On or near Aveley Close,E01012550,Warrington 012E,Violence and sexual offences,Unable to prosecute suspect,
e0c7e9f608377a5e86ccf8139fc2554bc678cde58ccf1747f6579146e36a1c14,2021-12,Cheshire Constabulary,Cheshire Constabulary,-2.560214,53.396918,On or near Whitfield Avenue,E01012550,Warrington 012E,Violence and sexual offences,Unable to prosecute suspect,
4defa8b11f9a43179e578231acc076a37289071deb852f7a758371d180aee85b,2021-12,Cheshire Constabulary,Cheshire Constabulary,-2.560987,53.396231,On or near Terence Avenue,E01012550,Warrington 012E,Violence and sexual offences,Court result unavailable,
f41f49f4ec5c8b1f9ed76732bfadac0e8376af813d0c0152d39ae68b244c80f6,2021-12,Cheshire Constabulary,Cheshire Constabulary,-2.551798,53.398539,On or near Rushmore Grove,E01012550,Warrington 012E,Violence and sexual offences,Unable to prosecute suspect,
f9262f5d38b3699576705f695f3702d51d17e2adf1b774be16e57c3749d5fe7e,2021-12,Cheshire Constabulary,Cheshire Constabulary,-2.551798,53.398539,On or near Rushmore Grove,E01012550,Warrington 012E,Violence and sexual offences,Unable to prosecute suspect,
c2cfd5374159104206e531818f7bd8e406d8ae30fc5698071f5e432c437fa7cd,2021-12,Cheshire Constabulary,Cheshire Constabulary,-2.561121,53.398459,On or near Fir Grove,E01012550,Warrington 012E,Violence and sexual offences,Unable to prosecute suspect,
086c413adf841c007343b82933689ee47be0accb656970b6e094338e07d62f7d,2021-12,Cheshire Constabulary,Cheshire Constabulary,-2.561121,53.398459,On or near Fir Grove,E01012550,Warrington 012E,Violence and sexual offences,Unable to prosecute suspect,
4449b52c15a98ff9cb1704da18771ec10b161a80a848ada1ce545e078f3411fd,2021-12,Cheshire Constabulary,Cheshire Constabulary,-2.551798,53.398539,On or near Rushmore Grove,E01012550,Warrington 012E,Violence and sexual offences,Investigation complete; no suspect identified,
,2021-12,Cheshire Constabulary,Cheshire Constabulary,-2.597064,53.409071,On or near Shopping Area,E01012453,Warrington 013A,Anti-social behaviour,,
,2021-12,Cheshire Constabulary,Cheshire Constabulary,-2.604368,53.407542,On or near Tavlin Avenue,E01012453,Warrington 013A,Anti-social behaviour,,
,2021-12,Cheshire Constabulary,Cheshire Constabulary,-2.604621,53.409447,On or near Bardsley Avenue,E01012453,Warrington 013A,Anti-social behaviour,,
,2021-12,Cheshire Constabulary,Cheshire Constabulary,-2.600568,53.414348,On or near Calver Road,E01012453,Warrington 013A,Anti-social behaviour,,
,2021-12,Cheshire Constabulary,Cheshire Constabulary,-2.608420,53.411045,On or near Massey Avenue,E01012453,Warrington 013A,Anti-social behaviour,,
,2021-12,Cheshire Constabulary,Cheshire Constabulary,-2.603912,53.406107,On or near Sports/Recreation Area,E01012453,Warrington 013A,Anti-social behaviour,,
,2021-12,Cheshire Constabulary,Cheshire Constabulary,-2.597064,53.409071,On or near Shopping Area,E01012453,Warrington 013A,Anti-social behaviour,,
,2021-12,Cheshire Constabulary,Cheshire Constabulary,-2.599896,53.410414,On or near Antrim Road,E01012453,Warrington 013A,Anti-social behaviour,,
0d674c395e825ea82f403226df0ef0fc547d62814e36efe0d3d08bfdbb1370db,2021-12,Cheshire Constabulary,Cheshire Constabulary,-2.604368,53.407542,On or near Tavlin Avenue,E01012453,Warrington 013A,Burglary,Investigation complete; no suspect identified,
e977fc330444072ea9175ddc445fe8b10297301753bb761ded881fb5dadf57d7,2021-12,Cheshire Constabulary,Cheshire Constabulary,-2.604368,53.407542,On or near Tavlin Avenue,E01012453,Warrington 013A,Criminal damage and arson,Unable to prosecute suspect,
2d37fcdbdd0b04eb995e65b840e75ba9e25b335820f6dfe58968de1f3aceb116,2021-12,Cheshire Constabulary,Cheshire Constabulary,-2.604368,53.407542,On or near Tavlin Avenue,E01012453,Warrington 013A,Criminal damage and arson,Unable to prosecute suspect,
cd9e7dc241dac508889e4a9c15f77d550236d1a6abc0300fde3066f8425c0b3c,2021-12,Cheshire Constabulary,Cheshire Constabulary,-2.597064,53.409071,On or near Shopping Area,E01012453,Warrington 013A,Other theft,Unable to prosecute suspect,
93a2042027072f732283e21aeecc2eaf664cb67b8663ba862960bb758eff73ba,2021-12,Cheshire Constabulary,Cheshire Constabulary,-2.600568,53.414348,On or near Calver Road,E01012453,Warrington 013A,Public order,Investigation complete; no suspect identified,
5c2fbcba736a62916a113a238d0263318474eb52ba5d80bc8ea8bf7a5c5bb43f,2021-12,Cheshire Constabulary,Cheshire Constabulary,-2.607754,53.411858,On or near Rutter Avenue,E01012453,Warrington 013A,Public order,Unable to prosecute suspect,
e6dd0fcd1c1c8a6df53f166b8f0e0de793b7aa441fa0a516266998e14b01a8db,2021-12,Cheshire Constabulary,Cheshire Constabulary,-2.600568,53.414348,On or near Calver Road,E01012453,Warrington 013A,Public order,Investigation complete; no suspect identified,
c7607dd821a915c186c83db49698b040dbe8a5e2a9fe312a03055610e8015ba8,2021-12,Cheshire Constabulary,Cheshire Constabulary,-2.597064,53.409071,On or near Shopping Area,E01012453,Warrington 013A,Shoplifting,Unable to prosecute suspect,
f9ff3ad1a4f6d7c7bc397e32fcbab2010c9a426f548cae25e5aecfdcc3d770ea,2021-12,Cheshire Constabulary,Cheshire Constabulary,-2.599896,53.410414,On or near Antrim Road,E01012453,Warrington 013A,Shoplifting,Investigation complete; no suspect identified,
b91dd3929d735c656ab48fc55b2c9e81834b9e02cd08356747f31750ce77713f,2021-12,Cheshire Constabulary,Cheshire Constabulary,-2.607013,53.411556,On or near Summerfield Avenue,E01012453,Warrington 013A,Vehicle crime,Investigation complete; no suspect identified,
6b8cc11d904ddac4470e35f8db579425ae30a882ef7622957c77398b3128206d,2021-12,Cheshire Constabulary,Cheshire Constabulary,-2.608111,53.408404,On or near Hodgkinson Avenue,E01012453,Warrington 013A,Vehicle crime,Investigation complete; no suspect identified,
90ca7a45042b43b510ccdbf7ac31614c939e23e6380204d26cb69c7a59b37c26,2021-12,Cheshire Constabulary,Cheshire Constabulary,-2.604368,53.407542,On or near Tavlin Avenue,E01012453,Warrington 013A,Violence and sexual offences,Unable to prosecute suspect,
f763fba8faf9814c5a5df5e74a7470d7dae5569058909275eff0a92fbbf0d620,2021-12,Cheshire Constabulary,Cheshire Constabulary,-2.604368,53.407542,On or near Tavlin Avenue,E01012453,Warrington 013A,Violence and sexual offences,Unable to prosecute suspect,
b048678006a4e1257ff285083c0b821b29a461fa924c90d81c4d22c857cbda8f,2021-12,Cheshire Constabulary,Cheshire Constabulary,-2.604621,53.409447,On or near Bardsley Avenue,E01012453,Warrington 013A,Violence and sexual offences,Unable to prosecute suspect,
249bf8d373259019cc484ac674be672607723fb81bfef045f6f04af2b7f8bc5d,2021-12,Cheshire Constabulary,Cheshire Constabulary,-2.604368,53.407542,On or near Tavlin Avenue,E01012453,Warrington 013A,Violence and sexual offences,Unable to prosecute suspect,
60e8aa664c1d8274b0b8312b3e52ed7e2fa30a63d87081f22560fed591ef7e98,2021-12,Cheshire Constabulary,Cheshire Constabulary,-2.607635,53.410870,On or near Lewis Avenue,E01012453,Warrington 013A,Violence and sexual offences,Unable to prosecute suspect,
f617ddc2d6cd8504a3d501f257b911e0373760ad32b2d596403e96ec67a21399,2021-12,Cheshire Constabulary,Cheshire Constabulary,-2.604621,53.409447,On or near Bardsley Avenue,E01012453,Warrington 013A,Violence and sexual offences,Unable to prosecute suspect,
3dfdcf7b81fb97f1518b3175651cbff9885ecb1181ba1bd7be28fdd21dd028c3,2021-12,Cheshire Constabulary,Cheshire Constabulary,-2.604368,53.407542,On or near Tavlin Avenue,E01012453,Warrington 013A,Violence and sexual offences,Unable to prosecute suspect,
91d1886a3421b6a3fad712082b4ddbcd8e900145a7d4f4e1ebc9ac0b10fc4e29,2021-12,Cheshire Constabulary,Cheshire Constabulary,-2.605123,53.410927,On or near Conway Avenue,E01012453,Warrington 013A,Violence and sexual offences,Unable to prosecute suspect,
f83fb6059795bbc05cb32d8455792751010f0c20e0d3b640d56a0d745b485aa4,2021-12,Cheshire Constabulary,Cheshire Constabulary,-2.600568,53.414348,On or near Calver Road,E01012453,Warrington 013A,Violence and sexual offences,Unable to prosecute suspect,
757ae607a2211ab846cfe1e77f1cc544798bddbabc4c540b16a48c63673b9c12,2021-12,Cheshire Constabulary,Cheshire Constabulary,-2.608420,53.411045,On or near Massey Avenue,E01012453,Warrington 013A,Violence and sexual offences,Unable to prosecute suspect,
640cdab61f286df2b5b0f5a7a4735fef4b92357f2a1d6dd964a0c263703548bc,2021-12,Cheshire Constabulary,Cheshire Constabulary,-2.605123,53.410927,On or near Conway Avenue,E01012453,Warrington 013A,Violence and sexual offences,Offender given a caution,
ced4a85da6b50a96fb5f6ded14a5d9727e9a59be90dd789bcabc195fe6b51755,2021-12,Cheshire Constabulary,Cheshire Constabulary,-2.604621,53.409447,On or near Bardsley Avenue,E01012453,Warrington 013A,Violence and sexual offences,Unable to prosecute suspect,
3f1da883f6788238ac3c89089d4a903cd5e1369558e091c25696d6e8c4a55450,2021-12,Cheshire Constabulary,Cheshire Constabulary,-2.607754,53.411858,On or near Rutter Avenue,E01012453,Warrington 013A,Violence and sexual offences,Unable to prosecute suspect,
da775117365eefe457158fa5f578e2f05e6ef769434b27ab03f6813153e2e7ca,2021-12,Cheshire Constabulary,Cheshire Constabulary,-2.606768,53.409166,On or near Boulting Avenue,E01012453,Warrington 013A,Violence and sexual offences,Unable to prosecute suspect,
61e0b439d7be8a4c6aa378a9964e993419a5f24902061cbd23972d0958c081f2,2021-12,Cheshire Constabulary,Cheshire Constabulary,-2.604368,53.407542,On or near Tavlin Avenue,E01012453,Warrington 013A,Violence and sexual offences,Unable to prosecute suspect,
3d17dec8198abc504fb17c2ca1b523e1008b1202143c75d3af165a2e38b527d1,2021-12,Cheshire Constabulary,Cheshire Constabulary,-2.604535,53.398104,On or near Ellen Street,E01012454,Warrington 013B,Drugs,Offender given a caution,
,2021-12,Cheshire Constabulary,Cheshire Constabulary,-2.608629,53.399377,On or near Warwick Avenue,E01012454,Warrington 013B,Anti-social behaviour,,
,2021-12,Cheshire Constabulary,Cheshire Constabulary,-2.594388,53.399503,On or near Longford Street,E01012454,Warrington 013B,Anti-social behaviour,,
,2021-12,Cheshire Constabulary,Cheshire Constabulary,-2.602602,53.399668,On or near Wilson Street,E01012454,Warrington 013B,Anti-social behaviour,,
,2021-12,Cheshire Constabulary,Cheshire Constabulary,-2.608629,53.399377,On or near Warwick Avenue,E01012454,Warrington 013B,Anti-social behaviour,,
,2021-12,Cheshire Constabulary,Cheshire Constabulary,-2.594388,53.399503,On or near Longford Street,E01012454,Warrington 013B,Anti-social behaviour,,
,2021-12,Cheshire Constabulary,Cheshire Constabulary,-2.594388,53.399503,On or near Longford Street,E01012454,Warrington 013B,Anti-social behaviour,,
,2021-12,Cheshire Constabulary,Cheshire Constabulary,-2.607794,53.398815,On or near Boteler Avenue,E01012454,Warrington 013B,Anti-social behaviour,,
,2021-12,Cheshire Constabulary,Cheshire Constabulary,-2.607794,53.398815,On or near Boteler Avenue,E01012454,Warrington 013B,Anti-social behaviour,,
,2021-12,Cheshire Constabulary,Cheshire Constabulary,-2.612907,53.399814,On or near Danby Close,E01012454,Warrington 013B,Anti-social behaviour,,
,2021-12,Cheshire Constabulary,Cheshire Constabulary,-2.602294,53.401261,On or near Hawthorne Street,E01012454,Warrington 013B,Anti-social behaviour,,
018f6403fb99eae18e5ba4b551a39004ed7dadc2401b22bc7d14a32bf408113a,2021-12,Cheshire Constabulary,Cheshire Constabulary,-2.602294,53.401261,On or near Hawthorne Street,E01012454,Warrington 013B,Burglary,Investigation complete; no suspect identified,
deb1bf3ae6701925e46150c82901a2d8b4b1154f467df22a62c800a3feaff8aa,2021-12,Cheshire Constabulary,Cheshire Constabulary,-2.607794,53.398815,On or near Boteler Avenue,E01012454,Warrington 013B,Drugs,Local resolution,
cd4c2b2a329e82db64f4425c4a4aef352af1ae795cc25070d905eb1aad302268,2021-12,Cheshire Constabulary,Cheshire Constabulary,-2.602294,53.401261,On or near Hawthorne Street,E01012454,Warrington 013B,Drugs,Investigation complete; no suspect identified,
72c0ae6ac1defacb03f529732c80dde2e06fc7b3631b62b1cb4ac1325e8a00c2,2021-12,Cheshire Constabulary,Cheshire Constabulary,-2.602602,53.399668,On or near Wilson Street,E01012454,Warrington 013B,Drugs,Unable to prosecute suspect,
7c7ba53d6bcc5ff32cd1850d0bf638f6e4329ea25bac9822b33812b5f28bd0eb,2021-12,Cheshire Constabulary,Cheshire Constabulary,-2.602602,53.399668,On or near Wilson Street,E01012454,Warrington 013B,Drugs,Unable to prosecute suspect,
f30864cfc268a0d4e6137a68bee12958dfc104d9cfcc96c8e1d696d314266cc4,2021-12,Cheshire Constabulary,Cheshire Constabulary,-2.615279,53.397455,On or near Normanby Close,E01012454,Warrington 013B,Drugs,Local resolution,
52f204029b3c333e1219e4a383bdffcf04af2338f60e1e332c560c715a2777d6,2021-12,Cheshire Constabulary,Cheshire Constabulary,-2.603531,53.396221,On or near Pitt Street,E01012454,Warrington 013B,Other theft,Court result unavailable,
8fc78de2e7cc898a40aed6e86b75582a9df12ca928eef4911235b84937533ee2,2021-12,Cheshire Constabulary,Cheshire Constabulary,-2.605683,53.399500,On or near Gerrard Avenue,E01012454,Warrington 013B,Other theft,Status update unavailable,
b20f8a681578f3c0efc720e6a85d936cd922c44be4f8a3d31b481d7e2c0fd5d6,2021-12,Cheshire Constabulary,Cheshire Constabulary,-2.594388,53.399503,On or near Longford Street,E01012454,Warrington 013B,Public order,Unable to prosecute suspect,
5d277e6ba073c3ce38359d82835dd21170c3e057e6ec555aabb4aac289d00e0a,2021-12,Cheshire Constabulary,Cheshire Constabulary,-2.615279,53.397455,On or near Normanby Close,E01012454,Warrington 013B,Public order,Investigation complete; no suspect identified,
77caa4a21a096142ae6808b17cf8b97ae64e312a8d63893cda96661014c8f6b8,2021-12,Cheshire Constabulary,Cheshire Constabulary,-2.602602,53.399668,On or near Wilson Street,E01012454,Warrington 013B,Robbery,Investigation complete; no suspect identified,
637b56469973e5a1e31c6b5d1733e27fddceb7aa190d7c478b556fef978dbe0c,2021-12,Cheshire Constabulary,Cheshire Constabulary,-2.602602,53.399668,On or near Wilson Street,E01012454,Warrington 013B,Robbery,Court result unavailable,
cf022c8d49037c6dd02798a34a830990cf7e12e11c16b6116ad609543a9cc125,2021-12,Cheshire Constabulary,Cheshire Constabulary,-2.594388,53.399503,On or near Longford Street,E01012454,Warrington 013B,Shoplifting,Investigation complete; no suspect identified,
5bbb26a72653e7b54f6fd2779c7b98b79c650ed1ba1e45f042357b89d72457e3,2021-12,Cheshire Constabulary,Cheshire Constabulary,-2.602602,53.399668,On or near Wilson Street,E01012454,Warrington 013B,Vehicle crime,Investigation complete; no suspect identified,
c8f08d8531cf68bbaf2ba2002e863a74e275ed68b21b3b0fd3c8cb188c1f261d,2021-12,Cheshire Constabulary,Cheshire Constabulary,-2.615279,53.397455,On or near Normanby Close,E01012454,Warrington 013B,Violence and sexual offences,Unable to prosecute suspect,
579f405a431044504ec0f884d23eb7089226fe11abd9b480415fa077b7203e2e,2021-12,Cheshire Constabulary,Cheshire Constabulary,-2.615279,53.397455,On or near Normanby Close,E01012454,Warrington 013B,Violence and sexual offences,Unable to prosecute suspect,
c5eadae88cc40c7268fa2779b366da6117daa733796b3ebb3231156c61f60442,2021-12,Cheshire Constabulary,Cheshire Constabulary,-2.594388,53.399503,On or near Longford Street,E01012454,Warrington 013B,Violence and sexual offences,Unable to prosecute suspect,
c61ae2fcdbd676c5c84914c3a3b1c2cf0f3d587b3949d1e43cfcb44627b2f37f,2021-12,Cheshire Constabulary,Cheshire Constabulary,-2.605162,53.396671,On or near Pierpoint Street,E01012454,Warrington 013B,Violence and sexual offences,Unable to prosecute suspect,
092f8510f0ebed6577b6392c616a16a7f413dae24d18cdf229c358ad5abc0f1f,2021-12,Cheshire Constabulary,Cheshire Constabulary,-2.612838,53.397135,On or near High Gates Close,E01012454,Warrington 013B,Violence and sexual offences,Investigation complete; no suspect identified,
a93555317a049a3ce49eb3955b003d00fd613cf77e67277b996ce922c6a74b47,2021-12,Cheshire Constabulary,Cheshire Constabulary,-2.594388,53.399503,On or near Longford Street,E01012454,Warrington 013B,Violence and sexual offences,Unable to prosecute suspect,
69fd3db8e6c6936b7df0f07dab9dd2a651d353e8c0c817b73f5985cfe027151a,2021-12,Cheshire Constabulary,Cheshire Constabulary,-2.602294,53.401261,On or near Hawthorne Street,E01012454,Warrington 013B,Violence and sexual offences,Unable to prosecute suspect,
63129929fece08b0befa5757445dda9e13b12fb1ce0dace1a55e908cfadd48f9,2021-12,Cheshire Constabulary,Cheshire Constabulary,-2.594388,53.399503,On or near Longford Street,E01012454,Warrington 013B,Other crime,Unable to prosecute suspect,
47a6552d95143fe09e20291894ffeca6aec6783741736a2c260d9c7efec2f7f5,2021-12,Cheshire Constabulary,Cheshire Constabulary,-2.607278,53.403743,On or near Southworth Avenue,E01012455,Warrington 013C,Drugs,Unable to prosecute suspect,
4c9af88b534c0e4be4e8b9ceab93868796c71c8376121be0003197d962de6586,2021-12,Cheshire Constabulary,Cheshire Constabulary,-2.601944,53.404157,On or near Charter Avenue,E01012455,Warrington 013C,Other theft,Investigation complete; no suspect identified,
9a3423175d99f8fbe82743a29f3486e9afd67950ca193b36510137824186747d,2021-12,Cheshire Constabulary,Cheshire Constabulary,-2.594427,53.405534,On or near Winwick Road,E01012455,Warrington 013C,Public order,Investigation complete; no suspect identified,
8c28df48cdddd4bd2cb4156e024fb87b02e97d9b435d92517fcb6ca5db198f62,2021-12,Cheshire Constabulary,Cheshire Constabulary,-2.601944,53.404157,On or near Charter Avenue,E01012455,Warrington 013C,Public order,Unable to prosecute suspect,
80c282f0f51353ec7894487d64ae9866290f9b1906ef72f117e86c6287771013,2021-12,Cheshire Constabulary,Cheshire Constabulary,-2.601944,53.404157,On or near Charter Avenue,E01012455,Warrington 013C,Public order,Unable to prosecute suspect,
5b706fddc71d66725814e47da81ebb14d223767f563697da746c2a15bfc2ac22,2021-12,Cheshire Constabulary,Cheshire Constabulary,-2.604096,53.401090,On or near Plumtre Avenue,E01012455,Warrington 013C,Public order,Unable to prosecute suspect,
6aa9b3096c7ed1e86e165b92d45e0cba8e82b8ecd8f5f2a9d093034a030fb3d2,2021-12,Cheshire Constabulary,Cheshire Constabulary,-2.594427,53.405534,On or near Winwick Road,E01012455,Warrington 013C,Public order,Unable to prosecute suspect,
ff736666f8ebecfb6e2fc976e01a8c0510e26612d298cf6deaefda0addda4028,2021-12,Cheshire Constabulary,Cheshire Constabulary,-2.594427,53.405534,On or near Winwick Road,E01012455,Warrington 013C,Shoplifting,Investigation complete; no suspect identified,
a691110544aa0ee90c3438260c7e6480fb71c7a38953402aca1e81381f101afc,2021-12,Cheshire Constabulary,Cheshire Constabulary,-2.594427,53.405534,On or near Winwick Road,E01012455,Warrington 013C,Shoplifting,Investigation complete; no suspect identified,
8bc7d161a8dc87b4a92923c6a01b3c6bd11d07bd282477144f76737d972e1f72,2021-12,Cheshire Constabulary,Cheshire Constabulary,-2.594427,53.405534,On or near Winwick Road,E01012455,Warrington 013C,Shoplifting,Investigation complete; no suspect identified,
9386e4287482094d78c582059afc4c00a6dc966e4cd13c7ee877f49d882c278b,2021-12,Cheshire Constabulary,Cheshire Constabulary,-2.605044,53.401085,On or near Bagot Avenue,E01012455,Warrington 013C,Violence and sexual offences,Unable to prosecute suspect,
4e3f9d533709ed5c05a4b2a357d10b87321dd0ee38c0ef7938066a4c0a584315,2021-12,Cheshire Constabulary,Cheshire Constabulary,-2.605044,53.401085,On or near Bagot Avenue,E01012455,Warrington 013C,Violence and sexual offences,Court result unavailable,
770fd6766e37d2e366e465614be67574e1191f1b8168aa9aed32aae9737c8fb0,2021-12,Cheshire Constabulary,Cheshire Constabulary,-2.609211,53.401172,On or near Penketh Avenue,E01012455,Warrington 013C,Violence and sexual offences,Unable to prosecute suspect,
6fac15c9983db2ffda6a871a1edb000c48a896c98fbf6d12c258d0663244f5ac,2021-12,Cheshire Constabulary,Cheshire Constabulary,-2.602506,53.402419,On or near Calgarth Avenue,E01012455,Warrington 013C,Violence and sexual offences,Unable to prosecute suspect,
230b75fa5d08401e0b2fce9277e5c270c2c00ef04af219c33aa9f204a177d899,2021-12,Cheshire Constabulary,Cheshire Constabulary,-2.609883,53.400845,On or near Rixton Avenue,E01012455,Warrington 013C,Violence and sexual offences,Unable to prosecute suspect,
60331b85acd7648dfc87662a5d51a6a1ea8857c3f92bec5b1e69671e998bdcea,2021-12,Cheshire Constabulary,Cheshire Constabulary,-2.609883,53.400845,On or near Rixton Avenue,E01012455,Warrington 013C,Violence and sexual offences,Unable to prosecute suspect,
77ef29685d0b2bad677b1739d28238fa389a86f9973074e562052631e455a352,2021-12,Cheshire Constabulary,Cheshire Constabulary,-2.604096,53.401090,On or near Plumtre Avenue,E01012455,Warrington 013C,Violence and sexual offences,Unable to prosecute suspect,
3141abf738becb8d21abec495e59cda67b240949a89e916a6981dc0d563f3311,2021-12,Cheshire Constabulary,Cheshire Constabulary,-2.604096,53.401090,On or near Plumtre Avenue,E01012455,Warrington 013C,Violence and sexual offences,Unable to prosecute suspect,
601f4226d93353c78c7c08d76d418e5da781869c6c517ffa1962b002b4b52720,2021-12,Cheshire Constabulary,Cheshire Constabulary,-2.605044,53.401085,On or near Bagot Avenue,E01012455,Warrington 013C,Violence and sexual offences,Unable to prosecute suspect,
e5ca037967da58f423240fdc7cb95469a9681e122b9d94c46281432f03469027,2021-12,Cheshire Constabulary,Cheshire Constabulary,-2.607278,53.403743,On or near Southworth Avenue,E01012455,Warrington 013C,Violence and sexual offences,Unable to prosecute suspect,
1ea2067552f4e0ea7fdd43c717839e49aed6f00cd4f65c51dacd1390a4766c39,2021-12,Cheshire Constabulary,Cheshire Constabulary,-2.606458,53.402193,On or near Norreys Avenue,E01012455,Warrington 013C,Violence and sexual offences,Unable to prosecute suspect,
e2ecbe221e77053ca7bb5485f674904452eba8a440ba5fe8400b3aa6357342f2,2021-12,Cheshire Constabulary,Cheshire Constabulary,-2.604096,53.401090,On or near Plumtre Avenue,E01012455,Warrington 013C,Violence and sexual offences,Unable to prosecute suspect,
cd8f5d4aecf23c3d15069d62040adc912754b58d2e9ee88e0edb9657b449f985,2021-12,Cheshire Constabulary,Cheshire Constabulary,-2.604096,53.401090,On or near Plumtre Avenue,E01012455,Warrington 013C,Violence and sexual offences,Unable to prosecute suspect,
4afc5a46c2d12bb6476e25654fc4ef7113bdfd20327d477963af193c3b8721ee,2021-12,Cheshire Constabulary,Cheshire Constabulary,-2.604809,53.402578,On or near Lostock Avenue,E01012455,Warrington 013C,Violence and sexual offences,Unable to prosecute suspect,
5a132bd2011cd0d609f92a08a1d47eb8a6327137cd9a0a4cc1255fe533ac4a78,2021-12,Cheshire Constabulary,Cheshire Constabulary,-2.609211,53.401172,On or near Penketh Avenue,E01012455,Warrington 013C,Violence and sexual offences,Unable to prosecute suspect,
649e7ae130244033ec84202ab371918f8ed08e45ac1f0b9b26adbdfc64837340,2021-12,Cheshire Constabulary,Cheshire Constabulary,-2.604096,53.401090,On or near Plumtre Avenue,E01012455,Warrington 013C,Violence and sexual offences,Unable to prosecute suspect,
65e1d9a304864f99e1021ff890c1d5d920090bf8fa0f5a120454de47bf675e7b,2021-12,Cheshire Constabulary,Cheshire Constabulary,-2.606080,53.399947,On or near Haryngton Avenue,E01012455,Warrington 013C,Violence and sexual offences,Unable to prosecute suspect,
7605679e12001d91d60bf6321dd8ccb1d838cde35f5ffebf98cb9c6435674153,2021-12,Cheshire Constabulary,Cheshire Constabulary,-2.604096,53.401090,On or near Plumtre Avenue,E01012455,Warrington 013C,Violence and sexual offences,Unable to prosecute suspect,
cd5919c1e6bac89e95310a90b650db015e6a8f579510e6332ca6bdb3d90f6b2c,2021-12,Cheshire Constabulary,Cheshire Constabulary,-2.609883,53.400845,On or near Rixton Avenue,E01012455,Warrington 013C,Violence and sexual offences,Unable to prosecute suspect,
1f4aa44fc54668a19e10adc64b80826089e38e6901ff7bd01f1f581ad7ea046d,2021-12,Cheshire Constabulary,Cheshire Constabulary,-2.605044,53.401085,On or near Bagot Avenue,E01012455,Warrington 013C,Violence and sexual offences,Unable to prosecute suspect,
,2021-12,Cheshire Constabulary,Cheshire Constabulary,-2.613403,53.390436,On or near Percy Street,E01012457,Warrington 013D,Anti-social behaviour,,
,2021-12,Cheshire Constabulary,Cheshire Constabulary,-2.613459,53.394319,On or near Wardour Street,E01012457,Warrington 013D,Anti-social behaviour,,
,2021-12,Cheshire Constabulary,Cheshire Constabulary,-2.610733,53.393982,On or near Hospital,E01012457,Warrington 013D,Anti-social behaviour,,
d7b9e6a51d8250a447a8fd3c7ec6c8b2215eb2d5204f23756323845ffcb45f9e,2021-12,Cheshire Constabulary,Cheshire Constabulary,-2.610733,53.393982,On or near Hospital,E01012457,Warrington 013D,Criminal damage and arson,Court result unavailable,
23119f42b1a03bcd9366628b91ff5c709db165ff72e5a78908e45f7128a48234,2021-12,Cheshire Constabulary,Cheshire Constabulary,-2.612637,53.395725,On or near Brighton Street,E01012457,Warrington 013D,Criminal damage and arson,Unable to prosecute suspect,
a7e55ea479ffecdce495d5937b2af9015618b4efd048a4454eeb695305b0480b,2021-12,Cheshire Constabulary,Cheshire Constabulary,-2.612637,53.395725,On or near Brighton Street,E01012457,Warrington 013D,Other theft,Offender given a caution,
48f0da0e70a12bc7dcd19661882220511cea6d754121cd0dda41e9fd165e7697,2021-12,Cheshire Constabulary,Cheshire Constabulary,-2.610733,53.393982,On or near Hospital,E01012457,Warrington 013D,Public order,Court result unavailable,
92a2fe6454920c452cc1d78ab3768576b25ffdfdfcbda08d871cf3cedc5cc567,2021-12,Cheshire Constabulary,Cheshire Constabulary,-2.613482,53.389599,On or near Selby Street,E01012457,Warrington 013D,Public order,Investigation complete; no suspect identified,
3e57f393e6431dfb759173468ecc7f593269a358db161cd91b78e5056cc18dcd,2021-12,Cheshire Constabulary,Cheshire Constabulary,-2.610733,53.393982,On or near Hospital,E01012457,Warrington 013D,Public order,Court result unavailable,
474c85a160b5593b148d0a9ff76bd7eee41b1bdf02c90ea05b630ea694d39a92,2021-12,Cheshire Constabulary,Cheshire Constabulary,-2.613216,53.396235,On or near Ripley Street,E01012457,Warrington 013D,Public order,Investigation complete; no suspect identified,
934220ed0af1492d63f5a50ce354840334714dd487da24e6c1fb9da98f1fa672,2021-12,Cheshire Constabulary,Cheshire Constabulary,-2.611780,53.392592,On or near St Barnabas Place,E01012457,Warrington 013D,Vehicle crime,Investigation complete; no suspect identified,
8dafe75829d702425b60f01b4eeec164e554e1b6d5a8528bb7699e486cec8f12,2021-12,Cheshire Constabulary,Cheshire Constabulary,-2.612588,53.390224,On or near Whitecross Road,E01012457,Warrington 013D,Vehicle crime,Unable to prosecute suspect,
71f08685e87948dfb4ea8d9ad23028529cadeb97679c9494265bb69b1f0e31fe,2021-12,Cheshire Constabulary,Cheshire Constabulary,-2.612637,53.395725,On or near Brighton Street,E01012457,Warrington 013D,Vehicle crime,Investigation complete; no suspect identified,
11dab7b1a63bb20c6d497fc3d22baaf2e94841f1e8325373949b6ecd1f53264a,2021-12,Cheshire Constabulary,Cheshire Constabulary,-2.614030,53.391107,On or near Wellfield Street,E01012457,Warrington 013D,Violence and sexual offences,Unable to prosecute suspect,
0e1d5d8de0f366ab6f6bc22ad4d36bf705585b2587478245e17233f17d561f8a,2021-12,Cheshire Constabulary,Cheshire Constabulary,-2.613216,53.396235,On or near Ripley Street,E01012457,Warrington 013D,Violence and sexual offences,Unable to prosecute suspect,
281d63396a2bdd887ab707f8ffc9414e2e46cec3129fe1d5b50c6369a95e7446,2021-12,Cheshire Constabulary,Cheshire Constabulary,-2.612637,53.395725,On or near Brighton Street,E01012457,Warrington 013D,Violence and sexual offences,Court result unavailable,
08abdc75f1ba258d072c79ce9573145be1669df0e71d5e4996f86357aed78b1f,2021-12,Cheshire Constabulary,Cheshire Constabulary,-2.612637,53.395725,On or near Brighton Street,E01012457,Warrington 013D,Violence and sexual offences,Court result unavailable,
f6e5d4e2421bd664e2255b04943736f657aa6795fef7011c94d848727ecdaadb,2021-12,Cheshire Constabulary,Cheshire Constabulary,-2.612637,53.395725,On or near Brighton Street,E01012457,Warrington 013D,Violence and sexual offences,Unable to prosecute suspect,
812b138482cdaf7320a5b8b9347532dcde5f2c4a62f5e1bb4f14a66945aa9df7,2021-12,Cheshire Constabulary,Cheshire Constabulary,-2.613216,53.396235,On or near Ripley Street,E01012457,Warrington 013D,Violence and sexual offences,Unable to prosecute suspect,
0690e7e73137bb12db6d411da9781fb89e078d6d93b897ca1805b1f6ddc195b8,2021-12,Cheshire Constabulary,Cheshire Constabulary,-2.613459,53.394319,On or near Wardour Street,E01012457,Warrington 013D,Violence and sexual offences,Investigation complete; no suspect identified,
8f2b77ccbc3c1afe83abe7a66461b70114e3092c897f9f1e1903784f17505bfb,2021-12,Cheshire Constabulary,Cheshire Constabulary,-2.611780,53.392592,On or near St Barnabas Place,E01012457,Warrington 013D,Violence and sexual offences,Unable to prosecute suspect,
45d278247205805773006596e69c7aac2e7858fbe296b81a8d831269cb2e7d87,2021-12,Cheshire Constabulary,Cheshire Constabulary,-2.610733,53.393982,On or near Hospital,E01012457,Warrington 013D,Violence and sexual offences,Court result unavailable,
5847031f5965ef2045319b196c8d6e3607b580c17463b6c290cfebb332bd1a13,2021-12,Cheshire Constabulary,Cheshire Constabulary,-2.612637,53.395725,On or near Brighton Street,E01012457,Warrington 013D,Violence and sexual offences,Unable to prosecute suspect,
9ad017fcbaeaecfdaa8e8cde53b867f2edae9272653527f72734e3b99551ac9e,2021-12,Cheshire Constabulary,Cheshire Constabulary,-2.613216,53.396235,On or near Ripley Street,E01012457,Warrington 013D,Violence and sexual offences,Unable to prosecute suspect,
,2021-12,Cheshire Constabulary,Cheshire Constabulary,-2.515656,53.398341,On or near Tarn Court,E01012551,Warrington 014A,Anti-social behaviour,,
,2021-12,Cheshire Constabulary,Cheshire Constabulary,-2.515656,53.398341,On or near Tarn Court,E01012551,Warrington 014A,Anti-social behaviour,,
eb695f5e2a238723adb921f961e0160b76d88cf117a7cb5155dbb5299bb81741,2021-12,Cheshire Constabulary,Cheshire Constabulary,-2.528407,53.400613,On or near Laurel Avenue,E01012551,Warrington 014A,Burglary,Investigation complete; no suspect identified,
2cd2ef01dda12e62bde69ac9196a53a2607e1ffd332a23b5e9e30c96fdaf8ae3,2021-12,Cheshire Constabulary,Cheshire Constabulary,-2.523665,53.399007,On or near Manchester Road,E01012551,Warrington 014A,Public order,Status update unavailable,
2cd2ef01dda12e62bde69ac9196a53a2607e1ffd332a23b5e9e30c96fdaf8ae3,2021-12,Cheshire Constabulary,Cheshire Constabulary,-2.515165,53.402532,On or near M6,E01012551,Warrington 014A,Public order,Unable to prosecute suspect,
adc16965af76872fee3260fa878876de5851400a728f50834a19451b7e3ab38e,2021-12,Cheshire Constabulary,Cheshire Constabulary,-2.525390,53.401049,On or near White House Drive,E01012551,Warrington 014A,Vehicle crime,Investigation complete; no suspect identified,
2206d7eb9ca0e0400cbe3efedff952b3e4928d076fb53680b32450261ecc5828,2021-12,Cheshire Constabulary,Cheshire Constabulary,-2.516051,53.397458,On or near Riversdale,E01012551,Warrington 014A,Vehicle crime,Investigation complete; no suspect identified,
f74a03a485b65e35e064c46fe4ec1624b751e336f197b04458e312e7b8a055a7,2021-12,Cheshire Constabulary,Cheshire Constabulary,-2.528722,53.399281,On or near Berkshire Drive,E01012552,Warrington 014B,Violence and sexual offences,Court result unavailable,
bb66c56a05c2b2dc066c8e09570003061f1ba694b32f4865bcea6a4c9de1f75e,2021-12,Cheshire Constabulary,Cheshire Constabulary,-2.528722,53.399281,On or near Berkshire Drive,E01012552,Warrington 014B,Violence and sexual offences,Unable to prosecute suspect,
8eac94688363f55993b073e28893821a07c2c47e94a574624e7dcf1628fdb4a6,2021-12,Cheshire Constabulary,Cheshire Constabulary,-2.532068,53.396237,On or near Laxey Avenue,E01012552,Warrington 014B,Violence and sexual offences,Unable to prosecute suspect,
0d051bfdf8f0b991ee829cce08e51230e5bb8f93d0323be1057907d31dd8899d,2021-12,Cheshire Constabulary,Cheshire Constabulary,-2.532297,53.398951,On or near Baron Close,E01012552,Warrington 014B,Violence and sexual offences,Unable to prosecute suspect,
e02d0babd69e956d7ba75900bb24238c9e15ac872031917bb82d6a3deead9a59,2021-12,Cheshire Constabulary,Cheshire Constabulary,-2.526011,53.396534,On or near Berwick Close,E01012553,Warrington 014C,Other theft,Unable to prosecute suspect,
770f9645ef8627de5d2fa16aabd7659f5b9c29120283ada995ec672cc70d6b21,2021-12,Cheshire Constabulary,Cheshire Constabulary,-2.525406,53.396240,On or near Shropshire Close,E01012553,Warrington 014C,Violence and sexual offences,Unable to prosecute suspect,
ce73131cf944c620c0fcd431e9931e2b35ec3d577bcb94e1b4a51cad7f26cc30,2021-12,Cheshire Constabulary,Cheshire Constabulary,-2.524852,53.395263,On or near Lincoln Close,E01012553,Warrington 014C,Violence and sexual offences,Unable to prosecute suspect,
,2021-12,Cheshire Constabulary,Cheshire Constabulary,-2.531871,53.402153,On or near Well Farm Close,E01012555,Warrington 014D,Anti-social behaviour,,
,2021-12,Cheshire Constabulary,Cheshire Constabulary,-2.532057,53.400228,On or near Dam Lane,E01012555,Warrington 014D,Anti-social behaviour,,
37e79eda5974de1ac9a907d25861c8cfc40dcfdd17223d2727c02592fd6992a6,2021-12,Cheshire Constabulary,Cheshire Constabulary,-2.530981,53.400719,On or near Linden Close,E01012555,Warrington 014D,Criminal damage and arson,Investigation complete; no suspect identified,
259200f326f554d594620adf08aa863195730cefbd5749229d1fb8e379266188,2021-12,Cheshire Constabulary,Cheshire Constabulary,-2.532057,53.400228,On or near Dam Lane,E01012555,Warrington 014D,Public order,Unable to prosecute suspect,
42f9527f648931d7d3699b199dce75ba7b61f8ac41c7390c534a925eb609ebea,2021-12,Cheshire Constabulary,Cheshire Constabulary,-2.531871,53.402153,On or near Well Farm Close,E01012555,Warrington 014D,Shoplifting,Investigation complete; no suspect identified,
1a88a8159bbdaa29190fca0561c8bc6eef9973cc892f2476950bb7962e869b43,2021-12,Cheshire Constabulary,Cheshire Constabulary,-2.539634,53.397570,On or near Cotterill Drive,E01012556,Warrington 014E,Other theft,Investigation complete; no suspect identified,
3f6d5d7a2c8f9c3ec033481e63e92296c594e16e075803c3ad9db3f8270f660a,2021-12,Cheshire Constabulary,Cheshire Constabulary,-2.538046,53.401622,On or near Hillock Lane,E01012556,Warrington 014E,Public order,Unable to prosecute suspect,
d94acfd38e60242e586c5a97cf000809430da957112024fb4801608626bad440,2021-12,Cheshire Constabulary,Cheshire Constabulary,-2.544150,53.399122,On or near Wentworth Avenue,E01012556,Warrington 014E,Vehicle crime,Investigation complete; no suspect identified,
6c96ce8ecbb2b415191e9dff243aabfdbbe6f988a49389ebb490a6c26f0fd82a,2021-12,Cheshire Constabulary,Cheshire Constabulary,-2.538046,53.401622,On or near Hillock Lane,E01012556,Warrington 014E,Violence and sexual offences,Unable to prosecute suspect,
11a3ba468e7e4e5ba9b808435a4b2ef8c86dbe9845bbbade242684bc7b1b9e12,2021-12,Cheshire Constabulary,Cheshire Constabulary,-2.537495,53.397292,On or near Bridge Road,E01012556,Warrington 014E,Violence and sexual offences,Unable to prosecute suspect,
e7c682b421234c2daed0a8d8087e4409631d56efeaab37aa1bc9bda27f383f55,2021-12,Cheshire Constabulary,Cheshire Constabulary,-2.546831,53.399434,On or near Margaret Avenue,E01012556,Warrington 014E,Other crime,Unable to prosecute suspect,
40981f1c238786b29021d4d0feaa09872a27c074c1fd24e449d3882fd8c16f2d,2021-12,Cheshire Constabulary,Cheshire Constabulary,-2.661332,53.395690,On or near Park Road,E01012491,Warrington 015A,Burglary,Court result unavailable,
395abcb968884765f5f5cbc5ebf35e7692c220fae8a301e855cc8da78be444b7,2021-12,Cheshire Constabulary,Cheshire Constabulary,-2.662651,53.397382,On or near Cronulla Drive,E01012491,Warrington 015A,Public order,Unable to prosecute suspect,
9d1ca1b4a590b05c476cb1ef96a92ac3e0707f7998da1153d1a185c27ab5dde4,2021-12,Cheshire Constabulary,Cheshire Constabulary,-2.662651,53.397382,On or near Cronulla Drive,E01012491,Warrington 015A,Violence and sexual offences,Unable to prosecute suspect,
c7d767bd45322ed3599d61de7e2dd40d105cc3eb5690ac31b36e58e57f238029,2021-12,Cheshire Constabulary,Cheshire Constabulary,-2.658016,53.396212,On or near Hall Terrace,E01012491,Warrington 015A,Violence and sexual offences,Unable to prosecute suspect,
fd06b10601872310c7d9cf6206cb0a87ba34f3f9a48f2012f638df57ed9d19af,2021-12,Cheshire Constabulary,Cheshire Constabulary,-2.658016,53.396212,On or near Hall Terrace,E01012491,Warrington 015A,Other crime,Unable to prosecute suspect,
,2021-12,Cheshire Constabulary,Cheshire Constabulary,-2.648750,53.394060,On or near Whittle Hall Lane,E01012492,Warrington 015B,Anti-social behaviour,,
,2021-12,Cheshire Constabulary,Cheshire Constabulary,-2.648750,53.394060,On or near Whittle Hall Lane,E01012492,Warrington 015B,Anti-social behaviour,,
2c68d590b048659f267a74db98487bcbe8f215eb757974f6858cf5b92480f7cb,2021-12,Cheshire Constabulary,Cheshire Constabulary,-2.647545,53.392988,On or near Belmont Crescent,E01012492,Warrington 015B,Criminal damage and arson,Investigation complete; no suspect identified,
01c1131b2fbdbbd4002cc65b3f1da519d8f5c2071c96b5d0a8f7d37d75584be0,2021-12,Cheshire Constabulary,Cheshire Constabulary,-2.654390,53.395099,On or near Vine Crescent,E01012492,Warrington 015B,Criminal damage and arson,Unable to prosecute suspect,
f57a7a45d9ea3f624d452e761b9a8255cc7781c4120c4b6edef7507f06849ba9,2021-12,Cheshire Constabulary,Cheshire Constabulary,-2.653974,53.393456,On or near Wednesbury Drive,E01012492,Warrington 015B,Criminal damage and arson,Investigation complete; no suspect identified,
37483c65a7d6e5579f0771fcaa233fab5731fa2d72e86165a0800530bebf6873,2021-12,Cheshire Constabulary,Cheshire Constabulary,-2.652491,53.394876,On or near Charles Avenue,E01012492,Warrington 015B,Public order,Unable to prosecute suspect,
2d042f47ecee036eb98e21b65303da5e9fb8584cb6261909c85cff47ceaee918,2021-12,Cheshire Constabulary,Cheshire Constabulary,-2.652491,53.394876,On or near Charles Avenue,E01012492,Warrington 015B,Violence and sexual offences,Unable to prosecute suspect,
1f01ba1939b203118ca3b8ea1cb33742219e7a4055aee36b572949b4b3ca9de2,2021-12,Cheshire Constabulary,Cheshire Constabulary,-2.655914,53.393527,On or near Norfolk Drive,E01012492,Warrington 015B,Violence and sexual offences,Unable to prosecute suspect,
b5c70dfa0ca6dc3ba25ce30c4ca90365cb79ac6f39a4a96ec5d42cdd76f886d1,2021-12,Cheshire Constabulary,Cheshire Constabulary,-2.651936,53.392964,On or near Conway Close,E01012492,Warrington 015B,Violence and sexual offences,Unable to prosecute suspect,
85a2f919976504490efe7d72b9d96b556fb7f819d77635aa242241bfc526bd49,2021-12,Cheshire Constabulary,Cheshire Constabulary,-2.663165,53.392705,On or near Albert Drive,E01012493,Warrington 015C,Vehicle crime,Investigation complete; no suspect identified,
7918305ceffff2449f9f9505789e0ae0adc0485ba4e3e3996c96ffa1e0396472,2021-12,Cheshire Constabulary,Cheshire Constabulary,-2.667791,53.392337,On or near Henderson Close,E01012493,Warrington 015C,Violence and sexual offences,Unable to prosecute suspect,
c8868c8c42b72dd747f112305c3efb34181b1b9e62c68f24d42d781af239bbc8,2021-12,Cheshire Constabulary,Cheshire Constabulary,-2.665022,53.393162,On or near Victoria Avenue,E01012493,Warrington 015C,Violence and sexual offences,Unable to prosecute suspect,
5e31306b82c1cc46f9b1705e1123de7d812c11ff037d8948a17fcefe3fbb7dd9,2021-12,Cheshire Constabulary,Cheshire Constabulary,-2.660468,53.391407,On or near Brightwell Close,E01012493,Warrington 015C,Violence and sexual offences,Unable to prosecute suspect,
,2021-12,Cheshire Constabulary,Cheshire Constabulary,-2.673424,53.397672,On or near Shorwell Close,E01012494,Warrington 015D,Anti-social behaviour,,
3fc6f4e6205e4af1bf36769729a9d3687342fbf08bdb6f8899ebdd6d2075b7c3,2021-12,Cheshire Constabulary,Cheshire Constabulary,-2.673424,53.397672,On or near Shorwell Close,E01012494,Warrington 015D,Public order,Unable to prosecute suspect,
a112a258627b07e51e3cde70a443ad255abeb54471acca03c23c17d88a96a99d,2021-12,Cheshire Constabulary,Cheshire Constabulary,-2.649595,53.390352,On or near Cunningham Close,E01012500,Warrington 015E,Violence and sexual offences,Investigation complete; no suspect identified,
,2021-12,Cheshire Constabulary,Cheshire Constabulary,-2.630119,53.385018,On or near Kent Road,E01012495,Warrington 016A,Anti-social behaviour,,
,2021-12,Cheshire Constabulary,Cheshire Constabulary,-2.630119,53.385018,On or near Kent Road,E01012495,Warrington 016A,Anti-social behaviour,,
6f5d317141e72b4df2f7148c69195412f6eea246fe56e0cae8fcba40be3d9419,2021-12,Cheshire Constabulary,Cheshire Constabulary,-2.630119,53.385018,On or near Kent Road,E01012495,Warrington 016A,Criminal damage and arson,Investigation complete; no suspect identified,
62217f494c4b44cbde9f8e70deea55e0269e9bed6a1c668aa664149f6f2ba9fb,2021-12,Cheshire Constabulary,Cheshire Constabulary,-2.630119,53.385018,On or near Kent Road,E01012495,Warrington 016A,Public order,Investigation complete; no suspect identified,
26e885e63d9df07e964a06bb4f85e11cc5f375b64a3083a68e9ce3cce732890b,2021-12,Cheshire Constabulary,Cheshire Constabulary,-2.630119,53.385018,On or near Kent Road,E01012495,Warrington 016A,Public order,Investigation complete; no suspect identified,
c0b3e32af96f0468634d6fb7470f3ec13c87a42d07152bd0437eee198c03e0ac,2021-12,Cheshire Constabulary,Cheshire Constabulary,-2.630119,53.385018,On or near Kent Road,E01012495,Warrington 016A,Public order,Investigation complete; no suspect identified,
94a8556c23ae85ab4bcc2503e5e7a7c8c301ad7074f6b2924090f79500f5d0f3,2021-12,Cheshire Constabulary,Cheshire Constabulary,-2.637098,53.383193,On or near Fleetwood Close,E01012495,Warrington 016A,Violence and sexual offences,Unable to prosecute suspect,
1ff4e0526dda33470dd7bb6e0ab47c70ea41418f3deca10a54a4016f2961d90e,2021-12,Cheshire Constabulary,Cheshire Constabulary,-2.630119,53.385018,On or near Kent Road,E01012495,Warrington 016A,Violence and sexual offences,Investigation complete; no suspect identified,
40b2794869c1614c70a1d955df91b0d86d14946fef051f3f6909c3d5dba48574,2021-12,Cheshire Constabulary,Cheshire Constabulary,-2.630119,53.385018,On or near Kent Road,E01012495,Warrington 016A,Violence and sexual offences,Investigation complete; no suspect identified,
4ed477c826d96f5a887deea756fe2840414948c277cbfcacb94df0658057c7a3,2021-12,Cheshire Constabulary,Cheshire Constabulary,-2.618966,53.394497,On or near Waterways,E01012497,Warrington 016C,Criminal damage and arson,Investigation complete; no suspect identified,
486d8177a5d7749f839445654969b85727396ce822a1922a759f7db1db3bd0fa,2021-12,Cheshire Constabulary,Cheshire Constabulary,-2.621700,53.391247,On or near Pedestrian Subway,E01012497,Warrington 016C,Public order,Unable to prosecute suspect,
c9ec52de6c4d7092a7821e7bf554da60d5cc5fe187c199adc721e953e18eec6c,2021-12,Cheshire Constabulary,Cheshire Constabulary,-2.622186,53.392575,On or near Reaper Close,E01012497,Warrington 016C,Violence and sexual offences,Investigation complete; no suspect identified,
6604afb33c9b8257cb94e24fed9d5201d6dfa4cf68cc87e5387d5b73899896a6,2021-12,Cheshire Constabulary,Cheshire Constabulary,-2.621700,53.391247,On or near Pedestrian Subway,E01012497,Warrington 016C,Violence and sexual offences,Unable to prosecute suspect,
8908945bdf5f3836f3cf325f056ddf24f4b1b26f360614e23751c510286b2ee4,2021-12,Cheshire Constabulary,Cheshire Constabulary,-2.621700,53.391247,On or near Pedestrian Subway,E01012497,Warrington 016C,Violence and sexual offences,Unable to prosecute suspect,
41568fb8428113b9f957fbae42463fa6aea16e543a08cba6825133a7e77cb3c6,2021-12,Cheshire Constabulary,Cheshire Constabulary,-2.622186,53.392575,On or near Reaper Close,E01012497,Warrington 016C,Other crime,Further investigation is not in the public interest,
568c280b9eb86fe1805d93bc04027831beb43ca0fea32a72181bd698c930216e,2021-12,Cheshire Constabulary,Cheshire Constabulary,-2.621700,53.391247,On or near Pedestrian Subway,E01012497,Warrington 016C,Other crime,Investigation complete; no suspect identified,
,2021-12,Cheshire Constabulary,Cheshire Constabulary,-2.630970,53.389697,On or near Grosvenor Close,E01012498,Warrington 016D,Anti-social behaviour,,
55533e47d64f9366494c9f3af6d874480282a6eb9cc6aa9709ff8028e9d638ad,2021-12,Cheshire Constabulary,Cheshire Constabulary,-2.628957,53.393896,On or near Wheat Croft Close,E01012498,Warrington 016D,Burglary,Investigation complete; no suspect identified,
9707b2a91fdf38c05535f423b8e529788ed8beb6e473aa7538b83ab3b814cee0,2021-12,Cheshire Constabulary,Cheshire Constabulary,-2.626797,53.392236,On or near Beverley Road,E01012498,Warrington 016D,Burglary,Investigation complete; no suspect identified,
23b948d06e73803f5bab4577564e014821ebb4229e77367e0eeb9ec6e330f1ad,2021-12,Cheshire Constabulary,Cheshire Constabulary,-2.630649,53.393366,On or near Helmsdale Lane,E01012498,Warrington 016D,Burglary,Investigation complete; no suspect identified,
0a6aa2a28beccdf6a76ed11ec82262941725da0ab69496a7c198f3f99ddef03b,2021-12,Cheshire Constabulary,Cheshire Constabulary,-2.630970,53.389697,On or near Grosvenor Close,E01012498,Warrington 016D,Public order,Unable to prosecute suspect,
2fc0d34e80ff2bebd9daf28ed4595ff6ae3dc23bcc8ec31b4fbb0cfb220f28b9,2021-12,Cheshire Constabulary,Cheshire Constabulary,-2.628453,53.391292,On or near Winstanley Close,E01012498,Warrington 016D,Violence and sexual offences,Unable to prosecute suspect,
79a033c56e14ef6701a241724b79e4880d79744976b2dacec2db4b5b7859262b,2021-12,Cheshire Constabulary,Cheshire Constabulary,-2.630649,53.393366,On or near Helmsdale Lane,E01012498,Warrington 016D,Violence and sexual offences,Unable to prosecute suspect,
4fd8eb87ae44b3429f5067092968615a162f2d55506a014e5cc755162b1ec409,2021-12,Cheshire Constabulary,Cheshire Constabulary,-2.628957,53.393896,On or near Wheat Croft Close,E01012498,Warrington 016D,Violence and sexual offences,Unable to prosecute suspect,
ed151f4861262e64d6d3f59dde718e8b7dab861c5a94664c5594668522d54d7f,2021-12,Cheshire Constabulary,Cheshire Constabulary,-2.631192,53.390469,On or near Bagnall Close,E01012498,Warrington 016D,Violence and sexual offences,Unable to prosecute suspect,
cb5eba367dc93023151bd0fb3fc5624403439fc1cf98ff730c6f934a44bbb9a7,2021-12,Cheshire Constabulary,Cheshire Constabulary,-2.627199,53.392926,On or near Canford Close,E01012498,Warrington 016D,Other crime,Unable to prosecute suspect,
,2021-12,Cheshire Constabulary,Cheshire Constabulary,-2.637159,53.393296,On or near Drayton Close,E01012499,Warrington 016E,Anti-social behaviour,,
99f76c4067239886af1ce4369844380eb6c31e8e5512ff9a992a0349f91a7bac,2021-12,Cheshire Constabulary,Cheshire Constabulary,-2.637159,53.393296,On or near Drayton Close,E01012499,Warrington 016E,Criminal damage and arson,Investigation complete; no suspect identified,
0774e1110b4bcdc862d317a07bc2b41349062a10761f6601a3874f1b3290b270,2021-12,Cheshire Constabulary,Cheshire Constabulary,-2.634218,53.389680,On or near Stratton Road,E01012499,Warrington 016E,Other theft,Unable to prosecute suspect,
68da97f978e7527db96d520d823f4676db44d9f70df3f9857e96dee10bd8bbb8,2021-12,Cheshire Constabulary,Cheshire Constabulary,-2.633255,53.389640,On or near Fordington Road,E01012499,Warrington 016E,Violence and sexual offences,Unable to prosecute suspect,
87887bf52d8a3f178817b9da79ad0d68d2a71a5702642d29e15548638acd8155,2021-12,Cheshire Constabulary,Cheshire Constabulary,-2.634218,53.389680,On or near Stratton Road,E01012499,Warrington 016E,Violence and sexual offences,Unable to prosecute suspect,
e78d92021ebada84246a216bfcd71983ca31fecc3e1fef387b4dec04f8884803,2021-12,Cheshire Constabulary,Cheshire Constabulary,-2.637838,53.392429,On or near Stanbridge Close,E01012499,Warrington 016E,Violence and sexual offences,Unable to prosecute suspect,
,2021-12,Cheshire Constabulary,Cheshire Constabulary,-2.631935,53.385800,On or near Marina Avenue,E01012501,Warrington 016F,Anti-social behaviour,,
,2021-12,Cheshire Constabulary,Cheshire Constabulary,-2.631935,53.385800,On or near Marina Avenue,E01012501,Warrington 016F,Anti-social behaviour,,
30538f8f5cc1eca9041216bf55dd35215f8ab0ca93ecdb861102d9c7dba3ec5d,2021-12,Cheshire Constabulary,Cheshire Constabulary,-2.624600,53.386980,On or near Cromwell Avenue South,E01012501,Warrington 016F,Other theft,Investigation complete; no suspect identified,
a23ec08510a73f64dbd03054f2151db9e36b5616cb75100935bbc015da83c1e5,2021-12,Cheshire Constabulary,Cheshire Constabulary,-2.624600,53.386980,On or near Cromwell Avenue South,E01012501,Warrington 016F,Other theft,Investigation complete; no suspect identified,
6189dc25071c884c31cb2ddfc30dd700298eee9cfb4ec062624cf6603f46712b,2021-12,Cheshire Constabulary,Cheshire Constabulary,-2.631935,53.385800,On or near Marina Avenue,E01012501,Warrington 016F,Public order,Investigation complete; no suspect identified,
d1cd897a64aedb33180a85e1844a5a38c0a161aee384e58f79d6c754f83073ab,2021-12,Cheshire Constabulary,Cheshire Constabulary,-2.631935,53.385800,On or near Marina Avenue,E01012501,Warrington 016F,Public order,Investigation complete; no suspect identified,
2e2e81af3ed63ad614cf9c0ec41d5fd553571568b4228f7e3aaae483985d5a53,2021-12,Cheshire Constabulary,Cheshire Constabulary,-2.627657,53.386281,On or near Malpas Drive,E01012501,Warrington 016F,Vehicle crime,Investigation complete; no suspect identified,
b31fa9ec666863d19b30e71b27855ea0b3218800ede691c36b1fb86d5f455973,2021-12,Cheshire Constabulary,Cheshire Constabulary,-2.629189,53.387199,On or near Banbury Drive,E01012501,Warrington 016F,Violence and sexual offences,Unable to prosecute suspect,
59713f496f8c41ecbac5bbf194d4ae7cfc737e52b833c9748b1fa4f6447c6304,2021-12,Cheshire Constabulary,Cheshire Constabulary,-2.629189,53.387199,On or near Banbury Drive,E01012501,Warrington 016F,Violence and sexual offences,Unable to prosecute suspect,
6a003038ab9a7536ebc8f66f92b9743ddcbb6d2c7c8218b6fb3453dbf5fc7672,2021-12,Cheshire Constabulary,Cheshire Constabulary,-2.631935,53.385800,On or near Marina Avenue,E01012501,Warrington 016F,Violence and sexual offences,Investigation complete; no suspect identified,
cc8be128aac293b8fc2f7e449ec76d4828831e36267fa8517b3a7e3238a5f840,2021-12,Cheshire Constabulary,Cheshire Constabulary,-2.629189,53.387199,On or near Banbury Drive,E01012501,Warrington 016F,Violence and sexual offences,Unable to prosecute suspect,
cb22ce84017db06b848c9b92903b2198b93a1935fb73f2f7a4dea80e9ebf3234,2021-12,Cheshire Constabulary,Cheshire Constabulary,-2.577981,53.391799,On or near College Close,E01012479,Warrington 017A,Criminal damage and arson,Investigation complete; no suspect identified,
0e22e2e05d3e6513735ccfb0bd1ee456f5cfee06ba3543fab6296cfa32a72cf5,2021-12,Cheshire Constabulary,Cheshire Constabulary,-2.578548,53.395904,On or near Granville Street,E01012479,Warrington 017A,Other theft,Investigation complete; no suspect identified,
249c61e04aebc88a8de53ffa37d1b7ed56345e3de4d8b8ab030da8565b295211,2021-12,Cheshire Constabulary,Cheshire Constabulary,-2.577023,53.393269,On or near Salisbury Street,E01012479,Warrington 017A,Public order,Court result unavailable,
412af4ec5904d9b80dae8f484644f23a4b4e942648f96f13a6c0b4859e5b46f0,2021-12,Cheshire Constabulary,Cheshire Constabulary,-2.575671,53.396691,On or near Fothergill Street,E01012479,Warrington 017A,Public order,Unable to prosecute suspect,
6d7ba709ea18c4c9d7bb697842d8da4d9ab6dc94e2d97dd050aca2dc542835a3,2021-12,Cheshire Constabulary,Cheshire Constabulary,-2.576354,53.396032,On or near Ford Street,E01012479,Warrington 017A,Public order,Unable to prosecute suspect,
b5582b6efe162a93ab5182f4c761223cf195dd6a517a274e9ca215b155275f39,2021-12,Cheshire Constabulary,Cheshire Constabulary,-2.576847,53.396910,On or near Matthews Street,E01012479,Warrington 017A,Shoplifting,Court result unavailable,
3ce5b801e6cae7f54055d87eb14ec69a69f56580ae402ea1427e91148207cfee,2021-12,Cheshire Constabulary,Cheshire Constabulary,-2.576963,53.394402,On or near Robson Street,E01012479,Warrington 017A,Violence and sexual offences,Status update unavailable,
991755b778fee3448e0372a16689f9ae6bfc609ad18101971d9a72559efc5440,2021-12,Cheshire Constabulary,Cheshire Constabulary,-2.577311,53.396773,On or near Buckton Street,E01012479,Warrington 017A,Violence and sexual offences,Unable to prosecute suspect,
e1dd785c7b9a35fd5a4bd09b106a9114afb10c4309782eb7c5f084edd86847d4,2021-12,Cheshire Constabulary,Cheshire Constabulary,-2.576963,53.394402,On or near Robson Street,E01012479,Warrington 017A,Violence and sexual offences,Status update unavailable,
931ec5bc5ac20c1d61dd3509671457d2695edec9f1f898c1c0fcfbdf50f08430,2021-12,Cheshire Constabulary,Cheshire Constabulary,-2.577023,53.393269,On or near Salisbury Street,E01012479,Warrington 017A,Violence and sexual offences,Status update unavailable,
b85afe2c701a8e0004ef6be91148f5b2f61b6b6201355d34c8b1f99eba17a71c,2021-12,Cheshire Constabulary,Cheshire Constabulary,-2.577023,53.393269,On or near Salisbury Street,E01012479,Warrington 017A,Violence and sexual offences,Status update unavailable,
bd085440200b7f9a487c293b5fc2f2b26e67b8f2cc96514b62ede9ab7d6630c8,2021-12,Cheshire Constabulary,Cheshire Constabulary,-2.578548,53.395904,On or near Granville Street,E01012479,Warrington 017A,Violence and sexual offences,Unable to prosecute suspect,
69df44c87adb4873b729e7cc18f66dbeddce1910c3c600dafdd2c1114ebf8ee2,2021-12,Cheshire Constabulary,Cheshire Constabulary,-2.578548,53.395904,On or near Granville Street,E01012479,Warrington 017A,Violence and sexual offences,Unable to prosecute suspect,
4423d2e1194e136831db59fac02792c614d9e729a5464f6336de1ff8e3eaa68e,2021-12,Cheshire Constabulary,Cheshire Constabulary,-2.578548,53.395904,On or near Granville Street,E01012479,Warrington 017A,Violence and sexual offences,Unable to prosecute suspect,
,2021-12,Cheshire Constabulary,Cheshire Constabulary,-2.588621,53.388125,On or near Mersey Street,E01012480,Warrington 017B,Anti-social behaviour,,
,2021-12,Cheshire Constabulary,Cheshire Constabulary,-2.584308,53.388272,On or near Wellington Street,E01012480,Warrington 017B,Anti-social behaviour,,
,2021-12,Cheshire Constabulary,Cheshire Constabulary,-2.584883,53.390759,On or near Orchard Street,E01012480,Warrington 017B,Anti-social behaviour,,
675ba26145876282435bf2de9b51b6d2d13fe329a71d88893df7ed31886f920a,2021-12,Cheshire Constabulary,Cheshire Constabulary,-2.584883,53.390759,On or near Orchard Street,E01012480,Warrington 017B,Criminal damage and arson,Investigation complete; no suspect identified,
a7ff4f926955f6de0db68876f35a36f37053494febf39c026501e41817bac5e0,2021-12,Cheshire Constabulary,Cheshire Constabulary,-2.584308,53.388272,On or near Wellington Street,E01012480,Warrington 017B,Criminal damage and arson,Unable to prosecute suspect,
bed95610a9f2b389d4f1b5becd2f1285bc360b4dee089f8fc0bff687cfeffe33,2021-12,Cheshire Constabulary,Cheshire Constabulary,-2.583747,53.385758,On or near Wharf Street,E01012480,Warrington 017B,Criminal damage and arson,Investigation complete; no suspect identified,
9142bcaf5e532dd9268b83d7cfda74a539847066c2a952c93143bdc1b09269fb,2021-12,Cheshire Constabulary,Cheshire Constabulary,-2.588621,53.388125,On or near Mersey Street,E01012480,Warrington 017B,Criminal damage and arson,Investigation complete; no suspect identified,
50eef8434c5adf5294114736e47a339b9bd519ba85554f16429b168fe3256787,2021-12,Cheshire Constabulary,Cheshire Constabulary,-2.588621,53.388125,On or near Mersey Street,E01012480,Warrington 017B,Drugs,Unable to prosecute suspect,
54460cc3e8e0a629da559275ac81241ad62129b8852088b1c4eae8fbf3ac1763,2021-12,Cheshire Constabulary,Cheshire Constabulary,-2.583971,53.388885,On or near Ellesmere Street,E01012480,Warrington 017B,Other theft,Investigation complete; no suspect identified,
ec49cb742c11cbc6e6c527b82ff8bbc48a74cac9a1666c526ab84efcfee06a89,2021-12,Cheshire Constabulary,Cheshire Constabulary,-2.583971,53.388885,On or near Ellesmere Street,E01012480,Warrington 017B,Other theft,Investigation complete; no suspect identified,
012d78ae61e6a6e5b7590d71423626bc289dd14bee6d38aa1f8af56d492e7522,2021-12,Cheshire Constabulary,Cheshire Constabulary,-2.585511,53.390441,On or near Victoria Street,E01012480,Warrington 017B,Other theft,Investigation complete; no suspect identified,
812985a569bdefa85431e66e2fa7208c10f91062915a2e8b527a64489b1d644d,2021-12,Cheshire Constabulary,Cheshire Constabulary,-2.580319,53.386799,On or near Riverside Close,E01012480,Warrington 017B,Public order,Unable to prosecute suspect,
e4c3cc2ff0527eaa6270ec970fdbe351c71902367c69a03dd53e880101a3d791,2021-12,Cheshire Constabulary,Cheshire Constabulary,-2.588621,53.388125,On or near Mersey Street,E01012480,Warrington 017B,Public order,Local resolution,
fa4fd1c1964d4b83b61728a75135fbc416a96ee26b06812e045c5be8ab1f9f54,2021-12,Cheshire Constabulary,Cheshire Constabulary,-2.584883,53.390759,On or near Orchard Street,E01012480,Warrington 017B,Public order,Investigation complete; no suspect identified,
15629ff548ead7a8fea6a8347dd00705f5a1130ad6561bc15233dfd8c7c2d341,2021-12,Cheshire Constabulary,Cheshire Constabulary,-2.584883,53.390759,On or near Orchard Street,E01012480,Warrington 017B,Public order,Court result unavailable,
e992dfa1ea6542a797784ec5cb50757b17cf90b7c99d77473cdb38b13e2150fa,2021-12,Cheshire Constabulary,Cheshire Constabulary,-2.581799,53.388419,On or near Nora Street,E01012480,Warrington 017B,Public order,Unable to prosecute suspect,
abc307e9dab210e875a43340b746b1538534146684e30898502b15534efb901d,2021-12,Cheshire Constabulary,Cheshire Constabulary,-2.584464,53.386464,On or near Sutton Street,E01012480,Warrington 017B,Shoplifting,Court result unavailable,
02a5d5b021210f421167a9f960b379792aac441b88cb234aec1bc0ee80a769eb,2021-12,Cheshire Constabulary,Cheshire Constabulary,-2.583747,53.385758,On or near Wharf Street,E01012480,Warrington 017B,Vehicle crime,Investigation complete; no suspect identified,
e31080e8482bb25f220bf3fa086f7042d05ce78f21cc4bfa59732c8a6b8a4eb3,2021-12,Cheshire Constabulary,Cheshire Constabulary,-2.581162,53.390247,On or near St Elphins Close,E01012480,Warrington 017B,Violence and sexual offences,Investigation complete; no suspect identified,
268c32bf41b42ce892fc7831e60de348aa3d2ef044a08fe7d9b64680fa4aae99,2021-12,Cheshire Constabulary,Cheshire Constabulary,-2.580319,53.386799,On or near Riverside Close,E01012480,Warrington 017B,Violence and sexual offences,Court result unavailable,
f0be4616ccd3d2ae6f64f4a5241a3b6c714e76c9db64a9c9deefe1e4c313562b,2021-12,Cheshire Constabulary,Cheshire Constabulary,-2.579857,53.389327,On or near Egerton Street,E01012480,Warrington 017B,Violence and sexual offences,Unable to prosecute suspect,
591f0ed7a430b9a765c1917aeb132bf2aaabd07674ba86048887600a8f36b12c,2021-12,Cheshire Constabulary,Cheshire Constabulary,-2.579857,53.389327,On or near Egerton Street,E01012480,Warrington 017B,Violence and sexual offences,Unable to prosecute suspect,
4ac13619ef6faf81a0c8bdc5f3a75b1286475d930de5f10413062245558ccbfa,2021-12,Cheshire Constabulary,Cheshire Constabulary,-2.586587,53.387829,On or near Hall Street,E01012480,Warrington 017B,Violence and sexual offences,Court result unavailable,
d32a8aa17855d50956cf22665b006c25ce7f7896253ebb1234fcef0a1ee4e7af,2021-12,Cheshire Constabulary,Cheshire Constabulary,-2.580319,53.386799,On or near Riverside Close,E01012480,Warrington 017B,Violence and sexual offences,Court result unavailable,
13365727e0f51c69d6cf6bdbc6b21c3860916ac68ffc337f9a1c821c841cf1db,2021-12,Cheshire Constabulary,Cheshire Constabulary,-2.583971,53.388885,On or near Ellesmere Street,E01012480,Warrington 017B,Violence and sexual offences,Unable to prosecute suspect,
29e1b05b790ced59f30df0362088f93c2f084b10b8dd75a04df86c8fa7b7e6e8,2021-12,Cheshire Constabulary,Cheshire Constabulary,-2.579857,53.389327,On or near Egerton Street,E01012480,Warrington 017B,Violence and sexual offences,Unable to prosecute suspect,
a7b57dd496e3b7da40d9ab28893d2bbbe1301b218c9064effbcc238360bc04b9,2021-12,Cheshire Constabulary,Cheshire Constabulary,-2.588621,53.388125,On or near Mersey Street,E01012480,Warrington 017B,Violence and sexual offences,Court result unavailable,
09459677adca5a084543621eb1ded6b932c0b9d9466d6d1430210adeef5b0a7a,2021-12,Cheshire Constabulary,Cheshire Constabulary,-2.584883,53.390759,On or near Orchard Street,E01012480,Warrington 017B,Violence and sexual offences,Court result unavailable,
430edd27f609d1b2775e917670f9c2db265290dadb0f3785b910c23cdf08ec2c,2021-12,Cheshire Constabulary,Cheshire Constabulary,-2.579857,53.389327,On or near Egerton Street,E01012480,Warrington 017B,Violence and sexual offences,Offender given a caution,
b2a56cbbd0827d9f9535ef16746039d3ddc8d84a0e84b5ec87958f5a1b12ae35,2021-12,Cheshire Constabulary,Cheshire Constabulary,-2.588621,53.388125,On or near Mersey Street,E01012480,Warrington 017B,Violence and sexual offences,Court result unavailable,
905d70f619b56b34b660145107547911845da20f21577e920ecb6838e2f3a82c,2021-12,Cheshire Constabulary,Cheshire Constabulary,-2.587464,53.379393,On or near Wilderspool Causeway,E01012510,Warrington 017D,Burglary,Investigation complete; no suspect identified,
e612637aabb80fb1ad942ad9049011c55c2ff54c49a7f96f092e094d34c61c3b,2021-12,Cheshire Constabulary,Cheshire Constabulary,-2.587464,53.379393,On or near Wilderspool Causeway,E01012510,Warrington 017D,Burglary,Investigation complete; no suspect identified,
5af210795ead634bdeb19bf51094df7335852c3fe2d8a7a936e08a302baac5a6,2021-12,Cheshire Constabulary,Cheshire Constabulary,-2.587464,53.379393,On or near Wilderspool Causeway,E01012510,Warrington 017D,Burglary,Investigation complete; no suspect identified,
7a6095a43ff42a204cbded225f306720274d0a1a6b37f54a8167a0ec7828d64a,2021-12,Cheshire Constabulary,Cheshire Constabulary,-2.590509,53.385491,On or near A49,E01012510,Warrington 017D,Drugs,Court result unavailable,
b8e19a6307ed21d43f1cb77efbbb30b5e1184464452612d6f86963f776ce9765,2021-12,Cheshire Constabulary,Cheshire Constabulary,-2.590635,53.383728,On or near Bus/Coach Station,E01012510,Warrington 017D,Drugs,Unable to prosecute suspect,
d3d7c1c6cf8f44eea937236c2ac947aa2c8fa161a415d21a74cfe5d705df655c,2021-12,Cheshire Constabulary,Cheshire Constabulary,-2.583177,53.375954,On or near China Lane,E01012510,Warrington 017D,Other theft,Investigation complete; no suspect identified,
baf793d384ccfdeb98e8244290790a66efc57d0289b9f343593ae88e4827dda8,2021-12,Cheshire Constabulary,Cheshire Constabulary,-2.587464,53.379393,On or near Wilderspool Causeway,E01012510,Warrington 017D,Public order,Investigation complete; no suspect identified,
ced3c86588f2d2757e764e2060b6084372966efd071ec4d89ce7e437eb15261d,2021-12,Cheshire Constabulary,Cheshire Constabulary,-2.580457,53.383733,On or near Supermarket,E01012510,Warrington 017D,Public order,Unable to prosecute suspect,
7bba352147730a1216ae52a0bf3514a328e0ce054e0aefb9fe65827c00c12eda,2021-12,Cheshire Constabulary,Cheshire Constabulary,-2.588620,53.380394,On or near Petrol Station,E01012510,Warrington 017D,Shoplifting,Court result unavailable,
3a992b22ae221a009b057ae7a8eef9f11454c28c34531aba131ba0732b9e2472,2021-12,Cheshire Constabulary,Cheshire Constabulary,-2.586137,53.383472,On or near Kent Street,E01012510,Warrington 017D,Vehicle crime,Investigation complete; no suspect identified,
e7f81161b65764fc7122f53efdf9a52a6e4bf7b267895b71358c1a27b78b9952,2021-12,Cheshire Constabulary,Cheshire Constabulary,-2.583955,53.377874,On or near Cambrai Avenue,E01012510,Warrington 017D,Vehicle crime,Investigation complete; no suspect identified,
0c2463de1db0861ea9679ed7048857c5a4a4a76fa04e436e9bf6ffab1d59c80b,2021-12,Cheshire Constabulary,Cheshire Constabulary,-2.586489,53.383973,On or near New Road,E01012510,Warrington 017D,Violence and sexual offences,Unable to prosecute suspect,
f24174467cdaf3a01014be9d6dba9d9ccbb10269edf6a68266be6875320c0bd1,2021-12,Cheshire Constabulary,Cheshire Constabulary,-2.581769,53.381839,On or near St Mary'S Street,E01012510,Warrington 017D,Violence and sexual offences,Unable to prosecute suspect,
db01dba1733ebff670631d39aa074c941da439abc62ca3e35f1a5fbbc5f603d9,2021-12,Cheshire Constabulary,Cheshire Constabulary,-2.586489,53.383973,On or near New Road,E01012510,Warrington 017D,Violence and sexual offences,Unable to prosecute suspect,
aefa5f926500f015ee32880b40ffffe38be9c40287fe88bfcbca5cfc856369b0,2021-12,Cheshire Constabulary,Cheshire Constabulary,-2.589088,53.381651,On or near Priory Street,E01012510,Warrington 017D,Violence and sexual offences,Court result unavailable,
a09577c77eb9d5a47702e9e99e8b58dbf15c7dc96af6a711dd5832ba2471bb4f,2021-12,Cheshire Constabulary,Cheshire Constabulary,-2.590635,53.383728,On or near Bus/Coach Station,E01012510,Warrington 017D,Violence and sexual offences,Unable to prosecute suspect,
66b12d783125453823d43ec937e4ddbdb65000d377c9439ab6a38312720ab014,2021-12,Cheshire Constabulary,Cheshire Constabulary,-2.583955,53.377874,On or near Cambrai Avenue,E01012510,Warrington 017D,Violence and sexual offences,Unable to prosecute suspect,
048d272939132e7ff7a9c0f9eb10336681e5b2217dedd58b8c922ee6ad262e3f,2021-12,Cheshire Constabulary,Cheshire Constabulary,-2.583955,53.377874,On or near Cambrai Avenue,E01012510,Warrington 017D,Violence and sexual offences,Unable to prosecute suspect,
ec72aace37065cd0fd5cdcb36f5efe22dc2082d48d3b367949d485e550234dfc,2021-12,Cheshire Constabulary,Cheshire Constabulary,-2.587464,53.379393,On or near Wilderspool Causeway,E01012510,Warrington 017D,Violence and sexual offences,Unable to prosecute suspect,
bbf9db7d17a9151cf1bc3240f1cdde26561cfe02476b9b33085e6f04d50ea0df,2021-12,Cheshire Constabulary,Cheshire Constabulary,-2.582127,53.374961,On or near Stafford Road,E01012510,Warrington 017D,Violence and sexual offences,Unable to prosecute suspect,
4e52ec5c13438b4afcd09611e4e358fff86773a0bd550a416c89a72c63508232,2021-12,Cheshire Constabulary,Cheshire Constabulary,-2.580457,53.383733,On or near Supermarket,E01012510,Warrington 017D,Violence and sexual offences,Unable to prosecute suspect,
411e0f858b69c6b7aeff1a463e04daa1edc9dc2d51823046695376485c2d3709,2021-12,Cheshire Constabulary,Cheshire Constabulary,-2.581769,53.381839,On or near St Mary'S Street,E01012510,Warrington 017D,Violence and sexual offences,Unable to prosecute suspect,
ae997f3830a95791d6b2009ab9934d9b0fef65ad4fab9527e3234535ca132111,2021-12,Cheshire Constabulary,Cheshire Constabulary,-2.582127,53.374961,On or near Stafford Road,E01012510,Warrington 017D,Violence and sexual offences,Unable to prosecute suspect,
,2021-12,Cheshire Constabulary,Cheshire Constabulary,-2.570535,53.386037,On or near Sports/Recreation Area,E01012511,Warrington 017E,Anti-social behaviour,,
,2021-12,Cheshire Constabulary,Cheshire Constabulary,-2.573863,53.387495,On or near Sports/Recreation Area,E01012511,Warrington 017E,Anti-social behaviour,,
,2021-12,Cheshire Constabulary,Cheshire Constabulary,-2.570535,53.386037,On or near Sports/Recreation Area,E01012511,Warrington 017E,Anti-social behaviour,,
,2021-12,Cheshire Constabulary,Cheshire Constabulary,-2.570535,53.386037,On or near Sports/Recreation Area,E01012511,Warrington 017E,Anti-social behaviour,,
bbf2502156b4edc2f956e6d38afa92ff595a4bb8e243f2b3eac35e0f744c2f87,2021-12,Cheshire Constabulary,Cheshire Constabulary,-2.565551,53.387733,On or near Kingsway North,E01012511,Warrington 017E,Burglary,Investigation complete; no suspect identified,
e5f94f7657277b8dbc45b466ab7c8a6d229e1f6762f26e46a9f3dd444e01a0eb,2021-12,Cheshire Constabulary,Cheshire Constabulary,-2.565551,53.387733,On or near Kingsway North,E01012511,Warrington 017E,Burglary,Investigation complete; no suspect identified,
54c7fd2ad05fa422b052f757a0d8edaf96514b518d55bede67dc9143dbba2cd2,2021-12,Cheshire Constabulary,Cheshire Constabulary,-2.565551,53.387733,On or near Kingsway North,E01012511,Warrington 017E,Burglary,Investigation complete; no suspect identified,
7f0314c9a41dbef265b8af1ff28e703e4b0d161d2865343062a7d30e0e7ad579,2021-12,Cheshire Constabulary,Cheshire Constabulary,-2.581668,53.383215,On or near Grove Street,E01012511,Warrington 017E,Other theft,Unable to prosecute suspect,
fb883e457791a46f43b1ae890cdb18957a09b0ebd3653b50cfff9719bf6a0a54,2021-12,Cheshire Constabulary,Cheshire Constabulary,-2.579150,53.381546,On or near Oldham Street,E01012511,Warrington 017E,Possession of weapons,Status update unavailable,
d5dd19c5541fd3444c4c3e1cdd2f50b02e07aadf454972c631e470414971f6b2,2021-12,Cheshire Constabulary,Cheshire Constabulary,-2.579150,53.381546,On or near Oldham Street,E01012511,Warrington 017E,Public order,Unable to prosecute suspect,
3d08a40904b03222e75cd4f194a049752b35ee2dc2d48941ff6e0653d59f1db6,2021-12,Cheshire Constabulary,Cheshire Constabulary,-2.570535,53.386037,On or near Sports/Recreation Area,E01012511,Warrington 017E,Theft from the person,Unable to prosecute suspect,
a937cea8911f39343b31148ffde194aff0c5a093ecd8e8b1d727164ee8a91171,2021-12,Cheshire Constabulary,Cheshire Constabulary,-2.565551,53.387733,On or near Kingsway North,E01012511,Warrington 017E,Vehicle crime,Investigation complete; no suspect identified,
9865449a0a888320edf5afbb4e7aa5d0d3cecbe250e969a755d889b618bac05d,2021-12,Cheshire Constabulary,Cheshire Constabulary,-2.578308,53.382710,On or near Slater Street,E01012511,Warrington 017E,Violence and sexual offences,Unable to prosecute suspect,
2c759895cc7afbd0df88125117bbb29f9f8d94413c240ed199afda751dd6df1b,2021-12,Cheshire Constabulary,Cheshire Constabulary,-2.579150,53.381546,On or near Oldham Street,E01012511,Warrington 017E,Violence and sexual offences,Unable to prosecute suspect,
25be577d7344106a9bd5c42f6348018f20df185fcc931600a7c049963b51df65,2021-12,Cheshire Constabulary,Cheshire Constabulary,-2.565551,53.387733,On or near Kingsway North,E01012511,Warrington 017E,Violence and sexual offences,Unable to prosecute suspect,
,2021-12,Cheshire Constabulary,Cheshire Constabulary,-2.584276,53.396928,On or near Firth Boulevard,E01033299,Warrington 017F,Anti-social behaviour,,
,2021-12,Cheshire Constabulary,Cheshire Constabulary,-2.583061,53.397168,On or near Monks Place,E01033299,Warrington 017F,Anti-social behaviour,,
a30e835996972b9762c21fb500f187e924104a2952e39265bb3047dee884fcb6,2021-12,Cheshire Constabulary,Cheshire Constabulary,-2.582703,53.396235,On or near Houghton Avenue,E01033299,Warrington 017F,Burglary,Investigation complete; no suspect identified,
0ae4b6da399b3708a4515df72f2b2bf8d1ec9157fb907ac509070be4b32c2246,2021-12,Cheshire Constabulary,Cheshire Constabulary,-2.582259,53.393495,On or near Weavers Fold,E01033299,Warrington 017F,Burglary,Unable to prosecute suspect,
0ce059f99cd1a30d3daf133786f146745c133cce36e3c86557548091fe75ce1c,2021-12,Cheshire Constabulary,Cheshire Constabulary,-2.584149,53.395320,On or near Greenings Court,E01033299,Warrington 017F,Burglary,Court result unavailable,
4f15dca337999c09b888013d20c90b3ec466a769e1e76bbca3327702901fc7ee,2021-12,Cheshire Constabulary,Cheshire Constabulary,-2.584149,53.395320,On or near Greenings Court,E01033299,Warrington 017F,Other theft,Unable to prosecute suspect,
59b3ac7ea9c95114be773b87ebeb1f50dba0ed280781a06f98860ceb829cca65,2021-12,Cheshire Constabulary,Cheshire Constabulary,-2.584149,53.395320,On or near Greenings Court,E01033299,Warrington 017F,Other theft,Investigation complete; no suspect identified,
c019624715c81a3663898f872263e8db85bb9dde0659a8b50339f346a1888bfa,2021-12,Cheshire Constabulary,Cheshire Constabulary,-2.584149,53.395320,On or near Greenings Court,E01033299,Warrington 017F,Public order,Unable to prosecute suspect,
a1c8de7d020ec42429ec0ff3e56add349f428c1e285970ca72ae6cdbec6e65f7,2021-12,Cheshire Constabulary,Cheshire Constabulary,-2.582703,53.396235,On or near Houghton Avenue,E01033299,Warrington 017F,Public order,Unable to prosecute suspect,
5e257ff91ba242e9177cfc0127164b2b9cc914081a2d0d11949b2587ff515c3e,2021-12,Cheshire Constabulary,Cheshire Constabulary,-2.584149,53.395320,On or near Greenings Court,E01033299,Warrington 017F,Vehicle crime,Investigation complete; no suspect identified,
d86ec5d6709c32206db60ea3adfd343c4185d5c1ac974098dbce230a49e2c93d,2021-12,Cheshire Constabulary,Cheshire Constabulary,-2.581697,53.394172,On or near Spinners Place,E01033299,Warrington 017F,Vehicle crime,Investigation complete; no suspect identified,
6e24cac7a252537ca5e8b894a7d7536ca6e0d7de16183db8e69e09e1595f6acf,2021-12,Cheshire Constabulary,Cheshire Constabulary,-2.583061,53.397168,On or near Monks Place,E01033299,Warrington 017F,Vehicle crime,Investigation complete; no suspect identified,
b753e0085c7194ba77c19ac76b84351ef2a508e4addeffc17b68fab7c8bee5a7,2021-12,Cheshire Constabulary,Cheshire Constabulary,-2.584802,53.395793,On or near Battersby Lane,E01033299,Warrington 017F,Violence and sexual offences,Unable to prosecute suspect,
4970f0d5b56106536fde732f173669031d74f20f2683075a61d976ff50ae8ab0,2021-12,Cheshire Constabulary,Cheshire Constabulary,-2.579905,53.393965,On or near Fairfield Street,E01033299,Warrington 017F,Violence and sexual offences,Status update unavailable,
b60210d055b342974836f2343cc26214bbc0060267c4babd436d51346dfc61cf,2021-12,Cheshire Constabulary,Cheshire Constabulary,-2.584149,53.395320,On or near Greenings Court,E01033299,Warrington 017F,Violence and sexual offences,Unable to prosecute suspect,
7fe1a9ae7883acdcc7b31a1258b3d30e9842cea345171b18f5d7866243f3068a,2021-12,Cheshire Constabulary,Cheshire Constabulary,-2.584802,53.395793,On or near Battersby Lane,E01033299,Warrington 017F,Violence and sexual offences,Unable to prosecute suspect,
f3d99a839ad7f5fbd56462715d2e31ec68b81d4f99fb9938474d78331b09459d,2021-12,Cheshire Constabulary,Cheshire Constabulary,-2.584802,53.395793,On or near Battersby Lane,E01033299,Warrington 017F,Violence and sexual offences,Unable to prosecute suspect,
fa78fa0258580b3e660dfbe31b028ae97cea10a935045303a22759d8ae89ce68,2021-12,Cheshire Constabulary,Cheshire Constabulary,-2.583061,53.397168,On or near Monks Place,E01033299,Warrington 017F,Violence and sexual offences,Unable to prosecute suspect,
b3fdb2fe97727ec281c7e4dd7e5bb5c232ed605f77c0696d5134f12fc9e94cff,2021-12,Cheshire Constabulary,Cheshire Constabulary,-2.579905,53.393965,On or near Fairfield Street,E01033299,Warrington 017F,Violence and sexual offences,Unable to prosecute suspect,
54aae25f5492860f8a85f85a19d80d93842a1dd3722c4b1b54ba3516b4b6563c,2021-12,Cheshire Constabulary,Cheshire Constabulary,-2.584149,53.395320,On or near Greenings Court,E01033299,Warrington 017F,Violence and sexual offences,Unable to prosecute suspect,
782902640815ab62c0c86314754680ec3d6c72ab1663e22469bfc4b618ebd39f,2021-12,Cheshire Constabulary,Cheshire Constabulary,-2.584802,53.395793,On or near Battersby Lane,E01033299,Warrington 017F,Violence and sexual offences,Unable to prosecute suspect,
,2021-12,Cheshire Constabulary,Cheshire Constabulary,-2.591404,53.397990,On or near Cyril Street,E01033303,Warrington 017G,Anti-social behaviour,,
,2021-12,Cheshire Constabulary,Cheshire Constabulary,-2.591404,53.397990,On or near Cyril Street,E01033303,Warrington 017G,Anti-social behaviour,,
0beafd47d336042bce31dc64c10b27648957a00e519cb8728d003a207f6fab7b,2021-12,Cheshire Constabulary,Cheshire Constabulary,-2.589979,53.398239,On or near Forster Street,E01033303,Warrington 017G,Burglary,Investigation complete; no suspect identified,
18c3731381020272bdb5f0c36ebdbce3642d0857d02411070f2dbdd5b3b2e527,2021-12,Cheshire Constabulary,Cheshire Constabulary,-2.591404,53.397990,On or near Cyril Street,E01033303,Warrington 017G,Public order,Investigation complete; no suspect identified,
e309ef7cdaf076b94c44debb8808c3493c604151d6fbd24483bf2331b1da18aa,2021-12,Cheshire Constabulary,Cheshire Constabulary,-2.584572,53.398778,On or near Marsh House Lane,E01033303,Warrington 017G,Public order,Court result unavailable,
35380e00b8de7b4f5eb8fac85416d08610e621ae7a25a8c90f02286715a86f18,2021-12,Cheshire Constabulary,Cheshire Constabulary,-2.586065,53.397989,On or near Leonard Street,E01033303,Warrington 017G,Violence and sexual offences,Unable to prosecute suspect,
5fd541c40314e1682e7bf16ae07e01c1145a73488dc607c3a2bc87f2132e5d7d,2021-12,Cheshire Constabulary,Cheshire Constabulary,-2.591404,53.397990,On or near Cyril Street,E01033303,Warrington 017G,Violence and sexual offences,Unable to prosecute suspect,
c6c70ba368c0bf84be2e8e11e7ce5ee18ed5303d180316fe76ff0d3f4c508db4,2021-12,Cheshire Constabulary,Cheshire Constabulary,-2.586065,53.397989,On or near Leonard Street,E01033303,Warrington 017G,Violence and sexual offences,Unable to prosecute suspect,
91813f742cda2afc7b321621d1cfceb0baa88d545c83ade65dca9a13f47f3ed0,2021-12,Cheshire Constabulary,Cheshire Constabulary,-2.586065,53.397989,On or near Leonard Street,E01033303,Warrington 017G,Violence and sexual offences,Unable to prosecute suspect,
1a8d3856ca40ada680155a4cc70f9b149c6ba3c181dcfefabba7de22b4e65e25,2021-12,Cheshire Constabulary,Cheshire Constabulary,-2.586065,53.397989,On or near Leonard Street,E01033303,Warrington 017G,Violence and sexual offences,Unable to prosecute suspect,
c9fd3bcf44672458056efab29684069bc767469886819c94930a45ec9566ad7e,2021-12,Cheshire Constabulary,Cheshire Constabulary,-2.591404,53.397990,On or near Cyril Street,E01033303,Warrington 017G,Violence and sexual offences,Unable to prosecute suspect,
bdd24156484f09004e3d7b5ebe2b8e6c02034dfa9868e0e76bcabca7746946b4,2021-12,Cheshire Constabulary,Cheshire Constabulary,-2.584572,53.398778,On or near Marsh House Lane,E01033303,Warrington 017G,Violence and sexual offences,Unable to prosecute suspect,
6e02931a0fdc2f573f73d78d1151ac17199c0e584e00c7a6460659b4528a2072,2021-12,Cheshire Constabulary,Cheshire Constabulary,-2.591404,53.397990,On or near Cyril Street,E01033303,Warrington 017G,Violence and sexual offences,Unable to prosecute suspect,
9be38c2ebff541c732fa23e3a88e7f9a028c3890aaaf772d3c4e011b3911a20e,2021-12,Cheshire Constabulary,Cheshire Constabulary,-2.585590,53.398432,On or near Dickenson Street,E01033303,Warrington 017G,Violence and sexual offences,Unable to prosecute suspect,
87bb35f15ca8f63306a47bc2f7e2c3036117c0ffbf3290c28519a7f887ccc92d,2021-12,Cheshire Constabulary,Cheshire Constabulary,-2.584572,53.398778,On or near Marsh House Lane,E01033303,Warrington 017G,Violence and sexual offences,Court result unavailable,
d48fe80a59040849dd6a74591b5bd4a62734cb7d58abd0b73bb6a602f00da07d,2021-12,Cheshire Constabulary,Cheshire Constabulary,-2.586065,53.397989,On or near Leonard Street,E01033303,Warrington 017G,Violence and sexual offences,Unable to prosecute suspect,
c2ac0f3ced8b191b64166d0ce897972ef6e598057a07fbcf9d60533134ff5cf7,2021-12,Cheshire Constabulary,Cheshire Constabulary,-2.586421,53.397574,On or near Forshaw Street,E01033303,Warrington 017G,Violence and sexual offences,Unable to prosecute suspect,
,2021-12,Cheshire Constabulary,Cheshire Constabulary,-2.621064,53.382639,On or near Barnard Street,E01012458,Warrington 018B,Anti-social behaviour,,
,2021-12,Cheshire Constabulary,Cheshire Constabulary,-2.614689,53.383652,On or near Bluebell Road,E01012458,Warrington 018B,Anti-social behaviour,,
90d00252d8d859a6834048c7c410ace30a4497211ee0182ae0d88a2aa1336aa0,2021-12,Cheshire Constabulary,Cheshire Constabulary,-2.612334,53.387187,On or near Bramhall Street,E01012458,Warrington 018B,Bicycle theft,Investigation complete; no suspect identified,
78bc3c4ba729121d36312da41f94f3f7bd48d7b3d2e68cb8746f23bac170fe76,2021-12,Cheshire Constabulary,Cheshire Constabulary,-2.612334,53.387187,On or near Bramhall Street,E01012458,Warrington 018B,Criminal damage and arson,Unable to prosecute suspect,
51eb8d761a37a8597c3aa66b279252d037a66b5712ecc48ed96226a4fa16c7c1,2021-12,Cheshire Constabulary,Cheshire Constabulary,-2.617694,53.382468,On or near Larkspur Close,E01012458,Warrington 018B,Criminal damage and arson,Unable to prosecute suspect,
7578b8c33a09aeaf58b7cafbcc16b55fd169a1511c3226f6fb681959259cb598,2021-12,Cheshire Constabulary,Cheshire Constabulary,-2.614694,53.386079,On or near Samuel Street,E01012458,Warrington 018B,Other theft,Unable to prosecute suspect,
a89fee364cdc9ff25c8a3da427ef284810cc40a5a0013320239b1b8648dae079,2021-12,Cheshire Constabulary,Cheshire Constabulary,-2.622823,53.383663,On or near Bridgeman Street,E01012458,Warrington 018B,Public order,Investigation complete; no suspect identified,
4bb0178544225850240e8062a8ce2a515307ceaad15be6aa2a3647a9581068b1,2021-12,Cheshire Constabulary,Cheshire Constabulary,-2.616313,53.383661,On or near Lavender Gardens,E01012458,Warrington 018B,Vehicle crime,Investigation complete; no suspect identified,
7a38b3bfc796c72d128a880b9f25a7014012ac5944ae1f8360b15e8eefabe9f8,2021-12,Cheshire Constabulary,Cheshire Constabulary,-2.615559,53.385598,On or near Beaufort Street,E01012458,Warrington 018B,Violence and sexual offences,Unable to prosecute suspect,
ad92493c83d258092272ed95e012e338aa22ff91f13c685ab38bf7c4941ede26,2021-12,Cheshire Constabulary,Cheshire Constabulary,-2.612334,53.387187,On or near Bramhall Street,E01012458,Warrington 018B,Violence and sexual offences,Unable to prosecute suspect,
37da6db3b246a17ba97435448805132be018965c1fcaef3f51b34e73a9a198e2,2021-12,Cheshire Constabulary,Cheshire Constabulary,-2.619596,53.385056,On or near Roughley Avenue,E01012458,Warrington 018B,Violence and sexual offences,Unable to prosecute suspect,
993f46efa2a869f5e99bdc94a79044a59b4f3e39f1d04db79386b3d939fbce89,2021-12,Cheshire Constabulary,Cheshire Constabulary,-2.615559,53.385598,On or near Beaufort Street,E01012458,Warrington 018B,Violence and sexual offences,Unable to prosecute suspect,
f8c3cfc5ca3c051ffa1a7ad5512749f0e47c12818e573eba3a81535f141f5577,2021-12,Cheshire Constabulary,Cheshire Constabulary,-2.619596,53.385056,On or near Roughley Avenue,E01012458,Warrington 018B,Violence and sexual offences,Unable to prosecute suspect,
9ae324a8765b1c6623658bb38825005ad752d0aed5cfde6f604445533cdd8df8,2021-12,Cheshire Constabulary,Cheshire Constabulary,-2.618377,53.385017,On or near Evelyn Street,E01012458,Warrington 018B,Violence and sexual offences,Unable to prosecute suspect,
07357bf922ce139a32542ab2848e7670146ffbbfaf391c6709850c66ab12e699,2021-12,Cheshire Constabulary,Cheshire Constabulary,-2.617326,53.381984,On or near Snowberry Crescent,E01012458,Warrington 018B,Violence and sexual offences,Unable to prosecute suspect,
76e99ec8e9062be95293e86a9d2f5a78809a8dd208c294db0c305f366e7bc926,2021-12,Cheshire Constabulary,Cheshire Constabulary,-2.616598,53.382554,On or near Tulip Grove,E01012458,Warrington 018B,Violence and sexual offences,Investigation complete; no suspect identified,
,2021-12,Cheshire Constabulary,Cheshire Constabulary,-2.588298,53.395245,On or near Chester Street,E01012483,Warrington 018C,Anti-social behaviour,,
,2021-12,Cheshire Constabulary,Cheshire Constabulary,-2.591773,53.399606,On or near Longford Street,E01012483,Warrington 018C,Anti-social behaviour,,
,2021-12,Cheshire Constabulary,Cheshire Constabulary,-2.588298,53.395245,On or near Chester Street,E01012483,Warrington 018C,Anti-social behaviour,,
,2021-12,Cheshire Constabulary,Cheshire Constabulary,-2.586833,53.395846,On or near Scott Street,E01012483,Warrington 018C,Anti-social behaviour,,
,2021-12,Cheshire Constabulary,Cheshire Constabulary,-2.587382,53.396400,On or near Sharp Street,E01012483,Warrington 018C,Anti-social behaviour,,
9d5b466fb2ca93401cfae950b4e00616a7c4170fe8fe7090c075ca0c6e0bbf97,2021-12,Cheshire Constabulary,Cheshire Constabulary,-2.593432,53.396694,On or near Bluecoat Street,E01012483,Warrington 018C,Burglary,Investigation complete; no suspect identified,
a67916242412f659e798631e3627d135501d3186d75a32a53a5d53c544ce00fb,2021-12,Cheshire Constabulary,Cheshire Constabulary,-2.587816,53.396218,On or near Annie Street,E01012483,Warrington 018C,Burglary,Investigation complete; no suspect identified,
6feba59c6a9b41dc4a6bdd97730e5adb63abba78cd23890a8d4a1f823ed32b78,2021-12,Cheshire Constabulary,Cheshire Constabulary,-2.586167,53.396649,On or near Winifred Street,E01012483,Warrington 018C,Criminal damage and arson,Unable to prosecute suspect,
e8a77f06f0f0ebffa52c557ad002d2fbf6c4c8a166e5bd41e01a4d768f9ee253,2021-12,Cheshire Constabulary,Cheshire Constabulary,-2.587816,53.396218,On or near Annie Street,E01012483,Warrington 018C,Other theft,Unable to prosecute suspect,
91795daffd7c2e49919ab26b8cbf7fbef47755502fcaf4485cba1a00ff930e19,2021-12,Cheshire Constabulary,Cheshire Constabulary,-2.593432,53.396694,On or near Bluecoat Street,E01012483,Warrington 018C,Public order,Unable to prosecute suspect,
8f01b9f4cf1c54ebc5a83852be37674469ba96ec96c5559466b367df602932b5,2021-12,Cheshire Constabulary,Cheshire Constabulary,-2.590312,53.395110,On or near Norman Street,E01012483,Warrington 018C,Vehicle crime,Investigation complete; no suspect identified,
4641198396a3d37a15f426d64db7db622c4e21ee687ccba1eab4ec12908517aa,2021-12,Cheshire Constabulary,Cheshire Constabulary,-2.588298,53.395245,On or near Chester Street,E01012483,Warrington 018C,Vehicle crime,Investigation complete; no suspect identified,
3527b4b67241235e04ea53f861c4514c55702d6d9661ffc7ccd98139e820afa2,2021-12,Cheshire Constabulary,Cheshire Constabulary,-2.586833,53.395846,On or near Scott Street,E01012483,Warrington 018C,Violence and sexual offences,Action to be taken by another organisation,
1c832ad4b98ec2e680961539e48bb7de04dda8b327337022b4b87a369ebcb6c1,2021-12,Cheshire Constabulary,Cheshire Constabulary,-2.586833,53.395846,On or near Scott Street,E01012483,Warrington 018C,Violence and sexual offences,Unable to prosecute suspect,
,2021-12,Cheshire Constabulary,Cheshire Constabulary,-2.597184,53.374707,On or near Petrol Station,E01012509,Warrington 018D,Anti-social behaviour,,
3eed5106149074693e1f1f9d76a93fa949764b58104165dded90d884239a24f1,2021-12,Cheshire Constabulary,Cheshire Constabulary,-2.599290,53.371577,On or near Westford Road,E01012509,Warrington 018D,Burglary,Investigation complete; no suspect identified,
a81ecbba55157dd2722784a0b2ebc286cee30313400f08559ba68763f40f86e9,2021-12,Cheshire Constabulary,Cheshire Constabulary,-2.583256,53.374048,On or near Greenbank Street,E01012509,Warrington 018D,Criminal damage and arson,Investigation complete; no suspect identified,
b72f1bb0d0d5f30021304b9973bd3462f5b93364478a3edd31933626c181b300,2021-12,Cheshire Constabulary,Cheshire Constabulary,-2.583256,53.374048,On or near Greenbank Street,E01012509,Warrington 018D,Criminal damage and arson,Investigation complete; no suspect identified,
1ae9870144e4af7506ed20342b28dfecc620792ee98b07ca1d2a2aaa58e2348f,2021-12,Cheshire Constabulary,Cheshire Constabulary,-2.588929,53.374460,On or near Landseer Avenue,E01012509,Warrington 018D,Criminal damage and arson,Unable to prosecute suspect,
c8f268987ca0a050cad76bf067423485f5c3211f4e192d9547d6fb3208ae6031,2021-12,Cheshire Constabulary,Cheshire Constabulary,-2.585684,53.373497,On or near Petrol Station,E01012509,Warrington 018D,Other theft,Investigation complete; no suspect identified,
60aafd4dd5330574a3ca74328dea343946e5b36e65fd38ebe20b7e12cfe0c178,2021-12,Cheshire Constabulary,Cheshire Constabulary,-2.585684,53.373497,On or near Petrol Station,E01012509,Warrington 018D,Other theft,Investigation complete; no suspect identified,
c7e62933c463fb95214f060d9a5e2f46016d1a7daef596c980b4591823bcdd19,2021-12,Cheshire Constabulary,Cheshire Constabulary,-2.585684,53.373497,On or near Petrol Station,E01012509,Warrington 018D,Other theft,Investigation complete; no suspect identified,
ad4a74b7934d7b4be1c87a2fa4e7725ae8649571ddd1b2ab14744650c5191ed4,2021-12,Cheshire Constabulary,Cheshire Constabulary,-2.583256,53.374048,On or near Greenbank Street,E01012509,Warrington 018D,Other theft,Investigation complete; no suspect identified,
a4de27e13182a127dc525d42f9c12d1ece6842c497b46dfa7bbf679d776a2ded,2021-12,Cheshire Constabulary,Cheshire Constabulary,-2.585684,53.373497,On or near Petrol Station,E01012509,Warrington 018D,Other theft,Investigation complete; no suspect identified,
931cb1615214b864e2949d2269f0406df50b2ce7bd11d1e7f3e3724d4c1b196e,2021-12,Cheshire Constabulary,Cheshire Constabulary,-2.585684,53.373497,On or near Petrol Station,E01012509,Warrington 018D,Theft from the person,Investigation complete; no suspect identified,
,2021-12,Cheshire Constabulary,Cheshire Constabulary,-2.592463,53.382209,On or near Dunlop Street,E01012512,Warrington 018E,Anti-social behaviour,,
,2021-12,Cheshire Constabulary,Cheshire Constabulary,-2.592463,53.382209,On or near Dunlop Street,E01012512,Warrington 018E,Anti-social behaviour,,
09e9b9f3240c814b8554d15dd222596e05dd8c4fbd2556a192219749a1d5d211,2021-12,Cheshire Constabulary,Cheshire Constabulary,-2.592463,53.382209,On or near Dunlop Street,E01012512,Warrington 018E,Criminal damage and arson,Unable to prosecute suspect,
7b59cfcb1cb9b09a53d3cbfa44f239d52cde355fa06047854bc28a685843a8e0,2021-12,Cheshire Constabulary,Cheshire Constabulary,-2.592463,53.382209,On or near Dunlop Street,E01012512,Warrington 018E,Public order,Unable to prosecute suspect,
b4725d9bf7fc8ecd462ab583dc763eda88c91f0792b09cb865dbfea3007efff7,2021-12,Cheshire Constabulary,Cheshire Constabulary,-2.592463,53.382209,On or near Dunlop Street,E01012512,Warrington 018E,Public order,Investigation complete; no suspect identified,
622fe08d8365dcc77b3a5e18f79e198c066b4c5ebec96b785808fe80e8e73fa7,2021-12,Cheshire Constabulary,Cheshire Constabulary,-2.591406,53.377486,On or near Arnside Grove,E01012512,Warrington 018E,Violence and sexual offences,Unable to prosecute suspect,
3f769591460b8cd420ee77f34162041032c10d74f764f4ce032e759287e8f808,2021-12,Cheshire Constabulary,Cheshire Constabulary,-2.592463,53.382209,On or near Dunlop Street,E01012512,Warrington 018E,Violence and sexual offences,Unable to prosecute suspect,
87dc5f674e6b476cd08e14b1e881e086ebcaa5121133cdffad7a179197f5c871,2021-12,Cheshire Constabulary,Cheshire Constabulary,-2.591406,53.377486,On or near Arnside Grove,E01012512,Warrington 018E,Violence and sexual offences,Unable to prosecute suspect,
731a4bfe67d6adcded534f2709235ae46c6854df74ff03928eaec51f1fd56cbf,2021-12,Cheshire Constabulary,Cheshire Constabulary,-2.591406,53.377486,On or near Arnside Grove,E01012512,Warrington 018E,Violence and sexual offences,Unable to prosecute suspect,
cede4f9cf3a7a52c069a8b9ee8338432e64da8953f810ede8a34903eb3522b2c,2021-12,Cheshire Constabulary,Cheshire Constabulary,-2.592463,53.382209,On or near Dunlop Street,E01012512,Warrington 018E,Violence and sexual offences,Unable to prosecute suspect,
947cca69a1745324d5700b836e12aa9d6d571dc8a50a288051cecc816c1efb6b,2021-12,Cheshire Constabulary,Cheshire Constabulary,-2.592463,53.382209,On or near Dunlop Street,E01012512,Warrington 018E,Violence and sexual offences,Unable to prosecute suspect,
ccc52339ac8e64117931e25dff47faacffccb881794451ec6a9b5b88db84f09b,2021-12,Cheshire Constabulary,Cheshire Constabulary,-2.592463,53.382209,On or near Dunlop Street,E01012512,Warrington 018E,Violence and sexual offences,Unable to prosecute suspect,
,2021-12,Cheshire Constabulary,Cheshire Constabulary,-2.600253,53.387698,On or near Henry Street,E01033300,Warrington 018F,Anti-social behaviour,,
,2021-12,Cheshire Constabulary,Cheshire Constabulary,-2.591526,53.386124,On or near Bridge Street,E01033300,Warrington 018F,Anti-social behaviour,,
,2021-12,Cheshire Constabulary,Cheshire Constabulary,-2.593190,53.391248,On or near Westminster Place,E01033300,Warrington 018F,Anti-social behaviour,,
,2021-12,Cheshire Constabulary,Cheshire Constabulary,-2.591317,53.390610,On or near Shopping Area,E01033300,Warrington 018F,Anti-social behaviour,,
,2021-12,Cheshire Constabulary,Cheshire Constabulary,-2.592249,53.391693,On or near Crown Street,E01033300,Warrington 018F,Anti-social behaviour,,
,2021-12,Cheshire Constabulary,Cheshire Constabulary,-2.591526,53.386124,On or near Bridge Street,E01033300,Warrington 018F,Anti-social behaviour,,
,2021-12,Cheshire Constabulary,Cheshire Constabulary,-2.595061,53.390565,On or near Shopping Area,E01033300,Warrington 018F,Anti-social behaviour,,
,2021-12,Cheshire Constabulary,Cheshire Constabulary,-2.595061,53.390565,On or near Shopping Area,E01033300,Warrington 018F,Anti-social behaviour,,
,2021-12,Cheshire Constabulary,Cheshire Constabulary,-2.592571,53.387809,On or near Nightclub,E01033300,Warrington 018F,Anti-social behaviour,,
,2021-12,Cheshire Constabulary,Cheshire Constabulary,-2.593190,53.391248,On or near Westminster Place,E01033300,Warrington 018F,Anti-social behaviour,,
,2021-12,Cheshire Constabulary,Cheshire Constabulary,-2.590220,53.390688,On or near Shopping Area,E01033300,Warrington 018F,Anti-social behaviour,,
,2021-12,Cheshire Constabulary,Cheshire Constabulary,-2.599871,53.387251,On or near Hanover Street,E01033300,Warrington 018F,Anti-social behaviour,,
,2021-12,Cheshire Constabulary,Cheshire Constabulary,-2.593190,53.391248,On or near Westminster Place,E01033300,Warrington 018F,Anti-social behaviour,,
,2021-12,Cheshire Constabulary,Cheshire Constabulary,-2.592915,53.388724,On or near Shopping Area,E01033300,Warrington 018F,Anti-social behaviour,,
,2021-12,Cheshire Constabulary,Cheshire Constabulary,-2.593781,53.388315,On or near Patten Lane,E01033300,Warrington 018F,Anti-social behaviour,,
,2021-12,Cheshire Constabulary,Cheshire Constabulary,-2.595054,53.390070,On or near Shopping Area,E01033300,Warrington 018F,Anti-social behaviour,,
,2021-12,Cheshire Constabulary,Cheshire Constabulary,-2.592065,53.389240,On or near Horrocks Lane,E01033300,Warrington 018F,Anti-social behaviour,,
,2021-12,Cheshire Constabulary,Cheshire Constabulary,-2.595748,53.392386,On or near Chapel Yard,E01033300,Warrington 018F,Anti-social behaviour,,
,2021-12,Cheshire Constabulary,Cheshire Constabulary,-2.595061,53.390565,On or near Shopping Area,E01033300,Warrington 018F,Anti-social behaviour,,
,2021-12,Cheshire Constabulary,Cheshire Constabulary,-2.595061,53.390565,On or near Shopping Area,E01033300,Warrington 018F,Anti-social behaviour,,
,2021-12,Cheshire Constabulary,Cheshire Constabulary,-2.593781,53.388315,On or near Patten Lane,E01033300,Warrington 018F,Anti-social behaviour,,
,2021-12,Cheshire Constabulary,Cheshire Constabulary,-2.592734,53.389749,On or near Hill Street,E01033300,Warrington 018F,Anti-social behaviour,,
,2021-12,Cheshire Constabulary,Cheshire Constabulary,-2.592274,53.386974,On or near Bridge Street,E01033300,Warrington 018F,Anti-social behaviour,,
,2021-12,Cheshire Constabulary,Cheshire Constabulary,-2.593075,53.387276,On or near Friars Gate,E01033300,Warrington 018F,Anti-social behaviour,,
,2021-12,Cheshire Constabulary,Cheshire Constabulary,-2.593879,53.387802,On or near Rylands Street,E01033300,Warrington 018F,Anti-social behaviour,,
,2021-12,Cheshire Constabulary,Cheshire Constabulary,-2.592274,53.386974,On or near Bridge Street,E01033300,Warrington 018F,Anti-social behaviour,,
,2021-12,Cheshire Constabulary,Cheshire Constabulary,-2.593781,53.388315,On or near Patten Lane,E01033300,Warrington 018F,Anti-social behaviour,,
,2021-12,Cheshire Constabulary,Cheshire Constabulary,-2.593781,53.388315,On or near Patten Lane,E01033300,Warrington 018F,Anti-social behaviour,,
,2021-12,Cheshire Constabulary,Cheshire Constabulary,-2.595054,53.390070,On or near Shopping Area,E01033300,Warrington 018F,Anti-social behaviour,,
,2021-12,Cheshire Constabulary,Cheshire Constabulary,-2.591526,53.386124,On or near Bridge Street,E01033300,Warrington 018F,Anti-social behaviour,,
,2021-12,Cheshire Constabulary,Cheshire Constabulary,-2.595061,53.390565,On or near Shopping Area,E01033300,Warrington 018F,Anti-social behaviour,,
,2021-12,Cheshire Constabulary,Cheshire Constabulary,-2.588631,53.392062,On or near Parking Area,E01033300,Warrington 018F,Anti-social behaviour,,
,2021-12,Cheshire Constabulary,Cheshire Constabulary,-2.598915,53.386671,On or near Museum Street,E01033300,Warrington 018F,Anti-social behaviour,,
,2021-12,Cheshire Constabulary,Cheshire Constabulary,-2.595061,53.390565,On or near Shopping Area,E01033300,Warrington 018F,Anti-social behaviour,,
,2021-12,Cheshire Constabulary,Cheshire Constabulary,-2.593190,53.391248,On or near Westminster Place,E01033300,Warrington 018F,Anti-social behaviour,,
,2021-12,Cheshire Constabulary,Cheshire Constabulary,-2.599871,53.387251,On or near Hanover Street,E01033300,Warrington 018F,Anti-social behaviour,,
,2021-12,Cheshire Constabulary,Cheshire Constabulary,-2.599871,53.387251,On or near Hanover Street,E01033300,Warrington 018F,Anti-social behaviour,,
,2021-12,Cheshire Constabulary,Cheshire Constabulary,-2.592065,53.389240,On or near Horrocks Lane,E01033300,Warrington 018F,Anti-social behaviour,,
,2021-12,Cheshire Constabulary,Cheshire Constabulary,-2.592065,53.389240,On or near Horrocks Lane,E01033300,Warrington 018F,Anti-social behaviour,,
3d7d72f124dc3e5d09226f8af957957bd18cfad4d9eb25f4a162354babb3776c,2021-12,Cheshire Constabulary,Cheshire Constabulary,-2.587580,53.390026,On or near Dial Street,E01033300,Warrington 018F,Bicycle theft,Investigation complete; no suspect identified,
d71f7faed9d943c0abb15d135acf8d205c5ee2586a502c82b30335fd0a7e6af0,2021-12,Cheshire Constabulary,Cheshire Constabulary,-2.593781,53.388315,On or near Patten Lane,E01033300,Warrington 018F,Burglary,Court result unavailable,
abdd294b486b76382be4b4d180bbb250a815aad973a893d35a20daa8c3067bfd,2021-12,Cheshire Constabulary,Cheshire Constabulary,-2.597775,53.392178,On or near Allen Street,E01033300,Warrington 018F,Burglary,Investigation complete; no suspect identified,
fdd6c561962fe89ad2f8549d09496bcdf72cb494f82dd67b4d4a2277b4405d00,2021-12,Cheshire Constabulary,Cheshire Constabulary,-2.592362,53.390057,On or near Town Hill,E01033300,Warrington 018F,Burglary,Unable to prosecute suspect,
589c580e3ca65d8320273c7c2b82fbe03afc37a5678a1b58fdbec9d2fe18e351,2021-12,Cheshire Constabulary,Cheshire Constabulary,-2.594282,53.386506,On or near Stanley Street,E01033300,Warrington 018F,Criminal damage and arson,Investigation complete; no suspect identified,
275163727fef1a0010cddbb255667dfefd428da2c5ec86ca3df76a2513532cb0,2021-12,Cheshire Constabulary,Cheshire Constabulary,-2.595061,53.390565,On or near Shopping Area,E01033300,Warrington 018F,Criminal damage and arson,Investigation complete; no suspect identified,
46446d9dc7a7134b3ca0f6333b3094270e82c680e72922f8301c279cfb7b3dc2,2021-12,Cheshire Constabulary,Cheshire Constabulary,-2.593075,53.387276,On or near Friars Gate,E01033300,Warrington 018F,Criminal damage and arson,Unable to prosecute suspect,
f29cbe4496e22d333b6dc5ad344936e84a730ecff9f47d80523c08bff9a05deb,2021-12,Cheshire Constabulary,Cheshire Constabulary,-2.591526,53.386124,On or near Bridge Street,E01033300,Warrington 018F,Criminal damage and arson,Unable to prosecute suspect,
8a06dd860ecfd24e270206f43cb4e6f06aaa533e0f2a223f6686c4bcedf324c0,2021-12,Cheshire Constabulary,Cheshire Constabulary,-2.592065,53.389240,On or near Horrocks Lane,E01033300,Warrington 018F,Criminal damage and arson,Unable to prosecute suspect,
158add1bdaac5e84e1bf5326c247157a8d7eadf9c2d86149c01e15212ba4f9f1,2021-12,Cheshire Constabulary,Cheshire Constabulary,-2.592915,53.388724,On or near Shopping Area,E01033300,Warrington 018F,Drugs,Local resolution,
d17ab74255f868c6949506ebc409510cf97cc0d5ab4c09ff2574feaf4aae9162,2021-12,Cheshire Constabulary,Cheshire Constabulary,-2.592274,53.386974,On or near Bridge Street,E01033300,Warrington 018F,Drugs,Unable to prosecute suspect,
c819d68df4d6fc7af46bcfe80e3eb309eb17d1ccc619b9801dbe2c19ae00a8a4,2021-12,Cheshire Constabulary,Cheshire Constabulary,-2.601523,53.387108,On or near Thynne Street,E01033300,Warrington 018F,Drugs,Unable to prosecute suspect,
5c5195bbfa4bcfbd532527fb61d3b5503d710dd94b291749489129b388995f46,2021-12,Cheshire Constabulary,Cheshire Constabulary,-2.592915,53.388724,On or near Shopping Area,E01033300,Warrington 018F,Drugs,Court result unavailable,
8343df43915972d2b36492eb90cf973165a38773615af2b4668f07b4bf6cd267,2021-12,Cheshire Constabulary,Cheshire Constabulary,-2.592915,53.388724,On or near Shopping Area,E01033300,Warrington 018F,Drugs,Local resolution,
7ac3c3fa9db44a2230da48fbfb7773b5d229804816fff606d4b56cdf22dadcd0,2021-12,Cheshire Constabulary,Cheshire Constabulary,-2.592274,53.386974,On or near Bridge Street,E01033300,Warrington 018F,Other theft,Investigation complete; no suspect identified,
271c30d0d647af5db6ad36c94e4cec70383e1b8257a99a13cebcd6dd07f7789d,2021-12,Cheshire Constabulary,Cheshire Constabulary,-2.594842,53.387860,On or near Cairo Street,E01033300,Warrington 018F,Other theft,Unable to prosecute suspect,
eb8076dafd22632f059fad299b370c64125024bd3c2c84ecab0e46f74492075a,2021-12,Cheshire Constabulary,Cheshire Constabulary,-2.591779,53.393592,On or near Ashton Street,E01033300,Warrington 018F,Other theft,Investigation complete; no suspect identified,
484ccd5e09d8fffb2f6260a2af142739aa0d5af572a54c97a028a798bf536f53,2021-12,Cheshire Constabulary,Cheshire Constabulary,-2.592915,53.388724,On or near Shopping Area,E01033300,Warrington 018F,Other theft,Unable to prosecute suspect,
47be7117dcae6f9b96ed9722fbde2286e20220939f2e54c7a8e5a7b41e2af636,2021-12,Cheshire Constabulary,Cheshire Constabulary,-2.592065,53.389240,On or near Horrocks Lane,E01033300,Warrington 018F,Other theft,Investigation complete; no suspect identified,
8ea0f4a3ff8c262cb6aba4bcee4dd10c4f3bb5afabb4aa75341e62ef5a031f2f,2021-12,Cheshire Constabulary,Cheshire Constabulary,-2.597775,53.392178,On or near Allen Street,E01033300,Warrington 018F,Other theft,Investigation complete; no suspect identified,
79dfc74976fb903b56baf8861d3fe771a6ddf435f36c136ba11ea007cf2dd888,2021-12,Cheshire Constabulary,Cheshire Constabulary,-2.590120,53.392117,On or near Midland Way,E01033300,Warrington 018F,Other theft,Investigation complete; no suspect identified,
1c0295e76f6c4d2bdddb4a2e4bbebbe275b2e796ef3ca8625a82ada3897bd640,2021-12,Cheshire Constabulary,Cheshire Constabulary,-2.593190,53.391248,On or near Westminster Place,E01033300,Warrington 018F,Other theft,Investigation complete; no suspect identified,
5c5ca718feb62eae7b570ce74c74bc87832eef43998c11fc3961d61f5a698a64,2021-12,Cheshire Constabulary,Cheshire Constabulary,-2.593075,53.387276,On or near Friars Gate,E01033300,Warrington 018F,Possession of weapons,Court result unavailable,
c3663b3274165ebc91753e0b459e609c6c0a04d078db40df0f7e3bc461f087dc,2021-12,Cheshire Constabulary,Cheshire Constabulary,-2.590220,53.390688,On or near Shopping Area,E01033300,Warrington 018F,Public order,Investigation complete; no suspect identified,
c08ebedf5031da5e46bd87dff78f2c13eb293d5858fe40752cb9c45e0b66703e,2021-12,Cheshire Constabulary,Cheshire Constabulary,-2.593075,53.387276,On or near Friars Gate,E01033300,Warrington 018F,Public order,Investigation complete; no suspect identified,
3fc6c39dd0d6904c51c3c49ccea901e9310944cb9e9f5cb0e67dbfcfb6edcbfd,2021-12,Cheshire Constabulary,Cheshire Constabulary,-2.590220,53.390688,On or near Shopping Area,E01033300,Warrington 018F,Public order,Court result unavailable,
28592b6a187338c8d6aac68691adbf849c56717df088eabd7f70167496741bea,2021-12,Cheshire Constabulary,Cheshire Constabulary,-2.595061,53.390565,On or near Shopping Area,E01033300,Warrington 018F,Public order,Investigation complete; no suspect identified,
385ac213712b3c87932d9273cc3702f73959ddb8a84f48c6c3b57ef249083c81,2021-12,Cheshire Constabulary,Cheshire Constabulary,-2.591526,53.386124,On or near Bridge Street,E01033300,Warrington 018F,Public order,Unable to prosecute suspect,
f421331312d71557aa61c15f30cc691afe9a89a2eded012a1ee6d7fabdf2dda8,2021-12,Cheshire Constabulary,Cheshire Constabulary,-2.595054,53.390070,On or near Shopping Area,E01033300,Warrington 018F,Public order,Investigation complete; no suspect identified,
b14aec1051179b52b1bb22116a34db49fd003a73ad10c6d86142962e6282810d,2021-12,Cheshire Constabulary,Cheshire Constabulary,-2.592571,53.387809,On or near Nightclub,E01033300,Warrington 018F,Public order,Court result unavailable,
6b8eb09d487f5823b1ff107be7ee6ab7437f35b5ec62e2bfee32870d2d575687,2021-12,Cheshire Constabulary,Cheshire Constabulary,-2.592249,53.391693,On or near Crown Street,E01033300,Warrington 018F,Public order,Action to be taken by another organisation,
f046b1a051e087ebfbc142013fffc6aa4f7af347b0d510564206398b956ca936,2021-12,Cheshire Constabulary,Cheshire Constabulary,-2.593879,53.387802,On or near Rylands Street,E01033300,Warrington 018F,Public order,Investigation complete; no suspect identified,
b825dad8c5b0105d5617593291376f0d2700107ec75e5421e86dcbdb13a04eaa,2021-12,Cheshire Constabulary,Cheshire Constabulary,-2.592915,53.388724,On or near Shopping Area,E01033300,Warrington 018F,Public order,Offender given a caution,
d7d0fb1ec5d4d5ef738136441337b58f4aca8e37ca2a89c4da519b23382baa8c,2021-12,Cheshire Constabulary,Cheshire Constabulary,-2.593075,53.387276,On or near Friars Gate,E01033300,Warrington 018F,Public order,Offender given a caution,
889e7bc536624415cc6f235c97fc9a40e26fc36eef488e18ff1998b928d4b263,2021-12,Cheshire Constabulary,Cheshire Constabulary,-2.595061,53.390565,On or near Shopping Area,E01033300,Warrington 018F,Public order,Investigation complete; no suspect identified,
494a0f52e9883770b685d053349043689bf318035bedc66eaffe6b99caac1225,2021-12,Cheshire Constabulary,Cheshire Constabulary,-2.593781,53.388315,On or near Patten Lane,E01033300,Warrington 018F,Public order,Unable to prosecute suspect,
db7d2a7f3fab4d266b664c5ec428642ab5c7b299f269be9d89c6e0169a0e61e4,2021-12,Cheshire Constabulary,Cheshire Constabulary,-2.595054,53.390070,On or near Shopping Area,E01033300,Warrington 018F,Public order,Unable to prosecute suspect,
9c9c3e099eebcc5351d35657c3cee6cf2ebdaeefdfcbc2b2c85b87fe06243833,2021-12,Cheshire Constabulary,Cheshire Constabulary,-2.600253,53.387698,On or near Henry Street,E01033300,Warrington 018F,Public order,Further investigation is not in the public interest,
ac9c040d86c6c9e66bc5ce172c06fc0bf81c439e0dc68ce5fdeaa4c41dce82b9,2021-12,Cheshire Constabulary,Cheshire Constabulary,-2.592065,53.389240,On or near Horrocks Lane,E01033300,Warrington 018F,Public order,Unable to prosecute suspect,
edfcc6de2f3d2d447a4c7ef60adc262c4e56113b62929b6c72f59c0f1bbc24e7,2021-12,Cheshire Constabulary,Cheshire Constabulary,-2.592915,53.388724,On or near Shopping Area,E01033300,Warrington 018F,Public order,Investigation complete; no suspect identified,
4173a963bae7b2c5522be7138192efd24001b7bb16815b91c9f91101cc9f4cb6,2021-12,Cheshire Constabulary,Cheshire Constabulary,-2.593075,53.387276,On or near Friars Gate,E01033300,Warrington 018F,Public order,Offender given a caution,
9dbe4973c37d7631334b980e428db2c202181e52b405a5b5f4773673a6ea40f8,2021-12,Cheshire Constabulary,Cheshire Constabulary,-2.595061,53.390565,On or near Shopping Area,E01033300,Warrington 018F,Public order,Investigation complete; no suspect identified,
68529c1588f25ad8b9b249f24df5cce0ae4d5915af665248293ef5f05838cc56,2021-12,Cheshire Constabulary,Cheshire Constabulary,-2.592915,53.388724,On or near Shopping Area,E01033300,Warrington 018F,Public order,Court result unavailable,
0e8c217d4ed77f53ee3577c92a52051571387a74f3a870d65667cfd8e2bc145f,2021-12,Cheshire Constabulary,Cheshire Constabulary,-2.593781,53.388315,On or near Patten Lane,E01033300,Warrington 018F,Public order,Investigation complete; no suspect identified,
ecea20fa2fdb3a6f147b2e0adf9cfc783de4f2e3ba5615780fe621dc92aac865,2021-12,Cheshire Constabulary,Cheshire Constabulary,-2.597446,53.393375,On or near Marson Street,E01033300,Warrington 018F,Public order,Unable to prosecute suspect,
d5f91c46f19d91b6bef23c336bce1120ef2503e4e859ba5901e48bb5ac2c76f2,2021-12,Cheshire Constabulary,Cheshire Constabulary,-2.595061,53.390565,On or near Shopping Area,E01033300,Warrington 018F,Public order,Investigation complete; no suspect identified,
bc7f27f3ff0f53865ae9ef80ab7d30534108931b562084b461c385fce27593ab,2021-12,Cheshire Constabulary,Cheshire Constabulary,-2.595061,53.390565,On or near Shopping Area,E01033300,Warrington 018F,Public order,Investigation complete; no suspect identified,
298b1fb7b8ce4a0d0049b641f23850473c7fb66788117689d6cb369f620d66b0,2021-12,Cheshire Constabulary,Cheshire Constabulary,-2.590120,53.392117,On or near Midland Way,E01033300,Warrington 018F,Public order,Unable to prosecute suspect,
9466f5aa7dd2d697b7eb2879399c92bc4db20fcfac8045612cb093e251e94072,2021-12,Cheshire Constabulary,Cheshire Constabulary,-2.592915,53.388724,On or near Shopping Area,E01033300,Warrington 018F,Public order,Offender given a caution,
98951a53354f2fcf8d532e1d4c0e1ab242d9394bee8e7313cbb36d69794f947a,2021-12,Cheshire Constabulary,Cheshire Constabulary,-2.592571,53.387809,On or near Nightclub,E01033300,Warrington 018F,Public order,Local resolution,
b1520a03eadb6d4706d51bd3e592b11fca172af59240c5180c5590e00ecb5d8d,2021-12,Cheshire Constabulary,Cheshire Constabulary,-2.599094,53.391902,On or near Rolleston Street,E01033300,Warrington 018F,Robbery,Investigation complete; no suspect identified,
2dd9c89afd8a026782ac1c2c10247725fe3bf93000a85922e4babd6874248441,2021-12,Cheshire Constabulary,Cheshire Constabulary,-2.595976,53.390461,On or near Bus/Coach Station,E01033300,Warrington 018F,Shoplifting,Investigation complete; no suspect identified,
1f44bf68c597c8cd0b3d753f1d7bd1ef76b91053310910438f9cddc1b3470ccc,2021-12,Cheshire Constabulary,Cheshire Constabulary,-2.595054,53.390070,On or near Shopping Area,E01033300,Warrington 018F,Shoplifting,Investigation complete; no suspect identified,
6f394a5bc65a733cf4a61cff806ca19fc9e634ed3a0941e1622f181655f0743d,2021-12,Cheshire Constabulary,Cheshire Constabulary,-2.595054,53.390070,On or near Shopping Area,E01033300,Warrington 018F,Shoplifting,Offender given a caution,
ba4ef2a104b70c4fdcb92eb7b7875e0191e25b4d190b30bbcb090852b6c5838d,2021-12,Cheshire Constabulary,Cheshire Constabulary,-2.592249,53.391693,On or near Crown Street,E01033300,Warrington 018F,Shoplifting,Investigation complete; no suspect identified,
29530b7a6c7744ec567b9f7f690ff6a558cd7d69c5fde9d5ca88371de484e006,2021-12,Cheshire Constabulary,Cheshire Constabulary,-2.597086,53.390249,On or near Parking Area,E01033300,Warrington 018F,Shoplifting,Investigation complete; no suspect identified,
049e6ce087d8cb12284e8a73e0dbd3ebc2529f58ab71b1128b4daa1990fa678a,2021-12,Cheshire Constabulary,Cheshire Constabulary,-2.597567,53.385968,On or near Wilson Patten Street,E01033300,Warrington 018F,Shoplifting,Court result unavailable,
3381b35d885e6164d725dcf2d6944407252fdf0ba45e9525504bbcf3c58c3bcb,2021-12,Cheshire Constabulary,Cheshire Constabulary,-2.595976,53.390461,On or near Bus/Coach Station,E01033300,Warrington 018F,Shoplifting,Investigation complete; no suspect identified,
5de1e89a3920a57b83c97477c9db29321c8a928bf7f8d74a14ff60080a9fb118,2021-12,Cheshire Constabulary,Cheshire Constabulary,-2.597086,53.390249,On or near Parking Area,E01033300,Warrington 018F,Shoplifting,Investigation complete; no suspect identified,
d3d2fbe9b893f34cbef00ca08a7b2393a67149a457ed0aa631c8bf11d08845eb,2021-12,Cheshire Constabulary,Cheshire Constabulary,-2.592249,53.391693,On or near Crown Street,E01033300,Warrington 018F,Theft from the person,Unable to prosecute suspect,
d59fe1b4208baf1e49acbc357391ec9dec0fc8478f76b2185de90d81dc003acc,2021-12,Cheshire Constabulary,Cheshire Constabulary,-2.593075,53.387276,On or near Friars Gate,E01033300,Warrington 018F,Theft from the person,Investigation complete; no suspect identified,
650354d631d060aa4c689e5812a57c36b91136f3a26042702d23fa397cea9b00,2021-12,Cheshire Constabulary,Cheshire Constabulary,-2.595703,53.389213,On or near Shopping Area,E01033300,Warrington 018F,Theft from the person,Investigation complete; no suspect identified,
28928c0fb7e972ef559c4d0577cab41e526342d8458f5f4ddfd5c3bee63fa85f,2021-12,Cheshire Constabulary,Cheshire Constabulary,-2.592734,53.389749,On or near Hill Street,E01033300,Warrington 018F,Violence and sexual offences,Investigation complete; no suspect identified,
44eff1f2282b9961b8d5e5042358bd0b1d54eb6899c2350cc9da100b487a57cb,2021-12,Cheshire Constabulary,Cheshire Constabulary,-2.599871,53.387251,On or near Hanover Street,E01033300,Warrington 018F,Violence and sexual offences,Unable to prosecute suspect,
fd344972c46aa6b8cfa92c558c2626f1989108a53f4109a895dfd71a2031557f,2021-12,Cheshire Constabulary,Cheshire Constabulary,-2.595054,53.390070,On or near Shopping Area,E01033300,Warrington 018F,Violence and sexual offences,Unable to prosecute suspect,
8e4d0c2b94cd8448b97f39fd67f9014154d6243cfdf8cd8aa031fa4d9b5333f7,2021-12,Cheshire Constabulary,Cheshire Constabulary,-2.593075,53.387276,On or near Friars Gate,E01033300,Warrington 018F,Violence and sexual offences,Unable to prosecute suspect,
f1d175f2f4e75e436373a6f0e8a152da0459ca63abc3239109f2f89ae6db18f2,2021-12,Cheshire Constabulary,Cheshire Constabulary,-2.591526,53.386124,On or near Bridge Street,E01033300,Warrington 018F,Violence and sexual offences,Unable to prosecute suspect,
5d1bd1374f2b0f39ab70e92adf23544b7a373513946dad55f8dab63ca5bcb101,2021-12,Cheshire Constabulary,Cheshire Constabulary,-2.591526,53.386124,On or near Bridge Street,E01033300,Warrington 018F,Violence and sexual offences,Court result unavailable,
d8a42c7e27ca15b8f13e8861d3f84c00117689516c176928cfdebf695ff56c37,2021-12,Cheshire Constabulary,Cheshire Constabulary,-2.592065,53.389240,On or near Horrocks Lane,E01033300,Warrington 018F,Violence and sexual offences,Offender given a caution,
e48b0cbecbe5062039d88d5aed87c534826b4151b2deeb48aedd5e3beb68514a,2021-12,Cheshire Constabulary,Cheshire Constabulary,-2.593879,53.387802,On or near Rylands Street,E01033300,Warrington 018F,Violence and sexual offences,Investigation complete; no suspect identified,
55231cdf3998392dc6f4c96235a9365c96ac4eaa9976fbf34ee3b2b99d182236,2021-12,Cheshire Constabulary,Cheshire Constabulary,-2.591526,53.386124,On or near Bridge Street,E01033300,Warrington 018F,Violence and sexual offences,Investigation complete; no suspect identified,
95af61f3402335fd80e1ee28a33388dfcd48cff7ffc79b3e6d4b4cb9ca3a9fce,2021-12,Cheshire Constabulary,Cheshire Constabulary,-2.593075,53.387276,On or near Friars Gate,E01033300,Warrington 018F,Violence and sexual offences,Unable to prosecute suspect,
6ba1643f1172e21c4b899a146536204ea5ace059323ed9e8a830a016d5883931,2021-12,Cheshire Constabulary,Cheshire Constabulary,-2.593879,53.387802,On or near Rylands Street,E01033300,Warrington 018F,Violence and sexual offences,Unable to prosecute suspect,
0ede77c68ad93e41a1017b95fd2d9e15bf24579214379e006433e00dae865a59,2021-12,Cheshire Constabulary,Cheshire Constabulary,-2.592571,53.387809,On or near Nightclub,E01033300,Warrington 018F,Violence and sexual offences,Investigation complete; no suspect identified,
01e612b46e707b4924e1364669c2d2002a5045e7be7e1e8492306136e669bdab,2021-12,Cheshire Constabulary,Cheshire Constabulary,-2.593190,53.391248,On or near Westminster Place,E01033300,Warrington 018F,Violence and sexual offences,Court result unavailable,
3df5a41d18e10450410b9cdf6dd5421daf898fabc4deea9e7e637888d95cf1d6,2021-12,Cheshire Constabulary,Cheshire Constabulary,-2.593075,53.387276,On or near Friars Gate,E01033300,Warrington 018F,Violence and sexual offences,Investigation complete; no suspect identified,
983b18bdbbd80e19b1cca1b12799a581eee7aab82c73a8fddf4073b1954dd1cd,2021-12,Cheshire Constabulary,Cheshire Constabulary,-2.593781,53.388315,On or near Patten Lane,E01033300,Warrington 018F,Violence and sexual offences,Unable to prosecute suspect,
0c58707a7c5534a67715a7d45d68e71cd33d9d6bf559d3147c190606359e3444,2021-12,Cheshire Constabulary,Cheshire Constabulary,-2.593075,53.387276,On or near Friars Gate,E01033300,Warrington 018F,Violence and sexual offences,Unable to prosecute suspect,
ab932afc54b57db5e13ca36dae28be640b04812d145864643c7ea54e70062ffc,2021-12,Cheshire Constabulary,Cheshire Constabulary,-2.593075,53.387276,On or near Friars Gate,E01033300,Warrington 018F,Violence and sexual offences,Unable to prosecute suspect,
08fce4ded2c32e783d2b357eb8b2991b8b649beb85f92bcdf21048a48c5e6272,2021-12,Cheshire Constabulary,Cheshire Constabulary,-2.594282,53.386506,On or near Stanley Street,E01033300,Warrington 018F,Violence and sexual offences,Unable to prosecute suspect,
99a3469d04fca9c6228ae6db2e820e038508e07390d1aec3316744297cb08e93,2021-12,Cheshire Constabulary,Cheshire Constabulary,-2.592065,53.389240,On or near Horrocks Lane,E01033300,Warrington 018F,Violence and sexual offences,Investigation complete; no suspect identified,
0b00f115151bc589b6f00cd7862520479dc4b3901a11640c1dde184424bd0a93,2021-12,Cheshire Constabulary,Cheshire Constabulary,-2.591526,53.386124,On or near Bridge Street,E01033300,Warrington 018F,Violence and sexual offences,Court result unavailable,
66ade34359303cfa389da45a89b9b8f5ba43fb8c991b4e76ebd07a7b01fb57ef,2021-12,Cheshire Constabulary,Cheshire Constabulary,-2.593075,53.387276,On or near Friars Gate,E01033300,Warrington 018F,Violence and sexual offences,Investigation complete; no suspect identified,
6017e5a7f7ace258e53a5fde79b49624bbc6e2bf8ba24c7fcdcc699aa909c30e,2021-12,Cheshire Constabulary,Cheshire Constabulary,-2.593781,53.388315,On or near Patten Lane,E01033300,Warrington 018F,Violence and sexual offences,Unable to prosecute suspect,
1d22eb5052cbd60f2ac7d5f9dd55b142852cc35913f81031b639d4138038e72f,2021-12,Cheshire Constabulary,Cheshire Constabulary,-2.593075,53.387276,On or near Friars Gate,E01033300,Warrington 018F,Violence and sexual offences,Unable to prosecute suspect,
b5c2111d2cc2021f7b2c1ad9ecf47100623d0d50aff86d40f8aebbfee6846b2a,2021-12,Cheshire Constabulary,Cheshire Constabulary,-2.595302,53.388478,On or near Shopping Area,E01033300,Warrington 018F,Violence and sexual offences,Investigation complete; no suspect identified,
067cd67b6f76458b7e9bfdfccde48d660ea9afca22cd5daa2c3acfab6c5bace4,2021-12,Cheshire Constabulary,Cheshire Constabulary,-2.600253,53.387698,On or near Henry Street,E01033300,Warrington 018F,Violence and sexual offences,Unable to prosecute suspect,
33fde4c6e42cd4f958535b702df924237b710207db16a0b2adc08e94e8022dee,2021-12,Cheshire Constabulary,Cheshire Constabulary,-2.599094,53.391902,On or near Rolleston Street,E01033300,Warrington 018F,Violence and sexual offences,Court result unavailable,
5ce5946612e0bc273d4f6dbcbf5b826bd10a49e4cc1cf15b636b8a887a1d86ef,2021-12,Cheshire Constabulary,Cheshire Constabulary,-2.593075,53.387276,On or near Friars Gate,E01033300,Warrington 018F,Violence and sexual offences,Investigation complete; no suspect identified,
0191d90a0c6611c63283a8165d4d2979e6ef734389591d0d0651439351460333,2021-12,Cheshire Constabulary,Cheshire Constabulary,-2.592065,53.389240,On or near Horrocks Lane,E01033300,Warrington 018F,Violence and sexual offences,Court result unavailable,
aaa418fd1695363806bb3b235e8832f64c18d9fa57847a2388c9b62b7d74a28d,2021-12,Cheshire Constabulary,Cheshire Constabulary,-2.596703,53.386494,On or near Further/Higher Educational Building,E01033300,Warrington 018F,Violence and sexual offences,Investigation complete; no suspect identified,
71729118ec2517e37ade8235df045affa8022c065d01155808a785df688f0026,2021-12,Cheshire Constabulary,Cheshire Constabulary,-2.592274,53.386974,On or near Bridge Street,E01033300,Warrington 018F,Violence and sexual offences,Investigation complete; no suspect identified,
7d6bf12f51ecde7e325f529874dc09f91bfc96669d61b0bad2e3586c69ccc46a,2021-12,Cheshire Constabulary,Cheshire Constabulary,-2.591526,53.386124,On or near Bridge Street,E01033300,Warrington 018F,Violence and sexual offences,Court result unavailable,
42eecc8b09977fef05eef0e07f360f10cd404fe576d53b266a1883d6265efeb3,2021-12,Cheshire Constabulary,Cheshire Constabulary,-2.599871,53.387251,On or near Hanover Street,E01033300,Warrington 018F,Violence and sexual offences,Investigation complete; no suspect identified,
ad31c82016de1612becc88e49c91c1643d109a366812ef50d1cb96bf0572b52f,2021-12,Cheshire Constabulary,Cheshire Constabulary,-2.593879,53.387802,On or near Rylands Street,E01033300,Warrington 018F,Violence and sexual offences,Court result unavailable,
d5fb625289c2b7ad1a9ed862281c93cf37f657bd56d6a90574886189626395c8,2021-12,Cheshire Constabulary,Cheshire Constabulary,-2.593075,53.387276,On or near Friars Gate,E01033300,Warrington 018F,Violence and sexual offences,Unable to prosecute suspect,
e3944b2d4aec87ca20e029082afa9f0c47f929c8cbdc43d975f5da921706820e,2021-12,Cheshire Constabulary,Cheshire Constabulary,-2.597115,53.387993,On or near Palmyra Square North,E01033300,Warrington 018F,Violence and sexual offences,Investigation complete; no suspect identified,
dce2e654de03879b916f45e895113bbd83779f47b917a08705fea907001b8407,2021-12,Cheshire Constabulary,Cheshire Constabulary,-2.593075,53.387276,On or near Friars Gate,E01033300,Warrington 018F,Violence and sexual offences,Unable to prosecute suspect,
c237dcb8233408c39f6bea6b2fa6503c650d5b38588fc9e034ae5e2957e43d36,2021-12,Cheshire Constabulary,Cheshire Constabulary,-2.593075,53.387276,On or near Friars Gate,E01033300,Warrington 018F,Violence and sexual offences,Unable to prosecute suspect,
b443e6f451adf4671f82fa28ec82d6e4653c653c2f62ceaebf638d6865da16ce,2021-12,Cheshire Constabulary,Cheshire Constabulary,-2.592362,53.390057,On or near Town Hill,E01033300,Warrington 018F,Violence and sexual offences,Investigation complete; no suspect identified,
9fceea064d9ade7666b29a21bc1f28fa695842a050ea514115760bbb483e4c34,2021-12,Cheshire Constabulary,Cheshire Constabulary,-2.593190,53.391248,On or near Westminster Place,E01033300,Warrington 018F,Violence and sexual offences,Unable to prosecute suspect,
e7b28c0bab7ccad593084d331c18a6d493bdcec2eed33928bc22459cb3af4f23,2021-12,Cheshire Constabulary,Cheshire Constabulary,-2.593075,53.387276,On or near Friars Gate,E01033300,Warrington 018F,Violence and sexual offences,Unable to prosecute suspect,
a38f8a451e1581f76335fc765ef3fe87940df807d27e778aedb0097cdb7b4740,2021-12,Cheshire Constabulary,Cheshire Constabulary,-2.593075,53.387276,On or near Friars Gate,E01033300,Warrington 018F,Violence and sexual offences,Court result unavailable,
e9b3d0ae5cccfe6ece4117c252fcd787f4b27c28b74a3c027a3543e33ed7e146,2021-12,Cheshire Constabulary,Cheshire Constabulary,-2.593879,53.387802,On or near Rylands Street,E01033300,Warrington 018F,Violence and sexual offences,Court result unavailable,
21cca2bc17a48dcff2a348bff0476280fae36cbda17812268bf085012c38eb5e,2021-12,Cheshire Constabulary,Cheshire Constabulary,-2.592571,53.387809,On or near Nightclub,E01033300,Warrington 018F,Violence and sexual offences,Local resolution,
f3c3adcb1fade360547916eb2d7c064cd8ec38bb4b89eefaed08a988f076196e,2021-12,Cheshire Constabulary,Cheshire Constabulary,-2.592915,53.388724,On or near Shopping Area,E01033300,Warrington 018F,Violence and sexual offences,Unable to prosecute suspect,
4f2ecbcf9cc778412ed14fe207261999b51f2237b39a5edfdf8be4749ddd96a6,2021-12,Cheshire Constabulary,Cheshire Constabulary,-2.591526,53.386124,On or near Bridge Street,E01033300,Warrington 018F,Violence and sexual offences,Court result unavailable,
c685bca642d449db0c345980f82a415876a64ec0a10ad905e8cdaf577ea9eb6f,2021-12,Cheshire Constabulary,Cheshire Constabulary,-2.593075,53.387276,On or near Friars Gate,E01033300,Warrington 018F,Violence and sexual offences,Unable to prosecute suspect,
07039f0b3572a163a2e4adba8cb5f554cd8c3f80c8d6086fd05db480efd13390,2021-12,Cheshire Constabulary,Cheshire Constabulary,-2.593075,53.387276,On or near Friars Gate,E01033300,Warrington 018F,Violence and sexual offences,Unable to prosecute suspect,
a72cc11ec2d1e0d7bf8f919a609825d47c36dc7c1b1679f614d0d99ae9c1085e,2021-12,Cheshire Constabulary,Cheshire Constabulary,-2.591526,53.386124,On or near Bridge Street,E01033300,Warrington 018F,Violence and sexual offences,Unable to prosecute suspect,
632109512bd1bdef5788656cece84e2900756ce4ad64af2b3896debe99f351a8,2021-12,Cheshire Constabulary,Cheshire Constabulary,-2.593190,53.391248,On or near Westminster Place,E01033300,Warrington 018F,Violence and sexual offences,Unable to prosecute suspect,
348286e4cd25db61f609a9c8b7977740d5993cd7b902b5f0d550759c9f548e3d,2021-12,Cheshire Constabulary,Cheshire Constabulary,-2.594282,53.386506,On or near Stanley Street,E01033300,Warrington 018F,Violence and sexual offences,Unable to prosecute suspect,
0cfebf4160c9b03a53de28ae9d18bdda716cad0e9a4a97b02c55bd6f054c5d68,2021-12,Cheshire Constabulary,Cheshire Constabulary,-2.592249,53.391693,On or near Crown Street,E01033300,Warrington 018F,Violence and sexual offences,Investigation complete; no suspect identified,
cc96549420f1d08856e24fc1efce88902d2779ff553734b2e8986cd68b5f1d74,2021-12,Cheshire Constabulary,Cheshire Constabulary,-2.595054,53.390070,On or near Shopping Area,E01033300,Warrington 018F,Violence and sexual offences,Court result unavailable,
920d8ed0bde76f2d4ed28785abeacdaca14fbd1e4730506b3e2e177e87649118,2021-12,Cheshire Constabulary,Cheshire Constabulary,-2.592274,53.386974,On or near Bridge Street,E01033300,Warrington 018F,Violence and sexual offences,Investigation complete; no suspect identified,
6e782cdf56bcee6fda1bb2e6b49ebebc88b8f79021e3c6616b5d44aa14198c0c,2021-12,Cheshire Constabulary,Cheshire Constabulary,-2.595054,53.390070,On or near Shopping Area,E01033300,Warrington 018F,Violence and sexual offences,Unable to prosecute suspect,
19ddf7c220c6b7b41f42c4e0bea730e446d98ce818c028797a20a83aa1711327,2021-12,Cheshire Constabulary,Cheshire Constabulary,-2.595703,53.389213,On or near Shopping Area,E01033300,Warrington 018F,Violence and sexual offences,Investigation complete; no suspect identified,
5f4eb9e9c9e3ebc18600437c18822b5a2128f6ad14987c9e327c89f750205b09,2021-12,Cheshire Constabulary,Cheshire Constabulary,-2.593075,53.387276,On or near Friars Gate,E01033300,Warrington 018F,Violence and sexual offences,Investigation complete; no suspect identified,
86bd5c0872071ee6053d57bedc611740c06cea769f447c7b6b28fbc528bd0086,2021-12,Cheshire Constabulary,Cheshire Constabulary,-2.592362,53.390057,On or near Town Hill,E01033300,Warrington 018F,Violence and sexual offences,Court result unavailable,
561656171b4ed279a7ce5201f8e1af9ceb54bf1e11c9f468354179e304b5c226,2021-12,Cheshire Constabulary,Cheshire Constabulary,-2.593190,53.391248,On or near Westminster Place,E01033300,Warrington 018F,Violence and sexual offences,Local resolution,
f5b4419f1eb0d89ea984f4ab99c9f0f2b294b8fa3958e3a5689b78249eb24876,2021-12,Cheshire Constabulary,Cheshire Constabulary,-2.596920,53.389126,On or near Regent Street,E01033300,Warrington 018F,Violence and sexual offences,Local resolution,
197179d63188c34ba2e47681f70ca6ddd152b5d451c111aad9d4976cb71a450e,2021-12,Cheshire Constabulary,Cheshire Constabulary,-2.596703,53.386494,On or near Further/Higher Educational Building,E01033300,Warrington 018F,Other crime,Unable to prosecute suspect,
,2021-12,Cheshire Constabulary,Cheshire Constabulary,-2.600186,53.392570,On or near Froghall Lane,E01033302,Warrington 018G,Anti-social behaviour,,
,2021-12,Cheshire Constabulary,Cheshire Constabulary,-2.598300,53.389991,On or near Bath Street,E01033302,Warrington 018G,Anti-social behaviour,,
,2021-12,Cheshire Constabulary,Cheshire Constabulary,-2.608432,53.388717,On or near Sankey Way,E01033302,Warrington 018G,Anti-social behaviour,,
,2021-12,Cheshire Constabulary,Cheshire Constabulary,-2.606183,53.395542,On or near Bradgate Close,E01033302,Warrington 018G,Anti-social behaviour,,
,2021-12,Cheshire Constabulary,Cheshire Constabulary,-2.600970,53.386265,On or near Police Station,E01033302,Warrington 018G,Anti-social behaviour,,
,2021-12,Cheshire Constabulary,Cheshire Constabulary,-2.600186,53.392570,On or near Froghall Lane,E01033302,Warrington 018G,Anti-social behaviour,,
,2021-12,Cheshire Constabulary,Cheshire Constabulary,-2.600970,53.386265,On or near Police Station,E01033302,Warrington 018G,Anti-social behaviour,,
6fc744419c4361f722b68f0bdd6cd43b3e29dabd55a4f5a39c6ea09476076571,2021-12,Cheshire Constabulary,Cheshire Constabulary,-2.598300,53.389991,On or near Bath Street,E01033302,Warrington 018G,Bicycle theft,Investigation complete; no suspect identified,
e4bf31752fa12bbfedd3d141b16569dbc22e102e4b60a14d7e1610cfbc2c9322,2021-12,Cheshire Constabulary,Cheshire Constabulary,-2.601567,53.388114,On or near Dixon Street,E01033302,Warrington 018G,Bicycle theft,Investigation complete; no suspect identified,
fad9ad38f9825538008dec5b4b059967f51af869e51c5410c5d3cb3333637856,2021-12,Cheshire Constabulary,Cheshire Constabulary,-2.604402,53.388675,On or near Liverpool Road,E01033302,Warrington 018G,Burglary,Unable to prosecute suspect,
6eb3e4b71c92b01f9466bfb662eb78bc915bf848c6e1727600a5db6ab8757ae7,2021-12,Cheshire Constabulary,Cheshire Constabulary,-2.600970,53.386265,On or near Police Station,E01033302,Warrington 018G,Burglary,Investigation complete; no suspect identified,
d369e6c89c534b34ba7300df05c185e89e414d31b9daafc46712c25e7de3b8d8,2021-12,Cheshire Constabulary,Cheshire Constabulary,-2.600374,53.393091,On or near Arthur Street,E01033302,Warrington 018G,Criminal damage and arson,Investigation complete; no suspect identified,
8f00169c7e0f77415adddd9b24bab0b88b1a2b0dc025f52cf4c78b7387301193,2021-12,Cheshire Constabulary,Cheshire Constabulary,-2.598300,53.389991,On or near Bath Street,E01033302,Warrington 018G,Criminal damage and arson,Court result unavailable,
48d19324d3b0ab4b7578f75057e368479de3707755de15e673f119ea64a4993d,2021-12,Cheshire Constabulary,Cheshire Constabulary,-2.609580,53.390177,On or near Manley Gardens,E01033302,Warrington 018G,Criminal damage and arson,Investigation complete; no suspect identified,
5de33428461a7a28b342dbc135ef5a59a33f171d3348fd9a7ebf46dff6327af9,2021-12,Cheshire Constabulary,Cheshire Constabulary,-2.598300,53.389991,On or near Bath Street,E01033302,Warrington 018G,Criminal damage and arson,Unable to prosecute suspect,
e9b4a8aac0c2d250fb561d74b84d5f6a75af53409e436958f839b69439219781,2021-12,Cheshire Constabulary,Cheshire Constabulary,-2.606183,53.395542,On or near Bradgate Close,E01033302,Warrington 018G,Criminal damage and arson,Unable to prosecute suspect,
9040c7616abbfeaca9e136189c859400e7917f4b62202e0100b10ace13566b58,2021-12,Cheshire Constabulary,Cheshire Constabulary,-2.609580,53.390177,On or near Manley Gardens,E01033302,Warrington 018G,Criminal damage and arson,Investigation complete; no suspect identified,
4f26a8743d6fe1dd9647f013dafe76127bf8e83bebfcf8a2b4fb7a90b66ecb43,2021-12,Cheshire Constabulary,Cheshire Constabulary,-2.601567,53.388114,On or near Dixon Street,E01033302,Warrington 018G,Other theft,Investigation complete; no suspect identified,
e32be07f0c5ae431d6d84e48c056ab0eecd9ef0a6a0609ff085e9629732443b3,2021-12,Cheshire Constabulary,Cheshire Constabulary,-2.608432,53.388717,On or near Sankey Way,E01033302,Warrington 018G,Possession of weapons,Court result unavailable,
f9a17e6d991d801e1799573c2c02f28e35fcb60f98cbe971e3d8fe612ff26889,2021-12,Cheshire Constabulary,Cheshire Constabulary,-2.602503,53.387309,On or near Parker Street,E01033302,Warrington 018G,Public order,Unable to prosecute suspect,
da325dfe8e3b349ec6d81a169f9cccaec2152da4d127a184d17f62d5543c237f,2021-12,Cheshire Constabulary,Cheshire Constabulary,-2.598300,53.389991,On or near Bath Street,E01033302,Warrington 018G,Public order,Court result unavailable,
cbbd49f99bec09de065fe1e18be630e7c883c5b5ef02e7733c16f0cfcb8fe9a7,2021-12,Cheshire Constabulary,Cheshire Constabulary,-2.597924,53.388860,On or near Garven Place,E01033302,Warrington 018G,Public order,Investigation complete; no suspect identified,
96460638786d10ea6e904c6866e4b2d29fa5942ec5e39c0e3750403003809ff3,2021-12,Cheshire Constabulary,Cheshire Constabulary,-2.608432,53.388717,On or near Sankey Way,E01033302,Warrington 018G,Public order,Investigation complete; no suspect identified,
d17ee1ef73b253ecd8caa1f7af7a4494f897763ce24fd91be7f3ff0a962151e1,2021-12,Cheshire Constabulary,Cheshire Constabulary,-2.610044,53.392080,On or near Robert Street,E01033302,Warrington 018G,Public order,Investigation complete; no suspect identified,
a05db35541615feb88a22c2e164c47c08f7892674eb3efcd56cd3208a877a8aa,2021-12,Cheshire Constabulary,Cheshire Constabulary,-2.606183,53.395542,On or near Bradgate Close,E01033302,Warrington 018G,Public order,Investigation complete; no suspect identified,
a245e84996cff9361784d4f06929adf1a4fd464edde0c4d064afd1435cdd1560,2021-12,Cheshire Constabulary,Cheshire Constabulary,-2.602456,53.390348,On or near Petrol Station,E01033302,Warrington 018G,Public order,Court result unavailable,
4074c9b4a582359ff305adc636577947cd7ebff1ef8c04429adc3655ba5baf43,2021-12,Cheshire Constabulary,Cheshire Constabulary,-2.599935,53.381093,On or near Slutchers Lane,E01033302,Warrington 018G,Public order,Investigation complete; no suspect identified,
6f140605455cc750e04240a3b2ef43a30a43ee747483ae75b1854d469a66f821,2021-12,Cheshire Constabulary,Cheshire Constabulary,-2.601935,53.393928,On or near Gladstone Mews,E01033302,Warrington 018G,Public order,Unable to prosecute suspect,
4e12b1611254e2e8f8fe61658b2e8b9cf2f612fa3f46eb8686703da3e7ef42c2,2021-12,Cheshire Constabulary,Cheshire Constabulary,-2.611675,53.389420,On or near Supermarket,E01033302,Warrington 018G,Shoplifting,Unable to prosecute suspect,
a1b87c503a662354c71bec80e49b3d9ac51f3aa913d123e45f939b99e2eba429,2021-12,Cheshire Constabulary,Cheshire Constabulary,-2.603340,53.389121,On or near Supermarket,E01033302,Warrington 018G,Shoplifting,Unable to prosecute suspect,
9f8d49325aabeb433da9a0702f4cc7f434d738af60bba04da4ab06175ffefb12,2021-12,Cheshire Constabulary,Cheshire Constabulary,-2.603340,53.389121,On or near Supermarket,E01033302,Warrington 018G,Shoplifting,Unable to prosecute suspect,
97feded4807b1b5fb00349be77565e964d74fe776c2e9def79511a8a059213aa,2021-12,Cheshire Constabulary,Cheshire Constabulary,-2.603340,53.389121,On or near Supermarket,E01033302,Warrington 018G,Shoplifting,Investigation complete; no suspect identified,
fd42b8f649ec4365a127c0f6200c91c5f7fc7f2cf9ac1429c7b699f27b4a05b6,2021-12,Cheshire Constabulary,Cheshire Constabulary,-2.600970,53.386265,On or near Police Station,E01033302,Warrington 018G,Vehicle crime,Unable to prosecute suspect,
9fca62fd2524f5b9e62a69f5104e08dcc6570095e6170c3939c9b46d9eff245b,2021-12,Cheshire Constabulary,Cheshire Constabulary,-2.609580,53.390177,On or near Manley Gardens,E01033302,Warrington 018G,Violence and sexual offences,Unable to prosecute suspect,
ee220a689cea5daebf859d88a2446c70d59cd587c5f45b56f15a2f8d97b1ca58,2021-12,Cheshire Constabulary,Cheshire Constabulary,-2.602456,53.390348,On or near Petrol Station,E01033302,Warrington 018G,Violence and sexual offences,Investigation complete; no suspect identified,
225c794f78d2db57b93d35c0f5698f84189a0f6e83207c856a902ce2f52ff5b0,2021-12,Cheshire Constabulary,Cheshire Constabulary,-2.600970,53.386265,On or near Police Station,E01033302,Warrington 018G,Violence and sexual offences,Unable to prosecute suspect,
2915b847ab0d6aeff6fca5f2f0cd5cb3805d0fb638f8cbbfa6b2caf3d8c5c6eb,2021-12,Cheshire Constabulary,Cheshire Constabulary,-2.597924,53.388860,On or near Garven Place,E01033302,Warrington 018G,Violence and sexual offences,Investigation complete; no suspect identified,
5607893d34f6607b64eefd9479bd57716937ca705c7cb1f1b6080b137a5e8e1d,2021-12,Cheshire Constabulary,Cheshire Constabulary,-2.598300,53.389991,On or near Bath Street,E01033302,Warrington 018G,Violence and sexual offences,Unable to prosecute suspect,
87e4d3facdfc8471c204604b27d32225ec76c7c20675a25ba7a8d9740c9c4e0e,2021-12,Cheshire Constabulary,Cheshire Constabulary,-2.598300,53.389991,On or near Bath Street,E01033302,Warrington 018G,Violence and sexual offences,Unable to prosecute suspect,
7e2bf40af30d378c13fd97667ceac1c746cc86d1f3c71123970afa5ed8fb145a,2021-12,Cheshire Constabulary,Cheshire Constabulary,-2.601935,53.393928,On or near Gladstone Mews,E01033302,Warrington 018G,Violence and sexual offences,Unable to prosecute suspect,
ebf17f1e26c0f904b3e843a3fd043701acee0f6165a5d3a95e0a800f374b47dd,2021-12,Cheshire Constabulary,Cheshire Constabulary,-2.600970,53.386265,On or near Police Station,E01033302,Warrington 018G,Violence and sexual offences,Unable to prosecute suspect,
6ce0c69252b7ad5c885dfc09a6e801f7b6b7343e1f15a4260aaf58fb906a550b,2021-12,Cheshire Constabulary,Cheshire Constabulary,-2.602503,53.387309,On or near Parker Street,E01033302,Warrington 018G,Violence and sexual offences,Unable to prosecute suspect,
e903fdf4ba01f27c747ed590eb8d22d7cd78ba7675697f9210f98164f0b54110,2021-12,Cheshire Constabulary,Cheshire Constabulary,-2.600970,53.386265,On or near Police Station,E01033302,Warrington 018G,Violence and sexual offences,Unable to prosecute suspect,
8b85c597dc2f58ecb9b38b83c483419ca70a628d988948a46efc8e4b84681c05,2021-12,Cheshire Constabulary,Cheshire Constabulary,-2.611675,53.389420,On or near Supermarket,E01033302,Warrington 018G,Violence and sexual offences,Unable to prosecute suspect,
9ecbd4540bc40d39413f5feed0d4c5faad23b119e897043045a298e7902c40e3,2021-12,Cheshire Constabulary,Cheshire Constabulary,-2.600970,53.386265,On or near Police Station,E01033302,Warrington 018G,Violence and sexual offences,Unable to prosecute suspect,
6feed53b6f21fc086ba90b5c3c3515ee080098e6f3a4fb8d45c550630b6f1571,2021-12,Cheshire Constabulary,Cheshire Constabulary,-2.605420,53.395834,On or near Levens Close,E01033302,Warrington 018G,Violence and sexual offences,Investigation complete; no suspect identified,
08dffddb69cf92e8cd863de70a48eadb828c3afe355e9a28fd4ec439ebbf4182,2021-12,Cheshire Constabulary,Cheshire Constabulary,-2.600970,53.386265,On or near Police Station,E01033302,Warrington 018G,Violence and sexual offences,Unable to prosecute suspect,
89c2bc6a43173d4b1e3545aa642591eda894c0c0a89f8ad096a9d121cab0283e,2021-12,Cheshire Constabulary,Cheshire Constabulary,-2.600970,53.386265,On or near Police Station,E01033302,Warrington 018G,Violence and sexual offences,Unable to prosecute suspect,
d0622b38dad34e1313681b88c14474a1e10920455c63404914e75e31b44351a5,2021-12,Cheshire Constabulary,Cheshire Constabulary,-2.610024,53.390723,On or near Leicester Street,E01033302,Warrington 018G,Violence and sexual offences,Unable to prosecute suspect,
198377ad1af5721c12165274e759cc965a802acde4d4a3f88ad7c7d06d176c1c,2021-12,Cheshire Constabulary,Cheshire Constabulary,-2.601935,53.393928,On or near Gladstone Mews,E01033302,Warrington 018G,Violence and sexual offences,Unable to prosecute suspect,
9811b7287d02407e5c1f43c5adfe53b0a228174bbf84881c19457a3560e3513a,2021-12,Cheshire Constabulary,Cheshire Constabulary,-2.610024,53.390723,On or near Leicester Street,E01033302,Warrington 018G,Violence and sexual offences,Unable to prosecute suspect,
0125e1be611b2ac8d200739c7bb45bd63abae3ab51a7ce30776f75476614b418,2021-12,Cheshire Constabulary,Cheshire Constabulary,-2.610024,53.390723,On or near Leicester Street,E01033302,Warrington 018G,Violence and sexual offences,Unable to prosecute suspect,
ae1f004f770ab0946ecd0b5b48adcbc26231e8ad9076f80963bc2bb58b48f273,2021-12,Cheshire Constabulary,Cheshire Constabulary,-2.611675,53.389420,On or near Supermarket,E01033302,Warrington 018G,Violence and sexual offences,Unable to prosecute suspect,
990b67b239e6a8faf4e9766c7c554cc5badf7c74d6cdfd01d671208ba36e62c6,2021-12,Cheshire Constabulary,Cheshire Constabulary,-2.599170,53.380153,On or near Mandarin Court,E01033302,Warrington 018G,Violence and sexual offences,Unable to prosecute suspect,
54f132a461cbcb4421559244dbf047a45a4014890faa9266257945cf1e10fe88,2021-12,Cheshire Constabulary,Cheshire Constabulary,-2.649007,53.384288,On or near Petrol Station,E01012527,Warrington 019A,Burglary,Court result unavailable,
53ab44e3bb91daf3977d63e592efdb8364f0ed34cc9dc5acfe762d5059ea0cd6,2021-12,Cheshire Constabulary,Cheshire Constabulary,-2.648496,53.387248,On or near Holly Terrace,E01012527,Warrington 019A,Public order,Investigation complete; no suspect identified,
c08696a8aad686712bf62e2f6eb76f6bf03ce887c464e4f4553bf246787a8986,2021-12,Cheshire Constabulary,Cheshire Constabulary,-2.645114,53.381343,On or near Shoreham Drive,E01012527,Warrington 019A,Public order,Unable to prosecute suspect,
c4a0109a3ea4d9238e4857fb6d48f1f4c622261b61783e750866bb8f2fd2349b,2021-12,Cheshire Constabulary,Cheshire Constabulary,-2.647843,53.383890,On or near Lyons Road,E01012527,Warrington 019A,Violence and sexual offences,Unable to prosecute suspect,
5d6af5d5169640fa6e460813f07e73fa9fed6fe18fcb4d93ddd09c9593936946,2021-12,Cheshire Constabulary,Cheshire Constabulary,-2.645114,53.381343,On or near Shoreham Drive,E01012527,Warrington 019A,Violence and sexual offences,Unable to prosecute suspect,
abd126aa2c6aab3dca7b6e9a3f63b2ae611f0a045a082a55e85c5ebb8771dd1e,2021-12,Cheshire Constabulary,Cheshire Constabulary,-2.647843,53.383890,On or near Lyons Road,E01012527,Warrington 019A,Violence and sexual offences,Unable to prosecute suspect,
d8b26b39e1f148c02cc180ecdbbe0fc70a96ae47b05287e1615578f34ca475a7,2021-12,Cheshire Constabulary,Cheshire Constabulary,-2.663171,53.383455,On or near Victoria Road,E01012529,Warrington 019C,Burglary,Court result unavailable,
35e31541b21c20170c4597f693c80c0b0b7a5f578ee9fdf670e2fcff8f16f72c,2021-12,Cheshire Constabulary,Cheshire Constabulary,-2.660120,53.382492,On or near Padstow Close,E01012529,Warrington 019C,Shoplifting,Investigation complete; no suspect identified,
3b6c36903946e823293a17348c518bacd0b7b0e10f30a2c1d658ff02bc277cda,2021-12,Cheshire Constabulary,Cheshire Constabulary,-2.664120,53.383522,On or near Lamerton Close,E01012529,Warrington 019C,Vehicle crime,Investigation complete; no suspect identified,
10c2a050dcefe6e6ed47bba5b3b91f9839ddd8911b7d2165c4c17c710b5bcc17,2021-12,Cheshire Constabulary,Cheshire Constabulary,-2.664891,53.378969,On or near Roeburn Way,E01012529,Warrington 019C,Vehicle crime,Investigation complete; no suspect identified,
bf1a7a64ce31f71c7e57416675c34d418f312324c2a778e8d117c994913d75f6,2021-12,Cheshire Constabulary,Cheshire Constabulary,-2.655608,53.384351,On or near Broad Oak Avenue,E01012529,Warrington 019C,Violence and sexual offences,Investigation complete; no suspect identified,
ace7fcf84a3bd279e8901a1575ef91d641e69510e4be002ee2a61c5b5bdf325a,2021-12,Cheshire Constabulary,Cheshire Constabulary,-2.662152,53.383614,On or near Bank Gardens,E01012529,Warrington 019C,Violence and sexual offences,Unable to prosecute suspect,
fe68152c9ab39511cd00797aba488e2268cebf798978d47e29bb9ac36bb0860e,2021-12,Cheshire Constabulary,Cheshire Constabulary,-2.654809,53.384184,On or near Denehurst Close,E01012529,Warrington 019C,Violence and sexual offences,Unable to prosecute suspect,
da12a5049ebc679cd7d402dd94395ee654111eefe2a489f89ab53ecac2d81c15,2021-12,Cheshire Constabulary,Cheshire Constabulary,-2.688807,53.375211,On or near Sports/Recreation Area,E01012530,Warrington 019D,Burglary,Investigation complete; no suspect identified,
4eadfb44a09ea4e3bf445384da534b4d6a21714ea72b3da420193a116e8e2998,2021-12,Cheshire Constabulary,Cheshire Constabulary,-2.660094,53.377890,On or near Shaftesbury Avenue,E01012530,Warrington 019D,Public order,Investigation complete; no suspect identified,
e43a77923518e5b39b9f90e2f43e07d2fc6e79952ba6215c82bb9046fd2b015d,2021-12,Cheshire Constabulary,Cheshire Constabulary,-2.664433,53.379511,On or near Rothay Drive,E01012530,Warrington 019D,Public order,Unable to prosecute suspect,
33eda0de144d49cfec1ee630cc1de804a34ef1ada265695e6954426a3259b259,2021-12,Cheshire Constabulary,Cheshire Constabulary,-2.664619,53.380813,On or near The Park,E01012530,Warrington 019D,Violence and sexual offences,Investigation complete; no suspect identified,
56a73a627fdea31616b4fce31a036f557a6bc9bb652bfdc48b0de9ef8a25747e,2021-12,Cheshire Constabulary,Cheshire Constabulary,-2.657134,53.388729,On or near Windmill Lane,E01012531,Warrington 019E,Violence and sexual offences,Unable to prosecute suspect,
,2021-12,Cheshire Constabulary,Cheshire Constabulary,-2.655076,53.385909,On or near Avon Avenue,E01012532,Warrington 019F,Anti-social behaviour,,
cec2bf34dfc07c67cd7a061d6caedac68a01e8157e96b39dedc1c8db387bbece,2021-12,Cheshire Constabulary,Cheshire Constabulary,-2.555052,53.385122,On or near Tilston Avenue,E01012504,Warrington 020A,Criminal damage and arson,Investigation complete; no suspect identified,
11e252770cd351eb9a52406c9d6902ce09c9fa438293366eb0698be1a76ec2ff,2021-12,Cheshire Constabulary,Cheshire Constabulary,-2.558555,53.382750,On or near Newman Street,E01012504,Warrington 020A,Public order,Unable to prosecute suspect,
ead5d6cf4cad01b414852de7ac4cc4a6ad950b47daaf90c08fdd5c183807620d,2021-12,Cheshire Constabulary,Cheshire Constabulary,-2.545568,53.385282,On or near Park/Open Space,E01012504,Warrington 020A,Violence and sexual offences,Local resolution,
3e44dd15f9a8a7cb950ff8bf2358dd1978b496f87dcf5dd9faa65ef64142f564,2021-12,Cheshire Constabulary,Cheshire Constabulary,-2.545568,53.385282,On or near Park/Open Space,E01012504,Warrington 020A,Violence and sexual offences,Unable to prosecute suspect,
02b4b5c25ad671eeb0a09d869b08696f03e16b8dd98c290362659a4fd675fe22,2021-12,Cheshire Constabulary,Cheshire Constabulary,-2.554257,53.385260,On or near Marsden Avenue,E01012504,Warrington 020A,Violence and sexual offences,Unable to prosecute suspect,
acab3ea877c131a2d4bce428697b5085886084b9fb8680c169df638eaab470f8,2021-12,Cheshire Constabulary,Cheshire Constabulary,-2.545568,53.385282,On or near Park/Open Space,E01012504,Warrington 020A,Violence and sexual offences,Court result unavailable,
e43c38a697c49dc29088170cf000d3c4db4ba6e32c47aa6adb23caa373f3c88d,2021-12,Cheshire Constabulary,Cheshire Constabulary,-2.545568,53.385282,On or near Park/Open Space,E01012504,Warrington 020A,Violence and sexual offences,Court result unavailable,
eb524aeb2559db2bb4893854c94b3f79a6eafd752e7957df537d6a8fc62b17bf,2021-12,Cheshire Constabulary,Cheshire Constabulary,-2.555052,53.385122,On or near Tilston Avenue,E01012504,Warrington 020A,Violence and sexual offences,Unable to prosecute suspect,
cb44aa877db555d177a032268b4a184bc7f7940507dcf7c06cca89dbb8c81d15,2021-12,Cheshire Constabulary,Cheshire Constabulary,-2.551978,53.383410,On or near Parkfield Avenue,E01012504,Warrington 020A,Violence and sexual offences,Court result unavailable,
6b5cc55691eec9807a81a968f94c5ca5425dd0aad37c8da55ce4fe0c6b66aaa9,2021-12,Cheshire Constabulary,Cheshire Constabulary,-2.553327,53.380734,On or near Selkirk Avenue,E01012504,Warrington 020A,Violence and sexual offences,Unable to prosecute suspect,
b6f68954b4175e502a35dbc765554820478c4dff8e070e877c66bcf21ca6a297,2021-12,Cheshire Constabulary,Cheshire Constabulary,-2.555052,53.385122,On or near Tilston Avenue,E01012504,Warrington 020A,Violence and sexual offences,Unable to prosecute suspect,
3bd654621e2c9b0200da7c5dc5bae6e9026486265599864a4e48c45ee3117b75,2021-12,Cheshire Constabulary,Cheshire Constabulary,-2.552226,53.383948,On or near Pichael Nook,E01012504,Warrington 020A,Violence and sexual offences,Unable to prosecute suspect,
71a31fc2973e863ca7a17c96b41d2cff646b1bd8743d6638c9f2ee027a79e29c,2021-12,Cheshire Constabulary,Cheshire Constabulary,-2.552226,53.383948,On or near Pichael Nook,E01012504,Warrington 020A,Violence and sexual offences,Unable to prosecute suspect,
c165e29967e5e34f4123faf9f74950d345b07a3ad0c8c3b2311c5c97c5b6a00b,2021-12,Cheshire Constabulary,Cheshire Constabulary,-2.551978,53.383410,On or near Parkfield Avenue,E01012504,Warrington 020A,Violence and sexual offences,Court result unavailable,
5a2ae10da45bb4915ac4028c5012ee0388bfea374d8fb6a97343d8ea4befcc85,2021-12,Cheshire Constabulary,Cheshire Constabulary,-2.553327,53.380734,On or near Selkirk Avenue,E01012504,Warrington 020A,Violence and sexual offences,Unable to prosecute suspect,
2dac8746ca41fcdae99cc821655b6177b0c50dd558dd3799163d6591a9e249c8,2021-12,Cheshire Constabulary,Cheshire Constabulary,-2.551978,53.383410,On or near Parkfield Avenue,E01012504,Warrington 020A,Violence and sexual offences,Unable to prosecute suspect,
c21c790b424a84ecba916807c22746d6e7a12baf3669131abef12cbc709219f9,2021-12,Cheshire Constabulary,Cheshire Constabulary,-2.552226,53.383948,On or near Pichael Nook,E01012504,Warrington 020A,Violence and sexual offences,Unable to prosecute suspect,
b55c8baebae72a49c2a6593a881b3a5c8c2af1d4e525081a26be3f1aac506491,2021-12,Cheshire Constabulary,Cheshire Constabulary,-2.551645,53.383196,On or near Moseley Avenue,E01012504,Warrington 020A,Other crime,Further investigation is not in the public interest,
a240aa07f6a2d4b3d527e22b07875debba2f8cca4619f75bce64ad0717fe24c9,2021-12,Cheshire Constabulary,Cheshire Constabulary,-2.573045,53.378079,On or near Woolacombe Close,E01012505,Warrington 020B,Burglary,Investigation complete; no suspect identified,
03b75a07be401eaa301070e56649af4008dfc68d4b7f6ad6396fd66ca48e2537,2021-12,Cheshire Constabulary,Cheshire Constabulary,-2.575282,53.377880,On or near Secker Close,E01012505,Warrington 020B,Violence and sexual offences,Further action is not in the public interest,
46d7b5e11d878a355ad2c80817e4efe4503a94d5e67ba076fc86e34dcdc61f03,2021-12,Cheshire Constabulary,Cheshire Constabulary,-2.572305,53.376761,On or near Archer Avenue,E01012505,Warrington 020B,Violence and sexual offences,Unable to prosecute suspect,
fc01d761e44e1425bcc7d8bc8263c7740d28aa75ebc5e3e602a6bcc580869762,2021-12,Cheshire Constabulary,Cheshire Constabulary,-2.573258,53.377206,On or near Pearson Avenue,E01012505,Warrington 020B,Violence and sexual offences,Unable to prosecute suspect,
c151054b48ce7c98b9f0836298ad9b6eacbe67fc3fbb0a828fd13fe93aafd3b9,2021-12,Cheshire Constabulary,Cheshire Constabulary,-2.572763,53.379510,On or near Blackley Close,E01012505,Warrington 020B,Violence and sexual offences,Unable to prosecute suspect,
14ac277bf6445eb83cae009ad7379b05c0574443863df68e5cbf7246042d8d42,2021-12,Cheshire Constabulary,Cheshire Constabulary,-2.570662,53.378621,On or near Wash Lane,E01012505,Warrington 020B,Violence and sexual offences,Investigation complete; no suspect identified,
82e6d5ef019e813e56b70e53a87903cec3729c5eab36d24bb16bb9be977b7851,2021-12,Cheshire Constabulary,Cheshire Constabulary,-2.575369,53.376558,On or near Minerva Close,E01012505,Warrington 020B,Violence and sexual offences,Unable to prosecute suspect,
,2021-12,Cheshire Constabulary,Cheshire Constabulary,-2.566564,53.385876,On or near Chantler Avenue,E01012506,Warrington 020C,Anti-social behaviour,,
,2021-12,Cheshire Constabulary,Cheshire Constabulary,-2.566564,53.385876,On or near Chantler Avenue,E01012506,Warrington 020C,Anti-social behaviour,,
1f5f22cc806e97b04606bb949a73592f9c756e1a0d2230327d799ef7880bc980,2021-12,Cheshire Constabulary,Cheshire Constabulary,-2.561505,53.386449,On or near Worsley Avenue,E01012506,Warrington 020C,Bicycle theft,Investigation complete; no suspect identified,
35bc89caa617c9926b6c1521d286eba1209c6d9be91581f3b2d71303be505481,2021-12,Cheshire Constabulary,Cheshire Constabulary,-2.566564,53.385876,On or near Chantler Avenue,E01012506,Warrington 020C,Vehicle crime,Unable to prosecute suspect,
0efff177a58f049bf6170ff891ade2d1fcebf8050a4deefc5cff56de3b0eef93,2021-12,Cheshire Constabulary,Cheshire Constabulary,-2.562420,53.386274,On or near Brindley Avenue,E01012506,Warrington 020C,Vehicle crime,Investigation complete; no suspect identified,
943ab321a32ff8466f465bc181d9f2a17fd8de0178f2dc47e58e88216722a69d,2021-12,Cheshire Constabulary,Cheshire Constabulary,-2.560295,53.387075,On or near Bridgewater Avenue,E01012506,Warrington 020C,Vehicle crime,Investigation complete; no suspect identified,
003891b7aba889cc6af6f582c349f39efd78f8dbc3050b88f0581c2911b3d47f,2021-12,Cheshire Constabulary,Cheshire Constabulary,-2.556511,53.387470,On or near Mort Avenue,E01012506,Warrington 020C,Violence and sexual offences,Unable to prosecute suspect,
ee0f9ba3bee535e8244415f97cb5c5fa063c41dcaf25a7b0deb658c50e6747c6,2021-12,Cheshire Constabulary,Cheshire Constabulary,-2.566484,53.385517,On or near Stringer Crescent,E01012506,Warrington 020C,Violence and sexual offences,Unable to prosecute suspect,
7a147bf675965fcbca401f544cf6ccfac3e92da5c1f407b1ca9b72e6113ff6b9,2021-12,Cheshire Constabulary,Cheshire Constabulary,-2.566484,53.385517,On or near Stringer Crescent,E01012506,Warrington 020C,Violence and sexual offences,Unable to prosecute suspect,
,2021-12,Cheshire Constabulary,Cheshire Constabulary,-2.559374,53.382162,On or near Poachers' Lane,E01012507,Warrington 020D,Anti-social behaviour,,
,2021-12,Cheshire Constabulary,Cheshire Constabulary,-2.561023,53.379575,On or near Knutsford Road,E01012507,Warrington 020D,Anti-social behaviour,,
,2021-12,Cheshire Constabulary,Cheshire Constabulary,-2.563431,53.379716,On or near Grammar School Road,E01012507,Warrington 020D,Anti-social behaviour,,
,2021-12,Cheshire Constabulary,Cheshire Constabulary,-2.562238,53.385043,On or near Supermarket,E01012507,Warrington 020D,Anti-social behaviour,,
911164b9fd1595539fe7607cf511e3df6984809433652cb3ccd10755781a063f,2021-12,Cheshire Constabulary,Cheshire Constabulary,-2.559374,53.382162,On or near Poachers' Lane,E01012507,Warrington 020D,Criminal damage and arson,Investigation complete; no suspect identified,
8335a334e52675011b060c7808d4fd47aecbaa921bc01f701cf3892ade33d283,2021-12,Cheshire Constabulary,Cheshire Constabulary,-2.562598,53.379297,On or near Parking Area,E01012507,Warrington 020D,Criminal damage and arson,Investigation complete; no suspect identified,
708d0684a5473b10df46b6fd232a398a3ecbae570c7f0648855177cb1e40120f,2021-12,Cheshire Constabulary,Cheshire Constabulary,-2.566394,53.381005,On or near Knutsford Road,E01012507,Warrington 020D,Criminal damage and arson,Investigation complete; no suspect identified,
a53c0ef31beeaee5bc88a229ec32e0da0afef0b7ee42dbd0ac8d9e8cac949706,2021-12,Cheshire Constabulary,Cheshire Constabulary,-2.566394,53.381005,On or near Knutsford Road,E01012507,Warrington 020D,Other theft,Investigation complete; no suspect identified,
5ada3015de89dbe79448754629e917080787807e9e97bf685d5aca399386e021,2021-12,Cheshire Constabulary,Cheshire Constabulary,-2.562238,53.385043,On or near Supermarket,E01012507,Warrington 020D,Public order,Unable to prosecute suspect,
0e5d6b27852a23d35fe5a271322ce70f7077a9f37f1b707abe33563213d18008,2021-12,Cheshire Constabulary,Cheshire Constabulary,-2.567333,53.378160,On or near Cantilever Gardens,E01012507,Warrington 020D,Public order,Investigation complete; no suspect identified,
8ff4de1850c7f2c6454c8d5cfdbf479f21ff6be824c0eab112f4f17dd2dc77d9,2021-12,Cheshire Constabulary,Cheshire Constabulary,-2.563431,53.379716,On or near Grammar School Road,E01012507,Warrington 020D,Violence and sexual offences,Unable to prosecute suspect,
2022d49bcab61e824e6a3238148cba4e116c4c29973ce8959471c8830ee81582,2021-12,Cheshire Constabulary,Cheshire Constabulary,-2.562576,53.381032,On or near Thelwall Lane,E01012507,Warrington 020D,Violence and sexual offences,Unable to prosecute suspect,
31e3fc802d74fa4cf850bd6330a1fc8984a574fa1eff2cda3326068c5e3df288,2021-12,Cheshire Constabulary,Cheshire Constabulary,-2.562238,53.385043,On or near Supermarket,E01012507,Warrington 020D,Violence and sexual offences,Court result unavailable,
746d684debaada523e63c134dc5823f57b2763414e254b3890a848879b5f0055,2021-12,Cheshire Constabulary,Cheshire Constabulary,-2.567333,53.378160,On or near Cantilever Gardens,E01012507,Warrington 020D,Violence and sexual offences,Investigation complete; no suspect identified,
6c03b6271ca14d8df070d623882393bbd715c7680ee20dfbe2942576516198a7,2021-12,Cheshire Constabulary,Cheshire Constabulary,-2.563431,53.379716,On or near Grammar School Road,E01012507,Warrington 020D,Violence and sexual offences,Unable to prosecute suspect,
c44040fcc7333a7162b7e52429473452a7ba8cc6b92c1f611eb40dcd279e4ce6,2021-12,Cheshire Constabulary,Cheshire Constabulary,-2.563431,53.379716,On or near Grammar School Road,E01012507,Warrington 020D,Violence and sexual offences,Unable to prosecute suspect,
b56fb5fddc145ef752a747004a5a49f6dbdb08dae34f88aba8e8180f7dddb9b5,2021-12,Cheshire Constabulary,Cheshire Constabulary,-2.561559,53.380309,On or near Powell Street,E01012507,Warrington 020D,Violence and sexual offences,Investigation complete; no suspect identified,
457ada48b2b200d0f3d44ff3573d903601d1c0672dd5f1361375d35558c2e7b2,2021-12,Cheshire Constabulary,Cheshire Constabulary,-2.563431,53.379716,On or near Grammar School Road,E01012507,Warrington 020D,Violence and sexual offences,Unable to prosecute suspect,
44942d4d0d25947d959649de1e53a24e73a6d97b837b8335d192106d626676dd,2021-12,Cheshire Constabulary,Cheshire Constabulary,-2.561559,53.380309,On or near Powell Street,E01012507,Warrington 020D,Violence and sexual offences,Unable to prosecute suspect,
aca0e0ee7ef9229ddd5435e77a805a2d34020dbe4932fad2aab84eef03f47334,2021-12,Cheshire Constabulary,Cheshire Constabulary,-2.563495,53.384561,On or near Lindley Avenue,E01012507,Warrington 020D,Violence and sexual offences,Unable to prosecute suspect,
8a5e41e62fe7b69b9cbbb3748a3cd58a557e595e59c72a007c47e265c429bd96,2021-12,Cheshire Constabulary,Cheshire Constabulary,-2.563431,53.379716,On or near Grammar School Road,E01012507,Warrington 020D,Violence and sexual offences,Unable to prosecute suspect,
8c782c266550159df36c481bd32fdd749b5aaf0903be5e934e548b6de8ae6283,2021-12,Cheshire Constabulary,Cheshire Constabulary,-2.563431,53.379716,On or near Grammar School Road,E01012507,Warrington 020D,Violence and sexual offences,Further investigation is not in the public interest,
acbee74abcc6aa9633426698702fd7fce764faa30fccfb0d0056e1ba6617d89c,2021-12,Cheshire Constabulary,Cheshire Constabulary,-2.561559,53.380309,On or near Powell Street,E01012507,Warrington 020D,Violence and sexual offences,Unable to prosecute suspect,
99b9fb09761333bebcd3795817113c437582fbaa8dd426a27b2c1265991d6f02,2021-12,Cheshire Constabulary,Cheshire Constabulary,-2.562238,53.385043,On or near Supermarket,E01012507,Warrington 020D,Violence and sexual offences,Court result unavailable,
426e05c2b53052a8df5a781ba6552d1c9d98150cb64623ad497d4235c28176c7,2021-12,Cheshire Constabulary,Cheshire Constabulary,-2.565045,53.383538,On or near Griffiths Street,E01012507,Warrington 020D,Violence and sexual offences,Unable to prosecute suspect,
39976013ee86e76208638d8d728d5def26744a73fd44f3736f04277f26b9ce18,2021-12,Cheshire Constabulary,Cheshire Constabulary,-2.563431,53.379716,On or near Grammar School Road,E01012507,Warrington 020D,Other crime,Further investigation is not in the public interest,
becc5811c2a9b5b12ef651e151c928b6f70ff23572c903c075c4612cd78c1a40,2021-12,Cheshire Constabulary,Cheshire Constabulary,-2.563431,53.379716,On or near Grammar School Road,E01012507,Warrington 020D,Other crime,Unable to prosecute suspect,
8ea05d9eccb419d8a4eb96375c210707b95e83771f823aa21c9a2c1efcb0909a,2021-12,Cheshire Constabulary,Cheshire Constabulary,-2.563431,53.379716,On or near Grammar School Road,E01012507,Warrington 020D,Other crime,Further investigation is not in the public interest,
b80bdb9d3275d9b579f646b8b3097ddb02af08dc24b89ae8ff68b1335bbbce5e,2021-12,Cheshire Constabulary,Cheshire Constabulary,-2.563431,53.379716,On or near Grammar School Road,E01012507,Warrington 020D,Other crime,Further investigation is not in the public interest,
,2021-12,Cheshire Constabulary,Cheshire Constabulary,-2.554438,53.382940,On or near Gaskell Avenue,E01012508,Warrington 020E,Anti-social behaviour,,
a500e8807458a761ffc04c01aeba9e978cd2eddb7d97c6438d30324a2e1aadef,2021-12,Cheshire Constabulary,Cheshire Constabulary,-2.555970,53.385144,On or near Whitley Avenue,E01012508,Warrington 020E,Criminal damage and arson,Investigation complete; no suspect identified,
de488965f3d2e76ef5dd8f9b4e12def0c818b2545652e572e1fffaacd5c56af4,2021-12,Cheshire Constabulary,Cheshire Constabulary,-2.558450,53.386220,On or near Barrymore Avenue,E01012508,Warrington 020E,Other theft,Unable to prosecute suspect,
1c712a53003d870e35406a241b006bea82810acb34a3abd8e9316738ea2936ec,2021-12,Cheshire Constabulary,Cheshire Constabulary,-2.554438,53.382940,On or near Gaskell Avenue,E01012508,Warrington 020E,Violence and sexual offences,Unable to prosecute suspect,
bf504fd60bd52a2be36028250143436a5c5f4f4b1c2ad2269614a4c7352d7f9b,2021-12,Cheshire Constabulary,Cheshire Constabulary,-2.554438,53.382940,On or near Gaskell Avenue,E01012508,Warrington 020E,Violence and sexual offences,Court result unavailable,
2f463b51f35554c5c9459b582a7eb04e51768b74d2bc54a13e7ee6f7f6c93455,2021-12,Cheshire Constabulary,Cheshire Constabulary,-2.560411,53.384476,On or near Boydell Avenue,E01012508,Warrington 020E,Violence and sexual offences,Unable to prosecute suspect,
c227ec82110fe454665fdc0d178caf6624aa5463ce140c143cddeea50d0b0dce,2021-12,Cheshire Constabulary,Cheshire Constabulary,-2.555970,53.385144,On or near Whitley Avenue,E01012508,Warrington 020E,Violence and sexual offences,Unable to prosecute suspect,
986cffbe8eb5e1ecb3d8fb78d241bcd180a612fc58d2cef22cc69374c5ae5236,2021-12,Cheshire Constabulary,Cheshire Constabulary,-2.552932,53.382776,On or near Nook Lane,E01012508,Warrington 020E,Violence and sexual offences,Unable to prosecute suspect,
e2887ecd850682ab08e92d6bc76f1ef2aec3490023349e775ad50f8a2c8a7cb3,2021-12,Cheshire Constabulary,Cheshire Constabulary,-2.555970,53.385144,On or near Whitley Avenue,E01012508,Warrington 020E,Violence and sexual offences,Unable to prosecute suspect,
610c35d2c0d098cc8a4dfb558b2ffc64cfd8776b83dc8410cf01a7db1382bd92,2021-12,Cheshire Constabulary,Cheshire Constabulary,-2.554438,53.382940,On or near Gaskell Avenue,E01012508,Warrington 020E,Violence and sexual offences,Unable to prosecute suspect,
491bb5b1c5e30b516ff741fdedbf820c9e9e7c503017b56ebf358d12b907d18a,2021-12,Cheshire Constabulary,Cheshire Constabulary,-2.488292,53.379328,On or near Supermarket,E01012513,Warrington 021A,Shoplifting,Investigation complete; no suspect identified,
8790dc126f9ff934234e3057a9a1c690e1b6b6f1f26f12b2546eb48618c2847f,2021-12,Cheshire Constabulary,Cheshire Constabulary,-2.471917,53.377533,On or near The Crescent,E01012513,Warrington 021A,Vehicle crime,Investigation complete; no suspect identified,
6f9b15e6e57c31a58be28a6840c0a1096214571b1cc169888072e84172e3ee12,2021-12,Cheshire Constabulary,Cheshire Constabulary,-2.482113,53.379218,On or near Dingle Bank Close,E01012513,Warrington 021A,Vehicle crime,Investigation complete; no suspect identified,
7564f07026714113a6517d39a731c566333e342aa6794273f825779971b96735,2021-12,Cheshire Constabulary,Cheshire Constabulary,-2.488142,53.379356,On or near Supermarket,E01012513,Warrington 021A,Violence and sexual offences,Offender given a caution,
8d40f7d3ff2142f632aab6be5df424a1c475a51abf008cbfd2a93c518fb0eeaf,2021-12,Cheshire Constabulary,Cheshire Constabulary,-2.474053,53.377642,On or near Greenwood Road,E01012513,Warrington 021A,Violence and sexual offences,Unable to prosecute suspect,
,2021-12,Cheshire Constabulary,Cheshire Constabulary,-2.460951,53.378250,On or near Oughtrington Lane,E01012514,Warrington 021B,Anti-social behaviour,,
270ed03be8819261c5d432287b77e47d46583179f7c80df8facc949a0617023f,2021-12,Cheshire Constabulary,Cheshire Constabulary,-2.461880,53.386292,On or near Bucklow Gardens,E01012514,Warrington 021B,Criminal damage and arson,Investigation complete; no suspect identified,
5e9a2cf69b7c346cffca7f6282b9b557b292c682233304b2596dfd5de32e31eb,2021-12,Cheshire Constabulary,Cheshire Constabulary,-2.462613,53.374855,On or near Foxley Close,E01012514,Warrington 021B,Other theft,Investigation complete; no suspect identified,
879fd95b0992fe5c435a6e9908b48c064d207ae411f19e1f544d9912d3398a8f,2021-12,Cheshire Constabulary,Cheshire Constabulary,-2.467181,53.385696,On or near Rush Gardens,E01012514,Warrington 021B,Shoplifting,Investigation complete; no suspect identified,
69daa017365cad4d49819356d8d07d47a3d9bd376127cfdb9b6704d1236a4353,2021-12,Cheshire Constabulary,Cheshire Constabulary,-2.471374,53.381436,On or near Racefield Close,E01012514,Warrington 021B,Violence and sexual offences,Unable to prosecute suspect,
96855964efab25c002c15cb864b8e0607d6f40541bb554a755f24070506382db,2021-12,Cheshire Constabulary,Cheshire Constabulary,-2.471374,53.381436,On or near Racefield Close,E01012514,Warrington 021B,Violence and sexual offences,Unable to prosecute suspect,
f90633f65fe02193336abc56ad455edabdb0410753b921e9d1d86b48d8708297,2021-12,Cheshire Constabulary,Cheshire Constabulary,-2.471374,53.381436,On or near Racefield Close,E01012514,Warrington 021B,Violence and sexual offences,Unable to prosecute suspect,
fdc64f30cd746c6d53db05ac54e412c4f596c12a3af0a0d0a17289a9f8870334,2021-12,Cheshire Constabulary,Cheshire Constabulary,-2.471374,53.381436,On or near Racefield Close,E01012514,Warrington 021B,Violence and sexual offences,Unable to prosecute suspect,
,2021-12,Cheshire Constabulary,Cheshire Constabulary,-2.496086,53.385103,On or near Oldfield Road,E01012515,Warrington 021C,Anti-social behaviour,,
,2021-12,Cheshire Constabulary,Cheshire Constabulary,-2.504438,53.359027,On or near Motorway Service Area,E01012515,Warrington 021C,Anti-social behaviour,,
a6d138db4cc69c67dfc540496d0b3bb3004ac4219957e02bfbb46a750b8b948e,2021-12,Cheshire Constabulary,Cheshire Constabulary,-2.506561,53.359441,On or near Petrol Station,E01012515,Warrington 021C,Other theft,Investigation complete; no suspect identified,
ec8c99d02dbd39d2e04f76d2d57bfa3d6cc59909b37e8bfbe8a306474d876ae6,2021-12,Cheshire Constabulary,Cheshire Constabulary,-2.504438,53.359027,On or near Motorway Service Area,E01012515,Warrington 021C,Other theft,Unable to prosecute suspect,
6bd5104c3c432fe41cd10a844f32eddd864d61d0c4c1aa2e9b6c3f360dacad0d,2021-12,Cheshire Constabulary,Cheshire Constabulary,-2.504438,53.359027,On or near Motorway Service Area,E01012515,Warrington 021C,Other theft,Investigation complete; no suspect identified,
ada60ea26a0f8326fed6cc4231a3baf2839cffeba3720ab2aae6f41bc635f3e3,2021-12,Cheshire Constabulary,Cheshire Constabulary,-2.506561,53.359441,On or near Petrol Station,E01012515,Warrington 021C,Other theft,Investigation complete; no suspect identified,
fb280cc7dd4a11826a9fb4a291363e83bfc6acbd18371cc96833265f5f1d52c3,2021-12,Cheshire Constabulary,Cheshire Constabulary,-2.504438,53.359027,On or near Motorway Service Area,E01012515,Warrington 021C,Other theft,Investigation complete; no suspect identified,
12dc3b4b3d750153f866b3ac700dcdb70590a846af81e71ba675f6a2fc177d7d,2021-12,Cheshire Constabulary,Cheshire Constabulary,-2.506561,53.359441,On or near Petrol Station,E01012515,Warrington 021C,Other theft,Investigation complete; no suspect identified,
745ddbcaefa084234ae11f806da7d0cc7824c2e2e887d0c65f3fb21b5f4d43ac,2021-12,Cheshire Constabulary,Cheshire Constabulary,-2.504438,53.359027,On or near Motorway Service Area,E01012515,Warrington 021C,Other theft,Investigation complete; no suspect identified,
2e66db0c9d019a82669c801e4f63fdca7e0a42d3c762a885adcf670b9705bce2,2021-12,Cheshire Constabulary,Cheshire Constabulary,-2.504438,53.359027,On or near Motorway Service Area,E01012515,Warrington 021C,Other theft,Investigation complete; no suspect identified,
39294b3fcd5379a1775938db471913913fd5e88b3ff1a0fe8e520cb62bc9d41a,2021-12,Cheshire Constabulary,Cheshire Constabulary,-2.504438,53.359027,On or near Motorway Service Area,E01012515,Warrington 021C,Public order,Offender given a caution,
9e00b258310ac87fa2f175282a400e2f3c0c177c7fff2d93e76e69c9e06423d4,2021-12,Cheshire Constabulary,Cheshire Constabulary,-2.496086,53.385103,On or near Oldfield Road,E01012515,Warrington 021C,Vehicle crime,Investigation complete; no suspect identified,
bd730e8465410bc65f2495003c5789c87e467a4a0c68565dd9d0452f29bae18d,2021-12,Cheshire Constabulary,Cheshire Constabulary,-2.496086,53.385103,On or near Oldfield Road,E01012515,Warrington 021C,Violence and sexual offences,Unable to prosecute suspect,
0903c4a6d0997558d6471135c4afa404bb4820b89417a0c8dd4199ae22c3b686,2021-12,Cheshire Constabulary,Cheshire Constabulary,-2.483546,53.382305,On or near Maltmans Road,E01012516,Warrington 021D,Criminal damage and arson,Investigation complete; no suspect identified,
d5569d8553ee2c8366d53a7d912e2dcfd2f4f766c950ad6f91e597fe49f169f1,2021-12,Cheshire Constabulary,Cheshire Constabulary,-2.477596,53.381295,On or near The Cross,E01012516,Warrington 021D,Criminal damage and arson,Investigation complete; no suspect identified,
036fb309164169ccbb4d2d1b64da0273d35418af7ea9b893d2b4853065e79b82,2021-12,Cheshire Constabulary,Cheshire Constabulary,-2.477596,53.381295,On or near The Cross,E01012516,Warrington 021D,Criminal damage and arson,Investigation complete; no suspect identified,
da1423fb8184389f53ba6de82b1215567b59fb4349ede1d367906c3683f4defe,2021-12,Cheshire Constabulary,Cheshire Constabulary,-2.477596,53.381295,On or near The Cross,E01012516,Warrington 021D,Shoplifting,Investigation complete; no suspect identified,
2a72746f89364fa33415c12d4f73024c76241698e613253b7865eda373da961d,2021-12,Cheshire Constabulary,Cheshire Constabulary,-2.477596,53.381295,On or near The Cross,E01012516,Warrington 021D,Violence and sexual offences,Court result unavailable,
ff753decd32c63298ca9c84458f4fc0c1e5f731c51ab295a558f9ef72aa1ae86,2021-12,Cheshire Constabulary,Cheshire Constabulary,-2.490717,53.381062,On or near West Hyde,E01012516,Warrington 021D,Violence and sexual offences,Unable to prosecute suspect,
2e4c5c9214503c860d318fa8cd68743125f3c7a7087a4f3ccf4d1da1595b7595,2021-12,Cheshire Constabulary,Cheshire Constabulary,-2.490717,53.381062,On or near West Hyde,E01012516,Warrington 021D,Violence and sexual offences,Unable to prosecute suspect,
,2021-12,Cheshire Constabulary,Cheshire Constabulary,-2.451486,53.388704,On or near School Drive,E01012517,Warrington 021E,Anti-social behaviour,,
81b4df3f85afd2056016cfe27fb9404e94c732fb119e020ea01762289a56fd9e,2021-12,Cheshire Constabulary,Cheshire Constabulary,-2.451486,53.388704,On or near School Drive,E01012517,Warrington 021E,Criminal damage and arson,Unable to prosecute suspect,
72268b04e2153a128bf44965b489d089bfc53e9ccda6963e1e3b0198a2be5d87,2021-12,Cheshire Constabulary,Cheshire Constabulary,-2.451486,53.388704,On or near School Drive,E01012517,Warrington 021E,Criminal damage and arson,Unable to prosecute suspect,
e7c0ff00ef3d0a4c8f212e4365e42080481e2eb52f150986a8e7d67a413e939e,2021-12,Cheshire Constabulary,Cheshire Constabulary,-2.451781,53.389521,On or near Farcroft Close,E01012517,Warrington 021E,Criminal damage and arson,Investigation complete; no suspect identified,
ace1392b2c67d68f1f19e82de52ba391ad229f3aec3bb9962d24c6200059efc6,2021-12,Cheshire Constabulary,Cheshire Constabulary,-2.451486,53.388704,On or near School Drive,E01012517,Warrington 021E,Violence and sexual offences,Unable to prosecute suspect,
9f06fa2fddf83f1c35daa850a681ec6e660e737c246c5259d967dca91a8f6995,2021-12,Cheshire Constabulary,Cheshire Constabulary,-2.453540,53.389523,On or near Chase Meadow,E01012517,Warrington 021E,Violence and sexual offences,Court result unavailable,
9fc7b60342722095bc11881a784c6ff95d998f8c4c870f9727b4616dcadf5207,2021-12,Cheshire Constabulary,Cheshire Constabulary,-2.461860,53.388557,On or near Adey Road,E01012517,Warrington 021E,Violence and sexual offences,Investigation complete; no suspect identified,
8e0c75048e27b2eceecfd03775c7315deff07dbda56408f89d43b9e7079577db,2021-12,Cheshire Constabulary,Cheshire Constabulary,-2.453540,53.389523,On or near Chase Meadow,E01012517,Warrington 021E,Violence and sexual offences,Court result unavailable,
6ca2b7017fa3a46a43b0e28ab36f4a4a4f161004789c1818db4622b7ebf963fe,2021-12,Cheshire Constabulary,Cheshire Constabulary,-2.465100,53.386522,On or near Rushgreen Road,E01012517,Warrington 021E,Violence and sexual offences,Unable to prosecute suspect,
e4a8901e2b97c46e3a3a8d4db701d5e74d19893f17bba5557a493cace915c374,2021-12,Cheshire Constabulary,Cheshire Constabulary,-2.453540,53.389523,On or near Chase Meadow,E01012517,Warrington 021E,Violence and sexual offences,Court result unavailable,
6064c4fc0c8f7d2c890f8404a3462f6ad1297b9c3b237e7c02f718ec4d5994bf,2021-12,Cheshire Constabulary,Cheshire Constabulary,-2.453540,53.389523,On or near Chase Meadow,E01012517,Warrington 021E,Violence and sexual offences,Unable to prosecute suspect,
ee2731f477809f0161e03b2e812498aa199e5b7e2e6ef03319e5b3611b0d632c,2021-12,Cheshire Constabulary,Cheshire Constabulary,-2.453540,53.389523,On or near Chase Meadow,E01012517,Warrington 021E,Violence and sexual offences,Court result unavailable,
71b153c145994a06cb559099fef1053f4c626afc407e4f0171bb31e4011fa40d,2021-12,Cheshire Constabulary,Cheshire Constabulary,-2.450877,53.389354,On or near Chaise Meadow,E01012517,Warrington 021E,Violence and sexual offences,Investigation complete; no suspect identified,
ac96c5e469c2b3acaa11c71a8aa6d81297623d10c3f3919cb119abc74c16723a,2021-12,Cheshire Constabulary,Cheshire Constabulary,-2.450877,53.389354,On or near Chaise Meadow,E01012517,Warrington 021E,Other crime,Investigation complete; no suspect identified,
8629bf2c765827f7a584475fd21fe7f7938dfc2cd8176d18150a0c9fc457c0d6,2021-12,Cheshire Constabulary,Cheshire Constabulary,-2.451486,53.388704,On or near School Drive,E01012517,Warrington 021E,Other crime,Unable to prosecute suspect,
d55812a59e463cf4f0f0da81d5f15a18dabc2595792ce81e9ab77f84b9789c74,2021-12,Cheshire Constabulary,Cheshire Constabulary,-2.457617,53.385481,On or near Moss Grove,E01012518,Warrington 021F,Other theft,Investigation complete; no suspect identified,
69f2f665be1b95df480d9eb1d8ff8b7bffe8c0f06f5a962df85dc43539edd32a,2021-12,Cheshire Constabulary,Cheshire Constabulary,-2.453921,53.384399,On or near White Broom,E01012518,Warrington 021F,Public order,Unable to prosecute suspect,
80304a2a5fd45393e9d859a9fb49cf7622751c7bb9446eb3515dd0ced1af98c7,2021-12,Cheshire Constabulary,Cheshire Constabulary,-2.430507,53.374912,On or near Agden Lane,E01012518,Warrington 021F,Violence and sexual offences,Unable to prosecute suspect,
a764380a044f58b884d422626fe72ff8a06f9c677f63b80cc886997fa16a182e,2021-12,Cheshire Constabulary,Cheshire Constabulary,-2.457998,53.387358,On or near Richmond Close,E01012518,Warrington 021F,Violence and sexual offences,Unable to prosecute suspect,
a5b99885c7954e30570859b82be10c655dab67a9d28c5f793d95d600a2370c3e,2021-12,Cheshire Constabulary,Cheshire Constabulary,-2.457998,53.387358,On or near Richmond Close,E01012518,Warrington 021F,Violence and sexual offences,Unable to prosecute suspect,
d79c255edf560ba0e7b642a41edd0964a7da39da93ca14e174f148c25f4e04f0,2021-12,Cheshire Constabulary,Cheshire Constabulary,-2.457998,53.387358,On or near Richmond Close,E01012518,Warrington 021F,Violence and sexual offences,Unable to prosecute suspect,
fe8a6ab2eef49acfdab9d1834a35088ee113e8350a239569a58922dd3c1efb29,2021-12,Cheshire Constabulary,Cheshire Constabulary,-2.492855,53.383920,On or near Jubilee Grove,E01012519,Warrington 021G,Other theft,Unable to prosecute suspect,
ab4101f260a372b68fe33395877d608441f15674fbb10e9c7943ceea6e9e59fd,2021-12,Cheshire Constabulary,Cheshire Constabulary,-2.487581,53.384194,On or near Albany Crescent,E01012519,Warrington 021G,Other theft,Investigation complete; no suspect identified,
1dbd91fbf118f06e46e694ebc975e3537009140047674fb4233e2157cae6a77c,2021-12,Cheshire Constabulary,Cheshire Constabulary,-2.488353,53.384640,On or near Northway,E01012519,Warrington 021G,Violence and sexual offences,Unable to prosecute suspect,
47ee6cc174d0d58f4a23c00b2b7439793b07d016a4973ab042d51cffccac7f07,2021-12,Cheshire Constabulary,Cheshire Constabulary,-2.488353,53.384640,On or near Northway,E01012519,Warrington 021G,Violence and sexual offences,Unable to prosecute suspect,
7aa2ef9c83d0f2b8f52a8e5ebb61ab278c350ccae2c8fe15b0a4087227b350c8,2021-12,Cheshire Constabulary,Cheshire Constabulary,-2.492855,53.383920,On or near Jubilee Grove,E01012519,Warrington 021G,Violence and sexual offences,Unable to prosecute suspect,
759d25d80a1a94d9967b6a9ac990a2d8c6497416cb6aeceea6f2e3798200a366,2021-12,Cheshire Constabulary,Cheshire Constabulary,-2.488353,53.384640,On or near Northway,E01012519,Warrington 021G,Violence and sexual offences,Unable to prosecute suspect,
58c49e9fe7adf2aaec9ebfa02c2d5296a487746cc62a70902d158cea44e3cdea,2021-12,Cheshire Constabulary,Cheshire Constabulary,-2.487581,53.384194,On or near Albany Crescent,E01012519,Warrington 021G,Violence and sexual offences,Unable to prosecute suspect,
22877ca29d6a13da17cafcf39caaa00a75bf3c9c19267925a475048e94acd23e,2021-12,Cheshire Constabulary,Cheshire Constabulary,-2.492855,53.383920,On or near Jubilee Grove,E01012519,Warrington 021G,Other crime,Unable to prosecute suspect,
26ba9e9635f3b79376118acd621c3beef3df8a321598064ee4b0e94a32aa999d,2021-12,Cheshire Constabulary,Cheshire Constabulary,-2.541802,53.381173,On or near Ashley Close,E01012485,Warrington 022A,Other theft,Unable to prosecute suspect,
4abd5fdbe80c89307df775892b82fb0a5dd4893c561e87669f50be00ab795afb,2021-12,Cheshire Constabulary,Cheshire Constabulary,-2.544086,53.379941,On or near Ollerton Close,E01012485,Warrington 022A,Public order,Unable to prosecute suspect,
5c9ea012f301ae676b58846667b007a6712580e08af748ff9a9c8373b1b9e80b,2021-12,Cheshire Constabulary,Cheshire Constabulary,-2.544086,53.379941,On or near Ollerton Close,E01012485,Warrington 022A,Public order,Unable to prosecute suspect,
e01f7b392300a8d26dd26f01339b02641eb9ba8cb6cb35eccde087740b2f1bf1,2021-12,Cheshire Constabulary,Cheshire Constabulary,-2.544086,53.379941,On or near Ollerton Close,E01012485,Warrington 022A,Violence and sexual offences,Unable to prosecute suspect,
c950156baec15daf0aa9812bd6d91ed86cb50781c2014edc1e99436e77eebce9,2021-12,Cheshire Constabulary,Cheshire Constabulary,-2.552956,53.375334,On or near Kildonan Road,E01012486,Warrington 022B,Other theft,Investigation complete; no suspect identified,
f9037d9520f78a2a44c0fe2b1eb3c4d890a9ce0b02874798d19d655e9b395bed,2021-12,Cheshire Constabulary,Cheshire Constabulary,-2.546354,53.380928,On or near Park/Open Space,E01012486,Warrington 022B,Vehicle crime,Investigation complete; no suspect identified,
eadd063f4d490bc340a2b08d21e6b68182d7e9516a7feae8cca0d928aed6eef2,2021-12,Cheshire Constabulary,Cheshire Constabulary,-2.546354,53.380928,On or near Park/Open Space,E01012486,Warrington 022B,Violence and sexual offences,Investigation complete; no suspect identified,
,2021-12,Cheshire Constabulary,Cheshire Constabulary,-2.543925,53.376768,On or near Mairesfield Avenue,E01012487,Warrington 022C,Anti-social behaviour,,
7bf7326628b71477b0c8512c1d0359aabe023d559b6faddf2125717570eea5d0,2021-12,Cheshire Constabulary,Cheshire Constabulary,-2.539877,53.377578,On or near Ascot Close,E01012487,Warrington 022C,Drugs,Unable to prosecute suspect,
f9ad2b8346310ee90a9093406eb6cd4724fc1712ffe7c134ef1848bf0fb2116a,2021-12,Cheshire Constabulary,Cheshire Constabulary,-2.541868,53.374522,On or near Lindi Avenue,E01012487,Warrington 022C,Public order,Unable to prosecute suspect,
c69a90d7a8994fadea88ed5c31a801c01d2813e1bc35025d2d6758b58bd49c7c,2021-12,Cheshire Constabulary,Cheshire Constabulary,-2.545023,53.375577,On or near Sports/Recreation Area,E01012487,Warrington 022C,Public order,Local resolution,
8df607a08041be91aab5978ed42fca8ed5a96901b1d3c25544b59281b276fbf2,2021-12,Cheshire Constabulary,Cheshire Constabulary,-2.542539,53.376478,On or near East View,E01012487,Warrington 022C,Robbery,Unable to prosecute suspect,
acd97710522ca49fb70a5dfef43295b1e3db19e1d86c0ca13b6a51bea3eb851d,2021-12,Cheshire Constabulary,Cheshire Constabulary,-2.545699,53.376733,On or near Nicholls Street,E01012487,Warrington 022C,Violence and sexual offences,Unable to prosecute suspect,
1550a7a091c7b65da423f71c1dff9d35efe45b0a0d4daed986be1b63b91e5763,2021-12,Cheshire Constabulary,Cheshire Constabulary,-2.541306,53.377634,On or near Coronation Avenue,E01012487,Warrington 022C,Violence and sexual offences,Investigation complete; no suspect identified,
aba0367e88f01ef86e1f19d83d2f9cb2354dc999be3aaa8016dedaa66e6d22a6,2021-12,Cheshire Constabulary,Cheshire Constabulary,-2.536664,53.381466,On or near Welwyn Close,E01012490,Warrington 022E,Violence and sexual offences,Investigation complete; no suspect identified,
6393ff4f8afa8e0372c3e8710607670a70f7d81cd80931fe3e3ec1d1c4b1729f,2021-12,Cheshire Constabulary,Cheshire Constabulary,-2.575671,53.368817,On or near Waterside,E01012450,Warrington 023A,Criminal damage and arson,Local resolution,
cef0507a87120d1bb7c10047e954741a46a114c22642efe6a192a1ee6532ac03,2021-12,Cheshire Constabulary,Cheshire Constabulary,-2.575671,53.368817,On or near Waterside,E01012450,Warrington 023A,Other theft,Investigation complete; no suspect identified,
9014f3b5f6d08d1d92b6a1a6cd3266720c4b1a9f529ab96dded8f10f109db689,2021-12,Cheshire Constabulary,Cheshire Constabulary,-2.575671,53.368817,On or near Waterside,E01012450,Warrington 023A,Violence and sexual offences,Investigation complete; no suspect identified,
521ea0bef10307ee3acc025ebb09b45c7650c55723fca72c888fcdd4ba056a0a,2021-12,Cheshire Constabulary,Cheshire Constabulary,-2.573688,53.358876,On or near Sports/Recreation Area,E01012450,Warrington 023A,Other crime,Further investigation is not in the public interest,
,2021-12,Cheshire Constabulary,Cheshire Constabulary,-2.573125,53.368398,On or near Sports/Recreation Area,E01012451,Warrington 023B,Anti-social behaviour,,
,2021-12,Cheshire Constabulary,Cheshire Constabulary,-2.569263,53.369531,On or near Stockton Lane,E01012451,Warrington 023B,Anti-social behaviour,,
,2021-12,Cheshire Constabulary,Cheshire Constabulary,-2.580536,53.367454,On or near Mitchell Street,E01012557,Warrington 023C,Anti-social behaviour,,
,2021-12,Cheshire Constabulary,Cheshire Constabulary,-2.581081,53.369950,On or near Supermarket,E01012557,Warrington 023C,Anti-social behaviour,,
05216fe27721fa28c472217a11bed59c509c5f1719eb144f02866143e7b06055,2021-12,Cheshire Constabulary,Cheshire Constabulary,-2.580787,53.369269,On or near Bridgewater Mews,E01012557,Warrington 023C,Criminal damage and arson,Unable to prosecute suspect,
241557289420c13930d70f1554487b1b0270d6b424d82733df23f3362e3d489f,2021-12,Cheshire Constabulary,Cheshire Constabulary,-2.580536,53.367454,On or near Mitchell Street,E01012557,Warrington 023C,Criminal damage and arson,Investigation complete; no suspect identified,
60afb808a73106ebfc11eae267dfb8a86146031dede08d0de44250647a13e799,2021-12,Cheshire Constabulary,Cheshire Constabulary,-2.580536,53.367454,On or near Mitchell Street,E01012557,Warrington 023C,Public order,Investigation complete; no suspect identified,
c12b834ccbfbbea677b732335e5fdf03c517bee8c4e2bfe5cc85361b840c23c3,2021-12,Cheshire Constabulary,Cheshire Constabulary,-2.580904,53.370140,On or near London Road,E01012557,Warrington 023C,Violence and sexual offences,Unable to prosecute suspect,
e2d8d9d1ede640f81f89b9fb823fab8ae15224289499ca00546a0a8f6380f1df,2021-12,Cheshire Constabulary,Cheshire Constabulary,-2.580779,53.370896,On or near Police Station,E01012557,Warrington 023C,Violence and sexual offences,Unable to prosecute suspect,
45b1a729c63a4fd175afeaf35bc942e101bc21b6b25e6da0513f8e48353a6ec5,2021-12,Cheshire Constabulary,Cheshire Constabulary,-2.578998,53.369259,On or near Arley Avenue,E01012557,Warrington 023C,Violence and sexual offences,Unable to prosecute suspect,
43573467beefd6fdeb5954243b944ecb797c29597d9dcf49023d5e141f39a30f,2021-12,Cheshire Constabulary,Cheshire Constabulary,-2.580904,53.370140,On or near London Road,E01012557,Warrington 023C,Violence and sexual offences,Unable to prosecute suspect,
,2021-12,Cheshire Constabulary,Cheshire Constabulary,-2.581951,53.367582,On or near Farrell Road,E01012558,Warrington 023D,Anti-social behaviour,,
efed5f892d36760323cdbe3d13968fa879c6708210f517698b55b12697e84f56,2021-12,Cheshire Constabulary,Cheshire Constabulary,-2.581131,53.368108,On or near Orchard Street,E01012558,Warrington 023D,Burglary,Investigation complete; no suspect identified,
692953d53502b1ea2bdecd1f20bb870f5973fbf1efc19cd4e3a55e1321b816c5,2021-12,Cheshire Constabulary,Cheshire Constabulary,-2.581951,53.367582,On or near Farrell Road,E01012558,Warrington 023D,Other theft,Unable to prosecute suspect,
9a51312922e2b93c4ae2808d70689afe01fe818409359efcb2c0e828563c2c0c,2021-12,Cheshire Constabulary,Cheshire Constabulary,-2.584079,53.371563,On or near Egerton Street,E01012558,Warrington 023D,Public order,Unable to prosecute suspect,
6f9257e6111795b16db58b60d4b6a8e48f74ef92190a5735994103a973edf82f,2021-12,Cheshire Constabulary,Cheshire Constabulary,-2.582408,53.370259,On or near Parking Area,E01012558,Warrington 023D,Shoplifting,Investigation complete; no suspect identified,
60a9119cf3be31b40195e53ce843884dc89bdf1e627225fd29c159d8dc139e54,2021-12,Cheshire Constabulary,Cheshire Constabulary,-2.582408,53.370259,On or near Parking Area,E01012558,Warrington 023D,Shoplifting,Unable to prosecute suspect,
f904231334ab094b29b68f4be5c7e61453122ab67d11b4e910148beab42e70c1,2021-12,Cheshire Constabulary,Cheshire Constabulary,-2.583765,53.369452,On or near Derby Road,E01012558,Warrington 023D,Violence and sexual offences,Status update unavailable,
d6a926d8888fa0383a6da2c37fcf6169f4dbef3f054158a0921b5d1e00109ced,2021-12,Cheshire Constabulary,Cheshire Constabulary,-2.581951,53.367582,On or near Farrell Road,E01012558,Warrington 023D,Violence and sexual offences,Unable to prosecute suspect,
,2021-12,Cheshire Constabulary,Cheshire Constabulary,-2.556249,53.378860,On or near Thelwall New Road,E01012559,Warrington 023E,Anti-social behaviour,,
,2021-12,Cheshire Constabulary,Cheshire Constabulary,-2.560685,53.377859,On or near Greenbank Road,E01012559,Warrington 023E,Anti-social behaviour,,
,2021-12,Cheshire Constabulary,Cheshire Constabulary,-2.556249,53.378860,On or near Thelwall New Road,E01012559,Warrington 023E,Anti-social behaviour,,
,2021-12,Cheshire Constabulary,Cheshire Constabulary,-2.556249,53.378860,On or near Thelwall New Road,E01012559,Warrington 023E,Anti-social behaviour,,
b3bda2504b43c7a934aa5b4eab553203e96651784ab83bb03f0618f76f82ba3e,2021-12,Cheshire Constabulary,Cheshire Constabulary,-2.556249,53.378860,On or near Thelwall New Road,E01012559,Warrington 023E,Burglary,Investigation complete; no suspect identified,
de306b416db953fb01dee57f30e74be5e2fee7097facbf41d9299135a61ddb83,2021-12,Cheshire Constabulary,Cheshire Constabulary,-2.557514,53.377883,On or near Queens Drive,E01012559,Warrington 023E,Burglary,Investigation complete; no suspect identified,
83cb402639fc470938c8bb8c508cbcca2b0c441a61a5399c4a3d7556dcaf872f,2021-12,Cheshire Constabulary,Cheshire Constabulary,-2.563018,53.376904,On or near Greenbank Gardens,E01012559,Warrington 023E,Burglary,Investigation complete; no suspect identified,
3ca4d26412a2cefc846f1032a8925e3b35a8d79dc1aa07fe82cc7fa0e0fb9dc9,2021-12,Cheshire Constabulary,Cheshire Constabulary,-2.556249,53.378860,On or near Thelwall New Road,E01012559,Warrington 023E,Public order,Investigation complete; no suspect identified,
25f353ba2ff19a61cdce649f4bf3f05c738a11ee2c0c98ea20ea321fcd3d0eb5,2021-12,Cheshire Constabulary,Cheshire Constabulary,-2.556249,53.378860,On or near Thelwall New Road,E01012559,Warrington 023E,Vehicle crime,Investigation complete; no suspect identified,
0e0722a5962cb47e201b4547a455885e114e4dcd6f8178a5dbc32646dfbb146d,2021-12,Cheshire Constabulary,Cheshire Constabulary,-2.556249,53.378860,On or near Thelwall New Road,E01012559,Warrington 023E,Vehicle crime,Investigation complete; no suspect identified,
f99ab5fa46cbd94a3d4d164d9955f6ece2395cf40aacc3c0cd4890c548f0dbee,2021-12,Cheshire Constabulary,Cheshire Constabulary,-2.563176,53.376355,On or near Stanley Place,E01012559,Warrington 023E,Violence and sexual offences,Unable to prosecute suspect,
82751eb7fda43384c6ba55ee231e10a0860b892178a009f0a4c5cafd627d3c50,2021-12,Cheshire Constabulary,Cheshire Constabulary,-2.570454,53.372096,On or near Limetree Avenue,E01012560,Warrington 023F,Other theft,Unable to prosecute suspect,
d598faa4fa72678307af37f4e4a31fc8805aed4eea828bec8373645fb8c15b8b,2021-12,Cheshire Constabulary,Cheshire Constabulary,-2.546472,53.347885,On or near Hatchery Close,E01012448,Warrington 024A,Burglary,Investigation complete; no suspect identified,
5eca63fb600d8f98857b8698fc632bbde5a9d80aabcbde73a184faf5e56a5840,2021-12,Cheshire Constabulary,Cheshire Constabulary,-2.532826,53.351039,On or near Lyncastle Way,E01012448,Warrington 024A,Other theft,Investigation complete; no suspect identified,
646b4ae044eb576d72bd3bb57db5657d9b6bbe29fcd00917ff4e47e02cf48b4b,2021-12,Cheshire Constabulary,Cheshire Constabulary,-2.532826,53.351039,On or near Lyncastle Way,E01012448,Warrington 024A,Vehicle crime,Investigation complete; no suspect identified,
14f5cbb42ba0f961f9ea811d64786db8bc2882854b28c41dd4738978a894aeab,2021-12,Cheshire Constabulary,Cheshire Constabulary,-2.544766,53.353115,On or near Ashberry Drive,E01012448,Warrington 024A,Violence and sexual offences,Unable to prosecute suspect,
b91ac1e24416bb501af25017a1064bf95f756b718b4634e12d07d80aafa7273e,2021-12,Cheshire Constabulary,Cheshire Constabulary,-2.543272,53.347846,On or near Chapel Lane,E01012448,Warrington 024A,Violence and sexual offences,Status update unavailable,
6fc97837316205aa21937b3453ac159281b884fd4769484927f21ba7f8f0e1fd,2021-12,Cheshire Constabulary,Cheshire Constabulary,-2.540926,53.350076,On or near Prison,E01012448,Warrington 024A,Violence and sexual offences,Court result unavailable,
c467724cc8dea9ba451fa77c2c5a4f310307584954527d38c22f3f03cae0bf88,2021-12,Cheshire Constabulary,Cheshire Constabulary,-2.527800,53.349146,On or near Langford Way,E01012448,Warrington 024A,Violence and sexual offences,Unable to prosecute suspect,
,2021-12,Cheshire Constabulary,Cheshire Constabulary,-2.552717,53.361501,On or near Keeper'S Road,E01012488,Warrington 024B,Anti-social behaviour,,
c273b538b24af7e06b4c3329e56f52a8ba3453aae08293df61fdf9ded4f18a6a,2021-12,Cheshire Constabulary,Cheshire Constabulary,-2.525456,53.358838,On or near Cartridge Lane,E01012488,Warrington 024B,Criminal damage and arson,Unable to prosecute suspect,
d144a4b54392de88a575ad3abfd4d60876c14a677dd4eaa817ccbe6bf5dde321,2021-12,Cheshire Constabulary,Cheshire Constabulary,-2.513331,53.383879,On or near Lymm Road,E01012488,Warrington 024B,Vehicle crime,Investigation complete; no suspect identified,
349a8005e981083f097f1069cace65420683b3e1a98fedc705a0658927c4c35d,2021-12,Cheshire Constabulary,Cheshire Constabulary,-2.525563,53.379691,On or near Gately Close,E01012488,Warrington 024B,Violence and sexual offences,Unable to prosecute suspect,
d6a5c500c114df427f2458b34440d6edc257cee60e7a1fbea70be89d7edfc950,2021-12,Cheshire Constabulary,Cheshire Constabulary,-2.533808,53.373057,On or near Cliff Lane,E01012488,Warrington 024B,Violence and sexual offences,Unable to prosecute suspect,
,2021-12,Cheshire Constabulary,Cheshire Constabulary,-2.606427,53.361896,On or near Old Chester Road,E01012502,Warrington 024C,Anti-social behaviour,,
5062be3b7084289787d93222e9e29f8b25ff0106efb3017d6f05679d7b2d1cd0,2021-12,Cheshire Constabulary,Cheshire Constabulary,-2.595826,53.370031,On or near Chester Road,E01012502,Warrington 024C,Other theft,Investigation complete; no suspect identified,
27ac0540002c7a4d5c7efffa1856d7c8bc1b23ebf2359f26e3e36132604556e9,2021-12,Cheshire Constabulary,Cheshire Constabulary,-2.606427,53.361896,On or near Old Chester Road,E01012502,Warrington 024C,Public order,Investigation complete; no suspect identified,
1b75d5d8502ad30bc643cd00a493838ac176d6c2d03d7956f92cd101527a8148,2021-12,Cheshire Constabulary,Cheshire Constabulary,-2.615944,53.357074,On or near Thomasons Bridge Lane,E01012502,Warrington 024C,Violence and sexual offences,Unable to prosecute suspect,
1e1563ed5116818cc1931a1ad6dd3f9a7fb83ae47a5dbe98f0409645d288f110,2021-12,Cheshire Constabulary,Cheshire Constabulary,-2.591227,53.370044,On or near Osborne Road,E01012502,Warrington 024C,Violence and sexual offences,Unable to prosecute suspect,
0bddbce45eebb5c3a74ba6bc8d9b8c341c3175bc8559d15129de7a54996ac91c,2021-12,Cheshire Constabulary,Cheshire Constabulary,-2.576596,53.339437,On or near Bower Crescent,E01012503,Warrington 024D,Burglary,Unable to prosecute suspect,
49a46c50d7e67d76d988a1ef71ef7bfbda08bdaaa884da5685e1eebbd92a488e,2021-12,Cheshire Constabulary,Cheshire Constabulary,-2.576596,53.339437,On or near Bower Crescent,E01012503,Warrington 024D,Public order,Unable to prosecute suspect,
c09ed2b05d16d487e6a08edd8edd2faf92cd5539be8f3580ca5e968f67396204,2021-12,Cheshire Constabulary,Cheshire Constabulary,-2.570976,53.338044,On or near Spark Hall Close,E01012503,Warrington 024D,Violence and sexual offences,Court result unavailable,
80bb889ac941a0ffbf99c6e42006c35803ea04ccd1f8416a67a8c2c8c229ecac,2021-12,Cheshire Constabulary,Cheshire Constabulary,-2.570976,53.338044,On or near Spark Hall Close,E01012503,Warrington 024D,Violence and sexual offences,Court result unavailable,
a39d2c62f343bab3b81b33da6a4229402096c3492eabb9f3a0a7171d61849987,2021-12,Cheshire Constabulary,Cheshire Constabulary,-2.576596,53.339437,On or near Bower Crescent,E01012503,Warrington 024D,Violence and sexual offences,Investigation complete; no suspect identified,
9be42fe6c9a86246bd2bbeb32d7d632c343349969209701b4d6d42c975a53b53,2021-12,Cheshire Constabulary,Cheshire Constabulary,-2.576596,53.339437,On or near Bower Crescent,E01012503,Warrington 024D,Violence and sexual offences,Unable to prosecute suspect,
7db7d54a8699d6a8a8ec821b2c8441f72da59db95979862c859d243ccb85e3d1,2021-12,Cheshire Constabulary,Cheshire Constabulary,-2.570976,53.338044,On or near Spark Hall Close,E01012503,Warrington 024D,Violence and sexual offences,Court result unavailable,
cdd4fa7d8ab16ae436fc705a753103db27826ee094030154522cf5e00ff01772,2021-12,Cheshire Constabulary,Cheshire Constabulary,-2.576596,53.339437,On or near Bower Crescent,E01012503,Warrington 024D,Violence and sexual offences,Investigation complete; no suspect identified,
0260e7d397901134d6d3849fc755500558354e8ac2c3f192b47f2650470e27de,2021-12,Cheshire Constabulary,Cheshire Constabulary,-2.570976,53.338044,On or near Spark Hall Close,E01012503,Warrington 024D,Violence and sexual offences,Court result unavailable,
9f162b4f10f0906f6d67142c71c6ab1dd27cdfdf33d63a0ef1f66008d97e493a,2021-12,Cheshire Constabulary,Cheshire Constabulary,-2.566895,53.359897,On or near Henley Close,E01012446,Warrington 025A,Burglary,Investigation complete; no suspect identified,
66737c66dbfb0d8fc6e237de224fa692228488957157c205d70af9e2cce726fb,2021-12,Cheshire Constabulary,Cheshire Constabulary,-2.569367,53.361611,On or near Appleford Close,E01012446,Warrington 025A,Vehicle crime,Investigation complete; no suspect identified,
8f2014499795f77e6c407458289b01bac17a64d46abc88c7e90da6ae69667f8b,2021-12,Cheshire Constabulary,Cheshire Constabulary,-2.565468,53.345154,On or near Westcliff Gardens,E01012447,Warrington 025B,Burglary,Investigation complete; no suspect identified,
f7251af68ad3d32e1f3dcf024a17a5c9bc86dd6a239fe3bb89ab933d4230abcb,2021-12,Cheshire Constabulary,Cheshire Constabulary,-2.562184,53.352450,On or near Rosemoor Gardens,E01012447,Warrington 025B,Burglary,Investigation complete; no suspect identified,
060e15de2ff4df36c64a23c1add0f24d252443162c50e80c2790d9e0092c60cd,2021-12,Cheshire Constabulary,Cheshire Constabulary,-2.565501,53.347634,On or near Woodbridge Close,E01012447,Warrington 025B,Burglary,Investigation complete; no suspect identified,
7939e0d23e4eba68d16b687726b8d8d4288bc076996867a7c98fb3db081b9a0b,2021-12,Cheshire Constabulary,Cheshire Constabulary,-2.563508,53.350278,On or near Cann Lane South,E01012447,Warrington 025B,Burglary,Investigation complete; no suspect identified,
a53b02964d55d9f397c3b2f22485aac7ac6aa3db5c0872116d0389af601b1c9c,2021-12,Cheshire Constabulary,Cheshire Constabulary,-2.565744,53.346725,On or near Edenbridge Gardens,E01012447,Warrington 025B,Burglary,Investigation complete; no suspect identified,
2945127f802c36d8490339bce33097c846180ca060bcb7312f6babcc84a179a9,2021-12,Cheshire Constabulary,Cheshire Constabulary,-2.571509,53.352100,On or near Supermarket,E01012449,Warrington 025C,Shoplifting,Investigation complete; no suspect identified,
,2021-12,Cheshire Constabulary,Cheshire Constabulary,-2.582338,53.359598,On or near Windmill Lane,E01012452,Warrington 025D,Anti-social behaviour,,
,2021-12,Cheshire Constabulary,Cheshire Constabulary,-2.580539,53.365459,On or near Warren Drive,E01012452,Warrington 025D,Anti-social behaviour,,
ac99f69ea74e3350601d3a3be1fb4d7071d0a2f126a07271a9a50d616c1c74b4,2021-12,Cheshire Constabulary,Cheshire Constabulary,-2.580539,53.365459,On or near Warren Drive,E01012452,Warrington 025D,Violence and sexual offences,Unable to prosecute suspect,
a68dbd5234fbca0a14b16ba4b8323ae0beb815821bed1c2678aa462b8c8f6d9f,2021-12,Cheshire Constabulary,Cheshire Constabulary,-2.579635,53.365292,On or near Peveril Close,E01012452,Warrington 025D,Violence and sexual offences,Unable to prosecute suspect,
d3e5d792fc5e346ad0ffe26355b62228cbdfb6a84d575afe0e5ee8a9b166e8e4,2021-12,Cheshire Constabulary,Cheshire Constabulary,-2.579635,53.365292,On or near Peveril Close,E01012452,Warrington 025D,Violence and sexual offences,Unable to prosecute suspect,
c8b0c0f149b2d68b56b00f87ba735f649196e427e6f6575759805377478fd44d,2021-12,Cheshire Constabulary,Cheshire Constabulary,-2.580539,53.365459,On or near Warren Drive,E01012452,Warrington 025D,Violence and sexual offences,Unable to prosecute suspect,
aa93124d182bfa261219799ce74d83bc2ba93f12d4f610dafcb309f288401df8,2021-12,Cheshire Constabulary,Cheshire Constabulary,-2.579635,53.365292,On or near Peveril Close,E01012452,Warrington 025D,Violence and sexual offences,Unable to prosecute suspect,
7645ef39f9a34c430b3ed417226dea3b6a1ba4e9d348583e58193b2d557a9bfd,2021-12,Cheshire Constabulary,Cheshire Constabulary,-2.579635,53.365292,On or near Peveril Close,E01012452,Warrington 025D,Other crime,Further investigation is not in the public interest,
bcd0370e36ab8f18c47cf3cb26e030c1bb700d0c01a2523b3e6435e33a6ba41e,2021-12,Cheshire Constabulary,Cheshire Constabulary,-2.490737,53.467703,On or near Park/Open Space,E01006251,Wigan 029B,Criminal damage and arson,Investigation complete; no suspect identified,
,2021-12,Cheshire Constabulary,Cheshire Constabulary,-2.494272,53.489243,On or near Bettison Avenue,E01006246,Wigan 034A,Anti-social behaviour,,
,2021-12,Cheshire Constabulary,Cheshire Constabulary,-2.494272,53.489243,On or near Bettison Avenue,E01006246,Wigan 034A,Anti-social behaviour,,
