Crime ID,Month,Reported by,Falls within,Longitude,Latitude,Location,LSOA code,LSOA name,Crime type,Last outcome category,Context
2ebaf00671f2e13c1b169ea4d835ea175918e147cfc1865de8ce4a90a229fe5e,2024-05,Durham Constabulary,Durham Constabulary,-1.253660,53.078194,On or near Wesley Street,E01027998,Ashfield 010D,Violence and sexual offences,Under investigation,
2381821a24778bc7605c7ea66171bc96744f23aabd60212c984fdebe1aa7a089,2024-05,Durham Constabulary,Durham Constabulary,-3.050943,53.821189,On or near Nightclub,E01012681,Blackpool 006A,Violence and sexual offences,Unable to prosecute suspect,
ba7d2b9991dc17e959165dd43458ef135b80234030fbcdf68b65da684e805c1b,2024-05,Durham Constabulary,Durham Constabulary,-1.792395,53.804709,On or near St Leonard'S Grove,E01010810,Bradford 037B,Other theft,Under investigation,
87a757ba5ffff6df561f675d5204ec347f8c867f07bb0362e6bb32fcc0d22509,2024-05,Durham Constabulary,Durham Constabulary,-3.274335,51.751779,On or near Tan-Y-Bryn,W01001376,Caerphilly 001C,Violence and sexual offences,Under investigation,
cd57873bb6f7dc45cadb6bd31cf3713f2272637f496b027bcda5c6f1ac754901,2024-05,Durham Constabulary,Durham Constabulary,-5.062849,50.408649,On or near Bedowan Meadows,E01019018,Cornwall 021A,Violence and sexual offences,Under investigation,
b00e348ae434302fc1eaf71e4513284dfad4728a3e37d5d35a758da4ee00e4a1,2024-05,Durham Constabulary,Durham Constabulary,-5.580550,50.167826,On or near Park/Open Space,E01018989,Cornwall 065B,Public order,Unable to prosecute suspect,
,2024-05,Durham Constabulary,Durham Constabulary,-1.739751,54.906305,On or near Supermarket,E01020634,County Durham 001A,Anti-social behaviour,,
,2024-05,Durham Constabulary,Durham Constabulary,-1.766089,54.904256,On or near Lintz Green Lane,E01020634,County Durham 001A,Anti-social behaviour,,
1f24e4331dcb627785dd95c05f4d1a4e81c71acbe9772a3976e7286ceca8b9fc,2024-05,Durham Constabulary,Durham Constabulary,-1.730933,54.907355,On or near Front Street,E01020634,County Durham 001A,Criminal damage and arson,Investigation complete; no suspect identified,
7367d82616af22172041922f064d5581b37ed229e80517d138092e02dca3029a,2024-05,Durham Constabulary,Durham Constabulary,-1.739751,54.906305,On or near Supermarket,E01020634,County Durham 001A,Shoplifting,Investigation complete; no suspect identified,
a009afabb349ae9db1848a67bd7942b489ad3ad70e4afa6dee94dee8fc9964da,2024-05,Durham Constabulary,Durham Constabulary,-1.739751,54.906305,On or near Supermarket,E01020634,County Durham 001A,Shoplifting,Awaiting court outcome,
a413923cb226503acd184cae8c25966abcd4fb242e0aa9576a22d8c402108abf,2024-05,Durham Constabulary,Durham Constabulary,-1.739751,54.906305,On or near Supermarket,E01020634,County Durham 001A,Shoplifting,Investigation complete; no suspect identified,
38d4c784f287df76402ef8935cc37000b7b577e45a37277137516c24c3e0647c,2024-05,Durham Constabulary,Durham Constabulary,-1.739751,54.906305,On or near Supermarket,E01020634,County Durham 001A,Shoplifting,Unable to prosecute suspect,
5e0a6e60c72a6e323fd85fa7f6c58df2e5caab0abf43f771b1367099a4bfe938,2024-05,Durham Constabulary,Durham Constabulary,-1.739751,54.906305,On or near Supermarket,E01020634,County Durham 001A,Shoplifting,Under investigation,
2006a1b4809f97d7df9437033f20f60a1dd3d0dd83a9c1d24ab5ddfc3328f4b3,2024-05,Durham Constabulary,Durham Constabulary,-1.739751,54.906305,On or near Supermarket,E01020634,County Durham 001A,Vehicle crime,Investigation complete; no suspect identified,
91015502852c5aaf1557de844a2ee217ef9a51f9f6ac189bdcd136a86d5b4aef,2024-05,Durham Constabulary,Durham Constabulary,-1.737491,54.906156,On or near Elm Grove,E01020634,County Durham 001A,Violence and sexual offences,Investigation complete; no suspect identified,
,2024-05,Durham Constabulary,Durham Constabulary,-1.717628,54.902985,On or near Barcusclose Lane,E01020635,County Durham 001B,Anti-social behaviour,,
,2024-05,Durham Constabulary,Durham Constabulary,-1.718625,54.907642,On or near The Close,E01020635,County Durham 001B,Anti-social behaviour,,
ad32b52a1423ca0a03e3b560c6ed0a13cf2fe685d0225c973b2e8caeeb57c147,2024-05,Durham Constabulary,Durham Constabulary,-1.717628,54.902985,On or near Barcusclose Lane,E01020635,County Durham 001B,Drugs,Formal action is not in the public interest,
2846f24b7e6dea11310ce33fb8b93e2eedd81b9f1061a0fd562846520386e980,2024-05,Durham Constabulary,Durham Constabulary,-1.721141,54.906929,On or near Chapel Avenue,E01020635,County Durham 001B,Violence and sexual offences,Unable to prosecute suspect,
bcf6390cdd7cef8b35c12226381481d6103f4da9598e36154d4d40645b66b7fa,2024-05,Durham Constabulary,Durham Constabulary,-1.722062,54.906769,On or near Watson Street,E01020635,County Durham 001B,Violence and sexual offences,Investigation complete; no suspect identified,
b4b747321f8730c1378859471e95e26579fe3ad20133396a3f19f91e51c7c96c,2024-05,Durham Constabulary,Durham Constabulary,-1.722062,54.906769,On or near Watson Street,E01020635,County Durham 001B,Violence and sexual offences,Under investigation,
59ae63ecb2226f7b6fac4fd0ac5763a9ab1666f17da4184366add94217a3bb87,2024-05,Durham Constabulary,Durham Constabulary,-1.717628,54.902985,On or near Barcusclose Lane,E01020635,County Durham 001B,Violence and sexual offences,Unable to prosecute suspect,
9963da40fda9c265b26636b4a5bfa4d30e629bb68197fcff4416d5e9e82dbeb4,2024-05,Durham Constabulary,Durham Constabulary,-1.723195,54.907562,On or near Derwent Terrace,E01020635,County Durham 001B,Violence and sexual offences,Unable to prosecute suspect,
e68c0934a1cdf54ec4c780ec6545b53392e1da5e7e8885d4e77dc6e752928799,2024-05,Durham Constabulary,Durham Constabulary,-1.747456,54.903805,On or near Brackenridge,E01020636,County Durham 001C,Burglary,Investigation complete; no suspect identified,
f55bb0e93df197345e751117faa2c748f443cded9f57a4db513d53f0c6b95414,2024-05,Durham Constabulary,Durham Constabulary,-1.733903,54.906337,On or near East View,E01020636,County Durham 001C,Criminal damage and arson,Unable to prosecute suspect,
cf4e030aa52ec658e94d2335d4c3b3beab9cdbdc9aeee6bed568050d873f571b,2024-05,Durham Constabulary,Durham Constabulary,-1.733903,54.906337,On or near East View,E01020636,County Durham 001C,Criminal damage and arson,Unable to prosecute suspect,
348e6d139cd7d8938337e2e12e93a547cfa67f919a06abd72fcfc94094c5820c,2024-05,Durham Constabulary,Durham Constabulary,-1.733903,54.906337,On or near East View,E01020636,County Durham 001C,Criminal damage and arson,Unable to prosecute suspect,
38fa3e6749f3bb68cc329583f615c992e19b58fffd6e093ca2d8ccee194f7dd9,2024-05,Durham Constabulary,Durham Constabulary,-1.733903,54.906337,On or near East View,E01020636,County Durham 001C,Criminal damage and arson,Unable to prosecute suspect,
16beb45d4fbc631909d0779ef77d4ebc5fb812628e1874455b8be4f1447acb27,2024-05,Durham Constabulary,Durham Constabulary,-1.742627,54.905395,On or near Parking Area,E01020636,County Durham 001C,Public order,Under investigation,
47de42aeb7d45e8cd22de38cab68a1e84be6c7ed16c3fa0b46f38bcf2b1d7ef1,2024-05,Durham Constabulary,Durham Constabulary,-1.744630,54.904257,On or near Parking Area,E01020636,County Durham 001C,Violence and sexual offences,Awaiting court outcome,
466c33d1f856c8fcbb668fc804f560fa01ea75c71503060593a034e66419e2ee,2024-05,Durham Constabulary,Durham Constabulary,-1.742660,54.902690,On or near Albion Gardens,E01020636,County Durham 001C,Violence and sexual offences,Unable to prosecute suspect,
72fb3a7c692366214ff4dcb00f6000650b2c4adbe4e7d4cb6811c221d1bda3a7,2024-05,Durham Constabulary,Durham Constabulary,-1.741658,54.903227,On or near Friarside Gardens,E01020636,County Durham 001C,Violence and sexual offences,Investigation complete; no suspect identified,
e551569117bb145b8a5dd41857ff604b903ee5143b43e4bc01559e7261bd26f3,2024-05,Durham Constabulary,Durham Constabulary,-1.744630,54.904257,On or near Parking Area,E01020636,County Durham 001C,Violence and sexual offences,Awaiting court outcome,
96c64fda153b8baaee498be0caf78ec62c7b7a58a29dad5d284170b59807b439,2024-05,Durham Constabulary,Durham Constabulary,-1.744630,54.904257,On or near Parking Area,E01020636,County Durham 001C,Violence and sexual offences,Awaiting court outcome,
39944f14e51794ec01b48f46dc4ee8027324af9fdd0fd34c055c556fe568a51c,2024-05,Durham Constabulary,Durham Constabulary,-1.742660,54.902690,On or near Albion Gardens,E01020636,County Durham 001C,Violence and sexual offences,Under investigation,
1cc528c0aacebffe2731e4ce65cd9c44d4fc353bbce1c03516c039bd758ce9e3,2024-05,Durham Constabulary,Durham Constabulary,-1.742627,54.905395,On or near Parking Area,E01020636,County Durham 001C,Violence and sexual offences,Under investigation,
8e90da8206ce605da5ddcb581b89e4f4175fab2bce1954f6d11f378ca055763d,2024-05,Durham Constabulary,Durham Constabulary,-1.742660,54.902690,On or near Albion Gardens,E01020636,County Durham 001C,Violence and sexual offences,Unable to prosecute suspect,
0cae6249a7204e615a43c93d866016916a8e0b42fff5ab4b7b9054ed89ff3ab1,2024-05,Durham Constabulary,Durham Constabulary,-1.741137,54.904151,On or near Priestfield Gardens,E01020636,County Durham 001C,Violence and sexual offences,Unable to prosecute suspect,
8c619c4f6116fae785c7d44480df833c97384dc9bc669e77e1bb867dd7a71442,2024-05,Durham Constabulary,Durham Constabulary,-1.742660,54.902690,On or near Albion Gardens,E01020636,County Durham 001C,Violence and sexual offences,Under investigation,
,2024-05,Durham Constabulary,Durham Constabulary,-1.732571,54.895470,On or near Moyle Terrace,E01020654,County Durham 001D,Anti-social behaviour,,
,2024-05,Durham Constabulary,Durham Constabulary,-1.746615,54.886226,On or near Ewehurst Road,E01020654,County Durham 001D,Anti-social behaviour,,
,2024-05,Durham Constabulary,Durham Constabulary,-1.749098,54.882942,On or near Plunkett Road,E01020654,County Durham 001D,Anti-social behaviour,,
b871d00b9592d0e0e029f038633f443301155cf6dddf7f1e59d5464c8ab9e68b,2024-05,Durham Constabulary,Durham Constabulary,-1.732131,54.895963,On or near Mulberry Grove,E01020654,County Durham 001D,Criminal damage and arson,Under investigation,
8c2b06c2c3c8281dfb4b63948ef9ce82fd5d6fa75b35c87bc727f90574c6be6e,2024-05,Durham Constabulary,Durham Constabulary,-1.732131,54.895963,On or near Mulberry Grove,E01020654,County Durham 001D,Other theft,Investigation complete; no suspect identified,
e749195b19d39ed39978acbd28a77d277c5bcfd020a6b2cc1616cbe8b4f49c0a,2024-05,Durham Constabulary,Durham Constabulary,-1.750865,54.881957,On or near Ramshaw Court,E01020654,County Durham 001D,Public order,Unable to prosecute suspect,
6d3b8026770b5578b2a805b358569a81c36357bf65fc136fb18692d6206b0b07,2024-05,Durham Constabulary,Durham Constabulary,-1.733560,54.884958,On or near Bute Street,E01020676,County Durham 001E,Possession of weapons,Further action is not in the public interest,
e79da6a0b43507577142c0ada8a016e151b2e469dab6422f3af6af4c940c6cec,2024-05,Durham Constabulary,Durham Constabulary,-1.710706,54.894036,On or near The Hayricks,E01020676,County Durham 001E,Violence and sexual offences,Awaiting court outcome,
48eada6d75daeadefbb690879d55d538491d5ebfb8f891642771b02881a41c26,2024-05,Durham Constabulary,Durham Constabulary,-1.599241,54.888076,On or near Atholl,E01020613,County Durham 002A,Criminal damage and arson,Investigation complete; no suspect identified,
6239ff391876973ec193f2a77a81dda32b1ec2714a09bfe6219f17532214898b,2024-05,Durham Constabulary,Durham Constabulary,-1.595433,54.883831,On or near Jura,E01020613,County Durham 002A,Violence and sexual offences,Unable to prosecute suspect,
21cb3892792935ae36a3994b185f09a5e45e5d0220627de147752fa48e47a49f,2024-05,Durham Constabulary,Durham Constabulary,-1.595608,54.888109,On or near Turnberry,E01020613,County Durham 002A,Violence and sexual offences,Investigation complete; no suspect identified,
0f1a446a6fac1ddc7c688bbc6bd223692abdc7790a49fdc3c28816dbd50d21e0,2024-05,Durham Constabulary,Durham Constabulary,-1.597063,54.881320,On or near Milbanke Close,E01020613,County Durham 002A,Violence and sexual offences,Unable to prosecute suspect,
,2024-05,Durham Constabulary,Durham Constabulary,-1.600631,54.886248,On or near The Oval,E01020614,County Durham 002B,Anti-social behaviour,,
,2024-05,Durham Constabulary,Durham Constabulary,-1.600631,54.886248,On or near The Oval,E01020614,County Durham 002B,Anti-social behaviour,,
e59fc7e06d6da2fedf1f731f344ba8bd9c2e8c1e59ef271dc9fadd68bf331c0e,2024-05,Durham Constabulary,Durham Constabulary,-1.598171,54.882735,On or near Petrol Station,E01020614,County Durham 002B,Other theft,Investigation complete; no suspect identified,
f9213e40c4cf7ba637ebd52ec7af462b2cf609e7875523c5bc50d865081acc5b,2024-05,Durham Constabulary,Durham Constabulary,-1.602454,54.883171,On or near Ardrossan,E01020614,County Durham 002B,Other theft,Investigation complete; no suspect identified,
a327863055c262f2b56ed94cea6c38f8667e12c8ed5c4a30662d1d90fbff9a59,2024-05,Durham Constabulary,Durham Constabulary,-1.598784,54.885415,On or near Iris Crescent,E01020614,County Durham 002B,Robbery,Under investigation,
997536e2f0f96ea18f896357c64a7925f399c22450fb63bf78be6a0f4f2767da,2024-05,Durham Constabulary,Durham Constabulary,-1.598171,54.882735,On or near Petrol Station,E01020614,County Durham 002B,Shoplifting,Awaiting court outcome,
73490c55a7e9f8029579b640a5816286649fcdea61ef95c110521b22b1d76276,2024-05,Durham Constabulary,Durham Constabulary,-1.598171,54.882735,On or near Petrol Station,E01020614,County Durham 002B,Shoplifting,Awaiting court outcome,
166f000810cb1a046797d9aa45b386e895a4320a6c2cb4caf39d3bdd753c88d0,2024-05,Durham Constabulary,Durham Constabulary,-1.598784,54.885415,On or near Iris Crescent,E01020614,County Durham 002B,Shoplifting,Local resolution,
2cb5b1cfde5a357c86826000a9c119384f511543c4005621fde44f75949b1649,2024-05,Durham Constabulary,Durham Constabulary,-1.600631,54.886248,On or near The Oval,E01020614,County Durham 002B,Violence and sexual offences,Unable to prosecute suspect,
,2024-05,Durham Constabulary,Durham Constabulary,-1.661883,54.883648,On or near Francis Street,E01020622,County Durham 002C,Anti-social behaviour,,
,2024-05,Durham Constabulary,Durham Constabulary,-1.603340,54.881817,On or near Penhill Close,E01020622,County Durham 002C,Anti-social behaviour,,
e5c55c9f027c3ed62087e4434a7b31b1617b4bba96c602c98c14beca75c76ba3,2024-05,Durham Constabulary,Durham Constabulary,-1.629913,54.873526,On or near Lilac Gardens,E01020622,County Durham 002C,Other theft,Investigation complete; no suspect identified,
b663daa3c0da127272238e0baf3beabd9643c3f77a3b28e4118d141165e17ca4,2024-05,Durham Constabulary,Durham Constabulary,-1.612716,54.884157,On or near Leyburn Close,E01020622,County Durham 002C,Vehicle crime,Investigation complete; no suspect identified,
5254d78bd046f53b9eb87375edfc0fd6a328968069de069ca75287d789f45dd4,2024-05,Durham Constabulary,Durham Constabulary,-1.635329,54.872518,On or near South View,E01020622,County Durham 002C,Violence and sexual offences,Awaiting court outcome,
a74272cba88fedbf9c1a170d21748d9ec73e8b7a99b0053a78a4b5650308a2ae,2024-05,Durham Constabulary,Durham Constabulary,-1.631175,54.873529,On or near Baytree Terrace,E01020622,County Durham 002C,Violence and sexual offences,Investigation complete; no suspect identified,
db1b73211cf1f0a1fca2cae8beba19bace64d63c77b73f372c857b5a1dacfaf5,2024-05,Durham Constabulary,Durham Constabulary,-1.631175,54.873529,On or near Baytree Terrace,E01020622,County Durham 002C,Violence and sexual offences,Unable to prosecute suspect,
,2024-05,Durham Constabulary,Durham Constabulary,-1.610029,54.884759,On or near Ripley Close,E01020623,County Durham 002D,Anti-social behaviour,,
,2024-05,Durham Constabulary,Durham Constabulary,-1.610029,54.884759,On or near Ripley Close,E01020623,County Durham 002D,Anti-social behaviour,,
,2024-05,Durham Constabulary,Durham Constabulary,-1.610029,54.884759,On or near Ripley Close,E01020623,County Durham 002D,Anti-social behaviour,,
,2024-05,Durham Constabulary,Durham Constabulary,-1.610029,54.884759,On or near Ripley Close,E01020623,County Durham 002D,Anti-social behaviour,,
ae3d836e9175945813a152f1fafd62588a88bb99ce02321a7a8186ffa2bf4b9c,2024-05,Durham Constabulary,Durham Constabulary,-1.608323,54.882247,On or near Wensley Close,E01020623,County Durham 002D,Criminal damage and arson,Investigation complete; no suspect identified,
46bddae3b794f312c50c401bd54cd8e269f031bb5ee279957f1f365884b29418,2024-05,Durham Constabulary,Durham Constabulary,-1.857867,54.864291,On or near West Acre,E01020627,County Durham 003A,Criminal damage and arson,Investigation complete; no suspect identified,
1548af74deb4c84554e0455fa87b900a554e75da555af8c7f4b7b0998e9fb2b1,2024-05,Durham Constabulary,Durham Constabulary,-1.857867,54.864291,On or near West Acre,E01020627,County Durham 003A,Public order,Unable to prosecute suspect,
3032219901b89e6101dbb3c5886a4c03fb74c105d8c78fb793ba9d8151417f08,2024-05,Durham Constabulary,Durham Constabulary,-1.859555,54.867196,On or near The Crescent,E01020627,County Durham 003A,Violence and sexual offences,Unable to prosecute suspect,
,2024-05,Durham Constabulary,Durham Constabulary,-1.857695,54.873089,On or near Co-Operative Terrace,E01020628,County Durham 003B,Anti-social behaviour,,
,2024-05,Durham Constabulary,Durham Constabulary,-1.857695,54.873089,On or near Co-Operative Terrace,E01020628,County Durham 003B,Anti-social behaviour,,
,2024-05,Durham Constabulary,Durham Constabulary,-1.857695,54.873089,On or near Co-Operative Terrace,E01020628,County Durham 003B,Anti-social behaviour,,
,2024-05,Durham Constabulary,Durham Constabulary,-1.857695,54.873089,On or near Co-Operative Terrace,E01020628,County Durham 003B,Anti-social behaviour,,
6dbe33d7f7ec8395a1b29788f0c84db33d488043dfc2e56dd4e06937e95f7edc,2024-05,Durham Constabulary,Durham Constabulary,-1.857695,54.873089,On or near Co-Operative Terrace,E01020628,County Durham 003B,Criminal damage and arson,Investigation complete; no suspect identified,
08c49d83bc1d1577dcc17c4ccd4c787c2516df37a12128df331ab0e75ba3b4f0,2024-05,Durham Constabulary,Durham Constabulary,-1.852639,54.870944,On or near The Briary,E01020628,County Durham 003B,Violence and sexual offences,Unable to prosecute suspect,
,2024-05,Durham Constabulary,Durham Constabulary,-1.819915,54.902640,On or near Derwent Cote,E01020655,County Durham 003D,Anti-social behaviour,,
,2024-05,Durham Constabulary,Durham Constabulary,-1.819915,54.902640,On or near Derwent Cote,E01020655,County Durham 003D,Anti-social behaviour,,
,2024-05,Durham Constabulary,Durham Constabulary,-1.819915,54.902640,On or near Derwent Cote,E01020655,County Durham 003D,Anti-social behaviour,,
c21dd8c04f4b4cd28b7f05cd216282e3481396a056fd82088123a67c7a66dfc7,2024-05,Durham Constabulary,Durham Constabulary,-1.818086,54.903545,On or near Dene Court,E01020655,County Durham 003D,Drugs,Further investigation is not in the public interest,
b6a1ea0a3d1d115560170806a4d68eb51e1306bcca56dcfc5c88ea906319dd48,2024-05,Durham Constabulary,Durham Constabulary,-1.815121,54.904017,On or near Coltpark Woods,E01020655,County Durham 003D,Other theft,Investigation complete; no suspect identified,
e1d51a860f8438dbef93f02767b0c9ee288e335d1cccb872690c317ee7e993dd,2024-05,Durham Constabulary,Durham Constabulary,-1.792309,54.900259,On or near Owlett Grange,E01020655,County Durham 003D,Vehicle crime,Investigation complete; no suspect identified,
42ae4dfe1f4a8fb591a4aa23bccaab723c3d265c7b34403148e8bc0b67607f95,2024-05,Durham Constabulary,Durham Constabulary,-1.810465,54.885938,On or near West Farm Lane,E01020655,County Durham 003D,Violence and sexual offences,Under investigation,
df9374c5a8e6779dbc95e65aff33e9f07ab44357190411232a8f084709904ae6,2024-05,Durham Constabulary,Durham Constabulary,-1.841824,54.891042,On or near Foss Way,E01020656,County Durham 003E,Possession of weapons,Investigation complete; no suspect identified,
,2024-05,Durham Constabulary,Durham Constabulary,-1.819605,54.881180,On or near Highsteads,E01020657,County Durham 003F,Anti-social behaviour,,
ef353e84f466135c40728b247699cb7ef0d7eb6bb906d1f24939f2c65d9e8c08,2024-05,Durham Constabulary,Durham Constabulary,-1.819605,54.881180,On or near Highsteads,E01020657,County Durham 003F,Burglary,Investigation complete; no suspect identified,
90a26887e76669162ed7005ab99f44a0c2fbf0c43b308aec720db3fdbad2f443,2024-05,Durham Constabulary,Durham Constabulary,-1.822001,54.871640,On or near Derwent View,E01020657,County Durham 003F,Criminal damage and arson,Investigation complete; no suspect identified,
c7e1527cb97d208f7c5e7906b816a75b28f3f16123fa309c4666edc3fa5117dc,2024-05,Durham Constabulary,Durham Constabulary,-1.819605,54.881180,On or near Highsteads,E01020657,County Durham 003F,Violence and sexual offences,Investigation complete; no suspect identified,
1578795346f1d3ed855c302496c6674b0a8b36a447ad844ae992d4c3b3bdd192,2024-05,Durham Constabulary,Durham Constabulary,-1.815204,54.882530,On or near North Magdalene,E01020657,County Durham 003F,Violence and sexual offences,Action to be taken by another organisation,
bbf1d018ec413e2d0efe20eb9491199668e4e5b8498e01538b0393668f2ca191,2024-05,Durham Constabulary,Durham Constabulary,-1.815204,54.882530,On or near North Magdalene,E01020657,County Durham 003F,Violence and sexual offences,Unable to prosecute suspect,
,2024-05,Durham Constabulary,Durham Constabulary,-1.697461,54.872185,On or near Royal Road,E01020661,County Durham 004A,Anti-social behaviour,,
,2024-05,Durham Constabulary,Durham Constabulary,-1.697688,54.868878,On or near Ritson Street,E01020661,County Durham 004A,Anti-social behaviour,,
,2024-05,Durham Constabulary,Durham Constabulary,-1.698497,54.869069,On or near Stanley Bus Station,E01020661,County Durham 004A,Anti-social behaviour,,
,2024-05,Durham Constabulary,Durham Constabulary,-1.697688,54.868878,On or near Ritson Street,E01020661,County Durham 004A,Anti-social behaviour,,
,2024-05,Durham Constabulary,Durham Constabulary,-1.698497,54.869069,On or near Stanley Bus Station,E01020661,County Durham 004A,Anti-social behaviour,,
,2024-05,Durham Constabulary,Durham Constabulary,-1.693672,54.874530,On or near Kay Street,E01020661,County Durham 004A,Anti-social behaviour,,
,2024-05,Durham Constabulary,Durham Constabulary,-1.701342,54.867881,On or near Supermarket,E01020661,County Durham 004A,Anti-social behaviour,,
,2024-05,Durham Constabulary,Durham Constabulary,-1.701342,54.867881,On or near Supermarket,E01020661,County Durham 004A,Anti-social behaviour,,
fd00d7b72d8ac2a337c43158d5445fa042eb0e00ed7b3e35814e162234625be8,2024-05,Durham Constabulary,Durham Constabulary,-1.698495,54.871468,On or near Beamish Street,E01020661,County Durham 004A,Burglary,Awaiting court outcome,
7bcd799dcf6dd43ce82cfe261b1d3d4dd9dd522fed08811e727b901c6b045d81,2024-05,Durham Constabulary,Durham Constabulary,-1.698495,54.871468,On or near Beamish Street,E01020661,County Durham 004A,Burglary,Investigation complete; no suspect identified,
18ed7e503bea3499fb825dc54cb82af6102b5aa74f0984523e9c8f064d7af49a,2024-05,Durham Constabulary,Durham Constabulary,-1.704881,54.869759,On or near Sports/Recreation Area,E01020661,County Durham 004A,Burglary,Investigation complete; no suspect identified,
6aece197f6adab337a85cd4abbd946e245b49f29d74fa5f3d60877ab8b3f5195,2024-05,Durham Constabulary,Durham Constabulary,-1.693672,54.874530,On or near Kay Street,E01020661,County Durham 004A,Burglary,Investigation complete; no suspect identified,
bc4c5a2df33c296fd47286daaf7e5833600b8d4ef1bbb7e23a4081a05c5ee8d2,2024-05,Durham Constabulary,Durham Constabulary,-1.703372,54.867275,On or near Front Street,E01020661,County Durham 004A,Burglary,Investigation complete; no suspect identified,
5c2807459afef8c12d5ad12736fe19629dc5ea3ae81859dc03c4a609d842136c,2024-05,Durham Constabulary,Durham Constabulary,-1.693672,54.874530,On or near Kay Street,E01020661,County Durham 004A,Criminal damage and arson,Unable to prosecute suspect,
63b65dece8b4dd73946f9dc34f72270682b5166572fdef917a40405c71d940d0,2024-05,Durham Constabulary,Durham Constabulary,-1.698495,54.871468,On or near Beamish Street,E01020661,County Durham 004A,Criminal damage and arson,Investigation complete; no suspect identified,
13b1e1fed55bb41d9ff427c20f07150481a0e2bc9c39fea164afc4ca7b23be2a,2024-05,Durham Constabulary,Durham Constabulary,-1.695773,54.876997,On or near The Birches,E01020661,County Durham 004A,Criminal damage and arson,Investigation complete; no suspect identified,
a4c927300d8bf8213e50eff9ea57582e05e4c1088340707da909e36a2cb39924,2024-05,Durham Constabulary,Durham Constabulary,-1.699046,54.874894,On or near Osborne Villas,E01020661,County Durham 004A,Criminal damage and arson,Investigation complete; no suspect identified,
4cd7bb3e53d0c62e63851f3cd6f7a5d6eb87588bf09c1ab1c4cdc9c07791751b,2024-05,Durham Constabulary,Durham Constabulary,-1.693102,54.873630,On or near Church Street,E01020661,County Durham 004A,Criminal damage and arson,Unable to prosecute suspect,
1259aa7daf17144e8fac51bc3e9c95dba2b5a493e65d2c720bfd8c3a2e86793c,2024-05,Durham Constabulary,Durham Constabulary,-1.698495,54.871468,On or near Beamish Street,E01020661,County Durham 004A,Drugs,Investigation complete; no suspect identified,
214af5b1d3aba2ae9c2393a382a6e84139c822fe395f052069bb4beb128f97f6,2024-05,Durham Constabulary,Durham Constabulary,-1.698497,54.869069,On or near Stanley Bus Station,E01020661,County Durham 004A,Drugs,Investigation complete; no suspect identified,
364d9196ca1ee768c4a6a15cb8e837208ca12b2836fa85118d39a8e99bb415b1,2024-05,Durham Constabulary,Durham Constabulary,-1.698497,54.869069,On or near Stanley Bus Station,E01020661,County Durham 004A,Other theft,Investigation complete; no suspect identified,
3bc212bd52934ddf1f05430447416974c946e80cc997f84494ebc7967742478c,2024-05,Durham Constabulary,Durham Constabulary,-1.704881,54.869759,On or near Sports/Recreation Area,E01020661,County Durham 004A,Other theft,Investigation complete; no suspect identified,
c7f82da80bc1d950532e2a571668bd5329c6c9a0023c71ff711a2c017dc0f0fd,2024-05,Durham Constabulary,Durham Constabulary,-1.698495,54.871468,On or near Beamish Street,E01020661,County Durham 004A,Other theft,Local resolution,
3da7813c51f0adc79dc437e055a227cf05357ed33ed00b4e7c2e2f68e5d6db83,2024-05,Durham Constabulary,Durham Constabulary,-1.698495,54.871468,On or near Beamish Street,E01020661,County Durham 004A,Other theft,Investigation complete; no suspect identified,
875daafd14749428135faf2c2ab8973db3bc6223f07c95f31af4393eabb34e3c,2024-05,Durham Constabulary,Durham Constabulary,-1.693672,54.874530,On or near Kay Street,E01020661,County Durham 004A,Other theft,Unable to prosecute suspect,
ca3b90746b81c9d0797ad4c81a6f2e0c160b78942e67e1f5fa04522a7927ba1a,2024-05,Durham Constabulary,Durham Constabulary,-1.697688,54.868878,On or near Ritson Street,E01020661,County Durham 004A,Public order,Investigation complete; no suspect identified,
4f9010ed656393cc7784fd0ece2c72048ce9050eb19d5229b144a9f4cb691df7,2024-05,Durham Constabulary,Durham Constabulary,-1.697688,54.868878,On or near Ritson Street,E01020661,County Durham 004A,Public order,Local resolution,
e6ed167c375d208e0b64b592dd70b49d771cfc6ddf90c76c9afd3436149c6601,2024-05,Durham Constabulary,Durham Constabulary,-1.701342,54.867881,On or near Supermarket,E01020661,County Durham 004A,Public order,Investigation complete; no suspect identified,
7f131c49f0fc3cc925a60fa5c6ee636e18586b42ce409555b3757eace22b9c60,2024-05,Durham Constabulary,Durham Constabulary,-1.693672,54.874530,On or near Kay Street,E01020661,County Durham 004A,Robbery,Unable to prosecute suspect,
46520b28129ccd16d73930b1b9f182f4a21b53b4fe8e52840fbc222ccc2e79db,2024-05,Durham Constabulary,Durham Constabulary,-1.698497,54.869069,On or near Stanley Bus Station,E01020661,County Durham 004A,Shoplifting,Awaiting court outcome,
12b8a5111f2bbae7823858a38f7f19e94546f422f8837299a10f739e16570b05,2024-05,Durham Constabulary,Durham Constabulary,-1.701342,54.867881,On or near Supermarket,E01020661,County Durham 004A,Shoplifting,Formal action is not in the public interest,
1581013c4bf6e7f43ee811574050efb706f0cdf40482d2e418a9c4eda7dd7f0d,2024-05,Durham Constabulary,Durham Constabulary,-1.698495,54.871468,On or near Beamish Street,E01020661,County Durham 004A,Shoplifting,Investigation complete; no suspect identified,
2c233ae3f283f447d2ffcd6e9de977b07477b2c824a3503f4175c162990bce56,2024-05,Durham Constabulary,Durham Constabulary,-1.698495,54.871468,On or near Beamish Street,E01020661,County Durham 004A,Shoplifting,Investigation complete; no suspect identified,
76c8ada363193840681c4648ec619df8edd27f7a98173c47c05b37605aff2b7b,2024-05,Durham Constabulary,Durham Constabulary,-1.698497,54.869069,On or near Stanley Bus Station,E01020661,County Durham 004A,Shoplifting,Awaiting court outcome,
642f414e5d3fdf55c1849d38f3889ef787ecd228796042b7bffd04e78ac9131b,2024-05,Durham Constabulary,Durham Constabulary,-1.701342,54.867881,On or near Supermarket,E01020661,County Durham 004A,Shoplifting,Local resolution,
9bb7e973d92bf5a16093e6c8a34dcd06512eba148104768cd6276ed8ad1a5f27,2024-05,Durham Constabulary,Durham Constabulary,-1.701342,54.867881,On or near Supermarket,E01020661,County Durham 004A,Shoplifting,Investigation complete; no suspect identified,
6f2366ba0d585f22f473a9b65fbb7955ffcf1b9a4de81594b114fea978728629,2024-05,Durham Constabulary,Durham Constabulary,-1.693102,54.873630,On or near Church Street,E01020661,County Durham 004A,Vehicle crime,Investigation complete; no suspect identified,
61454d1f4a85fe71980d181c3007dadbf55c1475c6ab88be0f639ee668859f49,2024-05,Durham Constabulary,Durham Constabulary,-1.701342,54.867881,On or near Supermarket,E01020661,County Durham 004A,Vehicle crime,Investigation complete; no suspect identified,
941e4094dce548306f87abef2999a73db673f3ae0917d97ff988069c34a09c85,2024-05,Durham Constabulary,Durham Constabulary,-1.693672,54.874530,On or near Kay Street,E01020661,County Durham 004A,Vehicle crime,Investigation complete; no suspect identified,
d723629f4621224927dec5f6163bc245a3b3057a174a540d67982a5279d54d8e,2024-05,Durham Constabulary,Durham Constabulary,-1.701342,54.867881,On or near Supermarket,E01020661,County Durham 004A,Violence and sexual offences,Unable to prosecute suspect,
401df3cdd297af6bc06bd0d77a704c10abde043e75d2687a5e5fc49a66a66c1c,2024-05,Durham Constabulary,Durham Constabulary,-1.699538,54.871606,On or near Woodland View,E01020661,County Durham 004A,Violence and sexual offences,Formal action is not in the public interest,
17c45e906a7834044cbb352c66afdd71b62df7095aaf9f2f5669a9a8bc8ff702,2024-05,Durham Constabulary,Durham Constabulary,-1.693672,54.874530,On or near Kay Street,E01020661,County Durham 004A,Violence and sexual offences,Investigation complete; no suspect identified,
c726dd38de29f13d4cfdaeb8656fa145c89143ca74bbabd71784a46828f4eecd,2024-05,Durham Constabulary,Durham Constabulary,-1.699538,54.871606,On or near Woodland View,E01020661,County Durham 004A,Violence and sexual offences,Unable to prosecute suspect,
b9d88bf5fa8d2c85aeae20991d3eb8420e62ce46c33dd96aa1b7eca4536a10c4,2024-05,Durham Constabulary,Durham Constabulary,-1.693102,54.873630,On or near Church Street,E01020661,County Durham 004A,Violence and sexual offences,Under investigation,
b63ec2dca620e4064fed6741f3304e1da0e4ea0a4be6b92fd37d0f370cdb49f6,2024-05,Durham Constabulary,Durham Constabulary,-1.697688,54.868878,On or near Ritson Street,E01020661,County Durham 004A,Violence and sexual offences,Awaiting court outcome,
ac84d867d5e1a08d665248738e1bca768384f52842d9a3dadf8911cf7c30879f,2024-05,Durham Constabulary,Durham Constabulary,-1.701342,54.867881,On or near Supermarket,E01020661,County Durham 004A,Violence and sexual offences,Unable to prosecute suspect,
e8d9965b33cdb4f9b51674b411b24382a6d1dcb93320ef1d1e249579131a8876,2024-05,Durham Constabulary,Durham Constabulary,-1.703372,54.867275,On or near Front Street,E01020661,County Durham 004A,Violence and sexual offences,Unable to prosecute suspect,
4d98c47d7addda0b202ac8811eb6c7007147236fd7172c341976c81f21575826,2024-05,Durham Constabulary,Durham Constabulary,-1.693672,54.874530,On or near Kay Street,E01020661,County Durham 004A,Violence and sexual offences,Under investigation,
dca70019e3c6ad7ed800f9d170e2ae61a02d7c03ced16616f9da936a9235ba38,2024-05,Durham Constabulary,Durham Constabulary,-1.693672,54.874530,On or near Kay Street,E01020661,County Durham 004A,Violence and sexual offences,Unable to prosecute suspect,
31b9e10bf9935529626888a25b5ab34b01743b016c990b4720ae96894ba3aaf7,2024-05,Durham Constabulary,Durham Constabulary,-1.693672,54.874530,On or near Kay Street,E01020661,County Durham 004A,Violence and sexual offences,Investigation complete; no suspect identified,
da35ee4d52e5c1dee6cd8fd1cf1ee6b486afef779643f6c952793a8fdfecaa31,2024-05,Durham Constabulary,Durham Constabulary,-1.699538,54.871606,On or near Woodland View,E01020661,County Durham 004A,Violence and sexual offences,Unable to prosecute suspect,
42d11d6caabda99161a78b90bee529a03f8cee6cf0fe5e85814c2f732b8d5db7,2024-05,Durham Constabulary,Durham Constabulary,-1.699538,54.871606,On or near Woodland View,E01020661,County Durham 004A,Violence and sexual offences,Unable to prosecute suspect,
16e8604ad1a57ab80739f29accbc917b633711f1924be335e5d14aee859d7734,2024-05,Durham Constabulary,Durham Constabulary,-1.699538,54.871606,On or near Woodland View,E01020661,County Durham 004A,Violence and sexual offences,Unable to prosecute suspect,
10f458a97113af5e04a499b893c247a45335dabbb2b977826eb32f3e9470e07e,2024-05,Durham Constabulary,Durham Constabulary,-1.693672,54.874530,On or near Kay Street,E01020661,County Durham 004A,Violence and sexual offences,Unable to prosecute suspect,
044efc97115000b411b34e04a7b4ed422d4b9ef9a7fd8b96a3225247a4e14505,2024-05,Durham Constabulary,Durham Constabulary,-1.697506,54.872365,On or near Parking Area,E01020661,County Durham 004A,Violence and sexual offences,Unable to prosecute suspect,
9d22f034237e22eba74d030f7d87313354e37e561797ace5d8c53597dbf51bcc,2024-05,Durham Constabulary,Durham Constabulary,-1.693672,54.874530,On or near Kay Street,E01020661,County Durham 004A,Violence and sexual offences,Unable to prosecute suspect,
c9f47ef95cfae89dafe488bf97141ed2e5b9925f75c93f8b3b6f4a443e3f974f,2024-05,Durham Constabulary,Durham Constabulary,-1.699046,54.874894,On or near Osborne Villas,E01020661,County Durham 004A,Violence and sexual offences,Local resolution,
52171a5dabc16ed2b00631867934c1cf1954f38bc1694932231a4d9946b3a39e,2024-05,Durham Constabulary,Durham Constabulary,-1.705292,54.868924,On or near Bracken Close,E01020661,County Durham 004A,Other crime,Investigation complete; no suspect identified,
20c8a130b76e506da4a1aabb12daef3babd32752c1f72ba08b7572566d1fc5a4,2024-05,Durham Constabulary,Durham Constabulary,-1.691989,54.876574,On or near Sylvia Terrace,E01020662,County Durham 004B,Burglary,Unable to prosecute suspect,
df2e3a281c85b229fe077cc9ee4a08b165a50d137571cd584dc7e16fb992ec21,2024-05,Durham Constabulary,Durham Constabulary,-1.688437,54.872405,On or near Petrol Station,E01020662,County Durham 004B,Burglary,Investigation complete; no suspect identified,
c31a5391cb021ec39842783d0e1805f4523d6c22ed95e9ddca4cce34b4bb0065,2024-05,Durham Constabulary,Durham Constabulary,-1.683536,54.874045,On or near Sports/Recreation Area,E01020662,County Durham 004B,Burglary,Investigation complete; no suspect identified,
4727ee7d48f252c8f5ab47a112747a83c330e0f84bdf1ff4bae487161306f61f,2024-05,Durham Constabulary,Durham Constabulary,-1.683536,54.874045,On or near Sports/Recreation Area,E01020662,County Durham 004B,Burglary,Investigation complete; no suspect identified,
d63d898ca668c71b1bc88ad9e68099eab673bb46de86e1879e2ca139f328286b,2024-05,Durham Constabulary,Durham Constabulary,-1.683536,54.874045,On or near Sports/Recreation Area,E01020662,County Durham 004B,Burglary,Investigation complete; no suspect identified,
f924f8448f096bb409c13b09dcb06568dc5be420c0a9b93a337b6dddf4191472,2024-05,Durham Constabulary,Durham Constabulary,-1.691989,54.876574,On or near Sylvia Terrace,E01020662,County Durham 004B,Criminal damage and arson,Investigation complete; no suspect identified,
88f4c7a7a87194adf059909d8bd3e32f0cc58fe4fd251a0a699e7c9a5b9c4f53,2024-05,Durham Constabulary,Durham Constabulary,-1.688437,54.872405,On or near Petrol Station,E01020662,County Durham 004B,Other theft,Investigation complete; no suspect identified,
da71747127a10b18f07e5b06bac24ea6799f637cc206c5c4b737f5884bca85cb,2024-05,Durham Constabulary,Durham Constabulary,-1.683536,54.874045,On or near Sports/Recreation Area,E01020662,County Durham 004B,Other theft,Investigation complete; no suspect identified,
c31e3d44ff55b30b5b0a0c5a498192c34f20526fa045f89dd96234a6e9ddd6e7,2024-05,Durham Constabulary,Durham Constabulary,-1.690378,54.873236,On or near Murray Park,E01020662,County Durham 004B,Public order,Unable to prosecute suspect,
45ca28c72b6ed46a00e85301df591879c4f2a7034f2972da7bebff3f288d06a6,2024-05,Durham Constabulary,Durham Constabulary,-1.688437,54.872405,On or near Petrol Station,E01020662,County Durham 004B,Shoplifting,Formal action is not in the public interest,
5a56af2fd62ba3e48ca2b194f8cd7c07d51b2ef49db37fe5b8797d3bf4b9596a,2024-05,Durham Constabulary,Durham Constabulary,-1.688437,54.872405,On or near Petrol Station,E01020662,County Durham 004B,Shoplifting,Investigation complete; no suspect identified,
ac746566595f3bd3c95c6cddad41cab54eb5092b6de87e46b7d9626491d13e20,2024-05,Durham Constabulary,Durham Constabulary,-1.691989,54.876574,On or near Sylvia Terrace,E01020662,County Durham 004B,Vehicle crime,Unable to prosecute suspect,
66c5217dcf8ad08a43e0b49f7b46904b28d157ca44b140f9a6c486554c194e2e,2024-05,Durham Constabulary,Durham Constabulary,-1.685461,54.876396,On or near Hillside Gardens,E01020662,County Durham 004B,Vehicle crime,Investigation complete; no suspect identified,
a72b872157bc6fcefbddca7373e570f08cfbdbe3b4ccad5a401b879fc2f95f33,2024-05,Durham Constabulary,Durham Constabulary,-1.691989,54.876574,On or near Sylvia Terrace,E01020662,County Durham 004B,Vehicle crime,Awaiting court outcome,
1c8e75603f6e692d08cc51f0750810deed721645b836fd1f9c596c3d27b6306e,2024-05,Durham Constabulary,Durham Constabulary,-1.693840,54.874980,On or near View Lane,E01020662,County Durham 004B,Violence and sexual offences,Under investigation,
fdc0a0755d58eed267c51d5374c96952381b307bfddf5a42fdb581ec470e1200,2024-05,Durham Constabulary,Durham Constabulary,-1.693840,54.874980,On or near View Lane,E01020662,County Durham 004B,Violence and sexual offences,Under investigation,
ebaa2227a92b3ce0f7dbbfda0dcbc9b94323a7460f673546d2a0671d78d372f1,2024-05,Durham Constabulary,Durham Constabulary,-1.688437,54.872405,On or near Petrol Station,E01020662,County Durham 004B,Violence and sexual offences,Investigation complete; no suspect identified,
ac408aa01ec37ebcc6d0430dda493a0c5ea176ed9d67f710bf845792dbeda117,2024-05,Durham Constabulary,Durham Constabulary,-1.695706,54.875523,On or near Iveston Terrace,E01020662,County Durham 004B,Violence and sexual offences,Local resolution,
181b953cd57abcfb6cb666c0dad55fb14a132cdfa7d92a49d47786ef27811f71,2024-05,Durham Constabulary,Durham Constabulary,-1.687167,54.877443,On or near Pelaw Avenue,E01020662,County Durham 004B,Violence and sexual offences,Unable to prosecute suspect,
46389d2b9dd5d40d263be1cdbef0415b21921a7d990bfd6aca5ecfc339a8d1df,2024-05,Durham Constabulary,Durham Constabulary,-1.695706,54.875523,On or near Iveston Terrace,E01020662,County Durham 004B,Violence and sexual offences,Unable to prosecute suspect,
d0207ebf44382f0358e1f78cf8939ba2ced9dc4bcaf6014880dfb6544309ada2,2024-05,Durham Constabulary,Durham Constabulary,-1.688437,54.872405,On or near Petrol Station,E01020662,County Durham 004B,Other crime,Unable to prosecute suspect,
,2024-05,Durham Constabulary,Durham Constabulary,-1.688588,54.879055,On or near Kiphill Court,E01020663,County Durham 004C,Anti-social behaviour,,
,2024-05,Durham Constabulary,Durham Constabulary,-1.686620,54.879661,On or near Causey Drive,E01020663,County Durham 004C,Anti-social behaviour,,
329cb81acec70542e32aa5bd7806e9124601fc3ed9708ee0274c84d2e38d9855,2024-05,Durham Constabulary,Durham Constabulary,-1.689897,54.881134,On or near James Street,E01020663,County Durham 004C,Burglary,Investigation complete; no suspect identified,
78844d612e5e57fafb9d9e545509a14f1e9882286ce5b08689ff7d8194d729eb,2024-05,Durham Constabulary,Durham Constabulary,-1.689897,54.881134,On or near James Street,E01020663,County Durham 004C,Burglary,Investigation complete; no suspect identified,
7693bcebb26271a79f8c0ca7de2b78593547504b0bd2d3112486761e9516b186,2024-05,Durham Constabulary,Durham Constabulary,-1.694552,54.881838,On or near Stanelaw Way,E01020663,County Durham 004C,Criminal damage and arson,Investigation complete; no suspect identified,
88c230ecbc206748025e0db2106f46c3805107617690480ba0d31b5e54630ef2,2024-05,Durham Constabulary,Durham Constabulary,-1.678111,54.901071,On or near Beamishburn Road,E01020663,County Durham 004C,Criminal damage and arson,Unable to prosecute suspect,
84731e186be1a0b5faba5134f2bc13340f62d5ae2019c008c4cae3913b188937,2024-05,Durham Constabulary,Durham Constabulary,-1.688588,54.879055,On or near Kiphill Court,E01020663,County Durham 004C,Other theft,Investigation complete; no suspect identified,
77b4dab4ea6405741ecc0a8725af5ab0ae7527e2af94b8f16797c084bed5344b,2024-05,Durham Constabulary,Durham Constabulary,-1.688588,54.879055,On or near Kiphill Court,E01020663,County Durham 004C,Other theft,Investigation complete; no suspect identified,
fc2a011caa952f3fc850b6fbd0683d851379dac422d8df74406b6c1fb202a564,2024-05,Durham Constabulary,Durham Constabulary,-1.688588,54.879055,On or near Kiphill Court,E01020663,County Durham 004C,Other theft,Investigation complete; no suspect identified,
9a1ab8e63529790551e4019df95968dd1876af60d558426e1f37d42f47a568cf,2024-05,Durham Constabulary,Durham Constabulary,-1.688588,54.879055,On or near Kiphill Court,E01020663,County Durham 004C,Other theft,Investigation complete; no suspect identified,
f8067e6e74090c6fb50c6a14b67dccc06d9106d78786e8d0bf78846d102b9573,2024-05,Durham Constabulary,Durham Constabulary,-1.678963,54.874321,On or near Gibside Close,E01020663,County Durham 004C,Public order,Further investigation is not in the public interest,
d40344c5dbbf0095e67e61283c40a65a786f5de572f61bf35e8009dab1d97b09,2024-05,Durham Constabulary,Durham Constabulary,-1.678963,54.874321,On or near Gibside Close,E01020663,County Durham 004C,Public order,Investigation complete; no suspect identified,
ff9f5f9d47168af696328c8d5c231e9a93b953440e47e0a2d58f18c64e21d9cc,2024-05,Durham Constabulary,Durham Constabulary,-1.686620,54.879661,On or near Causey Drive,E01020663,County Durham 004C,Vehicle crime,Investigation complete; no suspect identified,
79ed21a877d9b32d3cba23d6fb790f8d121cbf5aa414c9f09ba1c5909775a4d1,2024-05,Durham Constabulary,Durham Constabulary,-1.675905,54.872821,On or near Hill Top,E01020663,County Durham 004C,Violence and sexual offences,Unable to prosecute suspect,
a1dee76e5479cc3a26bafae5993b2f2e8969779e3499a98089cf62319dcf1972,2024-05,Durham Constabulary,Durham Constabulary,-1.689897,54.881134,On or near James Street,E01020663,County Durham 004C,Violence and sexual offences,Unable to prosecute suspect,
29dacf84fc59e06dc9ddf72292c23ad8f70156ec02aafcea7c77e4529d080d25,2024-05,Durham Constabulary,Durham Constabulary,-1.675905,54.872821,On or near Hill Top,E01020663,County Durham 004C,Violence and sexual offences,Under investigation,
c237073cc7e470008c673c69d3d8483194ad744feeb70bd966bec1c0c904e961,2024-05,Durham Constabulary,Durham Constabulary,-1.679745,54.873901,On or near East Street,E01020663,County Durham 004C,Violence and sexual offences,Unable to prosecute suspect,
d8cb69a138e00ce0364bea388559ed477837acca8207298c3a16d096af083fc8,2024-05,Durham Constabulary,Durham Constabulary,-1.664565,54.874156,On or near John Street,E01020663,County Durham 004C,Other crime,Under investigation,
,2024-05,Durham Constabulary,Durham Constabulary,-1.673344,54.869669,On or near Brentwood Court,E01020674,County Durham 004D,Anti-social behaviour,,
e2ad15351c02714641c98e522fc0987b47f3c9a7086e2e47c3a1ad216d395145,2024-05,Durham Constabulary,Durham Constabulary,-1.675699,54.871338,On or near Thorntree Terrace,E01020674,County Durham 004D,Burglary,Investigation complete; no suspect identified,
39f899f9f238932e8aaf1bebf8e0c84f24e29db2b82b1fb26f20b71326869c2d,2024-05,Durham Constabulary,Durham Constabulary,-1.673344,54.869669,On or near Brentwood Court,E01020674,County Durham 004D,Criminal damage and arson,Unable to prosecute suspect,
94a788dcd9bc08a154021ace1cbb815973ea609d3ee5ad6658e2f6c77e5df2a9,2024-05,Durham Constabulary,Durham Constabulary,-1.685228,54.872190,On or near Chester Road,E01020674,County Durham 004D,Vehicle crime,Investigation complete; no suspect identified,
800df638de10d36472aa18e605384942202560b4f52870c86c14d158a81060c9,2024-05,Durham Constabulary,Durham Constabulary,-1.673344,54.869669,On or near Brentwood Court,E01020674,County Durham 004D,Violence and sexual offences,Under investigation,
70ccfd2a81a296c32f9aecf52e64d29100f6e1f8b0aa6dece01d9426096291e5,2024-05,Durham Constabulary,Durham Constabulary,-1.673754,54.872923,On or near Beamish Rise,E01020674,County Durham 004D,Violence and sexual offences,Unable to prosecute suspect,
f34b7196a5de20e2cdecdb36a43cc8a3f48e8d5065f0bd27f857e6e0db66d9f7,2024-05,Durham Constabulary,Durham Constabulary,-1.675699,54.871338,On or near Thorntree Terrace,E01020674,County Durham 004D,Violence and sexual offences,Unable to prosecute suspect,
364eda5518569f10973ecd60010ecd45a3509054463d5b24d94401ac8fe425d5,2024-05,Durham Constabulary,Durham Constabulary,-1.675699,54.871338,On or near Thorntree Terrace,E01020674,County Durham 004D,Violence and sexual offences,Unable to prosecute suspect,
712557bbaf1ac923693f76d11b9a9d69ef2e08284b7c9111239e22e6c8988d4b,2024-05,Durham Constabulary,Durham Constabulary,-1.676798,54.870807,On or near Sports/Recreation Area,E01020674,County Durham 004D,Other crime,Under investigation,
,2024-05,Durham Constabulary,Durham Constabulary,-1.703446,54.876243,On or near Good Street,E01020678,County Durham 004E,Anti-social behaviour,,
,2024-05,Durham Constabulary,Durham Constabulary,-1.703446,54.876243,On or near Good Street,E01020678,County Durham 004E,Anti-social behaviour,,
b4a52fa7d4e3522dfeeea5f40e89b1f8cfe8cf156a5d00c0f0940f16b3fc51da,2024-05,Durham Constabulary,Durham Constabulary,-1.703446,54.876243,On or near Good Street,E01020678,County Durham 004E,Criminal damage and arson,Investigation complete; no suspect identified,
415cd690d6671269acadb9a8f114ab855f8fcd8298a880ff8b26fc4807307ad1,2024-05,Durham Constabulary,Durham Constabulary,-1.714075,54.878354,On or near The Bungalows,E01020678,County Durham 004E,Public order,Unable to prosecute suspect,
02ceaf3adeb3921c0d3978ee0291c69323714910a36d4a43e30199b26eeb8fea,2024-05,Durham Constabulary,Durham Constabulary,-1.703446,54.876243,On or near Good Street,E01020678,County Durham 004E,Violence and sexual offences,Unable to prosecute suspect,
10783c5c9257aa748931ca1585a1de26bc6feaeb5b9858e6d89f01302a285714,2024-05,Durham Constabulary,Durham Constabulary,-1.703446,54.876243,On or near Good Street,E01020678,County Durham 004E,Violence and sexual offences,Unable to prosecute suspect,
ce17bda8afde7088851af9f936b4034038ab1b3feb58aae2bc23e4d1939622e4,2024-05,Durham Constabulary,Durham Constabulary,-1.706806,54.877195,On or near Further/Higher Educational Building,E01020678,County Durham 004E,Violence and sexual offences,Unable to prosecute suspect,
539f769b1c378e0679f634cd5e37598c0ef52250497dedfa34db93cd1ac603c9,2024-05,Durham Constabulary,Durham Constabulary,-1.706806,54.877195,On or near Further/Higher Educational Building,E01020678,County Durham 004E,Violence and sexual offences,Investigation complete; no suspect identified,
,2024-05,Durham Constabulary,Durham Constabulary,-1.638390,54.861393,On or near Newbridge Banks,E01020606,County Durham 005A,Anti-social behaviour,,
,2024-05,Durham Constabulary,Durham Constabulary,-1.637439,54.863205,On or near Queen Street,E01020606,County Durham 005A,Anti-social behaviour,,
,2024-05,Durham Constabulary,Durham Constabulary,-1.638638,54.864745,On or near Sports/Recreation Area,E01020606,County Durham 005A,Anti-social behaviour,,
,2024-05,Durham Constabulary,Durham Constabulary,-1.637439,54.863205,On or near Queen Street,E01020606,County Durham 005A,Anti-social behaviour,,
8fcadda543d55a05d4613214d2b2cac1c48b0ac96d07f5eca75493e1d22094d6,2024-05,Durham Constabulary,Durham Constabulary,-1.638390,54.861393,On or near Newbridge Banks,E01020606,County Durham 005A,Burglary,Investigation complete; no suspect identified,
03e07ec57b227f2e8347f26149fa3e03c8ba8109cf7f97ac9d7a72bea964f1c5,2024-05,Durham Constabulary,Durham Constabulary,-1.638638,54.864745,On or near Sports/Recreation Area,E01020606,County Durham 005A,Burglary,Under investigation,
b950a9f98e42bdf05f37a8df515bdc2f23cfb39453ec97264eeb1b900cca9079,2024-05,Durham Constabulary,Durham Constabulary,-1.637816,54.862766,On or near Pine Street,E01020606,County Durham 005A,Burglary,Unable to prosecute suspect,
18d311fdb911f95a34a9595b928642ec24d07f6a577cf6b63c5105efddb33897,2024-05,Durham Constabulary,Durham Constabulary,-1.635568,54.863289,On or near East Street,E01020606,County Durham 005A,Burglary,Investigation complete; no suspect identified,
ce8769b7224a75e8a549d77a783207efcc19b3d68582eb965de0aded3378c026,2024-05,Durham Constabulary,Durham Constabulary,-1.636677,54.863032,On or near Albert Street,E01020606,County Durham 005A,Criminal damage and arson,Unable to prosecute suspect,
cf51fc37834ea617c2c4aeb84cd75d94970b701cd0775ae931800692fc72fa78,2024-05,Durham Constabulary,Durham Constabulary,-1.638390,54.861393,On or near Newbridge Banks,E01020606,County Durham 005A,Criminal damage and arson,Investigation complete; no suspect identified,
327f49d2d9d61535b6b50351ee667c6c15dea198416c4a0232742880f30afbd7,2024-05,Durham Constabulary,Durham Constabulary,-1.635969,54.862068,On or near Pelton Lane,E01020606,County Durham 005A,Criminal damage and arson,Investigation complete; no suspect identified,
c7f6940c8e848c8980d0b60711eedbdad5944db3c47372f1a641211b8bacd230,2024-05,Durham Constabulary,Durham Constabulary,-1.639057,54.863461,On or near Parking Area,E01020606,County Durham 005A,Criminal damage and arson,Investigation complete; no suspect identified,
a6accd1265e39431a68887ae4cdacd63f35bb15b3a496de598bda9afd01d1ed8,2024-05,Durham Constabulary,Durham Constabulary,-1.639057,54.863461,On or near Parking Area,E01020606,County Durham 005A,Drugs,Offender given a caution,
7dbbf06ef3a055b42f428a5b40edefc707fa61bb873279773d66a730aa93dea9,2024-05,Durham Constabulary,Durham Constabulary,-1.635969,54.862068,On or near Pelton Lane,E01020606,County Durham 005A,Shoplifting,Investigation complete; no suspect identified,
6d2b4ad9acb45058d4d59884c6c9c24764c3aa9df7258d0ad191ef69da9a96e8,2024-05,Durham Constabulary,Durham Constabulary,-1.635969,54.862068,On or near Pelton Lane,E01020606,County Durham 005A,Shoplifting,Unable to prosecute suspect,
9eb015a97a7461d0424c7348398cd212a1cb7c091a229c08545694da4a85e844,2024-05,Durham Constabulary,Durham Constabulary,-1.636698,54.864101,On or near Parking Area,E01020606,County Durham 005A,Vehicle crime,Investigation complete; no suspect identified,
b7d71526e3b25d99dd8b80b2588cdbbeda9051671141adb68ceb71112a85d856,2024-05,Durham Constabulary,Durham Constabulary,-1.636677,54.863032,On or near Albert Street,E01020606,County Durham 005A,Violence and sexual offences,Awaiting court outcome,
e0253734fcf599bf76295876ad879ade3b0298cfc6b38062e77ec22aec6ead2b,2024-05,Durham Constabulary,Durham Constabulary,-1.634840,54.862856,On or near Grange Court,E01020606,County Durham 005A,Violence and sexual offences,Under investigation,
141d52a56c54991d41a8c63ef59a566062186113ff87e7752adbd33cfdd06cca,2024-05,Durham Constabulary,Durham Constabulary,-1.636099,54.863165,On or near West Street,E01020606,County Durham 005A,Violence and sexual offences,Unable to prosecute suspect,
a116213a2b49985cb92ac21c61809c8d582c9888301bd0f111c2dc1a56c75c96,2024-05,Durham Constabulary,Durham Constabulary,-1.637439,54.863205,On or near Queen Street,E01020606,County Durham 005A,Other crime,Awaiting court outcome,
eb4b95e5166ef484b7e175610f8d62600ff9f0b920fb00de0b4b12e13293b468,2024-05,Durham Constabulary,Durham Constabulary,-1.606461,54.873380,On or near Ernest Street,E01020615,County Durham 005B,Criminal damage and arson,Investigation complete; no suspect identified,
3a11ade24e77461355cad4ba51836b6f560ad48699f7563729b6627acbaca5fd,2024-05,Durham Constabulary,Durham Constabulary,-1.602484,54.876953,On or near Lyne Close,E01020615,County Durham 005B,Criminal damage and arson,Investigation complete; no suspect identified,
2613f81c1076eade0e154e02f6354b11b5bb6e7640a01f966e7d7c1fd6b16518,2024-05,Durham Constabulary,Durham Constabulary,-1.600994,54.876292,On or near Ouston Lane,E01020615,County Durham 005B,Criminal damage and arson,Investigation complete; no suspect identified,
79bbf5eb685c39a9501126d5eec3c3407bcf728fb3b73559e039163a30fe94b5,2024-05,Durham Constabulary,Durham Constabulary,-1.606461,54.873380,On or near Ernest Street,E01020615,County Durham 005B,Drugs,Investigation complete; no suspect identified,
6051ed8aabbc8e17530f4e23061ce4213188370ad6716dc152ebd07d0d8a65c9,2024-05,Durham Constabulary,Durham Constabulary,-1.605441,54.874168,On or near Barbary Close,E01020615,County Durham 005B,Drugs,Formal action is not in the public interest,
c3f15c15bbdd8903f98537c45786a39b41ac758963f05ef54205c5b0d2d7bc7f,2024-05,Durham Constabulary,Durham Constabulary,-1.600994,54.876292,On or near Ouston Lane,E01020615,County Durham 005B,Other theft,Investigation complete; no suspect identified,
9a0c0de9e4e78d126967d431445cc6159012e306c8c4b5326ee8fa8ea8a7f80e,2024-05,Durham Constabulary,Durham Constabulary,-1.606050,54.873963,On or near Constance Street,E01020615,County Durham 005B,Violence and sexual offences,Action to be taken by another organisation,
4e27a6226fb3144b066f3b0a0b0d4f71e4be3246cc07c096209057ce82520efb,2024-05,Durham Constabulary,Durham Constabulary,-1.598668,54.875098,On or near Gairloch Drive,E01020615,County Durham 005B,Violence and sexual offences,Unable to prosecute suspect,
fb8ba1bb27a1df17cb296aca23f735540d0e821a775ffe0271ddee88ebf925fb,2024-05,Durham Constabulary,Durham Constabulary,-1.600284,54.875607,On or near Ascot Place,E01020615,County Durham 005B,Violence and sexual offences,Further investigation is not in the public interest,
4cef7d7e46b2f6934d7c3a018678473e14be94284f0cf352b67b0708b8ca0c0e,2024-05,Durham Constabulary,Durham Constabulary,-1.606050,54.873963,On or near Constance Street,E01020615,County Durham 005B,Violence and sexual offences,Action to be taken by another organisation,
,2024-05,Durham Constabulary,Durham Constabulary,-1.608766,54.873576,On or near Ivyway,E01020616,County Durham 005C,Anti-social behaviour,,
,2024-05,Durham Constabulary,Durham Constabulary,-1.607573,54.871200,On or near The Wynd,E01020616,County Durham 005C,Anti-social behaviour,,
,2024-05,Durham Constabulary,Durham Constabulary,-1.607905,54.872324,On or near Grange Street,E01020616,County Durham 005C,Anti-social behaviour,,
,2024-05,Durham Constabulary,Durham Constabulary,-1.613578,54.873843,On or near Greenacres,E01020616,County Durham 005C,Anti-social behaviour,,
32dab6b9d17c9a3d0dd8eb88fbb98efae933d6539c0d9eedaabfb6f4689cf4a8,2024-05,Durham Constabulary,Durham Constabulary,-1.604563,54.873068,On or near Pelton Lane,E01020616,County Durham 005C,Criminal damage and arson,Action to be taken by another organisation,
a0214ced0d3eb3f48b0ea8812101c531d8c40cccc38fb538b4bc6ddb5d076ab0,2024-05,Durham Constabulary,Durham Constabulary,-1.608746,54.873972,On or near Hylton Terrace,E01020616,County Durham 005C,Criminal damage and arson,Unable to prosecute suspect,
b01aa3c100e731d37bba6b1fde4eca16ad1197eb57cd88d6d43111e05191f334,2024-05,Durham Constabulary,Durham Constabulary,-1.604053,54.871009,On or near Brackenbeds Close,E01020616,County Durham 005C,Criminal damage and arson,Investigation complete; no suspect identified,
6639e3e381195c71884b3c1649476bf659c26e702a40857143a97eb3ef560162,2024-05,Durham Constabulary,Durham Constabulary,-1.612710,54.873400,On or near Mossway,E01020616,County Durham 005C,Criminal damage and arson,Formal action is not in the public interest,
b7a645129119c0c8dc28def0fe950ff3c629399fb62bc36df78cc57a8ca03e05,2024-05,Durham Constabulary,Durham Constabulary,-1.609626,54.873247,On or near Parking Area,E01020616,County Durham 005C,Other theft,Investigation complete; no suspect identified,
0fd5942baad06266b13204e20704cf15fb5ca2a10d6fa778c55aff6653404757,2024-05,Durham Constabulary,Durham Constabulary,-1.609599,54.871162,On or near Elwin Place,E01020616,County Durham 005C,Possession of weapons,Action to be taken by another organisation,
f605083aa09d9d09345c0f315dadbc002614431940bcc39e1960c51f9d69481b,2024-05,Durham Constabulary,Durham Constabulary,-1.604563,54.873068,On or near Pelton Lane,E01020616,County Durham 005C,Public order,Action to be taken by another organisation,
0bed03993ed377ac9e06aa821c455a120d8e16bfaee4c59de88ccbd6eba5da45,2024-05,Durham Constabulary,Durham Constabulary,-1.611038,54.873889,On or near Middlefield,E01020616,County Durham 005C,Violence and sexual offences,Unable to prosecute suspect,
48d1ff0e77c0aab35520516129daa51d144c6bdc331c8ad78b484c44ea4c5aaa,2024-05,Durham Constabulary,Durham Constabulary,-1.612710,54.873400,On or near Mossway,E01020616,County Durham 005C,Violence and sexual offences,Unable to prosecute suspect,
e6b629c49d01b08f8b6db52ae32af1f073b666d080db8e65de311c8fd8d8e059,2024-05,Durham Constabulary,Durham Constabulary,-1.607825,54.872603,On or near Supermarket,E01020616,County Durham 005C,Violence and sexual offences,Unable to prosecute suspect,
10eddca0fb6741201e2e8c66c23829314e6a7e058e1188eb4dce0e0c2ffb9019,2024-05,Durham Constabulary,Durham Constabulary,-1.608766,54.873576,On or near Ivyway,E01020616,County Durham 005C,Violence and sexual offences,Action to be taken by another organisation,
9ab57afe2407e1d8bcdbc0f8ba7ec74882f55aed0a2c9d1388d324c0a7b48950,2024-05,Durham Constabulary,Durham Constabulary,-1.610154,54.871801,On or near Vicarage Close,E01020616,County Durham 005C,Violence and sexual offences,Unable to prosecute suspect,
9c18a648ec3c293afbb9d97b0aaa2986b064835c2e0814f172ef9061f2c3f0b7,2024-05,Durham Constabulary,Durham Constabulary,-1.608175,54.871768,On or near Orchard Street,E01020616,County Durham 005C,Violence and sexual offences,Unable to prosecute suspect,
2a4e3d6cd0cdf44b90701578c228a830a62bdeee0069133517aa391f7bbbab87,2024-05,Durham Constabulary,Durham Constabulary,-1.607825,54.872603,On or near Supermarket,E01020616,County Durham 005C,Violence and sexual offences,Awaiting court outcome,
2345b617ff6f04e803ac1882869a0c6a148c8ae19526fe66f93367a1b6511696,2024-05,Durham Constabulary,Durham Constabulary,-1.608766,54.873576,On or near Ivyway,E01020616,County Durham 005C,Other crime,Under investigation,
1dd244df49ede5e93242fb637319851b682e8944b8fa7546aaaa583de7dc5385,2024-05,Durham Constabulary,Durham Constabulary,-1.607825,54.872603,On or near Supermarket,E01020616,County Durham 005C,Other crime,Awaiting court outcome,
,2024-05,Durham Constabulary,Durham Constabulary,-1.617625,54.866128,On or near Gatcombe Way,E01020617,County Durham 005D,Anti-social behaviour,,
1ad2934e927d22636de13a630b97eacd82d5d5513929b3d4cd758dd12718c6ed,2024-05,Durham Constabulary,Durham Constabulary,-1.614168,54.872533,On or near King'S Lane,E01020617,County Durham 005D,Criminal damage and arson,Investigation complete; no suspect identified,
247680806c0bfc4948dfb09ff784fb6b24d58728041104cab9de9e5a37080d31,2024-05,Durham Constabulary,Durham Constabulary,-1.621334,54.871100,On or near Elm Avenue,E01020617,County Durham 005D,Criminal damage and arson,Unable to prosecute suspect,
3fd7a3115ef2024f073fcb8ae29c66b7e291b92cd609c88a02317a16203055ac,2024-05,Durham Constabulary,Durham Constabulary,-1.614168,54.872533,On or near King'S Lane,E01020617,County Durham 005D,Public order,Awaiting court outcome,
3f6a5a5c9dbc986b0ce0f2bdf2b65641dee85e63fe2134f4c2060d49e08d47af,2024-05,Durham Constabulary,Durham Constabulary,-1.617773,54.870316,On or near Heathmeads,E01020617,County Durham 005D,Violence and sexual offences,Unable to prosecute suspect,
091c8240d3c384a2c228dddab8c7b3b6e0ccb6a2ba2952774bb5094c23ba02de,2024-05,Durham Constabulary,Durham Constabulary,-1.621334,54.871100,On or near Elm Avenue,E01020617,County Durham 005D,Violence and sexual offences,Unable to prosecute suspect,
358b2fb350ee6c5d291b4a15b4fd05c98f6f5c4c683543afc17864c3439cf8a7,2024-05,Durham Constabulary,Durham Constabulary,-1.638486,54.871574,On or near Green'S Bank,E01020617,County Durham 005D,Violence and sexual offences,Unable to prosecute suspect,
,2024-05,Durham Constabulary,Durham Constabulary,-1.738429,54.862404,On or near Fines Park,E01020626,County Durham 006A,Anti-social behaviour,,
f8f95853d0f20309d9c9ad93c6b7ab45c7cec4ece5245486fe1a069d2f244f6a,2024-05,Durham Constabulary,Durham Constabulary,-1.739158,54.858137,On or near Hutton Court,E01020626,County Durham 006A,Burglary,Investigation complete; no suspect identified,
ff0297b8a44d5c84cd93e5c91e99f271607c78274b0f5ee64f6ecaf2ee7a4928,2024-05,Durham Constabulary,Durham Constabulary,-1.738429,54.862404,On or near Fines Park,E01020626,County Durham 006A,Criminal damage and arson,Offender given a caution,
d79ce1bf4eddbf3586145af007ec71290bf7877cbe683b67f34fd8ad48f720f8,2024-05,Durham Constabulary,Durham Constabulary,-1.739283,54.860411,On or near New Front Street,E01020626,County Durham 006A,Criminal damage and arson,Investigation complete; no suspect identified,
c20ede63483b26c22a765a78f8e414aa459062da55726f306528102229a0fb1d,2024-05,Durham Constabulary,Durham Constabulary,-1.742889,54.859349,On or near Greenfield Terrace,E01020626,County Durham 006A,Criminal damage and arson,Unable to prosecute suspect,
ba36981c82f8ecc8806e3e6ef6cd6178419526aaae95b64158260ceb7f28102e,2024-05,Durham Constabulary,Durham Constabulary,-1.744507,54.857097,On or near Snowdon Court,E01020626,County Durham 006A,Criminal damage and arson,Under investigation,
62ba28f17f87e4092dae1311f2be4416386084df25a9e34b5c4c92b58ca5952c,2024-05,Durham Constabulary,Durham Constabulary,-1.741461,54.860865,On or near Queens Parade,E01020626,County Durham 006A,Criminal damage and arson,Investigation complete; no suspect identified,
b59b86786ece948b5bccaeb8b2387417b177a2cb4c10a8102efd917c6bd30204,2024-05,Durham Constabulary,Durham Constabulary,-1.744507,54.857097,On or near Snowdon Court,E01020626,County Durham 006A,Drugs,Further investigation is not in the public interest,
5f493e8d74ccd0ba1aff97f17c0a5ad6c897504a63ef026ee8356ec6559b6b12,2024-05,Durham Constabulary,Durham Constabulary,-1.744507,54.857097,On or near Snowdon Court,E01020626,County Durham 006A,Other theft,Investigation complete; no suspect identified,
a12a7becd329c8741fb6cdc2d5440d3f2c79b7086ee4de4f9e2b484e7a77c4be,2024-05,Durham Constabulary,Durham Constabulary,-1.739290,54.861813,On or near Fines Park Court,E01020626,County Durham 006A,Violence and sexual offences,Local resolution,
a9ac5d301055804f5019e94617057dd484724fb4666577c071e216e3b148ff80,2024-05,Durham Constabulary,Durham Constabulary,-1.742978,54.855625,On or near Sports/Recreation Area,E01020626,County Durham 006A,Violence and sexual offences,Unable to prosecute suspect,
12acbb74803d26cfe04d2a10c4818e653276f19958b65ba9e1298876c5536fd7,2024-05,Durham Constabulary,Durham Constabulary,-1.744507,54.857097,On or near Snowdon Court,E01020626,County Durham 006A,Violence and sexual offences,Under investigation,
7f59a00c4b58867063233c925527de03eb1fa68b3abff835dba6d351e60a7026,2024-05,Durham Constabulary,Durham Constabulary,-1.742889,54.859349,On or near Greenfield Terrace,E01020626,County Durham 006A,Violence and sexual offences,Unable to prosecute suspect,
,2024-05,Durham Constabulary,Durham Constabulary,-1.746619,54.863194,On or near Oak Terrace,E01020638,County Durham 006B,Anti-social behaviour,,
,2024-05,Durham Constabulary,Durham Constabulary,-1.746944,54.865962,On or near Kirkfield Gardens,E01020638,County Durham 006B,Anti-social behaviour,,
,2024-05,Durham Constabulary,Durham Constabulary,-1.746642,54.861999,On or near Cedar Court,E01020638,County Durham 006B,Anti-social behaviour,,
,2024-05,Durham Constabulary,Durham Constabulary,-1.748113,54.863404,On or near Trowsdale Street,E01020638,County Durham 006B,Anti-social behaviour,,
223d1e6a746a29a962e2fa3f7637c5fe80ee94b624006e00d6a1e5f89c78d357,2024-05,Durham Constabulary,Durham Constabulary,-1.745509,54.863695,On or near B6168,E01020638,County Durham 006B,Criminal damage and arson,Investigation complete; no suspect identified,
fe3462227ea45d671664746971be3e8535604ef531eab0896bcf9cca5d78a983,2024-05,Durham Constabulary,Durham Constabulary,-1.745509,54.863695,On or near B6168,E01020638,County Durham 006B,Public order,Formal action is not in the public interest,
f7f5c2680b4a8f73aed9aebb66ba3538b2a1ad5a5789fceca0605f601dd42a11,2024-05,Durham Constabulary,Durham Constabulary,-1.745509,54.863695,On or near B6168,E01020638,County Durham 006B,Violence and sexual offences,Investigation complete; no suspect identified,
0460c8d8b1c191226f19cc56dedcdf0a9444be2ad566e957776fb7fc883f7f97,2024-05,Durham Constabulary,Durham Constabulary,-1.746642,54.861999,On or near Cedar Court,E01020638,County Durham 006B,Violence and sexual offences,Under investigation,
1449fd9a81fd94b20d6b253c59cc69e00ce732fab55c7e1b3876c2241bef7c30,2024-05,Durham Constabulary,Durham Constabulary,-1.746642,54.861999,On or near Cedar Court,E01020638,County Durham 006B,Other crime,Under investigation,
,2024-05,Durham Constabulary,Durham Constabulary,-1.749199,54.864161,On or near Batey Street,E01020639,County Durham 006C,Anti-social behaviour,,
,2024-05,Durham Constabulary,Durham Constabulary,-1.725642,54.868801,On or near Kyo Lane,E01020639,County Durham 006C,Anti-social behaviour,,
,2024-05,Durham Constabulary,Durham Constabulary,-1.744976,54.864305,On or near The Ridings,E01020639,County Durham 006C,Anti-social behaviour,,
0d611e2d3b27fda4f45f8d5284d35029f7ce213baa6680d13327ddcdfc04e972,2024-05,Durham Constabulary,Durham Constabulary,-1.751305,54.871743,On or near Sports/Recreation Area,E01020639,County Durham 006C,Burglary,Investigation complete; no suspect identified,
66ef0c420fa54fd5bcc1a5465e2e944c0385d0ec385886133bcffeebb030e039,2024-05,Durham Constabulary,Durham Constabulary,-1.744976,54.864305,On or near The Ridings,E01020639,County Durham 006C,Criminal damage and arson,Local resolution,
8630e63370a126515a833bc8db41996df3aeb16e05682785cb9c4c2dffe7944d,2024-05,Durham Constabulary,Durham Constabulary,-1.725642,54.868801,On or near Kyo Lane,E01020639,County Durham 006C,Criminal damage and arson,Investigation complete; no suspect identified,
f91ffad4357085a611d15fc6488e49b9e20710a9fcc009c7fef1a4b4b3aa7831,2024-05,Durham Constabulary,Durham Constabulary,-1.748140,54.864006,On or near Hilda Street,E01020639,County Durham 006C,Criminal damage and arson,Investigation complete; no suspect identified,
1f263520b3c6fba18bb46032629f34400fcf35e5bbf5924fb73ff91698346815,2024-05,Durham Constabulary,Durham Constabulary,-1.749197,54.859389,On or near Annfield Place,E01020639,County Durham 006C,Other theft,Under investigation,
b46519be1cbc19511084506a2b3a7d6ad035ebe3fb2d30657e9766226d8f51a7,2024-05,Durham Constabulary,Durham Constabulary,-1.744674,54.865167,On or near Balmoral Drive,E01020639,County Durham 006C,Violence and sexual offences,Unable to prosecute suspect,
3dbbbd2f465eaff3077b0199a9ec388a358eae36e7e8b29825708c70ada11f1d,2024-05,Durham Constabulary,Durham Constabulary,-1.747703,54.864212,On or near Taylor Street,E01020639,County Durham 006C,Violence and sexual offences,Under investigation,
3f896e50d27edbc88e1364761d89956b5a8bd7c0581dc1a003154e4b948eb319,2024-05,Durham Constabulary,Durham Constabulary,-1.749179,54.864772,On or near Greentree Lane,E01020639,County Durham 006C,Violence and sexual offences,Unable to prosecute suspect,
5c506e7aa1c479aeb28adad565db42c1b8c8d2383ca41f58fc3ae059a4227deb,2024-05,Durham Constabulary,Durham Constabulary,-1.749179,54.864772,On or near Greentree Lane,E01020639,County Durham 006C,Other crime,Unable to prosecute suspect,
6f9643a886becee811e695d0488e34d86d1310db89e664a561d076d8b01598f6,2024-05,Durham Constabulary,Durham Constabulary,-1.745625,54.865169,On or near Valiant Way,E01020639,County Durham 006C,Other crime,Investigation complete; no suspect identified,
,2024-05,Durham Constabulary,Durham Constabulary,-1.755463,54.879486,On or near South Meadows,E01020653,County Durham 006D,Anti-social behaviour,,
812d580d7ea38b19431c1edc9a6ec4de3855ee792b51c04510801ac6b692d416,2024-05,Durham Constabulary,Durham Constabulary,-1.761319,54.877584,On or near Parking Area,E01020653,County Durham 006D,Criminal damage and arson,Investigation complete; no suspect identified,
aaead9adefc2b27d750106a34a63afcfdbdf2e57958c429e69e8bb590b4458a5,2024-05,Durham Constabulary,Durham Constabulary,-1.768697,54.873671,On or near Pikesyde,E01020653,County Durham 006D,Criminal damage and arson,Investigation complete; no suspect identified,
e5cccadd2640b292e30cb1a6fef19d602301a218f9791832544223a9e6d159d7,2024-05,Durham Constabulary,Durham Constabulary,-1.759968,54.876755,On or near Co-Operative Terrace,E01020653,County Durham 006D,Public order,Unable to prosecute suspect,
53750ce9a3fc294397bf1ccaba2e6ac036fe8773126c4d8f734b98334e066d76,2024-05,Durham Constabulary,Durham Constabulary,-1.761319,54.877584,On or near Parking Area,E01020653,County Durham 006D,Public order,Further investigation is not in the public interest,
bc82d8cdda7e801488a5cb42e614a23464e9962e98e2f04683a4e3ecfed2d0dd,2024-05,Durham Constabulary,Durham Constabulary,-1.759968,54.876755,On or near Co-Operative Terrace,E01020653,County Durham 006D,Violence and sexual offences,Unable to prosecute suspect,
9fd86bf955da6c5a93863632950be789531d8225f078f8b7857084e8932049d0,2024-05,Durham Constabulary,Durham Constabulary,-1.768697,54.873671,On or near Pikesyde,E01020653,County Durham 006D,Violence and sexual offences,Further investigation is not in the public interest,
d2e47ef5f447187f8c72d0536092207a780f5600d687bb8a74ccbfd7bdbefb50,2024-05,Durham Constabulary,Durham Constabulary,-1.748850,54.880273,On or near Lily Gardens,E01020653,County Durham 006D,Violence and sexual offences,Under investigation,
f3b0371ccb99774f5e965cc3b7d649260755b56b5af098d68272d9a7484cdbae,2024-05,Durham Constabulary,Durham Constabulary,-1.767087,54.874549,On or near Pontopsyde,E01020653,County Durham 006D,Violence and sexual offences,Unable to prosecute suspect,
,2024-05,Durham Constabulary,Durham Constabulary,-1.722656,54.886210,On or near Good Street,E01020677,County Durham 006E,Anti-social behaviour,,
,2024-05,Durham Constabulary,Durham Constabulary,-1.722656,54.886210,On or near Good Street,E01020677,County Durham 006E,Anti-social behaviour,,
d8f25870aeb8e6c902c9a397628842d16405eddb53291b6ebfd000148f54295f,2024-05,Durham Constabulary,Durham Constabulary,-1.744336,54.884208,On or near Moorlands,E01020677,County Durham 006E,Criminal damage and arson,Unable to prosecute suspect,
08319ab067db50618cadced2b92752a1750809d751ed80eaae02489c81950fe4,2024-05,Durham Constabulary,Durham Constabulary,-1.722656,54.886210,On or near Good Street,E01020677,County Durham 006E,Criminal damage and arson,Unable to prosecute suspect,
b5d8ec9f568eda1a7b86d35a2f40620aa01f4855b32df70ea525a6ce1e7ac936,2024-05,Durham Constabulary,Durham Constabulary,-1.722656,54.886210,On or near Good Street,E01020677,County Durham 006E,Drugs,Formal action is not in the public interest,
02abf4854568871982e5fadc82f18e064748a979ab96f34ccbc5c9c8ff419484,2024-05,Durham Constabulary,Durham Constabulary,-1.717474,54.882648,On or near B6173,E01020677,County Durham 006E,Other theft,Investigation complete; no suspect identified,
ec2de7f8307ffa7edd62386a98f4fbd937dcad5b65f85b771a9384746ab12205,2024-05,Durham Constabulary,Durham Constabulary,-1.714425,54.879559,On or near Epworth,E01020677,County Durham 006E,Public order,Unable to prosecute suspect,
e477e3cfa6f62b79b403fdde6d6030fd02c16c09c3a5149c1e9f21e40a039efa,2024-05,Durham Constabulary,Durham Constabulary,-1.722656,54.886210,On or near Good Street,E01020677,County Durham 006E,Violence and sexual offences,Unable to prosecute suspect,
c6cdd63633ac95bfa0c8ab00f74b85ff51e3a399037dcb7417c400878f9d3cd3,2024-05,Durham Constabulary,Durham Constabulary,-1.717474,54.882648,On or near B6173,E01020677,County Durham 006E,Violence and sexual offences,Unable to prosecute suspect,
d91081a7441544069e2224795756b82877ea7ed7f585f464426a212d202b43f9,2024-05,Durham Constabulary,Durham Constabulary,-1.722656,54.886210,On or near Good Street,E01020677,County Durham 006E,Violence and sexual offences,Unable to prosecute suspect,
,2024-05,Durham Constabulary,Durham Constabulary,-1.585489,54.865483,On or near Cedars,E01020596,County Durham 007A,Anti-social behaviour,,
,2024-05,Durham Constabulary,Durham Constabulary,-1.585489,54.865483,On or near Cedars,E01020596,County Durham 007A,Anti-social behaviour,,
,2024-05,Durham Constabulary,Durham Constabulary,-1.579846,54.864269,On or near Pelaw Road,E01020596,County Durham 007A,Anti-social behaviour,,
5d61ac5ca3196e2856a5de8bbdd5118f7cc88df730d5178595b93f7d2bbe46e0,2024-05,Durham Constabulary,Durham Constabulary,-1.579816,54.861195,On or near Glenmore Avenue,E01020596,County Durham 007A,Criminal damage and arson,Unable to prosecute suspect,
4840914741639e9d3c96704358727647e28f2424f0d1c0737337fee7f35cc6c7,2024-05,Durham Constabulary,Durham Constabulary,-1.580333,54.865394,On or near Pelaw Avenue,E01020596,County Durham 007A,Criminal damage and arson,Investigation complete; no suspect identified,
1c11ad20f6d9a6cbeffd7c44ae33278aa77bd8bd3ec251104c911dfc19aba8c7,2024-05,Durham Constabulary,Durham Constabulary,-1.575993,54.866957,On or near Sports/Recreation Area,E01020596,County Durham 007A,Other theft,Investigation complete; no suspect identified,
4ae5329f547ef296c0ef9ff6d0d36010983f70613b7eea6afbc0648669f51517,2024-05,Durham Constabulary,Durham Constabulary,-1.584317,54.865875,On or near Beechwoods,E01020596,County Durham 007A,Violence and sexual offences,Investigation complete; no suspect identified,
0c9d3297a185c774a84526ec61992e98ee219b2e68b127db0c345952afa51e51,2024-05,Durham Constabulary,Durham Constabulary,-1.580333,54.865394,On or near Pelaw Avenue,E01020596,County Durham 007A,Violence and sexual offences,Investigation complete; no suspect identified,
53df16c80526b0843a586201dc9cd05f910668648ae75b52abd864e56466c554,2024-05,Durham Constabulary,Durham Constabulary,-1.581948,54.865893,On or near Conyers Avenue,E01020596,County Durham 007A,Violence and sexual offences,Investigation complete; no suspect identified,
e26a360abbb7ae4dc8246ac0ca305c31643635a955282777fba29d60cf609756,2024-05,Durham Constabulary,Durham Constabulary,-1.580903,54.861549,On or near South Street,E01020596,County Durham 007A,Violence and sexual offences,Investigation complete; no suspect identified,
956364541694411a1a2a6f2efea5bf0a760acbe09d4d69c0be76b22509f414ef,2024-05,Durham Constabulary,Durham Constabulary,-1.584761,54.865049,On or near Myrtles,E01020596,County Durham 007A,Violence and sexual offences,Unable to prosecute suspect,
,2024-05,Durham Constabulary,Durham Constabulary,-1.588660,54.864685,On or near Hollycrest,E01020597,County Durham 007B,Anti-social behaviour,,
15e36fd82c0c09f34abae9c8f753ad5d0221136e2636e9fe65c60ba264404054,2024-05,Durham Constabulary,Durham Constabulary,-1.586145,54.862277,On or near Hilda Park,E01020597,County Durham 007B,Burglary,Investigation complete; no suspect identified,
a743695c5e4e6f1318f1defac28fd09518d9e364818416cf86d6c5c22bd3f0ff,2024-05,Durham Constabulary,Durham Constabulary,-1.594557,54.862324,On or near Briarhill,E01020597,County Durham 007B,Violence and sexual offences,Investigation complete; no suspect identified,
c7089d640676912c962d6783b00cb33e7bffd944ae00fedd15e71122f70e165f,2024-05,Durham Constabulary,Durham Constabulary,-1.591937,54.863724,On or near Sports/Recreation Area,E01020597,County Durham 007B,Violence and sexual offences,Unable to prosecute suspect,
4e6525a7bee29868799e96f30536a3fb8c2e0dfe54a43f73b04e32da6ca67b33,2024-05,Durham Constabulary,Durham Constabulary,-1.589857,54.863377,On or near Sycamore,E01020597,County Durham 007B,Violence and sexual offences,Unable to prosecute suspect,
,2024-05,Durham Constabulary,Durham Constabulary,-1.569572,54.860530,On or near Bus/Coach Station,E01020598,County Durham 007C,Anti-social behaviour,,
,2024-05,Durham Constabulary,Durham Constabulary,-1.576613,54.866540,On or near Northlands,E01020598,County Durham 007C,Anti-social behaviour,,
,2024-05,Durham Constabulary,Durham Constabulary,-1.572978,54.861072,On or near Parking Area,E01020598,County Durham 007C,Anti-social behaviour,,
,2024-05,Durham Constabulary,Durham Constabulary,-1.573023,54.858305,On or near Parking Area,E01020598,County Durham 007C,Anti-social behaviour,,
,2024-05,Durham Constabulary,Durham Constabulary,-1.573130,54.860004,On or near Supermarket,E01020598,County Durham 007C,Anti-social behaviour,,
,2024-05,Durham Constabulary,Durham Constabulary,-1.574911,54.860918,On or near Hillside,E01020598,County Durham 007C,Anti-social behaviour,,
fb02da2b02e7ef6fde6408862cb79d2548498a592aca3f4629fe225a84667199,2024-05,Durham Constabulary,Durham Constabulary,-1.572978,54.861072,On or near Parking Area,E01020598,County Durham 007C,Criminal damage and arson,Action to be taken by another organisation,
864e9ee3963c11ca74f478bf71c8252a0337c9086814df4861cff90092e72939,2024-05,Durham Constabulary,Durham Constabulary,-1.569572,54.860530,On or near Bus/Coach Station,E01020598,County Durham 007C,Other theft,Investigation complete; no suspect identified,
a0b131e8b14e374d1c10c74c2163dfe1b194ef72b2a6f98935d03c42af638386,2024-05,Durham Constabulary,Durham Constabulary,-1.569572,54.860530,On or near Bus/Coach Station,E01020598,County Durham 007C,Shoplifting,Investigation complete; no suspect identified,
623e86ac73402a155ce9a10e91f6709fd702b9ece73c4034a2745c39a515252c,2024-05,Durham Constabulary,Durham Constabulary,-1.573130,54.860004,On or near Supermarket,E01020598,County Durham 007C,Shoplifting,Investigation complete; no suspect identified,
8c59ab57c0dc92e593b2e82672b7f0dad1860b7305cd8703848ce1c26d6f51f5,2024-05,Durham Constabulary,Durham Constabulary,-1.569572,54.860530,On or near Bus/Coach Station,E01020598,County Durham 007C,Shoplifting,Awaiting court outcome,
b94ed5e5b584c58a3ff66ca0b4c7387e44f66a825bb3476ddd2bcbde932c513f,2024-05,Durham Constabulary,Durham Constabulary,-1.571195,54.860293,On or near Picktree Lane,E01020598,County Durham 007C,Violence and sexual offences,Unable to prosecute suspect,
4a53f36c964072215086a0f56c4e6d8146849fd566106c4b5acf97f262db8507,2024-05,Durham Constabulary,Durham Constabulary,-1.571195,54.860293,On or near Picktree Lane,E01020598,County Durham 007C,Violence and sexual offences,Offender given a caution,
bbf7764ec6eb10859d861e113abbf78ae1815da45bf936b73b772706af72d1c9,2024-05,Durham Constabulary,Durham Constabulary,-1.576613,54.866540,On or near Northlands,E01020598,County Durham 007C,Violence and sexual offences,Unable to prosecute suspect,
,2024-05,Durham Constabulary,Durham Constabulary,-1.573200,54.878408,On or near Warley Close,E01020611,County Durham 007D,Anti-social behaviour,,
,2024-05,Durham Constabulary,Durham Constabulary,-1.575632,54.876871,On or near Durham Road,E01020611,County Durham 007D,Anti-social behaviour,,
d8da0904a25588e1b702842f5d8af93dd278c7afdfe9de309ef4fec4c037baca,2024-05,Durham Constabulary,Durham Constabulary,-1.566273,54.880576,On or near Vigo Lane,E01020611,County Durham 007D,Criminal damage and arson,Investigation complete; no suspect identified,
65682e1fd5f9c27de4495d97d1784c90c61f122bec2e4e1da8613e68be397185,2024-05,Durham Constabulary,Durham Constabulary,-1.570645,54.878354,On or near Wimbledon Walk,E01020611,County Durham 007D,Criminal damage and arson,Unable to prosecute suspect,
b0ac914955023c222713ae85bd8dc1e7f585df3859e8c932d6a0e25f9876cbfa,2024-05,Durham Constabulary,Durham Constabulary,-1.570645,54.878354,On or near Wimbledon Walk,E01020611,County Durham 007D,Criminal damage and arson,Unable to prosecute suspect,
d4968d68a4db6576035b4402065b8e0a6b0dfb339034ccb60b11f5804842cb12,2024-05,Durham Constabulary,Durham Constabulary,-1.570645,54.878354,On or near Wimbledon Walk,E01020611,County Durham 007D,Possession of weapons,Unable to prosecute suspect,
a6e888c879a2b40aa8c1dcc390da1f5be3ca0926cd759adc47b6659628f2f58f,2024-05,Durham Constabulary,Durham Constabulary,-1.570645,54.878354,On or near Wimbledon Walk,E01020611,County Durham 007D,Public order,Unable to prosecute suspect,
a65e38fc759f55148262ac0616bba79b0d3aea2da8699378e8d16a469bf6bac8,2024-05,Durham Constabulary,Durham Constabulary,-1.570645,54.878354,On or near Wimbledon Walk,E01020611,County Durham 007D,Public order,Awaiting court outcome,
ea295c24713460d564bf9987e6314a29435d489f062853394d423d3981bd7006,2024-05,Durham Constabulary,Durham Constabulary,-1.571716,54.878699,On or near Wanstead Crescent,E01020611,County Durham 007D,Vehicle crime,Investigation complete; no suspect identified,
7d440270c7144443d90c04ee03c13f0d318ca4200dc19d249ac4cec83278970f,2024-05,Durham Constabulary,Durham Constabulary,-1.575632,54.876871,On or near Durham Road,E01020611,County Durham 007D,Violence and sexual offences,Unable to prosecute suspect,
2dd8d124c5fe8ec3eec08d2a9774d1b9eb33a8167c0d8cc594440fd3854bf981,2024-05,Durham Constabulary,Durham Constabulary,-1.570645,54.878354,On or near Wimbledon Walk,E01020611,County Durham 007D,Violence and sexual offences,Awaiting court outcome,
58032008862b601b110b2a649a788c6674e189b739e536affeb981b8a9d4de1a,2024-05,Durham Constabulary,Durham Constabulary,-1.586328,54.876351,On or near First Avenue,E01020612,County Durham 007E,Criminal damage and arson,Investigation complete; no suspect identified,
feb6a9bf311cc9fea4426e1f5a78782442f9ce78264ee182409434d344fbc253,2024-05,Durham Constabulary,Durham Constabulary,-1.566966,54.865302,On or near Cherry Banks,E01020612,County Durham 007E,Drugs,Further investigation is not in the public interest,
97ed5f019960d2a5fe87ee2080aba8b50a4a8a47f6ddb8300f87491ac3381c3f,2024-05,Durham Constabulary,Durham Constabulary,-1.586881,54.875607,On or near Second Avenue,E01020612,County Durham 007E,Violence and sexual offences,Unable to prosecute suspect,
,2024-05,Durham Constabulary,Durham Constabulary,-1.686292,54.865623,On or near Pentlands Terrace,E01020647,County Durham 008A,Anti-social behaviour,,
,2024-05,Durham Constabulary,Durham Constabulary,-1.683170,54.864474,On or near Mendip Terrace,E01020647,County Durham 008A,Anti-social behaviour,,
,2024-05,Durham Constabulary,Durham Constabulary,-1.683170,54.864474,On or near Mendip Terrace,E01020647,County Durham 008A,Anti-social behaviour,,
014bee99ecdb2f2619b043eb9ee872fadeb4e04c5201db866263a579f7e89a16,2024-05,Durham Constabulary,Durham Constabulary,-1.679289,54.862622,On or near Nightingale Place,E01020647,County Durham 008A,Criminal damage and arson,Under investigation,
87f54681e52d42ec468d5c82c780479bd06839e3116de0f58f6a7dfc3f542fb9,2024-05,Durham Constabulary,Durham Constabulary,-1.683170,54.864474,On or near Mendip Terrace,E01020647,County Durham 008A,Criminal damage and arson,Investigation complete; no suspect identified,
1fccc886d84e6a19035a9a78f13ae0ca5c092f0878c1310b473ef424eb5cbfe3,2024-05,Durham Constabulary,Durham Constabulary,-1.680994,54.863785,On or near Fonteyn Place,E01020647,County Durham 008A,Criminal damage and arson,Unable to prosecute suspect,
4dd70fe3523e8a3da519732033d59b399a077a77b2fb7643c09c0c8c88adcbf5,2024-05,Durham Constabulary,Durham Constabulary,-1.678239,54.863401,On or near Cookson Place,E01020647,County Durham 008A,Violence and sexual offences,Unable to prosecute suspect,
084a228c3233b3144e86e3653479eb3ebc7f0801d848c46622c67de0cbdf3f6a,2024-05,Durham Constabulary,Durham Constabulary,-1.679289,54.862622,On or near Nightingale Place,E01020647,County Durham 008A,Violence and sexual offences,Unable to prosecute suspect,
f963321d011d6f376c271bedfeac6392101932de878739f31b5b50cd4fe507ea,2024-05,Durham Constabulary,Durham Constabulary,-1.681651,54.863392,On or near Potter Place,E01020647,County Durham 008A,Violence and sexual offences,Unable to prosecute suspect,
2337664d62837c6581fb64d25fa1a4421ae2a5f8046237b80a7d69904377cb42,2024-05,Durham Constabulary,Durham Constabulary,-1.680994,54.863785,On or near Fonteyn Place,E01020647,County Durham 008A,Violence and sexual offences,Under investigation,
63e7db798e3a3301ecfc59fe01dc1bca8a1fedcc579a8fd1d776e3643d0f4cac,2024-05,Durham Constabulary,Durham Constabulary,-1.685872,54.865523,On or near Cotswold Terrace,E01020647,County Durham 008A,Violence and sexual offences,Unable to prosecute suspect,
1c1e3342b1089dea9d3d7a545ad34e478f21a85c0a0b751d0a7c86e6582f912f,2024-05,Durham Constabulary,Durham Constabulary,-1.684042,54.864503,On or near Malvern Terrace,E01020647,County Durham 008A,Violence and sexual offences,Unable to prosecute suspect,
a7d62e3eb97371f9179025eb86c8ab6aff711104c8968c9da0b96730ba3c6a07,2024-05,Durham Constabulary,Durham Constabulary,-1.680994,54.863785,On or near Fonteyn Place,E01020647,County Durham 008A,Violence and sexual offences,Unable to prosecute suspect,
ee3cd4c9cb5957bb71df52860b8ef8794297281f89a13af5782a7d1d45b44908,2024-05,Durham Constabulary,Durham Constabulary,-1.679289,54.862622,On or near Nightingale Place,E01020647,County Durham 008A,Violence and sexual offences,Under investigation,
60ea2e4e23c0425ade60c144ef5efb9ce3e625df677b3703e10d34bc04da694d,2024-05,Durham Constabulary,Durham Constabulary,-1.684042,54.864503,On or near Malvern Terrace,E01020647,County Durham 008A,Violence and sexual offences,Investigation complete; no suspect identified,
167ea330ead3a2aefb8cd3d1ad132e9ceeff9f4c4d047bebc25bb402fa433b09,2024-05,Durham Constabulary,Durham Constabulary,-1.688313,54.866231,On or near Britten Close,E01020647,County Durham 008A,Violence and sexual offences,Unable to prosecute suspect,
1b2ca89f0eefa6694a527db64669c2ae8338e9f194cd80f463484c977161d123,2024-05,Durham Constabulary,Durham Constabulary,-1.682399,54.863394,On or near Ladysmith Court,E01020647,County Durham 008A,Violence and sexual offences,Investigation complete; no suspect identified,
f6e3021d527f1298f48c8bc1531c5d03c60a1942190042d916c86af85ccc94e3,2024-05,Durham Constabulary,Durham Constabulary,-1.685872,54.865523,On or near Cotswold Terrace,E01020647,County Durham 008A,Violence and sexual offences,Further action is not in the public interest,
9dfcc0eae5dcf99c89b708128c4ef8100a8c0eb0d404ba0d6eaf9770187f7bf0,2024-05,Durham Constabulary,Durham Constabulary,-1.685872,54.865523,On or near Cotswold Terrace,E01020647,County Durham 008A,Violence and sexual offences,Further investigation is not in the public interest,
4d2626da4c16b7dc04a373260441d43e492cfdc328c7c2cdc2a32bf6a76a8785,2024-05,Durham Constabulary,Durham Constabulary,-1.682965,54.862739,On or near Cavell Place,E01020647,County Durham 008A,Violence and sexual offences,Investigation complete; no suspect identified,
f62b5d541645e8e4c2e39dab457c9197f43dcf7e41146e36da9bdb72e78902a3,2024-05,Durham Constabulary,Durham Constabulary,-1.685872,54.865523,On or near Cotswold Terrace,E01020647,County Durham 008A,Violence and sexual offences,Unable to prosecute suspect,
,2024-05,Durham Constabulary,Durham Constabulary,-1.690475,54.862606,On or near Holly Hill Gardens,E01020648,County Durham 008B,Anti-social behaviour,,
,2024-05,Durham Constabulary,Durham Constabulary,-1.680409,54.860962,On or near Durham Road,E01020648,County Durham 008B,Anti-social behaviour,,
,2024-05,Durham Constabulary,Durham Constabulary,-1.676907,54.858553,On or near Cloverhill Court,E01020648,County Durham 008B,Anti-social behaviour,,
,2024-05,Durham Constabulary,Durham Constabulary,-1.680780,54.857493,On or near Sports/Recreation Area,E01020648,County Durham 008B,Anti-social behaviour,,
,2024-05,Durham Constabulary,Durham Constabulary,-1.682164,54.861614,On or near Austen Place,E01020648,County Durham 008B,Anti-social behaviour,,
,2024-05,Durham Constabulary,Durham Constabulary,-1.680780,54.857493,On or near Sports/Recreation Area,E01020648,County Durham 008B,Anti-social behaviour,,
,2024-05,Durham Constabulary,Durham Constabulary,-1.690475,54.862606,On or near Holly Hill Gardens,E01020648,County Durham 008B,Anti-social behaviour,,
,2024-05,Durham Constabulary,Durham Constabulary,-1.684162,54.857090,On or near Middles Road,E01020648,County Durham 008B,Anti-social behaviour,,
,2024-05,Durham Constabulary,Durham Constabulary,-1.678767,54.855809,On or near Oak Terrace,E01020648,County Durham 008B,Anti-social behaviour,,
,2024-05,Durham Constabulary,Durham Constabulary,-1.690475,54.862606,On or near Holly Hill Gardens,E01020648,County Durham 008B,Anti-social behaviour,,
,2024-05,Durham Constabulary,Durham Constabulary,-1.690475,54.862606,On or near Holly Hill Gardens,E01020648,County Durham 008B,Anti-social behaviour,,
a92866ee8c0adc8bdf46d880de57fd97c6b10949ef36689c744dbd2c172cd701,2024-05,Durham Constabulary,Durham Constabulary,-1.684162,54.857090,On or near Middles Road,E01020648,County Durham 008B,Burglary,Investigation complete; no suspect identified,
7ae670e6eb0100521ed883656cea094a62b75453885e1483325188f00d79595a,2024-05,Durham Constabulary,Durham Constabulary,-1.690470,54.861303,On or near Sports/Recreation Area,E01020648,County Durham 008B,Criminal damage and arson,Unable to prosecute suspect,
081561a40e92347284be77cf05475060029d563135d7d67188b3ef4240c760e0,2024-05,Durham Constabulary,Durham Constabulary,-1.698209,54.861718,On or near Orwell Gardens,E01020648,County Durham 008B,Criminal damage and arson,Unable to prosecute suspect,
116aa66ee222dd54fca78343cb53f9c6659ad24dcb7c7ef5e8bf0148cd554cd6,2024-05,Durham Constabulary,Durham Constabulary,-1.696720,54.860905,On or near Hustledown Gardens,E01020648,County Durham 008B,Criminal damage and arson,Investigation complete; no suspect identified,
227b787ac5ca91b8ccd47a1901194fc7b68fd29b23970c4428a863483bd17421,2024-05,Durham Constabulary,Durham Constabulary,-1.684162,54.857090,On or near Middles Road,E01020648,County Durham 008B,Criminal damage and arson,Investigation complete; no suspect identified,
35acf7328699836fc21eeb587c7c8f78373e96b7c2ffb0e39f8e87522a0cfe66,2024-05,Durham Constabulary,Durham Constabulary,-1.677949,54.854836,On or near Beech Terrace,E01020648,County Durham 008B,Criminal damage and arson,Unable to prosecute suspect,
3b9d5fa1e6f403555d52d05031c0c816b3cae7e12cb90a100a6ccfae3c2e594e,2024-05,Durham Constabulary,Durham Constabulary,-1.690105,54.858076,On or near Kates Gill Grange,E01020648,County Durham 008B,Other theft,Investigation complete; no suspect identified,
46c4f75c1517d7d5bd75d8d77f7f32b29029b4ac661009e2daa2d763ec2d4fd4,2024-05,Durham Constabulary,Durham Constabulary,-1.690475,54.862606,On or near Holly Hill Gardens,E01020648,County Durham 008B,Other theft,Formal action is not in the public interest,
e36339b70fc1f5e052d45e9409a9036e33d6efdea5805f8d3d44972e5ce9a650,2024-05,Durham Constabulary,Durham Constabulary,-1.693259,54.861157,On or near Holly Hill Gardens West,E01020648,County Durham 008B,Public order,Offender given a caution,
18242ac4d93ab3e954b15f89d84252d1ea9ca311a69f2f58b28550217bc00417,2024-05,Durham Constabulary,Durham Constabulary,-1.680581,54.854951,On or near Hazel Terrace,E01020648,County Durham 008B,Public order,Under investigation,
19f78c180204964a99977eebe94f09e9260d17925c3d3b1e5358062e2cc3e7f4,2024-05,Durham Constabulary,Durham Constabulary,-1.677949,54.854836,On or near Beech Terrace,E01020648,County Durham 008B,Public order,Unable to prosecute suspect,
832e8289f0ba1d83d16c2997d2faa98dbfb9eadd232a55367ae747ecfd5092e7,2024-05,Durham Constabulary,Durham Constabulary,-1.678978,54.854767,On or near Palm Terrace,E01020648,County Durham 008B,Public order,Investigation complete; no suspect identified,
760953b68777505ea88bba00276479d38f7b072410d24571b24c56997b3fc10b,2024-05,Durham Constabulary,Durham Constabulary,-1.693259,54.861157,On or near Holly Hill Gardens West,E01020648,County Durham 008B,Vehicle crime,Local resolution,
c59bb08f4c4673975119e72c3f86667766741beafccd114e7564a25e7977f3e7,2024-05,Durham Constabulary,Durham Constabulary,-1.699946,54.860733,On or near Coquet Gardens,E01020648,County Durham 008B,Violence and sexual offences,Unable to prosecute suspect,
ea4b7ca2e478b7518a95707068c3b09efbcea560aa4b217b2b59d475cbbe1b8e,2024-05,Durham Constabulary,Durham Constabulary,-1.690470,54.861303,On or near Sports/Recreation Area,E01020648,County Durham 008B,Violence and sexual offences,Unable to prosecute suspect,
2396eef9de0e5b085e18a8ff342d710bd0aa5cc3e74dd90324814211b9a2e7ca,2024-05,Durham Constabulary,Durham Constabulary,-1.684162,54.857090,On or near Middles Road,E01020648,County Durham 008B,Violence and sexual offences,Unable to prosecute suspect,
3444c12eceda5ab0566d06285779a2e2198c4c6219630f0df0a78bf6e041aa50,2024-05,Durham Constabulary,Durham Constabulary,-1.684162,54.857090,On or near Middles Road,E01020648,County Durham 008B,Violence and sexual offences,Unable to prosecute suspect,
8b78661df6c5d84d4b42bdccb6e6c5bbed81df429f1481b66512a31665e51103,2024-05,Durham Constabulary,Durham Constabulary,-1.699946,54.860733,On or near Coquet Gardens,E01020648,County Durham 008B,Violence and sexual offences,Unable to prosecute suspect,
b41a100e2fbef1db54225aba8b93086f9fe5a6966bc6fd55e4e292dd9df54f33,2024-05,Durham Constabulary,Durham Constabulary,-1.693259,54.861157,On or near Holly Hill Gardens West,E01020648,County Durham 008B,Violence and sexual offences,Unable to prosecute suspect,
897199a64a95f4458a579ad626fb56b4a2cc655a84123af25a63be0474dd5574,2024-05,Durham Constabulary,Durham Constabulary,-1.699946,54.860733,On or near Coquet Gardens,E01020648,County Durham 008B,Violence and sexual offences,Awaiting court outcome,
3f32e97b4daf7829d0539d50583a5495cfea65d56e1a928f87c5cc848bb6201c,2024-05,Durham Constabulary,Durham Constabulary,-1.698209,54.861718,On or near Orwell Gardens,E01020648,County Durham 008B,Violence and sexual offences,Formal action is not in the public interest,
,2024-05,Durham Constabulary,Durham Constabulary,-1.668474,54.851674,On or near Horsley Close,E01020649,County Durham 008C,Anti-social behaviour,,
a033431a472090faf639823f7687d7f236264e47b25dbd9f4c4f35850cd2355d,2024-05,Durham Constabulary,Durham Constabulary,-1.668761,54.850452,On or near Sports/Recreation Area,E01020649,County Durham 008C,Drugs,Local resolution,
2cca35e782b38fec738e817212819ad8c69c1f744a9a039363237921267d9b0e,2024-05,Durham Constabulary,Durham Constabulary,-1.672230,54.857166,On or near Kimberley Gardens,E01020649,County Durham 008C,Drugs,Offender given a caution,
b7331d74d630e275d8886f89c2139a6ee930651cda4853a2e950c7413d4901be,2024-05,Durham Constabulary,Durham Constabulary,-1.670632,54.850548,On or near Railway Street,E01020649,County Durham 008C,Other theft,Unable to prosecute suspect,
bbe0d9e0996ef2271f5e964da1354bfd9ae99a341ab61e16c1ab714dfe59ec9d,2024-05,Durham Constabulary,Durham Constabulary,-1.671594,54.851036,On or near Wylam Street,E01020649,County Durham 008C,Public order,Unable to prosecute suspect,
99855ba413016f38287d811bbe209356732f6ff9621a57536189f0d817daf4b5,2024-05,Durham Constabulary,Durham Constabulary,-1.668761,54.850452,On or near Sports/Recreation Area,E01020649,County Durham 008C,Public order,Unable to prosecute suspect,
6cfe20c1f908cafb19c0f55b563a271c1acd991510d4ffe8c5cf5b1488c1ad92,2024-05,Durham Constabulary,Durham Constabulary,-1.672230,54.857166,On or near Kimberley Gardens,E01020649,County Durham 008C,Vehicle crime,Investigation complete; no suspect identified,
16048e7cad62ed0a6b9add81b83e5a3ac1ba33f546284073fe4c9fd83a746377,2024-05,Durham Constabulary,Durham Constabulary,-1.668474,54.851674,On or near Horsley Close,E01020649,County Durham 008C,Violence and sexual offences,Unable to prosecute suspect,
ae562ef7d895bc683c9c2f4b585d5c603f8fef5e1f61fffe0f1cfe6fa7e33251,2024-05,Durham Constabulary,Durham Constabulary,-1.670632,54.850548,On or near Railway Street,E01020649,County Durham 008C,Violence and sexual offences,Under investigation,
1bb186da61af4785cbc5e9ebd7f88cd9aadc1ebdab7af996bf7a457b78c64ab0,2024-05,Durham Constabulary,Durham Constabulary,-1.672230,54.857166,On or near Kimberley Gardens,E01020649,County Durham 008C,Violence and sexual offences,Unable to prosecute suspect,
c57c29e899a8583e8bdfebf095e4148a6fcdb4d4899cefd811ae00b0d88a8986,2024-05,Durham Constabulary,Durham Constabulary,-1.675386,54.855979,On or near B6313,E01020649,County Durham 008C,Violence and sexual offences,Unable to prosecute suspect,
937fef19426e5fa93d45aa3827634d3b5ba28ae719a380188f244f1148320a3f,2024-05,Durham Constabulary,Durham Constabulary,-1.668474,54.851674,On or near Horsley Close,E01020649,County Durham 008C,Violence and sexual offences,Unable to prosecute suspect,
,2024-05,Durham Constabulary,Durham Constabulary,-1.696970,54.862910,On or near Tyne Road East,E01020673,County Durham 008D,Anti-social behaviour,,
,2024-05,Durham Constabulary,Durham Constabulary,-1.696970,54.862910,On or near Tyne Road East,E01020673,County Durham 008D,Anti-social behaviour,,
b0abbf9fbf732a242b596ce2287558e06add734dccb54316b9556ee362107347,2024-05,Durham Constabulary,Durham Constabulary,-1.700108,54.866099,On or near Smailes Street,E01020673,County Durham 008D,Criminal damage and arson,Unable to prosecute suspect,
fd96314086aed6bd88b395ec23ee4ece477bf28140636479ca241437c6512c1e,2024-05,Durham Constabulary,Durham Constabulary,-1.698928,54.865557,On or near Joseph Street,E01020673,County Durham 008D,Criminal damage and arson,Further action is not in the public interest,
7bef748e6b14b66c477bd055bf5d5d43c9cda7fe38cbc7d90db1ed8942c085f6,2024-05,Durham Constabulary,Durham Constabulary,-1.685687,54.863321,On or near B6532,E01020673,County Durham 008D,Other theft,Investigation complete; no suspect identified,
8bb51d65fd2fae73b9fab0121a28728c8d1ee86763907238a29f4e7d09e61afd,2024-05,Durham Constabulary,Durham Constabulary,-1.699245,54.864820,On or near Lindon Road,E01020673,County Durham 008D,Other theft,Investigation complete; no suspect identified,
31328dbf8f5fdb73ddce4c7d70039e884830f380d003d3f229a283a20b23ad4e,2024-05,Durham Constabulary,Durham Constabulary,-1.698669,54.866904,On or near Spen Street,E01020673,County Durham 008D,Shoplifting,Investigation complete; no suspect identified,
36cb0bab487e254734eac57a0288ec65302c2c7eb6add31ddc7137d4fe7672fa,2024-05,Durham Constabulary,Durham Constabulary,-1.698669,54.866904,On or near Spen Street,E01020673,County Durham 008D,Shoplifting,Investigation complete; no suspect identified,
d62f5eaa256f164e336d9b60e5bba6561a406df1785380f4775bced1efdf958b,2024-05,Durham Constabulary,Durham Constabulary,-1.698669,54.866904,On or near Spen Street,E01020673,County Durham 008D,Shoplifting,Investigation complete; no suspect identified,
f292009abf6fc758c9d8c4461a88edb297d8bf50678c1bc425e29a3c5721bc21,2024-05,Durham Constabulary,Durham Constabulary,-1.700108,54.866099,On or near Smailes Street,E01020673,County Durham 008D,Violence and sexual offences,Awaiting court outcome,
,2024-05,Durham Constabulary,Durham Constabulary,-1.693610,54.868392,On or near Reynolds Close,E01020675,County Durham 008E,Anti-social behaviour,,
,2024-05,Durham Constabulary,Durham Constabulary,-1.693699,54.866891,On or near Gainsborough Road,E01020675,County Durham 008E,Anti-social behaviour,,
,2024-05,Durham Constabulary,Durham Constabulary,-1.687971,54.868117,On or near Brooke Close,E01020675,County Durham 008E,Anti-social behaviour,,
,2024-05,Durham Constabulary,Durham Constabulary,-1.693610,54.868392,On or near Reynolds Close,E01020675,County Durham 008E,Anti-social behaviour,,
f08d570057c11c7f188493a9aa958c5acbeee52df6621982398e207be5db32fb,2024-05,Durham Constabulary,Durham Constabulary,-1.694304,54.869229,On or near A693,E01020675,County Durham 008E,Other theft,Investigation complete; no suspect identified,
5982a8b6f1630adf306f360c876e7195621afa17d134e8313292af03ca664887,2024-05,Durham Constabulary,Durham Constabulary,-1.694178,54.867459,On or near Landseer Close,E01020675,County Durham 008E,Public order,Unable to prosecute suspect,
5ed58418afeb6bf2545c9a59d68f11339136f3a2187a28a54f8f4d7e3dac14ea,2024-05,Durham Constabulary,Durham Constabulary,-1.694465,54.866516,On or near Wear Road,E01020675,County Durham 008E,Public order,Unable to prosecute suspect,
f7aed110692f479d6a77e65d2b2496c04d77b5607eacab01cc80b0888082c432,2024-05,Durham Constabulary,Durham Constabulary,-1.692630,54.872200,On or near Mona Street,E01020675,County Durham 008E,Shoplifting,Under investigation,
2adcbd14a1adbace5bdb76b925710c36589eda121b85059cd95139f666af33c0,2024-05,Durham Constabulary,Durham Constabulary,-1.694304,54.869229,On or near A693,E01020675,County Durham 008E,Shoplifting,Awaiting court outcome,
2f9be804ffd26643ebb316e5436fe273f5c68f91076715dd085078d28fbf50de,2024-05,Durham Constabulary,Durham Constabulary,-1.694304,54.869229,On or near A693,E01020675,County Durham 008E,Shoplifting,Investigation complete; no suspect identified,
18b69109834ee50052984d2d4724dcc6ebfc615b14679df5b4f0ee8e11a403ac,2024-05,Durham Constabulary,Durham Constabulary,-1.694304,54.869229,On or near A693,E01020675,County Durham 008E,Shoplifting,Investigation complete; no suspect identified,
fdbd440320be0b75aff8bc6b8c2390bc8d56abebf5acef765964ecffb76fd695,2024-05,Durham Constabulary,Durham Constabulary,-1.694304,54.869229,On or near A693,E01020675,County Durham 008E,Shoplifting,Awaiting court outcome,
e45f1fe0431912a33b09f024227b0b0ac60ca91a5607468c966cc7000d9ae2a1,2024-05,Durham Constabulary,Durham Constabulary,-1.694465,54.866516,On or near Wear Road,E01020675,County Durham 008E,Violence and sexual offences,Awaiting court outcome,
61d5cf37567a18db392939b1aa7bdfc510b941b24fa640f0fb2af8cf898e565f,2024-05,Durham Constabulary,Durham Constabulary,-1.693699,54.866891,On or near Gainsborough Road,E01020675,County Durham 008E,Violence and sexual offences,Unable to prosecute suspect,
40b5dfe70721718a0f019490d517ac4cd19c34d3a4fac9e4e9012fbe72c676aa,2024-05,Durham Constabulary,Durham Constabulary,-1.693699,54.866891,On or near Gainsborough Road,E01020675,County Durham 008E,Violence and sexual offences,Further investigation is not in the public interest,
9d8116bb1bfae54761280eccb730a02a607bd085dcd3f875e1eb0b858106acab,2024-05,Durham Constabulary,Durham Constabulary,-1.694465,54.866516,On or near Wear Road,E01020675,County Durham 008E,Violence and sexual offences,Awaiting court outcome,
b6c023cc66bbecb5a9cec080c21efb0c06ec8c1f69a7fe7889d94ed9e214ffa3,2024-05,Durham Constabulary,Durham Constabulary,-1.693610,54.868392,On or near Reynolds Close,E01020675,County Durham 008E,Violence and sexual offences,Unable to prosecute suspect,
32250e57832cbcb2679b3568a99e210fbdab6417d6c40872a03034a5964ece2f,2024-05,Durham Constabulary,Durham Constabulary,-1.692630,54.872200,On or near Mona Street,E01020675,County Durham 008E,Violence and sexual offences,Unable to prosecute suspect,
4b5bf4a61b24632ecc999d65dd5686332284b96c503fb84e647f3e41e50dc88e,2024-05,Durham Constabulary,Durham Constabulary,-1.693699,54.866891,On or near Gainsborough Road,E01020675,County Durham 008E,Other crime,Further investigation is not in the public interest,
,2024-05,Durham Constabulary,Durham Constabulary,-1.723401,54.859342,On or near Stanleyburn View,E01020624,County Durham 009A,Anti-social behaviour,,
,2024-05,Durham Constabulary,Durham Constabulary,-1.723401,54.859342,On or near Stanleyburn View,E01020624,County Durham 009A,Anti-social behaviour,,
,2024-05,Durham Constabulary,Durham Constabulary,-1.723401,54.859342,On or near Stanleyburn View,E01020624,County Durham 009A,Anti-social behaviour,,
,2024-05,Durham Constabulary,Durham Constabulary,-1.723401,54.859342,On or near Stanleyburn View,E01020624,County Durham 009A,Anti-social behaviour,,
e5ab98f686fb27578615329f7c13d4a2ad38d529ce125751363fb5a397dedec3,2024-05,Durham Constabulary,Durham Constabulary,-1.726845,54.859053,On or near Meldon Way,E01020624,County Durham 009A,Criminal damage and arson,Investigation complete; no suspect identified,
9903f246d0c5a699f76fba46b55d5cde0cbbd99b30a84018c05784fda519ee9e,2024-05,Durham Constabulary,Durham Constabulary,-1.726845,54.859053,On or near Meldon Way,E01020624,County Durham 009A,Drugs,Investigation complete; no suspect identified,
ffaa852251c11e506e3bd88bab2524189da9c80b11ffd203840ddc48fee9335e,2024-05,Durham Constabulary,Durham Constabulary,-1.726413,54.858558,On or near Shieldrow Lane,E01020624,County Durham 009A,Other theft,Investigation complete; no suspect identified,
a6a627447aabb1c8664c7b687de012dd197ad4d31ef289927a0eb75e11440fb0,2024-05,Durham Constabulary,Durham Constabulary,-1.726413,54.858558,On or near Shieldrow Lane,E01020624,County Durham 009A,Public order,Investigation complete; no suspect identified,
6fb4510f2993f1e6787e5ff3c76c62ee9d9b65b6f3abb2ba8629a9f3c3230992,2024-05,Durham Constabulary,Durham Constabulary,-1.724550,54.857556,On or near Hedley Close,E01020624,County Durham 009A,Public order,Unable to prosecute suspect,
77cc326377d3f319e257722c73d57e0a2adb02dcd6b8593344a9416d8cbc3be1,2024-05,Durham Constabulary,Durham Constabulary,-1.717542,54.864047,On or near Kyo Lane,E01020624,County Durham 009A,Public order,Unable to prosecute suspect,
b2ddc8ead03bfee1197250748cb6d181c67a9a5d94e2f9af3725384a62aa94bb,2024-05,Durham Constabulary,Durham Constabulary,-1.725194,54.859041,On or near Shieldrow Lane,E01020624,County Durham 009A,Public order,Unable to prosecute suspect,
7a417bea48262252c29614a098c9ffe01a2d7daf33366e9fc05b1c3efddb9425,2024-05,Durham Constabulary,Durham Constabulary,-1.730912,54.858910,On or near Teesdale Court,E01020624,County Durham 009A,Violence and sexual offences,Unable to prosecute suspect,
ea83d7bd34c213d33e518a0a00d822409b829f9ab75be2d161110927f643b268,2024-05,Durham Constabulary,Durham Constabulary,-1.725108,54.860290,On or near Sabin Court,E01020624,County Durham 009A,Violence and sexual offences,Unable to prosecute suspect,
5368a2c1a15f5ee51e77338d3ff4f8dccb3147106eb4cc073b81aabc2caf7c6e,2024-05,Durham Constabulary,Durham Constabulary,-1.725683,54.858242,On or near Gerard Close,E01020624,County Durham 009A,Violence and sexual offences,Unable to prosecute suspect,
ea527c4a2c8499b89e2283d5fff538a2ae82806e0553023e50d0f24ddafe0494,2024-05,Durham Constabulary,Durham Constabulary,-1.726845,54.859053,On or near Meldon Way,E01020624,County Durham 009A,Violence and sexual offences,Investigation complete; no suspect identified,
645a4120d73998f04c830027a2d28e82bd9f01610fb0ef11e65c0e7d76c4d4b5,2024-05,Durham Constabulary,Durham Constabulary,-1.725108,54.860290,On or near Sabin Court,E01020624,County Durham 009A,Violence and sexual offences,Under investigation,
149606b105cfc3190f9cf0359286ac435f120f19e122064673eb87e6af62f5bf,2024-05,Durham Constabulary,Durham Constabulary,-1.725108,54.860290,On or near Sabin Court,E01020624,County Durham 009A,Violence and sexual offences,Unable to prosecute suspect,
7c7d53bf1f84ad57579f8c2428b1bb2b40b6be116448cff9a035dd978fe91e5c,2024-05,Durham Constabulary,Durham Constabulary,-1.725108,54.860290,On or near Sabin Court,E01020624,County Durham 009A,Violence and sexual offences,Awaiting court outcome,
c091f56d5dc14afa7c631245d42eca36e1170faadb80fa3712b7d5d1b81611ed,2024-05,Durham Constabulary,Durham Constabulary,-1.725683,54.858242,On or near Gerard Close,E01020624,County Durham 009A,Violence and sexual offences,Unable to prosecute suspect,
04b97745bdf7b4f7d53cfce627c520f155e3a28cc90a68b5b0c12387e806ede9,2024-05,Durham Constabulary,Durham Constabulary,-1.725108,54.860290,On or near Sabin Court,E01020624,County Durham 009A,Violence and sexual offences,Unable to prosecute suspect,
453a767a9593122e2f1132e310614fe63f7370f1fc95f54d14ca327eb1573c75,2024-05,Durham Constabulary,Durham Constabulary,-1.731370,54.857931,On or near South View Gardens,E01020624,County Durham 009A,Violence and sexual offences,Under investigation,
194f92eaca4bf707f224f39bc65e5da8ee02f496fa961683963aa49e9542cb2b,2024-05,Durham Constabulary,Durham Constabulary,-1.726413,54.858558,On or near Shieldrow Lane,E01020624,County Durham 009A,Other crime,Investigation complete; no suspect identified,
fbd3f339892b4a508344156d0cdd370847d5310e2e11cac265ed985bc7db7c53,2024-05,Durham Constabulary,Durham Constabulary,-1.725108,54.860290,On or near Sabin Court,E01020624,County Durham 009A,Other crime,Unable to prosecute suspect,
,2024-05,Durham Constabulary,Durham Constabulary,-1.738002,54.858539,On or near Front Street,E01020625,County Durham 009B,Anti-social behaviour,,
,2024-05,Durham Constabulary,Durham Constabulary,-1.736696,54.860567,On or near Stanhope Gardens,E01020625,County Durham 009B,Anti-social behaviour,,
,2024-05,Durham Constabulary,Durham Constabulary,-1.736893,54.856622,On or near Supermarket,E01020625,County Durham 009B,Anti-social behaviour,,
09d0098d2578e9cbde99ed73b4b832e3bbf09c95d3d7fbd54abd97e696cea5bf,2024-05,Durham Constabulary,Durham Constabulary,-1.745428,54.851806,On or near Parkhead,E01020625,County Durham 009B,Burglary,Investigation complete; no suspect identified,
bf6078469850c0e0da71a6b246b73621b64aeb04c4c6ec40dbe6534e7ba4d952,2024-05,Durham Constabulary,Durham Constabulary,-1.748571,54.857402,On or near Ambrose Court,E01020625,County Durham 009B,Criminal damage and arson,Investigation complete; no suspect identified,
609631f2bb3c35adb21e41fdbd02f6e28e64f5eba666ddd35ceec2fad308d938,2024-05,Durham Constabulary,Durham Constabulary,-1.736215,54.855578,On or near Park Close,E01020625,County Durham 009B,Criminal damage and arson,Unable to prosecute suspect,
88b0bcb024530bbd0d923dfbc48847784fcf719aeca059bc3a654615fcd2fa9f,2024-05,Durham Constabulary,Durham Constabulary,-1.734387,54.856356,On or near New Durham Road,E01020625,County Durham 009B,Criminal damage and arson,Unable to prosecute suspect,
bf20bc4bc32026eaf61c0d289b7d21860adb895304af0c37cab0012cfde14873,2024-05,Durham Constabulary,Durham Constabulary,-1.736215,54.855578,On or near Park Close,E01020625,County Durham 009B,Drugs,Further investigation is not in the public interest,
e43dd6b9707bd478faca2686f1b1667c9121099e90d726edb1aa382103e7b647,2024-05,Durham Constabulary,Durham Constabulary,-1.750746,54.858368,On or near West Road,E01020625,County Durham 009B,Other theft,Unable to prosecute suspect,
580ef38bf646e0b5e0224f9c27145dac53ac1d72aaf270cc3875a40e3a9f85b6,2024-05,Durham Constabulary,Durham Constabulary,-1.736893,54.856622,On or near Supermarket,E01020625,County Durham 009B,Other theft,Investigation complete; no suspect identified,
e8768ae5e8acf057f3359eb90f63553e21ec4ca650fe32cfba763afb15b8a36e,2024-05,Durham Constabulary,Durham Constabulary,-1.750746,54.858368,On or near West Road,E01020625,County Durham 009B,Other theft,Investigation complete; no suspect identified,
34484788e61966d763e0a2a2f0c591233a9e838d71aae02c75d1b34b082497d3,2024-05,Durham Constabulary,Durham Constabulary,-1.750315,54.857459,On or near Croft Close,E01020625,County Durham 009B,Possession of weapons,Further investigation is not in the public interest,
bd3d9a9be0747955b4b593deded1ce1e1bf0c6e308a7f7015fa79e9725ac3c0f,2024-05,Durham Constabulary,Durham Constabulary,-1.733287,54.853038,On or near Petrol Station,E01020625,County Durham 009B,Public order,Unable to prosecute suspect,
12006150c541c7c30b14df4b3bf43ad5e68aa35c56f4ad5f6d996d8aa6a92b73,2024-05,Durham Constabulary,Durham Constabulary,-1.750746,54.858368,On or near West Road,E01020625,County Durham 009B,Public order,Investigation complete; no suspect identified,
83d5d4373afa85f9ce558a518bf4a196c5bfd3f53bcdf55f3e5920f9ec18cad9,2024-05,Durham Constabulary,Durham Constabulary,-1.736893,54.856622,On or near Supermarket,E01020625,County Durham 009B,Shoplifting,Investigation complete; no suspect identified,
b920c3866a746d5f93fe6ff57c3b264722d6bfdf76644924dc681958e51e06f9,2024-05,Durham Constabulary,Durham Constabulary,-1.736893,54.856622,On or near Supermarket,E01020625,County Durham 009B,Shoplifting,Formal action is not in the public interest,
539853bd803b05440374d1699a6a87b9da837466924ebb8bc9254697b055d54f,2024-05,Durham Constabulary,Durham Constabulary,-1.736893,54.856622,On or near Supermarket,E01020625,County Durham 009B,Shoplifting,Investigation complete; no suspect identified,
fa22aa65522902a3d9150cddac801591dbcc8240218a25e2529231fe41b4b6bd,2024-05,Durham Constabulary,Durham Constabulary,-1.736893,54.856622,On or near Supermarket,E01020625,County Durham 009B,Shoplifting,Investigation complete; no suspect identified,
d71a9329bf553035a4f922b16c2734aa4e5c6a1da3e595725a08190ebb511514,2024-05,Durham Constabulary,Durham Constabulary,-1.738002,54.858539,On or near Front Street,E01020625,County Durham 009B,Violence and sexual offences,Further investigation is not in the public interest,
1a8d2a72181d5e0db9e03c23b46a3266aa3515576e46b214bbfd3e50aee84c8d,2024-05,Durham Constabulary,Durham Constabulary,-1.750746,54.858368,On or near West Road,E01020625,County Durham 009B,Violence and sexual offences,Action to be taken by another organisation,
57a51cf4345c070ed7d58866178421c7a3abd7ccacc27e6ea9f12b43ff3456d9,2024-05,Durham Constabulary,Durham Constabulary,-1.738002,54.858539,On or near Front Street,E01020625,County Durham 009B,Violence and sexual offences,Unable to prosecute suspect,
be924ea9e3b6b9aa29bc4cb8de8acd82b65845799ce10ac7f50d560fb90573ce,2024-05,Durham Constabulary,Durham Constabulary,-1.736215,54.855578,On or near Park Close,E01020625,County Durham 009B,Violence and sexual offences,Unable to prosecute suspect,
c0ebadd9487a6f5bdd8ad697b0d7a3d062c70e021dc7968747ea74d306a329fb,2024-05,Durham Constabulary,Durham Constabulary,-1.734334,54.857390,On or near Railway Street,E01020625,County Durham 009B,Violence and sexual offences,Unable to prosecute suspect,
082ca8a66103db2c95745e18c355e38f30aeb95ad4502a82fc708d9878ad68ef,2024-05,Durham Constabulary,Durham Constabulary,-1.737958,54.855726,On or near St Aidan'S Crescent,E01020625,County Durham 009B,Violence and sexual offences,Investigation complete; no suspect identified,
004f1dd48534efb1b6363c7b790cf6414b9541308fd33b7e75971541563a06d7,2024-05,Durham Constabulary,Durham Constabulary,-1.736670,54.857484,On or near Station Road,E01020625,County Durham 009B,Violence and sexual offences,Unable to prosecute suspect,
efc83d45e585213ddacb1a297e1a595010f5571a7d25ed92f9eeef07a131e74d,2024-05,Durham Constabulary,Durham Constabulary,-1.750746,54.858368,On or near West Road,E01020625,County Durham 009B,Violence and sexual offences,Awaiting court outcome,
e9a0435674242bc238435bea687a2200f67658301b43f8d648ebfa664306362b,2024-05,Durham Constabulary,Durham Constabulary,-1.736696,54.860567,On or near Stanhope Gardens,E01020625,County Durham 009B,Other crime,Action to be taken by another organisation,
8d7eb76b9c4d8fa42fe64131ff4a6447b81e6a41d23bb67372d62a1ed54d8fc0,2024-05,Durham Constabulary,Durham Constabulary,-1.738002,54.858539,On or near Front Street,E01020625,County Durham 009B,Other crime,Unable to prosecute suspect,
ae4f813b6c3c32dd7d8dcce06a59027b44d8090a4334c0b93fa363a59b4961b1,2024-05,Durham Constabulary,Durham Constabulary,-1.707111,54.865127,On or near Percy Street,E01020670,County Durham 009C,Criminal damage and arson,Investigation complete; no suspect identified,
c47a8eeb6eec86a46a13b75754194405fa3c7b37fa51da49359abaf4d587da40,2024-05,Durham Constabulary,Durham Constabulary,-1.707628,54.866926,On or near Coniscliffe Road,E01020670,County Durham 009C,Criminal damage and arson,Investigation complete; no suspect identified,
efee403f06ac4ffbabe00bc01556b80f4767cae3c510036e97849514858f10ec,2024-05,Durham Constabulary,Durham Constabulary,-1.704457,54.865894,On or near Westfields,E01020670,County Durham 009C,Criminal damage and arson,Investigation complete; no suspect identified,
c25bc29b1c6efa018ad3304f2e6684354aa295e5a061df8a75397f6975d7f950,2024-05,Durham Constabulary,Durham Constabulary,-1.708197,54.865813,On or near Palmer Street,E01020670,County Durham 009C,Criminal damage and arson,Investigation complete; no suspect identified,
fb7215f38d32f17fbf40a010ac3e6d2c17b1f43870472bcb198081f6d94e2398,2024-05,Durham Constabulary,Durham Constabulary,-1.703875,54.862378,On or near South Field Court,E01020670,County Durham 009C,Criminal damage and arson,Investigation complete; no suspect identified,
028dfc42784def9eb8bc6c6a63f75a58ef1837663a04b619470be7c94f7c345c,2024-05,Durham Constabulary,Durham Constabulary,-1.696522,54.860329,On or near Thames Crescent,E01020670,County Durham 009C,Criminal damage and arson,Investigation complete; no suspect identified,
6ecfbd89dbaa5f315f28858edccd2e15b66eab611ebc6ba1c571e4ec1f6a69dd,2024-05,Durham Constabulary,Durham Constabulary,-1.696522,54.860329,On or near Thames Crescent,E01020670,County Durham 009C,Other theft,Investigation complete; no suspect identified,
6729778329a11f62ff0994ca9bf7e3ba6c559434e0cae5f37d70a3ee6f5287a9,2024-05,Durham Constabulary,Durham Constabulary,-1.708197,54.865813,On or near Palmer Street,E01020670,County Durham 009C,Public order,Unable to prosecute suspect,
e8e84c3c33ceb0bdf52d202fcaf7f6fb859275bfd2c0124222a3b4f29372e9fb,2024-05,Durham Constabulary,Durham Constabulary,-1.707822,54.865902,On or near Geoffrey Terrace,E01020670,County Durham 009C,Shoplifting,Investigation complete; no suspect identified,
b306b56cc8b4cb5348b2ae4ada6bbd27c3e7bdd2abceed19610642b138e6c35e,2024-05,Durham Constabulary,Durham Constabulary,-1.707624,54.867474,On or near Lyndhurst Road,E01020670,County Durham 009C,Violence and sexual offences,Unable to prosecute suspect,
b66c2a0bb4ec227323848779a45f977823e738e0bd754a0edb2bb2b7d87fb940,2024-05,Durham Constabulary,Durham Constabulary,-1.707822,54.865902,On or near Geoffrey Terrace,E01020670,County Durham 009C,Violence and sexual offences,Unable to prosecute suspect,
906a61ee27337bf92e6c3eebf9c89107b31b3580d22a1da8f5ca2de306ad5e79,2024-05,Durham Constabulary,Durham Constabulary,-1.708197,54.865813,On or near Palmer Street,E01020670,County Durham 009C,Violence and sexual offences,Unable to prosecute suspect,
96a7b6945dc6699a4521fee26f18b1747fa0c90be442c3aa24bb8423c86eb746,2024-05,Durham Constabulary,Durham Constabulary,-1.709861,54.866203,On or near Mandela Close,E01020670,County Durham 009C,Other crime,Under investigation,
669d69ec2dbf59aec25de3493711c81a07039cc9b6a20b4005bbcd3c2d78724e,2024-05,Durham Constabulary,Durham Constabulary,-1.709861,54.866203,On or near Mandela Close,E01020670,County Durham 009C,Other crime,Under investigation,
,2024-05,Durham Constabulary,Durham Constabulary,-1.705370,54.862427,On or near Moore Street,E01020671,County Durham 009D,Anti-social behaviour,,
,2024-05,Durham Constabulary,Durham Constabulary,-1.705889,54.863965,On or near Gale Street,E01020671,County Durham 009D,Anti-social behaviour,,
,2024-05,Durham Constabulary,Durham Constabulary,-1.705370,54.862427,On or near Moore Street,E01020671,County Durham 009D,Anti-social behaviour,,
,2024-05,Durham Constabulary,Durham Constabulary,-1.708375,54.860520,On or near William Street,E01020671,County Durham 009D,Anti-social behaviour,,
,2024-05,Durham Constabulary,Durham Constabulary,-1.705370,54.862427,On or near Moore Street,E01020671,County Durham 009D,Anti-social behaviour,,
,2024-05,Durham Constabulary,Durham Constabulary,-1.706272,54.862645,On or near Park Road,E01020671,County Durham 009D,Anti-social behaviour,,
b08a8a96a1b2eba1a77aa33f2515f19d04962eb33f145c4653ad8fa4a0ee50b3,2024-05,Durham Constabulary,Durham Constabulary,-1.705370,54.862427,On or near Moore Street,E01020671,County Durham 009D,Burglary,Investigation complete; no suspect identified,
d64edf6c408c69cdb61acddae4ce26804a1421636ce1ac3e4e986d29b6eefec0,2024-05,Durham Constabulary,Durham Constabulary,-1.705370,54.862427,On or near Moore Street,E01020671,County Durham 009D,Criminal damage and arson,Under investigation,
de4f16a66988fc81608606e373a1038e0846ce73ebced7a24723108594077dfe,2024-05,Durham Constabulary,Durham Constabulary,-1.705370,54.862427,On or near Moore Street,E01020671,County Durham 009D,Criminal damage and arson,Investigation complete; no suspect identified,
2b7c84432d4aa4b2d4ee6f5a119b0c2f2e9ea570a37fa4fe54b10ec02d5fc711,2024-05,Durham Constabulary,Durham Constabulary,-1.704682,54.860673,On or near Mundell Street,E01020671,County Durham 009D,Criminal damage and arson,Offender given a caution,
35e5000eb4efed9a46ba8f21bfa91edafe6e10b3789c8fb3a58089730deeb125,2024-05,Durham Constabulary,Durham Constabulary,-1.705370,54.862427,On or near Moore Street,E01020671,County Durham 009D,Criminal damage and arson,Investigation complete; no suspect identified,
96ed33adbc338d115052011d5d3bebc4256c3a6d692b96ba089f8c97bf480127,2024-05,Durham Constabulary,Durham Constabulary,-1.705370,54.862427,On or near Moore Street,E01020671,County Durham 009D,Criminal damage and arson,Investigation complete; no suspect identified,
7a8f57e5f057ae7b29748018a51e7644075ca4fc753742620af0426db2a9ea9b,2024-05,Durham Constabulary,Durham Constabulary,-1.707753,54.862496,On or near School Lane,E01020671,County Durham 009D,Criminal damage and arson,Investigation complete; no suspect identified,
2f557da878983d28e02f2e9732731b7b14dce3a4006029f5ddcbd5a1bafb4c4a,2024-05,Durham Constabulary,Durham Constabulary,-1.707753,54.862496,On or near School Lane,E01020671,County Durham 009D,Criminal damage and arson,Investigation complete; no suspect identified,
2ada15d3bce1238ce8f7c4a914d77e835e182426665f40ddf0eddcff521c89bb,2024-05,Durham Constabulary,Durham Constabulary,-1.706272,54.862645,On or near Park Road,E01020671,County Durham 009D,Public order,Unable to prosecute suspect,
0b43a416535e9dbb77f32fb60d8d7a606dd2d909619941e388c9c0cfe9a5cf23,2024-05,Durham Constabulary,Durham Constabulary,-1.706063,54.861440,On or near Parking Area,E01020671,County Durham 009D,Shoplifting,Unable to prosecute suspect,
2ef791e49cfe5effc9f2cd2bb14b12a36e19bbdefa4c7c56fa0303babcd59515,2024-05,Durham Constabulary,Durham Constabulary,-1.704682,54.860673,On or near Mundell Street,E01020671,County Durham 009D,Shoplifting,Investigation complete; no suspect identified,
5a490d91cea85110d83b1c0ccbeafc8c67a9456451cd8f9f24ff72f658517cb5,2024-05,Durham Constabulary,Durham Constabulary,-1.704682,54.860673,On or near Mundell Street,E01020671,County Durham 009D,Shoplifting,Investigation complete; no suspect identified,
0317bb6e7eadd486bbab3f4aac5e1b88d0c27dcb759bf7082a4ca68e445861b2,2024-05,Durham Constabulary,Durham Constabulary,-1.708783,54.862256,On or near Keswick Road,E01020671,County Durham 009D,Violence and sexual offences,Unable to prosecute suspect,
66767a345827f27d7ad89cbd347c1242a42dfcda16ecad1a50d0ba2ac79c0142,2024-05,Durham Constabulary,Durham Constabulary,-1.709126,54.860028,On or near Mitchell Street,E01020671,County Durham 009D,Violence and sexual offences,Unable to prosecute suspect,
c4333e07a9f6385a05ffbd1075c36a6e78621802be96b4e8071760bde4dc2243,2024-05,Durham Constabulary,Durham Constabulary,-1.704682,54.860673,On or near Mundell Street,E01020671,County Durham 009D,Violence and sexual offences,Investigation complete; no suspect identified,
6fb98bfcad31ba75e5a7e657aa9aa2c6e00314e5f893ba63116a4635661d866c,2024-05,Durham Constabulary,Durham Constabulary,-1.705370,54.862427,On or near Moore Street,E01020671,County Durham 009D,Violence and sexual offences,Unable to prosecute suspect,
2c9d258703661d879aee7d9c033741ac04dacc8222aa9055a88e6191646884ad,2024-05,Durham Constabulary,Durham Constabulary,-1.704682,54.860673,On or near Mundell Street,E01020671,County Durham 009D,Violence and sexual offences,Unable to prosecute suspect,
c8140c36597f071be5a037149bb5aaa634606f147b0ece5e1e672d03b51b437b,2024-05,Durham Constabulary,Durham Constabulary,-1.706870,54.861802,On or near Greenlands,E01020671,County Durham 009D,Violence and sexual offences,Unable to prosecute suspect,
288c846af79e8aa214adfe7108ef4273adc46332b900faaba852cc3cb5e9aba5,2024-05,Durham Constabulary,Durham Constabulary,-1.706870,54.861802,On or near Greenlands,E01020671,County Durham 009D,Violence and sexual offences,Unable to prosecute suspect,
2dbd137ca29b165e755daec037ffbcdf1ed092fd6f4a6933c534803ff8897446,2024-05,Durham Constabulary,Durham Constabulary,-1.707938,54.865030,On or near King Terrace,E01020671,County Durham 009D,Other crime,Unable to prosecute suspect,
,2024-05,Durham Constabulary,Durham Constabulary,-1.706450,54.857451,On or near Milkwell Close,E01020672,County Durham 009E,Anti-social behaviour,,
,2024-05,Durham Constabulary,Durham Constabulary,-1.706450,54.857451,On or near Milkwell Close,E01020672,County Durham 009E,Anti-social behaviour,,
,2024-05,Durham Constabulary,Durham Constabulary,-1.704213,54.856655,On or near South Moor Road,E01020672,County Durham 009E,Anti-social behaviour,,
,2024-05,Durham Constabulary,Durham Constabulary,-1.707619,54.859512,On or near Poplar Street,E01020672,County Durham 009E,Anti-social behaviour,,
8e916202df3afe1c554e5aeb33fab224058d13ad144e59c5e31c777d14a73c9f,2024-05,Durham Constabulary,Durham Constabulary,-1.710238,54.863120,On or near Sports/Recreation Area,E01020672,County Durham 009E,Bicycle theft,Investigation complete; no suspect identified,
487b05e64a32c06550f380d611fa1fe79da86a46f146a13ef46e0b9bc0ac30de,2024-05,Durham Constabulary,Durham Constabulary,-1.707619,54.859512,On or near Poplar Street,E01020672,County Durham 009E,Burglary,Unable to prosecute suspect,
4ac82fc59eb748d969ade0589a7dec2082c682ba45baaae73d69e7f71d2948fa,2024-05,Durham Constabulary,Durham Constabulary,-1.704213,54.856655,On or near South Moor Road,E01020672,County Durham 009E,Criminal damage and arson,Under investigation,
b5a32e9a59c9d9fe9efe8f5429122bae07e4fbc3649a43ce2392894d68d5df31,2024-05,Durham Constabulary,Durham Constabulary,-1.707619,54.859512,On or near Poplar Street,E01020672,County Durham 009E,Criminal damage and arson,Investigation complete; no suspect identified,
60c6b15838b368b401e8b9b11895afc7a6d6b190f9172d946fd47203e2ebddb3,2024-05,Durham Constabulary,Durham Constabulary,-1.699770,54.859286,On or near Hustledown Road,E01020672,County Durham 009E,Criminal damage and arson,Investigation complete; no suspect identified,
63442efc3e07084d8dd5857ebae2277a9c8ba985aa71bd9131c07728a299ba76,2024-05,Durham Constabulary,Durham Constabulary,-1.710238,54.863120,On or near Sports/Recreation Area,E01020672,County Durham 009E,Criminal damage and arson,Under investigation,
dd2ec68a70cdafa675944e91365000e8c4e930c76157d1bf76e78794bebeaa36,2024-05,Durham Constabulary,Durham Constabulary,-1.704180,54.852647,On or near The Fairways,E01020672,County Durham 009E,Criminal damage and arson,Unable to prosecute suspect,
1631861911cc3bff7ee9d0691d779434779622ed5a008086076c1cb38e328e8a,2024-05,Durham Constabulary,Durham Constabulary,-1.703782,54.860204,On or near Charlotte Street,E01020672,County Durham 009E,Criminal damage and arson,Unable to prosecute suspect,
805dc58384d59553cce85ed0772f24ddab481fb534edc7f92989e8b86c06bb3c,2024-05,Durham Constabulary,Durham Constabulary,-1.705212,54.858509,On or near Maple Gardens,E01020672,County Durham 009E,Criminal damage and arson,Investigation complete; no suspect identified,
5ac75062466381688a8f9b1031a609c332719cede745c39b2a0b815fdf1c95b2,2024-05,Durham Constabulary,Durham Constabulary,-1.707619,54.859512,On or near Poplar Street,E01020672,County Durham 009E,Criminal damage and arson,Investigation complete; no suspect identified,
4158532707505b5887940485e2d077f45360ac4e3b7d4f714a150c6d90b2486c,2024-05,Durham Constabulary,Durham Constabulary,-1.710238,54.863120,On or near Sports/Recreation Area,E01020672,County Durham 009E,Other theft,Investigation complete; no suspect identified,
924bd9079cc94a1654eec9770624bfabef259cfe57159a2ba154c2599bd05eab,2024-05,Durham Constabulary,Durham Constabulary,-1.732705,54.851590,On or near A6076,E01020672,County Durham 009E,Public order,Investigation complete; no suspect identified,
d64d1381d74e0e127ac9dd1628e122f1e11d146bc9d9f0246e054a4d2ea18d9f,2024-05,Durham Constabulary,Durham Constabulary,-1.703290,54.859286,On or near Holyoake,E01020672,County Durham 009E,Violence and sexual offences,Further investigation is not in the public interest,
69b60119704972b6f1812886b484c6221e8e992f3d5140f05d24aa226b3f3b2f,2024-05,Durham Constabulary,Durham Constabulary,-1.706489,54.856445,On or near Potterburn Close,E01020672,County Durham 009E,Violence and sexual offences,Local resolution,
a54cea64899028ed3f97af7935eb1be7977de836a00d0d8e4a89db56a4e3a2f9,2024-05,Durham Constabulary,Durham Constabulary,-1.703290,54.859286,On or near Holyoake,E01020672,County Durham 009E,Violence and sexual offences,Unable to prosecute suspect,
ec8b53ab2fac8413418b065453bfd609bf774bfad033bf831f04da1433e2d93c,2024-05,Durham Constabulary,Durham Constabulary,-1.703782,54.860204,On or near Charlotte Street,E01020672,County Durham 009E,Violence and sexual offences,Awaiting court outcome,
a5dbd72b6d1bf574b78a2687e546091169e9190560ad7c689d13ffdb530d8379,2024-05,Durham Constabulary,Durham Constabulary,-1.706878,54.853496,On or near Sports/Recreation Area,E01020672,County Durham 009E,Violence and sexual offences,Local resolution,
d940d4b332e5b1bcae549a32aba11c20b2e7d1fce68ad91fec4d3ef0d8462d42,2024-05,Durham Constabulary,Durham Constabulary,-1.705535,54.859085,On or near Maple Street,E01020672,County Durham 009E,Violence and sexual offences,Investigation complete; no suspect identified,
1cf10e986074b6b2cbd19a25e354e8ee0adccb35b13311b2a00706a1e2e53197,2024-05,Durham Constabulary,Durham Constabulary,-1.703709,54.855279,On or near Muriel Street,E01020672,County Durham 009E,Violence and sexual offences,Unable to prosecute suspect,
cc1834ca3c30fb26c9af1c066639a76c8bf474acc502f620cb0489b03d9fb616,2024-05,Durham Constabulary,Durham Constabulary,-1.705535,54.859085,On or near Maple Street,E01020672,County Durham 009E,Violence and sexual offences,Unable to prosecute suspect,
c328388e6f7645c8732da7b4a5d63b69d0c85ad90c969680a9277f3a0abee778,2024-05,Durham Constabulary,Durham Constabulary,-1.704998,54.853593,On or near Greenhills,E01020672,County Durham 009E,Violence and sexual offences,Unable to prosecute suspect,
,2024-05,Durham Constabulary,Durham Constabulary,-1.846938,54.862130,On or near John Street,E01020632,County Durham 010A,Anti-social behaviour,,
,2024-05,Durham Constabulary,Durham Constabulary,-1.847403,54.862580,On or near George Street,E01020632,County Durham 010A,Anti-social behaviour,,
188090a7492751455c189ea1ee76975920e30b721ba5ca2fd4fe119428edc417,2024-05,Durham Constabulary,Durham Constabulary,-1.848049,54.860784,On or near Parking Area,E01020632,County Durham 010A,Burglary,Awaiting court outcome,
9f67bb30f761385b525bcd4ee94edb13b1e897c286aa0ad4d98604f4dc12e2ce,2024-05,Durham Constabulary,Durham Constabulary,-1.847403,54.862580,On or near George Street,E01020632,County Durham 010A,Criminal damage and arson,Investigation complete; no suspect identified,
bd539da7e72b9294fb0121fea7d4746c64e28d558d89f97c410483cdae1224b5,2024-05,Durham Constabulary,Durham Constabulary,-1.846938,54.862130,On or near John Street,E01020632,County Durham 010A,Criminal damage and arson,Investigation complete; no suspect identified,
878d4942c563ec6fd11a94afb356930359a4365c3f4bc1c61609251830a88a61,2024-05,Durham Constabulary,Durham Constabulary,-1.845757,54.861212,On or near Market Street,E01020632,County Durham 010A,Public order,Investigation complete; no suspect identified,
d49b67410179a37b711ae40218cd436739d51b180c4cf780b6c82c3acb7288da,2024-05,Durham Constabulary,Durham Constabulary,-1.847846,54.860954,On or near Silver Street,E01020632,County Durham 010A,Vehicle crime,Investigation complete; no suspect identified,
75c2697b41bd6daa79308267a7e8129acd0b8e8e6f4ad261814a1aabb7c5eb36,2024-05,Durham Constabulary,Durham Constabulary,-1.847403,54.862580,On or near George Street,E01020632,County Durham 010A,Violence and sexual offences,Action to be taken by another organisation,
fa7d0271251378bed47f61cb39f745bdf23229a7aa36439d33b0c7f4facf2571,2024-05,Durham Constabulary,Durham Constabulary,-1.844102,54.858191,On or near Cort Street,E01020632,County Durham 010A,Violence and sexual offences,Unable to prosecute suspect,
0cedbce1ac589eb4dc3a220ff37bd8c95178fe9d5141f910cfcde83c027d4d10,2024-05,Durham Constabulary,Durham Constabulary,-1.846938,54.862130,On or near John Street,E01020632,County Durham 010A,Violence and sexual offences,Unable to prosecute suspect,
5d14a97d7034cb0f547a87d6e0acf9bd41afd1a57551f20c18b2f26194a1404e,2024-05,Durham Constabulary,Durham Constabulary,-1.846955,54.861717,On or near Thomas Street,E01020632,County Durham 010A,Violence and sexual offences,Action to be taken by another organisation,
7f5a8eef614ac2ad36d5058af1e3ecbd36cf7e816cb5ca7139898b11e70abc05,2024-05,Durham Constabulary,Durham Constabulary,-1.846338,54.860207,On or near Derwent Mews,E01020632,County Durham 010A,Violence and sexual offences,Unable to prosecute suspect,
ab7053250f3da5aeb5dc318988d12c9c62bd8fcf0fd6e511ca48f2597b29e87c,2024-05,Durham Constabulary,Durham Constabulary,-1.847403,54.862580,On or near George Street,E01020632,County Durham 010A,Violence and sexual offences,Action to be taken by another organisation,
,2024-05,Durham Constabulary,Durham Constabulary,-1.831844,54.851157,On or near Shopping Area,E01020640,County Durham 010B,Anti-social behaviour,,
,2024-05,Durham Constabulary,Durham Constabulary,-1.826041,54.849027,On or near Boyd Street,E01020640,County Durham 010B,Anti-social behaviour,,
,2024-05,Durham Constabulary,Durham Constabulary,-1.832388,54.850645,On or near Back Palmerston Street,E01020640,County Durham 010B,Anti-social behaviour,,
,2024-05,Durham Constabulary,Durham Constabulary,-1.830782,54.847291,On or near Mickleton Close,E01020640,County Durham 010B,Anti-social behaviour,,
,2024-05,Durham Constabulary,Durham Constabulary,-1.829707,54.851234,On or near Back East Parade,E01020640,County Durham 010B,Anti-social behaviour,,
,2024-05,Durham Constabulary,Durham Constabulary,-1.832388,54.850645,On or near Back Palmerston Street,E01020640,County Durham 010B,Anti-social behaviour,,
e6d683f13d3e54ddc582be0bcffb85e3cc1ae8be9b5b21c7d804d37bf3293bea,2024-05,Durham Constabulary,Durham Constabulary,-1.831896,54.849197,On or near Temple Forge Mews,E01020640,County Durham 010B,Criminal damage and arson,Further investigation is not in the public interest,
bbe8b0f4dcd366cd34dcca252dbce7a0c1710cb17e8492a6b4198f40176e7756,2024-05,Durham Constabulary,Durham Constabulary,-1.831844,54.851157,On or near Shopping Area,E01020640,County Durham 010B,Criminal damage and arson,Unable to prosecute suspect,
b31daf34f592ec2f7117cb60fe0071857dcca8ce8d0f9563d47e72bf8249b22f,2024-05,Durham Constabulary,Durham Constabulary,-1.828798,54.852410,On or near Parking Area,E01020640,County Durham 010B,Other theft,Investigation complete; no suspect identified,
7fea08bea79af57ada8ef246366dbc2a42082e9a92f7072bb9f296ccd8d278a1,2024-05,Durham Constabulary,Durham Constabulary,-1.834722,54.848205,On or near Shopping Area,E01020640,County Durham 010B,Other theft,Investigation complete; no suspect identified,
3af23ae69e8bca80735a695133192aa0ca9915ab3fe6ee5e60cb7d83bce9c99e,2024-05,Durham Constabulary,Durham Constabulary,-1.834722,54.848205,On or near Shopping Area,E01020640,County Durham 010B,Other theft,Investigation complete; no suspect identified,
b248526b1838ced2923deaaf0ee04fbed3cfc6b117065543cc6769833e6d8863,2024-05,Durham Constabulary,Durham Constabulary,-1.832388,54.850645,On or near Back Palmerston Street,E01020640,County Durham 010B,Other theft,Investigation complete; no suspect identified,
09324b24bee10b76e95943a4bea81d16ba5e49ac60895e5bb290b87cfd197137,2024-05,Durham Constabulary,Durham Constabulary,-1.829146,54.851188,On or near East Parade,E01020640,County Durham 010B,Public order,Investigation complete; no suspect identified,
a7f546683bb2c7fc3fce06930b09bd69452a26416a1f2774d626bca8f32279f9,2024-05,Durham Constabulary,Durham Constabulary,-1.831082,54.850158,On or near Rosebery Terrace,E01020640,County Durham 010B,Public order,Unable to prosecute suspect,
a76dfc720123aa54b1c3b81747c0f8da431994b96784eb9ad9fa7b706b4203c3,2024-05,Durham Constabulary,Durham Constabulary,-1.827340,54.851159,On or near Rotary Way,E01020640,County Durham 010B,Public order,Unable to prosecute suspect,
e963ab6b19fa5729e9ab07f6c93fd66e2090e4e02baffade4eadd8c255fcf2e3,2024-05,Durham Constabulary,Durham Constabulary,-1.826790,54.847840,On or near Supermarket,E01020640,County Durham 010B,Public order,Under investigation,
ded82cac91cfdbb0073145b4981aba5640b58b4c3a8ab019ec03abdbaefa1abf,2024-05,Durham Constabulary,Durham Constabulary,-1.826790,54.847840,On or near Supermarket,E01020640,County Durham 010B,Shoplifting,Unable to prosecute suspect,
afb5c3106a5d8b5fba324975b9ab48c9802fe578a7897958f4eaf927f21806e3,2024-05,Durham Constabulary,Durham Constabulary,-1.834722,54.848205,On or near Shopping Area,E01020640,County Durham 010B,Shoplifting,Investigation complete; no suspect identified,
408f7111306b09b9ad67655d6cc3639315d003b8ace7ea50664cc9bcae997a7d,2024-05,Durham Constabulary,Durham Constabulary,-1.826041,54.849027,On or near Boyd Street,E01020640,County Durham 010B,Shoplifting,Investigation complete; no suspect identified,
0e54edc1de94777f66beec52fda7224c31a42835bd6773ebda16947bfccf9d7b,2024-05,Durham Constabulary,Durham Constabulary,-1.826041,54.849027,On or near Boyd Street,E01020640,County Durham 010B,Shoplifting,Under investigation,
b61d081402014d748966383a29e83547bb2f8d599a0ab87a1c9be41950f1eefb,2024-05,Durham Constabulary,Durham Constabulary,-1.826041,54.849027,On or near Boyd Street,E01020640,County Durham 010B,Shoplifting,Awaiting court outcome,
dc6a88359d1f5c869aec130fa8bc9ca3e1fd60cf132fb62bb818d69b62b5ad7f,2024-05,Durham Constabulary,Durham Constabulary,-1.831082,54.850158,On or near Rosebery Terrace,E01020640,County Durham 010B,Violence and sexual offences,Unable to prosecute suspect,
8049558d3b4817ea8e96c8df627d05b143b8f1c6e9ef4573fdeb99241f29b1eb,2024-05,Durham Constabulary,Durham Constabulary,-1.831844,54.851157,On or near Shopping Area,E01020640,County Durham 010B,Violence and sexual offences,Awaiting court outcome,
547f6fe6f3ce840208f3c11cb4a708caf13e491bc86d398b758f8e553451fd9e,2024-05,Durham Constabulary,Durham Constabulary,-1.832388,54.850645,On or near Back Palmerston Street,E01020640,County Durham 010B,Violence and sexual offences,Local resolution,
6bb25342ca913bdd8e9e4329e2516cfdb7ab94baf0738a276d39cdad9e331c6b,2024-05,Durham Constabulary,Durham Constabulary,-1.831844,54.851157,On or near Shopping Area,E01020640,County Durham 010B,Violence and sexual offences,Awaiting court outcome,
c8b30822cf0453bfc3434f27ed722c6c9a0347d68107555b5607b5ee88bb92f2,2024-05,Durham Constabulary,Durham Constabulary,-1.829707,54.851234,On or near Back East Parade,E01020640,County Durham 010B,Violence and sexual offences,Offender given a caution,
6710663f6a0cb3bb745c17a72f94b3fabe5cc7bf75686c90426a73ec076fdf9d,2024-05,Durham Constabulary,Durham Constabulary,-1.831082,54.850158,On or near Rosebery Terrace,E01020640,County Durham 010B,Violence and sexual offences,Unable to prosecute suspect,
65aa7dab81d2026c679a7298840c4c57ab78f9ebdfa85ab7d3c0278326b2f3d0,2024-05,Durham Constabulary,Durham Constabulary,-1.831844,54.851157,On or near Shopping Area,E01020640,County Durham 010B,Violence and sexual offences,Unable to prosecute suspect,
ccc43c86e11320a3ab20404a9b0ba56fea1eab7e12b2d4bb4bd0822be1e615e1,2024-05,Durham Constabulary,Durham Constabulary,-1.832296,54.850240,On or near Palmerston Street,E01020640,County Durham 010B,Violence and sexual offences,Unable to prosecute suspect,
eefeb26c0bc55dace53fa7f5832411a5e11e57c76c8f15600cb40accc7885f2f,2024-05,Durham Constabulary,Durham Constabulary,-1.831082,54.850158,On or near Rosebery Terrace,E01020640,County Durham 010B,Violence and sexual offences,Unable to prosecute suspect,
1fcafc8542e729301730365fd17dd76c63b1280cfb88847be3c001f2c66aa1a3,2024-05,Durham Constabulary,Durham Constabulary,-1.833983,54.845318,On or near The Chequers,E01020640,County Durham 010B,Violence and sexual offences,Unable to prosecute suspect,
6533e91f5f11eaae7a5fa2180af70ea0975597b89b198aee22692dd9a74e75be,2024-05,Durham Constabulary,Durham Constabulary,-1.831844,54.851157,On or near Shopping Area,E01020640,County Durham 010B,Violence and sexual offences,Under investigation,
ea3b365b3043a1b11959fd42ced1f2760b118486c5dbfbaa3eb0f5af9567a4af,2024-05,Durham Constabulary,Durham Constabulary,-1.828798,54.852410,On or near Parking Area,E01020640,County Durham 010B,Violence and sexual offences,Unable to prosecute suspect,
7c63c6dd71e3f96b624dd3c7483686d2c2ec16c6339ac43b13bb9ee7237e12c3,2024-05,Durham Constabulary,Durham Constabulary,-1.829707,54.851234,On or near Back East Parade,E01020640,County Durham 010B,Violence and sexual offences,Offender given a caution,
e152da4073ca78b4d335290649e73b79199651cf1117851fabd9c19786b6ef31,2024-05,Durham Constabulary,Durham Constabulary,-1.829707,54.851234,On or near Back East Parade,E01020640,County Durham 010B,Violence and sexual offences,Offender given a caution,
0bc607df6bf395dc3e9a698c7cfe38411ed01f2e18bc1aada254d48ec8ec9535,2024-05,Durham Constabulary,Durham Constabulary,-1.831082,54.850158,On or near Rosebery Terrace,E01020640,County Durham 010B,Violence and sexual offences,Unable to prosecute suspect,
a9c34ba83062d99437b019c3df7616184c7db078a5f9df74bab9eef2661bc0e2,2024-05,Durham Constabulary,Durham Constabulary,-1.832388,54.850645,On or near Back Palmerston Street,E01020640,County Durham 010B,Violence and sexual offences,Investigation complete; no suspect identified,
05b95b31b0071303d62fb9a3918d2323760a75493ea9f2a3f78ca2dc16791cde,2024-05,Durham Constabulary,Durham Constabulary,-1.829707,54.851234,On or near Back East Parade,E01020640,County Durham 010B,Violence and sexual offences,Offender given a caution,
d8e648f6abc56c99c9ef9bbd36c5da6db41974c258a57f5d6c2153e0e15a73b6,2024-05,Durham Constabulary,Durham Constabulary,-1.835165,54.849525,On or near Supermarket,E01020640,County Durham 010B,Violence and sexual offences,Awaiting court outcome,
2d663b897d7c07ddfeafeb8f77c6512dfcd58944cf5c1d1ce2e15d004a42fb11,2024-05,Durham Constabulary,Durham Constabulary,-1.829707,54.851234,On or near Back East Parade,E01020640,County Durham 010B,Violence and sexual offences,Unable to prosecute suspect,
d934c93c95f7e69016cf7cdcf26ac7008a7cf4b74f8049343a3c25fb49d48b5b,2024-05,Durham Constabulary,Durham Constabulary,-1.833983,54.845318,On or near The Chequers,E01020640,County Durham 010B,Violence and sexual offences,Unable to prosecute suspect,
5a5406add0d8fec5d77423c10d220d59bd5056d2b68e8fbdcd2cd9bfc29ff2e9,2024-05,Durham Constabulary,Durham Constabulary,-1.827340,54.851159,On or near Rotary Way,E01020640,County Durham 010B,Violence and sexual offences,Offender given a caution,
232e3228fa2627c3d1e7af6fdb54b99f4319638b8dc7fd553e2b69e317943d87,2024-05,Durham Constabulary,Durham Constabulary,-1.829146,54.851188,On or near East Parade,E01020640,County Durham 010B,Violence and sexual offences,Unable to prosecute suspect,
b98de45de9d440b0bb772bbd0a236308b1d1dc1978506b34e95053e9c22d9ec5,2024-05,Durham Constabulary,Durham Constabulary,-1.829707,54.851234,On or near Back East Parade,E01020640,County Durham 010B,Violence and sexual offences,Unable to prosecute suspect,
25fe4966eb1b9187ef1bad74982b4b3b208959e7b59d60c65d439b9f6f72be51,2024-05,Durham Constabulary,Durham Constabulary,-1.822326,54.854387,On or near Crookhall Road,E01020640,County Durham 010B,Violence and sexual offences,Under investigation,
3e441ee09af317413c2797dfd2f0131d46271b9d057d571a2b406b34902d33f5,2024-05,Durham Constabulary,Durham Constabulary,-1.822291,54.855177,On or near Rolling Mill,E01020640,County Durham 010B,Other crime,Investigation complete; no suspect identified,
,2024-05,Durham Constabulary,Durham Constabulary,-1.829911,54.854451,On or near Teasdale Street,E01020641,County Durham 010C,Anti-social behaviour,,
ce903b41b40d14b9e3f8d562d720b191c6ccbbe82cb89d8da356084eeef06bd5,2024-05,Durham Constabulary,Durham Constabulary,-1.827350,54.856128,On or near Ashdale Road,E01020641,County Durham 010C,Criminal damage and arson,Investigation complete; no suspect identified,
13fc8601c85790ddb5a355bc3aeab77ff4f834eb20bf7e9daacd64cfdd415c72,2024-05,Durham Constabulary,Durham Constabulary,-1.830675,54.854291,On or near Herbert Street,E01020641,County Durham 010C,Criminal damage and arson,Unable to prosecute suspect,
694fdc5470eb3a14623b90f93c528340b97d47a07efc08a4d9d666d6d4408657,2024-05,Durham Constabulary,Durham Constabulary,-1.827350,54.856128,On or near Ashdale Road,E01020641,County Durham 010C,Criminal damage and arson,Local resolution,
9e6e7ef3cca2ba75b496642ad0655e7f895114cf99cf5036730f221eacc41345,2024-05,Durham Constabulary,Durham Constabulary,-1.831811,54.858399,On or near B6308,E01020641,County Durham 010C,Drugs,Awaiting court outcome,
dd0420377e3604730d513bafb10a041196a11b2b7cc0692f6e52bc65e182e65c,2024-05,Durham Constabulary,Durham Constabulary,-1.817884,54.858559,On or near Petrol Station,E01020641,County Durham 010C,Other theft,Local resolution,
38453316c53c1f5177a783b4281871207c939aaa304560d2aff967f42f0a00dc,2024-05,Durham Constabulary,Durham Constabulary,-1.830675,54.854291,On or near Herbert Street,E01020641,County Durham 010C,Other theft,Unable to prosecute suspect,
ed3e2986697435f9167e0c81f5ea1a722082587df4a8d2e5e7d97ed52e13b9d9,2024-05,Durham Constabulary,Durham Constabulary,-1.817884,54.858559,On or near Petrol Station,E01020641,County Durham 010C,Other theft,Investigation complete; no suspect identified,
2793153221592f04e334aa2881f148832ed77812ebdc19f3ae223eea6d2bffb8,2024-05,Durham Constabulary,Durham Constabulary,-1.817884,54.858559,On or near Petrol Station,E01020641,County Durham 010C,Other theft,Investigation complete; no suspect identified,
b96d070cb6b58836ee1ef8950fe26f66a52852158cffa776a005706e5c65476f,2024-05,Durham Constabulary,Durham Constabulary,-1.824047,54.856160,On or near Beechdale Road,E01020641,County Durham 010C,Other theft,Investigation complete; no suspect identified,
6d326f61339e09f9d8509af09c687dee15f208ba022eb361baa9b3c76e1e937e,2024-05,Durham Constabulary,Durham Constabulary,-1.829168,54.857047,On or near Parking Area,E01020641,County Durham 010C,Other theft,Unable to prosecute suspect,
8c5604e734a772a95dcc2d36227b2b73606e85576fe6b478043574ff4054de6a,2024-05,Durham Constabulary,Durham Constabulary,-1.817884,54.858559,On or near Petrol Station,E01020641,County Durham 010C,Other theft,Investigation complete; no suspect identified,
b7e3fa59028736f897bde14e5cc4cd11ac3dada6dfb5b3b6558ace6d20ecf6ac,2024-05,Durham Constabulary,Durham Constabulary,-1.827350,54.856128,On or near Ashdale Road,E01020641,County Durham 010C,Violence and sexual offences,Unable to prosecute suspect,
3bc53f41ecbe4ab997265f7613409b1052ea8370e30ff495beef33d82ca5e5b9,2024-05,Durham Constabulary,Durham Constabulary,-1.827350,54.856128,On or near Ashdale Road,E01020641,County Durham 010C,Violence and sexual offences,Unable to prosecute suspect,
3dc19204fa05de0be1ef44f54bb67facecd1f54ea3a8df13a61c8e2c74dc85d9,2024-05,Durham Constabulary,Durham Constabulary,-1.829168,54.857047,On or near Parking Area,E01020641,County Durham 010C,Violence and sexual offences,Investigation complete; no suspect identified,
8903297ab2b4cf47fd926c2d6c2c8aa6af2a52594c105a494903667be54754ee,2024-05,Durham Constabulary,Durham Constabulary,-1.829168,54.857047,On or near Parking Area,E01020641,County Durham 010C,Violence and sexual offences,Under investigation,
0f6f7206ac3883e1b856f19f36d6615c5679a00055d6abc3b7c641e3a17c3172,2024-05,Durham Constabulary,Durham Constabulary,-1.824047,54.856160,On or near Beechdale Road,E01020641,County Durham 010C,Violence and sexual offences,Investigation complete; no suspect identified,
40d3fc6c35df81547a98ebc40c91ce005572bf66e841e02f8c9248504b68d82f,2024-05,Durham Constabulary,Durham Constabulary,-1.829606,54.853004,On or near Meadowsweet Close,E01020641,County Durham 010C,Violence and sexual offences,Under investigation,
7546c713c9742341c34aa3863dbf38adaf1956be6571db294923b139c88464d5,2024-05,Durham Constabulary,Durham Constabulary,-1.822022,54.856211,On or near Steading Court,E01020641,County Durham 010C,Violence and sexual offences,Unable to prosecute suspect,
67f798094f01ed60ff8888f793413b9e8eac4c6282f13bfc0ec47533c69f6396,2024-05,Durham Constabulary,Durham Constabulary,-1.828561,54.853335,On or near Rosemary Close,E01020641,County Durham 010C,Violence and sexual offences,Unable to prosecute suspect,
,2024-05,Durham Constabulary,Durham Constabulary,-1.830748,54.862909,On or near Elsdon Gardens,E01020642,County Durham 010D,Anti-social behaviour,,
7f0f43017e41f18ad40aa82f1d5484c5869dc018375c85af3eaba81d4bf2a480,2024-05,Durham Constabulary,Durham Constabulary,-1.831805,54.863431,On or near Fairways,E01020642,County Durham 010D,Burglary,Unable to prosecute suspect,
0f4dde9dd6a928f434628645c1a860f8455cd479308418dddf6e21bf39262108,2024-05,Durham Constabulary,Durham Constabulary,-1.833114,54.855885,On or near Bath Lane,E01020642,County Durham 010D,Criminal damage and arson,Unable to prosecute suspect,
5c20cfe946ab3bb78cd9413e98f59da6b4d2df377dbd857e57f7f367600362b9,2024-05,Durham Constabulary,Durham Constabulary,-1.833282,54.856721,On or near Beverley Terrace,E01020642,County Durham 010D,Criminal damage and arson,Investigation complete; no suspect identified,
1198463a5d7e6025dfd7a67ba78e6cfc04e9bf8d4836ce508ead1ba90e919c9b,2024-05,Durham Constabulary,Durham Constabulary,-1.833126,54.860423,On or near The Crescent,E01020642,County Durham 010D,Criminal damage and arson,Investigation complete; no suspect identified,
791252e468723f3a8642750363d04efe29760d857fb90a02e491ebf4be65115a,2024-05,Durham Constabulary,Durham Constabulary,-1.831805,54.863431,On or near Fairways,E01020642,County Durham 010D,Violence and sexual offences,Unable to prosecute suspect,
8258774eeb5f2ac0453041ac37fb37a002655ba545c87bda19f9b9efe899c31b,2024-05,Durham Constabulary,Durham Constabulary,-1.831453,54.862038,On or near Cyril Street,E01020642,County Durham 010D,Violence and sexual offences,Awaiting court outcome,
5d5e793db9c0b2f44318e93d936215f6a133230443a85e7d785a2cfe0904c22e,2024-05,Durham Constabulary,Durham Constabulary,-1.838657,54.860224,On or near Buckham Street,E01020642,County Durham 010D,Violence and sexual offences,Awaiting court outcome,
be4eb02eb6cefba4783c8df3b49c5f8169c122079dd96e5afc4ec3bc03bd42c6,2024-05,Durham Constabulary,Durham Constabulary,-1.831453,54.862038,On or near Cyril Street,E01020642,County Durham 010D,Violence and sexual offences,Unable to prosecute suspect,
0c020e3ea10a26ba69e67e6af356275590901f037c1f7f93f5650db16fd5a93c,2024-05,Durham Constabulary,Durham Constabulary,-1.837588,54.858944,On or near Sports/Recreation Area,E01020642,County Durham 010D,Violence and sexual offences,Unable to prosecute suspect,
338d18af72e7dc67f0e176700ae32b616baf0acb5824afd0d2ec527290c3e15b,2024-05,Durham Constabulary,Durham Constabulary,-1.833114,54.855885,On or near Bath Lane,E01020642,County Durham 010D,Violence and sexual offences,Unable to prosecute suspect,
84a78cb18d422b518a939c1bf21b9fe65f7a4da946de3c43eb0432fd02320a2e,2024-05,Durham Constabulary,Durham Constabulary,-1.830748,54.862909,On or near Elsdon Gardens,E01020642,County Durham 010D,Violence and sexual offences,Unable to prosecute suspect,
,2024-05,Durham Constabulary,Durham Constabulary,-1.832853,54.854842,On or near Green Street,E01020643,County Durham 010E,Anti-social behaviour,,
,2024-05,Durham Constabulary,Durham Constabulary,-1.838662,54.855272,On or near Shotleyfield View,E01020643,County Durham 010E,Anti-social behaviour,,
,2024-05,Durham Constabulary,Durham Constabulary,-1.833143,54.852515,On or near Mason Street,E01020643,County Durham 010E,Anti-social behaviour,,
,2024-05,Durham Constabulary,Durham Constabulary,-1.833143,54.852515,On or near Mason Street,E01020643,County Durham 010E,Anti-social behaviour,,
,2024-05,Durham Constabulary,Durham Constabulary,-1.833640,54.852974,On or near Raglan Street,E01020643,County Durham 010E,Anti-social behaviour,,
,2024-05,Durham Constabulary,Durham Constabulary,-1.837117,54.855971,On or near Queens Gate,E01020643,County Durham 010E,Anti-social behaviour,,
64cc5a636a9deee210962d278b14d9f32d2c1c15d135970004f28f626712a0ea,2024-05,Durham Constabulary,Durham Constabulary,-1.835482,54.855771,On or near Aynsley Mews,E01020643,County Durham 010E,Drugs,Unable to prosecute suspect,
2da2e30d2f8be90f698340dcdaa1113afeaa28130fc90df55dc3d8ed6df42423,2024-05,Durham Constabulary,Durham Constabulary,-1.832853,54.854842,On or near Green Street,E01020643,County Durham 010E,Drugs,Further investigation is not in the public interest,
cc07c52aac15a9dac527c5851a9bf9ec095f4afac49f6819860c18cd6ebf24a9,2024-05,Durham Constabulary,Durham Constabulary,-1.833912,54.855023,On or near Garden Place,E01020643,County Durham 010E,Other theft,Investigation complete; no suspect identified,
c79c2b26f8d8bdce2ebe237d5ba2803833a492e35e7bb73aa52e6a7c35115912,2024-05,Durham Constabulary,Durham Constabulary,-1.833640,54.852974,On or near Raglan Street,E01020643,County Durham 010E,Public order,Unable to prosecute suspect,
7df608222e7ae4a87bfab1de11aa8a8240078b6cb851979c65ba720454ef7c0c,2024-05,Durham Constabulary,Durham Constabulary,-1.835235,54.851287,On or near Alexandra Street,E01020643,County Durham 010E,Public order,Unable to prosecute suspect,
ece932f4226aa84e257a34de17d7f6db03798b7abf55a39824b55d3d7daa85be,2024-05,Durham Constabulary,Durham Constabulary,-1.833143,54.852515,On or near Mason Street,E01020643,County Durham 010E,Public order,Investigation complete; no suspect identified,
df98a280bb2a2d82d50b318ba3ec185f2a5dee3b0bfe2dcefec8418f389ea034,2024-05,Durham Constabulary,Durham Constabulary,-1.832853,54.854842,On or near Green Street,E01020643,County Durham 010E,Shoplifting,Awaiting court outcome,
cf22f19047de87977198f24746c8ab2372bb806c61a2dc1686daf1e1862d5127,2024-05,Durham Constabulary,Durham Constabulary,-1.834111,54.855787,On or near Stephen Street,E01020643,County Durham 010E,Violence and sexual offences,Unable to prosecute suspect,
b1ef7f68b12365632a35de29b80ee71e9108515efee2d3f97b54ac63e3cf53e1,2024-05,Durham Constabulary,Durham Constabulary,-1.835073,54.852850,On or near Parking Area,E01020643,County Durham 010E,Violence and sexual offences,Under investigation,
935d1c9b66c85518ea6a9022220e67439a58d4818d8845507ff81eb598c43a54,2024-05,Durham Constabulary,Durham Constabulary,-1.837117,54.855971,On or near Queens Gate,E01020643,County Durham 010E,Violence and sexual offences,Unable to prosecute suspect,
d1437b1a1032e2677183c407b8001c98b893f4072060b1b66f15b5e31b877bb3,2024-05,Durham Constabulary,Durham Constabulary,-1.838662,54.855272,On or near Shotleyfield View,E01020643,County Durham 010E,Violence and sexual offences,Unable to prosecute suspect,
e9d3cb83a2ed0b4d19b7cfd8f53df8291edd9aad6a3ce36aea1e83cfd06e405f,2024-05,Durham Constabulary,Durham Constabulary,-1.838226,54.851291,On or near Dale Court,E01020643,County Durham 010E,Violence and sexual offences,Unable to prosecute suspect,
1112cbb556536895daeb888e8e0fb3be2ceade1782e1bade6f9c076f7af56008,2024-05,Durham Constabulary,Durham Constabulary,-1.837891,54.853231,On or near Church View,E01020643,County Durham 010E,Violence and sexual offences,Under investigation,
247018344b4393fc15132e55b40747c49d679edb36d86d4b890062ee066ff50e,2024-05,Durham Constabulary,Durham Constabulary,-1.837117,54.855971,On or near Queens Gate,E01020643,County Durham 010E,Other crime,Unable to prosecute suspect,
,2024-05,Durham Constabulary,Durham Constabulary,-1.811266,54.858001,On or near Crookhall Lane,E01020667,County Durham 010F,Anti-social behaviour,,
94d9adb0ddc875dd2a6b6418eb52483c12abe05f88b5a32462ad9b98892f3bd6,2024-05,Durham Constabulary,Durham Constabulary,-1.811200,54.865333,On or near Forth Street,E01020667,County Durham 010F,Criminal damage and arson,Investigation complete; no suspect identified,
76c80c2795eb167e325401b9aff43743c25f75182db0e1cd3b4122471ac55cbf,2024-05,Durham Constabulary,Durham Constabulary,-1.811266,54.858001,On or near Crookhall Lane,E01020667,County Durham 010F,Criminal damage and arson,Investigation complete; no suspect identified,
de2827fb24d6e36c0e48f45af5024fc931d62f033bd084e7d9c3eaeeb8232904,2024-05,Durham Constabulary,Durham Constabulary,-1.811360,54.864516,On or near First Street,E01020667,County Durham 010F,Criminal damage and arson,Investigation complete; no suspect identified,
487cb2f1212a646697da033a6e1432a25dea7d888bcf742f118a7327002e8a1f,2024-05,Durham Constabulary,Durham Constabulary,-1.809504,54.858402,On or near West Street,E01020667,County Durham 010F,Public order,Under investigation,
db6aa8d741f159da41e17f603af5bfb155bdab3885fa7b4c0fd9e67d4d6177eb,2024-05,Durham Constabulary,Durham Constabulary,-1.813733,54.868544,On or near Sports/Recreation Area,E01020667,County Durham 010F,Public order,Investigation complete; no suspect identified,
556b856dbf598b6c401cfc06045d5462f9ce306257856a7988cf911a49941824,2024-05,Durham Constabulary,Durham Constabulary,-1.809792,54.860038,On or near Bradley Street,E01020667,County Durham 010F,Vehicle crime,Investigation complete; no suspect identified,
a1563c60925ae9ebfb46c9ccf8df04c38655927a2780b3df2d64718356d5c8da,2024-05,Durham Constabulary,Durham Constabulary,-1.808711,54.858140,On or near Green Street,E01020667,County Durham 010F,Violence and sexual offences,Unable to prosecute suspect,
,2024-05,Durham Constabulary,Durham Constabulary,-1.581569,54.857373,On or near Jacques Terrace,E01020592,County Durham 011A,Anti-social behaviour,,
,2024-05,Durham Constabulary,Durham Constabulary,-1.583025,54.856686,On or near Ninth Avenue,E01020592,County Durham 011A,Anti-social behaviour,,
,2024-05,Durham Constabulary,Durham Constabulary,-1.587411,54.854221,On or near Third Avenue,E01020592,County Durham 011A,Anti-social behaviour,,
31be50d0c0ebaef679d4b336a702def87a80a0007cc8c08ee09f86b97050acdc,2024-05,Durham Constabulary,Durham Constabulary,-1.585752,54.854988,On or near The Crescent,E01020592,County Durham 011A,Criminal damage and arson,Unable to prosecute suspect,
383b4b641a83893977ada34bfacbbdb2159eda275452f35a4ceb9cfa6516f9b8,2024-05,Durham Constabulary,Durham Constabulary,-1.587573,54.855138,On or near Fourth Avenue,E01020592,County Durham 011A,Criminal damage and arson,Investigation complete; no suspect identified,
4f30b538b0659412379428dca673a59e159b2a117544a9e9e5c7360f90078b57,2024-05,Durham Constabulary,Durham Constabulary,-1.584385,54.857724,On or near Seventh Avenue,E01020592,County Durham 011A,Criminal damage and arson,Unable to prosecute suspect,
960c06fcb33dd58bfd5426424b3cc6301e6a3cbfe4002ce47e9ff2de0ab486f5,2024-05,Durham Constabulary,Durham Constabulary,-1.587411,54.854221,On or near Third Avenue,E01020592,County Durham 011A,Violence and sexual offences,Unable to prosecute suspect,
f8b894d3e6d74fd5de90af9e2d57b2a8c59d44fdd5da33019cb84c6ba862c5c4,2024-05,Durham Constabulary,Durham Constabulary,-1.587573,54.855138,On or near Fourth Avenue,E01020592,County Durham 011A,Violence and sexual offences,Under investigation,
049aa271ccc95867c1f527dc57bbc7e9f61019a75fefbeb779cd31d4b422a741,2024-05,Durham Constabulary,Durham Constabulary,-1.587411,54.854221,On or near Third Avenue,E01020592,County Durham 011A,Violence and sexual offences,Under investigation,
f4f35e47236314a73ec331d9325e1a21c623b897ef759fb4c29cee62fb0949c6,2024-05,Durham Constabulary,Durham Constabulary,-1.585752,54.854988,On or near The Crescent,E01020592,County Durham 011A,Violence and sexual offences,Under investigation,
f133391aad4dcf8c892ec9b15d05d5cbc95a213e34903d1e5613aa817369ec14,2024-05,Durham Constabulary,Durham Constabulary,-1.585752,54.854988,On or near The Crescent,E01020592,County Durham 011A,Violence and sexual offences,Under investigation,
59126ea0ec98a7f5bd6c1a3188e99ebc13de73ff0f9917f5e1a9221acb43cfcd,2024-05,Durham Constabulary,Durham Constabulary,-1.587411,54.854221,On or near Third Avenue,E01020592,County Durham 011A,Violence and sexual offences,Unable to prosecute suspect,
74097a3a8c9b47340679443e8a48e2e38b4b03f02bef42d0bb1260ddcc5eb582,2024-05,Durham Constabulary,Durham Constabulary,-1.585752,54.854988,On or near The Crescent,E01020592,County Durham 011A,Other crime,Unable to prosecute suspect,
,2024-05,Durham Constabulary,Durham Constabulary,-1.573630,54.852385,On or near Nightclub,E01020593,County Durham 011B,Anti-social behaviour,,
,2024-05,Durham Constabulary,Durham Constabulary,-1.574609,54.855632,On or near Wesley Terrace,E01020593,County Durham 011B,Anti-social behaviour,,
,2024-05,Durham Constabulary,Durham Constabulary,-1.575526,54.858727,On or near South Burns,E01020593,County Durham 011B,Anti-social behaviour,,
,2024-05,Durham Constabulary,Durham Constabulary,-1.580507,54.854593,On or near Fife Avenue,E01020593,County Durham 011B,Anti-social behaviour,,
9a0f8a5b32857e0405050fd89c1d4952824b909cee47f2434fd86503996d3d83,2024-05,Durham Constabulary,Durham Constabulary,-1.577564,54.853064,On or near Finchdale Terrace,E01020593,County Durham 011B,Bicycle theft,Investigation complete; no suspect identified,
f1701a6fe4c181ed4d7f794c937b2505f148d8cc604f725cd71fbbf9e08d0117,2024-05,Durham Constabulary,Durham Constabulary,-1.575076,54.857153,On or near Shopping Area,E01020593,County Durham 011B,Burglary,Further action is not in the public interest,
a8a7d61904e451de2a483d489af575226ad2b4ce0ab62e36d6cd313128062286,2024-05,Durham Constabulary,Durham Constabulary,-1.575076,54.857153,On or near Shopping Area,E01020593,County Durham 011B,Burglary,Unable to prosecute suspect,
8cadd26a8f141a23ea8211b6331ffdd28b6fa8e5f32e6b798f0c1f49b8802b16,2024-05,Durham Constabulary,Durham Constabulary,-1.577564,54.853064,On or near Finchdale Terrace,E01020593,County Durham 011B,Criminal damage and arson,Awaiting court outcome,
ab8359c9e02fe4585440351b9c2015e4ecf8687e4539598a2138cc3f0e59bab1,2024-05,Durham Constabulary,Durham Constabulary,-1.575076,54.857153,On or near Shopping Area,E01020593,County Durham 011B,Criminal damage and arson,Investigation complete; no suspect identified,
370172692b066e95e6ceebdcc196a2988af6e8e6509a139038995e36333cffad,2024-05,Durham Constabulary,Durham Constabulary,-1.575076,54.857153,On or near Shopping Area,E01020593,County Durham 011B,Criminal damage and arson,Investigation complete; no suspect identified,
d0e8f1fb6d9d9970d0bf6e1108acbb546c10a4f3ff7b52aea761a9037f2480c6,2024-05,Durham Constabulary,Durham Constabulary,-1.573630,54.852385,On or near Nightclub,E01020593,County Durham 011B,Criminal damage and arson,Formal action is not in the public interest,
3b0960ecadcd0ba9be380b682d1143239cbf5f92927e494704fafa3fd21b0d53,2024-05,Durham Constabulary,Durham Constabulary,-1.573630,54.852385,On or near Nightclub,E01020593,County Durham 011B,Other theft,Investigation complete; no suspect identified,
37fcc267b9738ad2713ef76e6f6f1fc1d15569048c7d6c4a2769ef9ae8c7e8d5,2024-05,Durham Constabulary,Durham Constabulary,-1.573630,54.852385,On or near Nightclub,E01020593,County Durham 011B,Other theft,Investigation complete; no suspect identified,
53af533128a802de8fda35cbce5f46a4311e34e2a63c43b4aaf62dc8407b80cf,2024-05,Durham Constabulary,Durham Constabulary,-1.573630,54.852385,On or near Nightclub,E01020593,County Durham 011B,Other theft,Investigation complete; no suspect identified,
d825f8b967775e526645725b02e2e202ab5ac40e55b41c272951cbdd474e55c6,2024-05,Durham Constabulary,Durham Constabulary,-1.575526,54.858727,On or near South Burns,E01020593,County Durham 011B,Possession of weapons,Under investigation,
321f0af4cd8a2ebfafcb5b80ab03b4e85bb8fa016fb13b34ee28f1724df32a1b,2024-05,Durham Constabulary,Durham Constabulary,-1.580507,54.854593,On or near Fife Avenue,E01020593,County Durham 011B,Public order,Unable to prosecute suspect,
afa6f92229aa9724b5a097017af3ca4b9e9ade0a541e9ea85fead552415c268b,2024-05,Durham Constabulary,Durham Constabulary,-1.575526,54.858727,On or near South Burns,E01020593,County Durham 011B,Public order,Unable to prosecute suspect,
de218e0b0264cecaba67f835a6c399f5dc2a1b61c88370954f197a1d9e7dab9a,2024-05,Durham Constabulary,Durham Constabulary,-1.575526,54.858727,On or near South Burns,E01020593,County Durham 011B,Public order,Investigation complete; no suspect identified,
90f5084d2ca9b9e347cf3983bc009518d6cdd233f4fe26dc1b6e6d68af972f82,2024-05,Durham Constabulary,Durham Constabulary,-1.575526,54.858727,On or near South Burns,E01020593,County Durham 011B,Robbery,Investigation complete; no suspect identified,
91d00227bbb5fd9519b71bf9a12c0656ea3cee723ea8c40e25e8a70cca373e78,2024-05,Durham Constabulary,Durham Constabulary,-1.574915,54.854618,On or near Parking Area,E01020593,County Durham 011B,Robbery,Awaiting court outcome,
ead4489a1d9b2dceb7bf9f162f70edfc3dca74e52d108f68395df412e86205ce,2024-05,Durham Constabulary,Durham Constabulary,-1.580507,54.854593,On or near Fife Avenue,E01020593,County Durham 011B,Shoplifting,Formal action is not in the public interest,
094bdb815fbca2f9f19a392a95e53ed8140c78d96fa2d97b3229aa79fde84d8e,2024-05,Durham Constabulary,Durham Constabulary,-1.575871,54.857084,On or near Supermarket,E01020593,County Durham 011B,Shoplifting,Investigation complete; no suspect identified,
3b5d3376c88de57f359ec9fbc8fa9ed096272a256a3de813453ee10b423d266f,2024-05,Durham Constabulary,Durham Constabulary,-1.580507,54.854593,On or near Fife Avenue,E01020593,County Durham 011B,Shoplifting,Local resolution,
fb08e1d5ef08aec81b748f586b553452bea53ffb09b3f466d2d5a6781c90d68e,2024-05,Durham Constabulary,Durham Constabulary,-1.580507,54.854593,On or near Fife Avenue,E01020593,County Durham 011B,Shoplifting,Awaiting court outcome,
0feb6695cfc2156b43dc34d1bd654fadbb389f2b8ec94ccdbfec007ca7c5573a,2024-05,Durham Constabulary,Durham Constabulary,-1.580507,54.854593,On or near Fife Avenue,E01020593,County Durham 011B,Shoplifting,Awaiting court outcome,
0247413d95c7de7d39db9f6f10ef505386291a1968b21e63209a6f8bc20b5e9a,2024-05,Durham Constabulary,Durham Constabulary,-1.574896,54.857907,On or near Co-Operative Street,E01020593,County Durham 011B,Shoplifting,Under investigation,
df0730193950b738ab97dbe172190ac1245508cdd228a142c58d6d3eaea29669,2024-05,Durham Constabulary,Durham Constabulary,-1.575526,54.858727,On or near South Burns,E01020593,County Durham 011B,Shoplifting,Investigation complete; no suspect identified,
b6058a0cfc72821535a45d7513d6af650cc70d2b2d51ae0f9d7a27ec9d99c702,2024-05,Durham Constabulary,Durham Constabulary,-1.577564,54.853064,On or near Finchdale Terrace,E01020593,County Durham 011B,Vehicle crime,Investigation complete; no suspect identified,
07aa50afad807ef10997befd56e3ecb6a14cde0eeeb5d495a8a7035f0b016160,2024-05,Durham Constabulary,Durham Constabulary,-1.573630,54.852385,On or near Nightclub,E01020593,County Durham 011B,Violence and sexual offences,Unable to prosecute suspect,
8ca288aa092b7f72249ebf9beb2c97b5c86802debf504a2426eab1c3de6a0887,2024-05,Durham Constabulary,Durham Constabulary,-1.573630,54.852385,On or near Nightclub,E01020593,County Durham 011B,Violence and sexual offences,Local resolution,
e28f3ffca6c6ce27c178cff15c5c20adcd07807b086c6cd2fb48c097a91df0b6,2024-05,Durham Constabulary,Durham Constabulary,-1.573630,54.852385,On or near Nightclub,E01020593,County Durham 011B,Violence and sexual offences,Offender given a caution,
77eedc357eb92a3c777b4f15e45066ec57c2ab310f1ae1cb87c7cc1f65450e89,2024-05,Durham Constabulary,Durham Constabulary,-1.575526,54.858727,On or near South Burns,E01020593,County Durham 011B,Violence and sexual offences,Investigation complete; no suspect identified,
ed2a5bfc16678f5801a4362182cc55943493dbd195adcf9bedad4f1a6752264d,2024-05,Durham Constabulary,Durham Constabulary,-1.573630,54.852385,On or near Nightclub,E01020593,County Durham 011B,Violence and sexual offences,Unable to prosecute suspect,
dfbb39cfac501c66ce3c29e90f8a9837383858ee48e82e02b6b134f90acd8331,2024-05,Durham Constabulary,Durham Constabulary,-1.576561,54.853635,On or near Edward Street,E01020593,County Durham 011B,Violence and sexual offences,Investigation complete; no suspect identified,
0a65341d7a00df3d54ec4fb6bc374344b18b18d28f0cbcfd445b472ae2cf17a9,2024-05,Durham Constabulary,Durham Constabulary,-1.575076,54.857153,On or near Shopping Area,E01020593,County Durham 011B,Violence and sexual offences,Action to be taken by another organisation,
744719baf62e8523cf62f02aa5b2e48e9ff650c60bcf80a4cfc2a6f0770e1c34,2024-05,Durham Constabulary,Durham Constabulary,-1.576144,54.853310,On or near Victor Street,E01020593,County Durham 011B,Violence and sexual offences,Under investigation,
c0e3e69b3da54486143bc1718562b80f2bd5590f69b9dc8b6c61d428743facdc,2024-05,Durham Constabulary,Durham Constabulary,-1.573630,54.852385,On or near Nightclub,E01020593,County Durham 011B,Violence and sexual offences,Unable to prosecute suspect,
e421a8970be978e97a65ad2445be834d34d255e9590882872b26b2d51b8afee7,2024-05,Durham Constabulary,Durham Constabulary,-1.573630,54.852385,On or near Nightclub,E01020593,County Durham 011B,Violence and sexual offences,Investigation complete; no suspect identified,
f8ade3bbdbd28380da3c8ea51946884b112d4295a7f8a9bb9ce8d55abe81726c,2024-05,Durham Constabulary,Durham Constabulary,-1.575871,54.857084,On or near Supermarket,E01020593,County Durham 011B,Violence and sexual offences,Unable to prosecute suspect,
52e3c4d0735fc85219736b6f787c800cbacaafa7f745a3aab23f3b7971697aaf,2024-05,Durham Constabulary,Durham Constabulary,-1.575526,54.858727,On or near South Burns,E01020593,County Durham 011B,Violence and sexual offences,Investigation complete; no suspect identified,
c41109d08b46f698502f9dfc6d9ba5d0280c5521636c4fc80d598ddb7b3d054b,2024-05,Durham Constabulary,Durham Constabulary,-1.575526,54.858727,On or near South Burns,E01020593,County Durham 011B,Violence and sexual offences,Unable to prosecute suspect,
95131cb2eca478f6eb16ed62972d662025d09794322634850638500b7fb20872,2024-05,Durham Constabulary,Durham Constabulary,-1.575526,54.858727,On or near South Burns,E01020593,County Durham 011B,Violence and sexual offences,Unable to prosecute suspect,
a288e82b5d2aaf3ee9c1deb2c2176fb13e3d5e2d57911ca39509153053cf834f,2024-05,Durham Constabulary,Durham Constabulary,-1.573630,54.852385,On or near Nightclub,E01020593,County Durham 011B,Violence and sexual offences,Investigation complete; no suspect identified,
14adbacc26e85850db8a8a0dec5f38140cbeb6a7412be90dbb9a12a17c550dd4,2024-05,Durham Constabulary,Durham Constabulary,-1.576564,54.857796,On or near Morningside Court,E01020593,County Durham 011B,Violence and sexual offences,Investigation complete; no suspect identified,
1b2d68d540732dc78f90ff3a2132b761d30acd6412bcd1c2b0333101f3efc506,2024-05,Durham Constabulary,Durham Constabulary,-1.580507,54.854593,On or near Fife Avenue,E01020593,County Durham 011B,Violence and sexual offences,Unable to prosecute suspect,
,2024-05,Durham Constabulary,Durham Constabulary,-1.583706,54.849481,On or near Cleveland Avenue,E01020599,County Durham 011C,Anti-social behaviour,,
,2024-05,Durham Constabulary,Durham Constabulary,-1.590951,54.849236,On or near Sidlaw Avenue,E01020599,County Durham 011C,Anti-social behaviour,,
,2024-05,Durham Constabulary,Durham Constabulary,-1.588907,54.848043,On or near Cotswold Avenue,E01020599,County Durham 011C,Anti-social behaviour,,
cde7bab31c901165e480e10f89839e3a5ec79e53df1671984a2a3a5512434590,2024-05,Durham Constabulary,Durham Constabulary,-1.578693,54.850875,On or near Moorfoot Avenue,E01020599,County Durham 011C,Criminal damage and arson,Investigation complete; no suspect identified,
ab715f24e72594f9728cbebc8e01eccd7132adc5764e172483d009a0efd4dfd4,2024-05,Durham Constabulary,Durham Constabulary,-1.588907,54.848043,On or near Cotswold Avenue,E01020599,County Durham 011C,Public order,Further investigation is not in the public interest,
14e2633bbfbef61c4570579c35e77182b783053f4ee3d3640ddd8ba10c0e69f4,2024-05,Durham Constabulary,Durham Constabulary,-1.579813,54.850951,On or near Blencathra Way,E01020599,County Durham 011C,Shoplifting,Under investigation,
4bc37dda9897dd5b564db2cf0fa9b4072ce3559b83623a9d773da086b33efe40,2024-05,Durham Constabulary,Durham Constabulary,-1.579813,54.850951,On or near Blencathra Way,E01020599,County Durham 011C,Shoplifting,Awaiting court outcome,
9357a2f17ef7d2d78280d5fabf25f75d725c3afff54f8da5e93bf8cb26292e8f,2024-05,Durham Constabulary,Durham Constabulary,-1.579813,54.850951,On or near Blencathra Way,E01020599,County Durham 011C,Shoplifting,Investigation complete; no suspect identified,
f7eb505fb513e5ec60b0a6dcb5245755aefe6d0609d8d2a639f14f25d94f3950,2024-05,Durham Constabulary,Durham Constabulary,-1.590951,54.849236,On or near Sidlaw Avenue,E01020599,County Durham 011C,Violence and sexual offences,Unable to prosecute suspect,
b8c94077f6be9bfc426c26e3a5b9e180b70a0c616bfac7acd0e7261ea2f256be,2024-05,Durham Constabulary,Durham Constabulary,-1.588907,54.848043,On or near Cotswold Avenue,E01020599,County Durham 011C,Violence and sexual offences,Under investigation,
a18a9a556272135ddeccf2c4fb56d075f4128c97c980446b0c9257aae3a536eb,2024-05,Durham Constabulary,Durham Constabulary,-1.583706,54.849481,On or near Cleveland Avenue,E01020599,County Durham 011C,Violence and sexual offences,Unable to prosecute suspect,
b46286de9e48d9f1e878b4f5e029a1969186b66e9b64225a2165d71a633a563d,2024-05,Durham Constabulary,Durham Constabulary,-1.580602,54.849938,On or near Mendip Avenue,E01020599,County Durham 011C,Violence and sexual offences,Unable to prosecute suspect,
96ddf1b724b476fa03044ac956078cfebe3919f563428df66b116a011b1728b4,2024-05,Durham Constabulary,Durham Constabulary,-1.580602,54.849938,On or near Mendip Avenue,E01020599,County Durham 011C,Violence and sexual offences,Unable to prosecute suspect,
38696decb41e2f3bd3203f4c4f06c77e9d372b805bbe7247bba48446b89c6f2c,2024-05,Durham Constabulary,Durham Constabulary,-1.583706,54.849481,On or near Cleveland Avenue,E01020599,County Durham 011C,Violence and sexual offences,Investigation complete; no suspect identified,
a29b6d81156b2e22bcc833d3c1e639af10499889978c07e40711238a2d4bcb34,2024-05,Durham Constabulary,Durham Constabulary,-1.580602,54.849938,On or near Mendip Avenue,E01020599,County Durham 011C,Violence and sexual offences,Unable to prosecute suspect,
7b37066ebe3852ee8bfcad9b345679b41d488eda837cc75cc22671e06d618c80,2024-05,Durham Constabulary,Durham Constabulary,-1.580602,54.849938,On or near Mendip Avenue,E01020599,County Durham 011C,Violence and sexual offences,Unable to prosecute suspect,
a83891e74dc1c079dbb5e066bbfeaa371ec9ca1975a6eaf648db166733a801ee,2024-05,Durham Constabulary,Durham Constabulary,-1.579813,54.850951,On or near Blencathra Way,E01020599,County Durham 011C,Violence and sexual offences,Unable to prosecute suspect,
6bf26dc426c0f1feea0ed96f819dc055ec242fdd2544535c74998330e1701cc5,2024-05,Durham Constabulary,Durham Constabulary,-1.583706,54.849481,On or near Cleveland Avenue,E01020599,County Durham 011C,Other crime,Unable to prosecute suspect,
,2024-05,Durham Constabulary,Durham Constabulary,-1.595986,54.854986,On or near Whitehill Way,E01020601,County Durham 011D,Anti-social behaviour,,
,2024-05,Durham Constabulary,Durham Constabulary,-1.594431,54.857875,On or near Lingholme,E01020601,County Durham 011D,Anti-social behaviour,,
,2024-05,Durham Constabulary,Durham Constabulary,-1.590329,54.858319,On or near Cragside,E01020601,County Durham 011D,Anti-social behaviour,,
2545587c3f26f348bc8386e82996a2100ac6d01d40fde79cdcf99af8a2d35dda,2024-05,Durham Constabulary,Durham Constabulary,-1.596307,54.852507,On or near Auckland,E01020601,County Durham 011D,Criminal damage and arson,Investigation complete; no suspect identified,
f4cdf782ee6d2e64894506c6df8b7e1d73d1721f827c0351ee9fdf292532bbc0,2024-05,Durham Constabulary,Durham Constabulary,-1.594842,54.850993,On or near Cartmel Court,E01020601,County Durham 011D,Violence and sexual offences,Action to be taken by another organisation,
bf4ab583be0a4f072bf40db168c75bbc2e1aaeccb4dbdb8c1b13aac025ff2aa1,2024-05,Durham Constabulary,Durham Constabulary,-1.590329,54.858319,On or near Cragside,E01020601,County Durham 011D,Violence and sexual offences,Unable to prosecute suspect,
f173fc9dc1d90254e4766b3f026953ddda9db8d08bb7b2caad97f418a2ea7cb1,2024-05,Durham Constabulary,Durham Constabulary,-1.594842,54.850993,On or near Cartmel Court,E01020601,County Durham 011D,Violence and sexual offences,Action to be taken by another organisation,
,2024-05,Durham Constabulary,Durham Constabulary,-1.594272,54.853507,On or near Belsay Close,E01020602,County Durham 011E,Anti-social behaviour,,
,2024-05,Durham Constabulary,Durham Constabulary,-1.594272,54.853507,On or near Belsay Close,E01020602,County Durham 011E,Anti-social behaviour,,
,2024-05,Durham Constabulary,Durham Constabulary,-1.593803,54.855231,On or near Gibside,E01020602,County Durham 011E,Anti-social behaviour,,
,2024-05,Durham Constabulary,Durham Constabulary,-1.593803,54.855231,On or near Gibside,E01020602,County Durham 011E,Anti-social behaviour,,
,2024-05,Durham Constabulary,Durham Constabulary,-1.593803,54.855231,On or near Gibside,E01020602,County Durham 011E,Anti-social behaviour,,
,2024-05,Durham Constabulary,Durham Constabulary,-1.594272,54.853507,On or near Belsay Close,E01020602,County Durham 011E,Anti-social behaviour,,
69e448d8e44b6655090ab33eb5af694593e2afffbc7bf0ad674db27acf104585,2024-05,Durham Constabulary,Durham Constabulary,-1.583227,54.853721,On or near Bullion Lane,E01020602,County Durham 011E,Criminal damage and arson,Investigation complete; no suspect identified,
d62d0ee6cb79cbc443214ebb309d549a69d94bc3fbd8f3f5c4e6b61d32f737b7,2024-05,Durham Constabulary,Durham Constabulary,-1.590633,54.856002,On or near Wynyard,E01020602,County Durham 011E,Public order,Investigation complete; no suspect identified,
dbce717a1f0fe811c4803d22b55d8129249c88a2ff06f5badd6299801f209c18,2024-05,Durham Constabulary,Durham Constabulary,-1.594272,54.853507,On or near Belsay Close,E01020602,County Durham 011E,Public order,Unable to prosecute suspect,
12c455ff0d87d5ae395ad08240a5fe8c5895b7e7fe7d2411128e27b80f0ddf15,2024-05,Durham Constabulary,Durham Constabulary,-1.589804,54.853312,On or near Gainford,E01020602,County Durham 011E,Public order,Unable to prosecute suspect,
13d8aea29d10b3eed3834ac881b994a58f7919bd468a275252b73198e12a5894,2024-05,Durham Constabulary,Durham Constabulary,-1.589804,54.853312,On or near Gainford,E01020602,County Durham 011E,Public order,Unable to prosecute suspect,
d104216e6d6a7e3242cad482a768bb63ac61dc5768373861248ce4c20a047006,2024-05,Durham Constabulary,Durham Constabulary,-1.579558,54.853017,On or near Elvet Green,E01020602,County Durham 011E,Violence and sexual offences,Unable to prosecute suspect,
bb642a4d9391ef443b7913ff6fb231c501e97478077e2f4d6174d863f686be28,2024-05,Durham Constabulary,Durham Constabulary,-1.579008,54.852026,On or near Ashton Downe,E01020602,County Durham 011E,Violence and sexual offences,Unable to prosecute suspect,
54ab96ecebd0bcc041866d790b3992bc99a5f79b8d63ee97076acc72daaf55b7,2024-05,Durham Constabulary,Durham Constabulary,-1.594272,54.853507,On or near Belsay Close,E01020602,County Durham 011E,Violence and sexual offences,Unable to prosecute suspect,
daa37f1f164023a127f29e186840276778687a2157db34b478b3dfe0c2957e0f,2024-05,Durham Constabulary,Durham Constabulary,-1.589804,54.853312,On or near Gainford,E01020602,County Durham 011E,Violence and sexual offences,Investigation complete; no suspect identified,
df43f5b5b3a7e96598863d89b1c67db0943c0bf6083d7198f04a22998beba8ea,2024-05,Durham Constabulary,Durham Constabulary,-1.589804,54.853312,On or near Gainford,E01020602,County Durham 011E,Violence and sexual offences,Unable to prosecute suspect,
15e80b6cd52fe4c7e9f42b8b8e912b3ae8ce3f43d45cea4a4899d906cca98e14,2024-05,Durham Constabulary,Durham Constabulary,-1.589804,54.853312,On or near Gainford,E01020602,County Durham 011E,Violence and sexual offences,Investigation complete; no suspect identified,
fc5ac52fa5f8944cf0c04d7c69f3c7d2e3eb4c1908dd21dc769235cad4738178,2024-05,Durham Constabulary,Durham Constabulary,-1.589804,54.853312,On or near Gainford,E01020602,County Durham 011E,Violence and sexual offences,Unable to prosecute suspect,
cf5abfe7c63fa98812a0ccdb1f241681ec149314ff4d16b7ca43813415fe9eeb,2024-05,Durham Constabulary,Durham Constabulary,-1.581298,54.853481,On or near Lumley Close,E01020602,County Durham 011E,Violence and sexual offences,Investigation complete; no suspect identified,
,2024-05,Durham Constabulary,Durham Constabulary,-1.609203,54.855713,On or near Little Burn Way,E01020618,County Durham 011F,Anti-social behaviour,,
,2024-05,Durham Constabulary,Durham Constabulary,-1.607557,54.855231,On or near Wordsworth Avenue,E01020618,County Durham 011F,Anti-social behaviour,,
,2024-05,Durham Constabulary,Durham Constabulary,-1.613715,54.862835,On or near Front Street,E01020618,County Durham 011F,Anti-social behaviour,,
,2024-05,Durham Constabulary,Durham Constabulary,-1.608515,54.857660,On or near Fell Road,E01020618,County Durham 011F,Anti-social behaviour,,
df129f42d65e759308a6d0021a1df661089ee298ef5fda4626dbc69272e5dbf3,2024-05,Durham Constabulary,Durham Constabulary,-1.606711,54.857277,On or near Blindy Burn Court,E01020618,County Durham 011F,Public order,Investigation complete; no suspect identified,
10e7b9c7af7a1e79d8f1bd0bb0c0e6efe2b6dabfc0a0bef883de0fc54730e5d5,2024-05,Durham Constabulary,Durham Constabulary,-1.606670,54.855120,On or near Coleridge Place,E01020618,County Durham 011F,Public order,Investigation complete; no suspect identified,
2f5043dbabee6edb21d7dbd66330d1b0a024b38b041b598f6c1f195a2489656a,2024-05,Durham Constabulary,Durham Constabulary,-1.605703,54.855225,On or near Henley Avenue,E01020618,County Durham 011F,Public order,Under investigation,
0ecbceec4b8b5b6a0b5db7095912fbd53373f345c846fea619b7cefaeabd9455,2024-05,Durham Constabulary,Durham Constabulary,-1.606832,54.856136,On or near Fellway,E01020618,County Durham 011F,Violence and sexual offences,Under investigation,
d6d95c1255ff81bbbcdc0ae43c9e476191d5993bf0cef3aac005600ff330b007,2024-05,Durham Constabulary,Durham Constabulary,-1.605703,54.855225,On or near Henley Avenue,E01020618,County Durham 011F,Violence and sexual offences,Unable to prosecute suspect,
f81c185257afe819d891699d5dd89da26b2181c1f27a4e823d37e43c0a6ba171,2024-05,Durham Constabulary,Durham Constabulary,-1.609203,54.855713,On or near Little Burn Way,E01020618,County Durham 011F,Violence and sexual offences,Unable to prosecute suspect,
,2024-05,Durham Constabulary,Durham Constabulary,-1.819745,54.842817,On or near Delves Lane,E01020650,County Durham 012A,Anti-social behaviour,,
,2024-05,Durham Constabulary,Durham Constabulary,-1.815717,54.845247,On or near Castledene Road,E01020650,County Durham 012A,Anti-social behaviour,,
,2024-05,Durham Constabulary,Durham Constabulary,-1.826019,54.843186,On or near Askrigg Close,E01020650,County Durham 012A,Anti-social behaviour,,
,2024-05,Durham Constabulary,Durham Constabulary,-1.819745,54.842817,On or near Delves Lane,E01020650,County Durham 012A,Anti-social behaviour,,
,2024-05,Durham Constabulary,Durham Constabulary,-1.819745,54.842817,On or near Delves Lane,E01020650,County Durham 012A,Anti-social behaviour,,
14bd7bfcafbdbb69e963558ccd0be3390e9f93f817df2052b2ff5af6549c6b53,2024-05,Durham Constabulary,Durham Constabulary,-1.815717,54.845247,On or near Castledene Road,E01020650,County Durham 012A,Criminal damage and arson,Local resolution,
44d5d484afc4196ebf4516a8d480a43fc04c1677ffd376a882034a21e089293a,2024-05,Durham Constabulary,Durham Constabulary,-1.828657,54.841653,On or near Langdon Close,E01020650,County Durham 012A,Other theft,Investigation complete; no suspect identified,
fed6679ff914c55e1628aecffe2459efb0953775e0c226c4ec27178c3d305ddd,2024-05,Durham Constabulary,Durham Constabulary,-1.815717,54.845247,On or near Castledene Road,E01020650,County Durham 012A,Possession of weapons,Awaiting court outcome,
380c915179f46c82bbfff4876ca282de9159777b4e2b2a802ef919f1ebf57ec7,2024-05,Durham Constabulary,Durham Constabulary,-1.815717,54.845247,On or near Castledene Road,E01020650,County Durham 012A,Public order,Unable to prosecute suspect,
fe74ce614b8cdd2f9cef7b92dab0dc4026bd749749e18dba63306081130e8965,2024-05,Durham Constabulary,Durham Constabulary,-1.815548,54.844671,On or near Salem Avenue,E01020650,County Durham 012A,Public order,Investigation complete; no suspect identified,
401454f15dd790a9fdaba648e9a759422f7926919ec617039aa3423a999eea7a,2024-05,Durham Constabulary,Durham Constabulary,-1.815717,54.845247,On or near Castledene Road,E01020650,County Durham 012A,Public order,Unable to prosecute suspect,
aa782f5bb061a89d1fed54259f68b87b2e762ef65f62a37476e0b14d9443276d,2024-05,Durham Constabulary,Durham Constabulary,-1.815548,54.844671,On or near Salem Avenue,E01020650,County Durham 012A,Public order,Investigation complete; no suspect identified,
e72a93c317909e72c35cbe414952fb13a7e9a7771fc3e38fc1dc57d73d64a3e6,2024-05,Durham Constabulary,Durham Constabulary,-1.818563,54.842510,On or near Sydney Gardens,E01020650,County Durham 012A,Public order,Unable to prosecute suspect,
6274e213ace40f85a4e091257be9e5608c352a1f9dfdc818c50e7b111f792e79,2024-05,Durham Constabulary,Durham Constabulary,-1.815717,54.845247,On or near Castledene Road,E01020650,County Durham 012A,Public order,Awaiting court outcome,
9a72bbcaf504e4f6171184bd998edc51682dda4e08f2601bbd3e83b3d34721b9,2024-05,Durham Constabulary,Durham Constabulary,-1.816307,54.838634,On or near Broadway,E01020650,County Durham 012A,Violence and sexual offences,Unable to prosecute suspect,
040d2349cbc67b4f8ebce4f62587155f12772f061a498ed6f9d91a3f5f969cbb,2024-05,Durham Constabulary,Durham Constabulary,-1.826019,54.843186,On or near Askrigg Close,E01020650,County Durham 012A,Violence and sexual offences,Investigation complete; no suspect identified,
c201f075c02a366a38b327b01c05144622d8cf6ae2a6261fc77b3fa9b0fb0f78,2024-05,Durham Constabulary,Durham Constabulary,-1.815052,54.844113,On or near Woodside Drive,E01020650,County Durham 012A,Violence and sexual offences,Action to be taken by another organisation,
6b673d7474654e509ce4b375cee15c5fbc4b3b7cf17c65f2069f454564a06290,2024-05,Durham Constabulary,Durham Constabulary,-1.826019,54.843186,On or near Askrigg Close,E01020650,County Durham 012A,Violence and sexual offences,Unable to prosecute suspect,
81e09275084a4003842e53a27410d60bbf97cd24647ba05c297d91cdf441e57f,2024-05,Durham Constabulary,Durham Constabulary,-1.815548,54.844671,On or near Salem Avenue,E01020650,County Durham 012A,Violence and sexual offences,Unable to prosecute suspect,
373587c5e5f440bcb11500e8acc146cbdd381e6aafeca845c7325f627e94ae02,2024-05,Durham Constabulary,Durham Constabulary,-1.815548,54.844671,On or near Salem Avenue,E01020650,County Durham 012A,Violence and sexual offences,Investigation complete; no suspect identified,
c6788866f210ef9889b0f219da58c1f629038b3111b08f3a6996f3ea6126b663,2024-05,Durham Constabulary,Durham Constabulary,-1.812094,54.844001,On or near Lumley Drive,E01020650,County Durham 012A,Violence and sexual offences,Unable to prosecute suspect,
,2024-05,Durham Constabulary,Durham Constabulary,-1.812291,54.831852,On or near Butsfield Lane,E01020651,County Durham 012B,Anti-social behaviour,,
,2024-05,Durham Constabulary,Durham Constabulary,-1.813025,54.841325,On or near Briar Dale,E01020651,County Durham 012B,Anti-social behaviour,,
0875cb332772fbef269d46f95671ade1d3f4b48ee613eed7bb56e7c7f7d39012,2024-05,Durham Constabulary,Durham Constabulary,-1.810311,54.839119,On or near Meadow View,E01020651,County Durham 012B,Burglary,Investigation complete; no suspect identified,
bbd1d0bfc8fe48129a5b5c1c547691abf324c3c8cbba76ab3039d470d48b18e2,2024-05,Durham Constabulary,Durham Constabulary,-1.811131,54.833378,On or near Butsfield Lane,E01020651,County Durham 012B,Public order,Under investigation,
50db1da22ccddeefb13407d42a7b01f72dc317f25ff48d2a1de8e2afe50d41b9,2024-05,Durham Constabulary,Durham Constabulary,-1.812657,54.840174,On or near Ladywell Road,E01020651,County Durham 012B,Public order,Under investigation,
08956b7dc2dc0ab3e9a8b8cdaeec51dcff1b4104bf051cdd2e6fb47fbfc96108,2024-05,Durham Constabulary,Durham Constabulary,-1.816244,54.842246,On or near Chapel Drive,E01020651,County Durham 012B,Shoplifting,Under investigation,
db402190394aeeffba20d2af4463ca94687f54f053d88e54217e42d3e1b8cbf1,2024-05,Durham Constabulary,Durham Constabulary,-1.816244,54.842246,On or near Chapel Drive,E01020651,County Durham 012B,Vehicle crime,Unable to prosecute suspect,
aa56326d02777a0d224d98411a14e5e563a4ecd2b5f3494bbb5762032ccd0e4a,2024-05,Durham Constabulary,Durham Constabulary,-1.810961,54.843316,On or near Greencroft Road,E01020651,County Durham 012B,Violence and sexual offences,Under investigation,
1ad3c303eaca5e85cb20b2a0910526b833e047fa7f13980ad5666e141b7b99ee,2024-05,Durham Constabulary,Durham Constabulary,-1.811131,54.833378,On or near Butsfield Lane,E01020651,County Durham 012B,Violence and sexual offences,Under investigation,
02aaaae762850ec8c46721d434572e0ec2ef97ea854ab5355a7e82fc39571fb2,2024-05,Durham Constabulary,Durham Constabulary,-1.816244,54.842246,On or near Chapel Drive,E01020651,County Durham 012B,Violence and sexual offences,Unable to prosecute suspect,
401a080b6d5edfd90d37820eaa660fc7eadec0cec97b3b7dfb985d2d99d70063,2024-05,Durham Constabulary,Durham Constabulary,-1.816244,54.842246,On or near Chapel Drive,E01020651,County Durham 012B,Violence and sexual offences,Unable to prosecute suspect,
0e315f1b8799852e27d2f5f381a8008f73355a9a3202718cc8fdba9dfcee60c3,2024-05,Durham Constabulary,Durham Constabulary,-1.813025,54.841325,On or near Briar Dale,E01020651,County Durham 012B,Violence and sexual offences,Unable to prosecute suspect,
,2024-05,Durham Constabulary,Durham Constabulary,-1.819679,54.847293,On or near Delvedere,E01020652,County Durham 012C,Anti-social behaviour,,
,2024-05,Durham Constabulary,Durham Constabulary,-1.815929,54.846442,On or near West Ellimore View,E01020652,County Durham 012C,Anti-social behaviour,,
,2024-05,Durham Constabulary,Durham Constabulary,-1.819553,54.851022,On or near Main Street,E01020652,County Durham 012C,Anti-social behaviour,,
b7de5e9cb2a217072196a10526bbcd36142a81e7450a431cde9fa5928f29ffaf,2024-05,Durham Constabulary,Durham Constabulary,-1.820435,54.845227,On or near Percy Gardens,E01020652,County Durham 012C,Criminal damage and arson,Unable to prosecute suspect,
6587b31dd3b8c5221e0891a8ed7898ab09b0487816256748fb08294dbf3918a6,2024-05,Durham Constabulary,Durham Constabulary,-1.815929,54.846442,On or near West Ellimore View,E01020652,County Durham 012C,Criminal damage and arson,Unable to prosecute suspect,
f3f83bfad5846ff372b75249afb88428b6c003876c7d5c55909efbbc077ae3ab,2024-05,Durham Constabulary,Durham Constabulary,-1.818635,54.843885,On or near Shafto Close,E01020652,County Durham 012C,Criminal damage and arson,Unable to prosecute suspect,
53a3c595940e9acf2885b221dc8cb9d3c8d2cf13ea5a2903689542e1ec85dcd2,2024-05,Durham Constabulary,Durham Constabulary,-1.818084,54.845151,On or near Iveston Road,E01020652,County Durham 012C,Other theft,Investigation complete; no suspect identified,
a5003196e5b12a118bfc7640771777df78ce730d5951c7ccadd07d6f161cc689,2024-05,Durham Constabulary,Durham Constabulary,-1.821830,54.846837,On or near Fairfield,E01020652,County Durham 012C,Other theft,Investigation complete; no suspect identified,
b8dc048538aace029741faece53f5f3ac868762c4510c3c055ed2323b7ed33d2,2024-05,Durham Constabulary,Durham Constabulary,-1.815929,54.846442,On or near West Ellimore View,E01020652,County Durham 012C,Public order,Offender given a caution,
fd6d942b14d7aa615914263b2f756ce39253aa0ce4f88785a6de964788a33b7b,2024-05,Durham Constabulary,Durham Constabulary,-1.815929,54.846442,On or near West Ellimore View,E01020652,County Durham 012C,Public order,Investigation complete; no suspect identified,
8c89f098d75729ace13c149c3068aa06517f7cb6ce2e187fd1ef20a008957ced,2024-05,Durham Constabulary,Durham Constabulary,-1.819679,54.847293,On or near Delvedere,E01020652,County Durham 012C,Violence and sexual offences,Unable to prosecute suspect,
e1c680c693fe20c712885965d61b9c47c36c626793ba1da3071f13c872e610e1,2024-05,Durham Constabulary,Durham Constabulary,-1.817212,54.845231,On or near Pontop View,E01020652,County Durham 012C,Violence and sexual offences,Unable to prosecute suspect,
d87da798d142712244a75ffed1e943af64024d8c496d3832d9c52b4c3cee8289,2024-05,Durham Constabulary,Durham Constabulary,-1.821830,54.846837,On or near Fairfield,E01020652,County Durham 012C,Violence and sexual offences,Unable to prosecute suspect,
223d900038d1ea49e1290f1755c595bc7806582c51deda6f2b2fcf82acd4812a,2024-05,Durham Constabulary,Durham Constabulary,-1.819679,54.847293,On or near Delvedere,E01020652,County Durham 012C,Violence and sexual offences,Unable to prosecute suspect,
1d542a6e273a317eda66a7f3112d65b5e7cb0154e3c921653427eb8d8f42a45e,2024-05,Durham Constabulary,Durham Constabulary,-1.818635,54.843885,On or near Shafto Close,E01020652,County Durham 012C,Violence and sexual offences,Awaiting court outcome,
25fd3c531a3f2ae2ba45386ebc74049ec0a1635d4c60e2e2bf8a74469f6a9373,2024-05,Durham Constabulary,Durham Constabulary,-1.817212,54.845231,On or near Pontop View,E01020652,County Durham 012C,Violence and sexual offences,Investigation complete; no suspect identified,
23ad87e33b929afc851d386c496e9fe63ed5942d8571ef7aa02cee24df26c7b1,2024-05,Durham Constabulary,Durham Constabulary,-1.815929,54.846442,On or near West Ellimore View,E01020652,County Durham 012C,Violence and sexual offences,Offender given a caution,
6eaa27d9d0c27f529a59ddaa7d19ed0c52b313bd6239bb85456438c6f6c7eb61,2024-05,Durham Constabulary,Durham Constabulary,-1.821830,54.846837,On or near Fairfield,E01020652,County Durham 012C,Violence and sexual offences,Further investigation is not in the public interest,
2c67b6f270e7a60c5c4ec66790076b953cf0ffe497476ee7ba1ca1e2e28ae456,2024-05,Durham Constabulary,Durham Constabulary,-1.820435,54.845227,On or near Percy Gardens,E01020652,County Durham 012C,Violence and sexual offences,Unable to prosecute suspect,
,2024-05,Durham Constabulary,Durham Constabulary,-1.804773,54.860605,On or near Brackenrigg,E01020668,County Durham 012D,Anti-social behaviour,,
,2024-05,Durham Constabulary,Durham Constabulary,-1.802816,54.856253,On or near Willow Crescent,E01020668,County Durham 012D,Anti-social behaviour,,
,2024-05,Durham Constabulary,Durham Constabulary,-1.800356,54.856078,On or near Dunelm Walk,E01020668,County Durham 012D,Anti-social behaviour,,
ac44c5a8817a8acd32f30842ecb2cb8cd819eb3172d3c6ce90fd692f01a14071,2024-05,Durham Constabulary,Durham Constabulary,-1.803358,54.860145,On or near St Ives Gardens,E01020668,County Durham 012D,Drugs,Unable to prosecute suspect,
72034c12be0b44045c217831fb5bfccb700487a6b75008c549f57477b69b1c19,2024-05,Durham Constabulary,Durham Constabulary,-1.800356,54.856078,On or near Dunelm Walk,E01020668,County Durham 012D,Violence and sexual offences,Unable to prosecute suspect,
352de0b8294932123462fe396c9ca81972db9f3cc8e5dcf591e43ffe481926db,2024-05,Durham Constabulary,Durham Constabulary,-1.807766,54.860251,On or near South Cross Street,E01020668,County Durham 012D,Violence and sexual offences,Unable to prosecute suspect,
f7d4cfd7abb514e7205f357664e39f102e811ed2c597f81265d54c105e820b47,2024-05,Durham Constabulary,Durham Constabulary,-1.805449,54.862601,On or near Tunstall Grove,E01020668,County Durham 012D,Violence and sexual offences,Unable to prosecute suspect,
ab836fd0deb0e6f3c84205338853f9150f13b97093e76f1d7e88a424bcf03eb7,2024-05,Durham Constabulary,Durham Constabulary,-1.806802,54.859836,On or near Railway Street,E01020668,County Durham 012D,Violence and sexual offences,Formal action is not in the public interest,
6b0ecd244d26b466cb48ab1b1a1793f70f6dd3a06e473157cbf0d2531a716fd4,2024-05,Durham Constabulary,Durham Constabulary,-1.808200,54.860584,On or near Tindale Street,E01020668,County Durham 012D,Violence and sexual offences,Unable to prosecute suspect,
44962f5e9ed27f1ee9d571301584cd631aef7f686729da63a096795f72cd95f7,2024-05,Durham Constabulary,Durham Constabulary,-1.806383,54.859521,On or near Supermarket,E01020668,County Durham 012D,Violence and sexual offences,Unable to prosecute suspect,
58b51de678dc0eb9d839adecb8700a72d61bfade7609285c083fe16506df81f0,2024-05,Durham Constabulary,Durham Constabulary,-1.803358,54.860145,On or near St Ives Gardens,E01020668,County Durham 012D,Violence and sexual offences,Unable to prosecute suspect,
96840600822b123aff2c6532383dfa19376a003827771e4cf3a625b45eef827a,2024-05,Durham Constabulary,Durham Constabulary,-1.807766,54.860251,On or near South Cross Street,E01020668,County Durham 012D,Violence and sexual offences,Further action is not in the public interest,
cdd0e83de238e67c7a51b947afef3371d37ae858e45ed2ff79cc320db4172153,2024-05,Durham Constabulary,Durham Constabulary,-1.804773,54.860605,On or near Brackenrigg,E01020668,County Durham 012D,Violence and sexual offences,Under investigation,
a54d8c6af0b2ea126023aa0cad9da375dbdee1bc5422e36604e54e6246a49ee7,2024-05,Durham Constabulary,Durham Constabulary,-1.800356,54.856078,On or near Dunelm Walk,E01020668,County Durham 012D,Violence and sexual offences,Unable to prosecute suspect,
a526347f0a4f8ed230b1cc3b31b1cd35c24d5035f7934aa519a0fd8d9582f8d7,2024-05,Durham Constabulary,Durham Constabulary,-1.806802,54.859836,On or near Railway Street,E01020668,County Durham 012D,Other crime,Unable to prosecute suspect,
,2024-05,Durham Constabulary,Durham Constabulary,-1.803730,54.863650,On or near Tees Grove,E01020669,County Durham 012E,Anti-social behaviour,,
,2024-05,Durham Constabulary,Durham Constabulary,-1.788761,54.848159,On or near Back Lane,E01020669,County Durham 012E,Anti-social behaviour,,
67db6bcf20ebe7e9c630912c1e31209049039501bbb48d5bac91fee7a2c24811,2024-05,Durham Constabulary,Durham Constabulary,-1.802589,54.858104,On or near Parking Area,E01020669,County Durham 012E,Other theft,Investigation complete; no suspect identified,
181cef6651b4d59e8d295f9b71ed6c22242bcf6af2015982d696b4dda7c0105b,2024-05,Durham Constabulary,Durham Constabulary,-1.800337,54.856698,On or near Dunelm Way,E01020669,County Durham 012E,Public order,Unable to prosecute suspect,
b3015b9b8d3e83566bb047841120e74fff9c94aac9a45e6ea2a30d8bead69564,2024-05,Durham Constabulary,Durham Constabulary,-1.788761,54.848159,On or near Back Lane,E01020669,County Durham 012E,Violence and sexual offences,Unable to prosecute suspect,
ede6f4f78b9853b07570287b451ee4878329bd8ed15772a4c426c5338abda0f5,2024-05,Durham Constabulary,Durham Constabulary,-1.802589,54.858104,On or near Parking Area,E01020669,County Durham 012E,Violence and sexual offences,Unable to prosecute suspect,
801181d069d2fbce075246ad5962932805f6534db787a89235840fdb669b6c1f,2024-05,Durham Constabulary,Durham Constabulary,-1.802589,54.858104,On or near Parking Area,E01020669,County Durham 012E,Violence and sexual offences,Unable to prosecute suspect,
d09bbdf8ebc1d0b37f14d3debe8f4fa1afb3a4935814c7531c0824ab23e492b8,2024-05,Durham Constabulary,Durham Constabulary,-1.788761,54.848159,On or near Back Lane,E01020669,County Durham 012E,Violence and sexual offences,Unable to prosecute suspect,
,2024-05,Durham Constabulary,Durham Constabulary,-1.573098,54.854090,On or near Parking Area,E01020594,County Durham 013A,Anti-social behaviour,,
,2024-05,Durham Constabulary,Durham Constabulary,-1.575804,54.848564,On or near Ripon Street,E01020594,County Durham 013A,Anti-social behaviour,,
,2024-05,Durham Constabulary,Durham Constabulary,-1.572035,54.851553,On or near Lumley Terrace,E01020594,County Durham 013A,Anti-social behaviour,,
e67e5b7b49391c5c26a4d5353179173f5049fc2f9eec9fb3bef7145240a1d9f6,2024-05,Durham Constabulary,Durham Constabulary,-1.573098,54.854090,On or near Parking Area,E01020594,County Durham 013A,Criminal damage and arson,Investigation complete; no suspect identified,
f776617bd9cea4bad698cb034a7b76d609f38f5a2c55d202d95ccf93c79101f4,2024-05,Durham Constabulary,Durham Constabulary,-1.573098,54.854090,On or near Parking Area,E01020594,County Durham 013A,Criminal damage and arson,Investigation complete; no suspect identified,
48011e9bd093d556dfda7ca17aaa2456ce7cd479e55c9b3cffcb2aeec70fd734,2024-05,Durham Constabulary,Durham Constabulary,-1.572113,54.853027,On or near Springfield,E01020594,County Durham 013A,Criminal damage and arson,Under investigation,
188f7594ec411b8899d4ffed9954d170466c6990b24794210b2b4358d0f97008,2024-05,Durham Constabulary,Durham Constabulary,-1.572113,54.853027,On or near Springfield,E01020594,County Durham 013A,Shoplifting,Investigation complete; no suspect identified,
7cdcc8b75c27ae0ae824eca13d88ceac5e58c705f6bd2ad39163e5caa880b38d,2024-05,Durham Constabulary,Durham Constabulary,-1.573183,54.854962,On or near High Chare,E01020594,County Durham 013A,Shoplifting,Awaiting court outcome,
14c9ec442a266f06fa1b337fa2d12fc34e98bcb560110407caeed32cd9dc0a75,2024-05,Durham Constabulary,Durham Constabulary,-1.572113,54.853027,On or near Springfield,E01020594,County Durham 013A,Shoplifting,Investigation complete; no suspect identified,
388b6fdbf67ccf56f14fe234a55ec15e00cb35b64ddd2d100ab9fc76bd730082,2024-05,Durham Constabulary,Durham Constabulary,-1.575150,54.848562,On or near Wark Street,E01020594,County Durham 013A,Vehicle crime,Investigation complete; no suspect identified,
8cd1114d68101ae2c29b358e488153d22d410958f4ff3703c5108ef890a92602,2024-05,Durham Constabulary,Durham Constabulary,-1.573183,54.854962,On or near High Chare,E01020594,County Durham 013A,Violence and sexual offences,Unable to prosecute suspect,
4f050254c1e3d98f545cffb844a748fb7f4cf3650d9d46c45b5f2a61012b14ed,2024-05,Durham Constabulary,Durham Constabulary,-1.573183,54.854962,On or near High Chare,E01020594,County Durham 013A,Violence and sexual offences,Unable to prosecute suspect,
cb12f2b53f6f6789c5bad4c7f301341f82cc094baa663952f6b472d68dad26d3,2024-05,Durham Constabulary,Durham Constabulary,-1.575804,54.848564,On or near Ripon Street,E01020594,County Durham 013A,Violence and sexual offences,Awaiting court outcome,
076dbe894c3360a3ae5a1a65685dad421bf39916a54f3e81c918086283af9a3e,2024-05,Durham Constabulary,Durham Constabulary,-1.575804,54.848564,On or near Ripon Street,E01020594,County Durham 013A,Violence and sexual offences,Awaiting court outcome,
7e188005efa6874e7db58c7e48b154eeb0231f4fa123a39246611a58f173ca44,2024-05,Durham Constabulary,Durham Constabulary,-1.575804,54.848564,On or near Ripon Street,E01020594,County Durham 013A,Violence and sexual offences,Under investigation,
ee1e314165ebb848a5e9f2d024fe2f628474aacc8d29dd31bddbd1b214fa00ba,2024-05,Durham Constabulary,Durham Constabulary,-1.575304,54.847259,On or near Orchard Gardens,E01020594,County Durham 013A,Violence and sexual offences,Unable to prosecute suspect,
b7de203d86163843be87b5f7492df7309731b89dcb75cfe68b7aa3a34f35523f,2024-05,Durham Constabulary,Durham Constabulary,-1.573360,54.848520,On or near Durham Road,E01020594,County Durham 013A,Violence and sexual offences,Investigation complete; no suspect identified,
97516b4a32dbd970c91d3189644acd64b2867037eff32d977b9b6a85722cb1e1,2024-05,Durham Constabulary,Durham Constabulary,-1.575804,54.848564,On or near Ripon Street,E01020594,County Durham 013A,Violence and sexual offences,Under investigation,
916a0667d505fde6c564686f48c197779d453021cb8937f1968cbc7a023fa02d,2024-05,Durham Constabulary,Durham Constabulary,-1.575804,54.848564,On or near Ripon Street,E01020594,County Durham 013A,Violence and sexual offences,Awaiting court outcome,
59057eed43a5147b5303cb65d0bd5eee80138b1ddce9ee9f3331ac8a28821e3c,2024-05,Durham Constabulary,Durham Constabulary,-1.576709,54.851371,On or near Thomas Street,E01020594,County Durham 013A,Violence and sexual offences,Unable to prosecute suspect,
,2024-05,Durham Constabulary,Durham Constabulary,-1.573698,54.857795,On or near Shopping Area,E01020595,County Durham 013B,Anti-social behaviour,,
,2024-05,Durham Constabulary,Durham Constabulary,-1.566065,54.854919,On or near Park Road Central,E01020595,County Durham 013B,Anti-social behaviour,,
,2024-05,Durham Constabulary,Durham Constabulary,-1.573698,54.857795,On or near Shopping Area,E01020595,County Durham 013B,Anti-social behaviour,,
33042079ceaeb0a9d33d3766f9504c3dd3df09315e816b3aad10a0c7a66d6b8d,2024-05,Durham Constabulary,Durham Constabulary,-1.573174,54.855753,On or near Middle Chare,E01020595,County Durham 013B,Criminal damage and arson,Unable to prosecute suspect,
bf88e53c4cf703b7b696b94d3b3fab4c7819e8c226237f11f1e911fb5ed3490d,2024-05,Durham Constabulary,Durham Constabulary,-1.566065,54.854919,On or near Park Road Central,E01020595,County Durham 013B,Criminal damage and arson,Under investigation,
c3648ee966e96b2780340b104e93d7d885e40888a9760e47ce23375be30a1df3,2024-05,Durham Constabulary,Durham Constabulary,-1.573174,54.855753,On or near Middle Chare,E01020595,County Durham 013B,Criminal damage and arson,Investigation complete; no suspect identified,
757d49a96eb503c8fb366f010a116269c056ab85f8b2139b435dc363a1238a4b,2024-05,Durham Constabulary,Durham Constabulary,-1.569806,54.856119,On or near Parking Area,E01020595,County Durham 013B,Other theft,Investigation complete; no suspect identified,
d534053529cad64cd00ca08beeca16529e17589fb5ca78c078799d9a95e70474,2024-05,Durham Constabulary,Durham Constabulary,-1.573102,54.847809,On or near Jolliffe Street,E01020595,County Durham 013B,Other theft,Under investigation,
086c03f098b77ee53351dc21e145aeb143dd272e46302199cff3092785f865ab,2024-05,Durham Constabulary,Durham Constabulary,-1.572204,54.848839,On or near York Terrace,E01020595,County Durham 013B,Public order,Investigation complete; no suspect identified,
789cf5447e0f42dbcaed45d38af3e80ef8dead192bab41618b6d9d12cb8bd23a,2024-05,Durham Constabulary,Durham Constabulary,-1.573698,54.857795,On or near Shopping Area,E01020595,County Durham 013B,Shoplifting,Investigation complete; no suspect identified,
6e8e10a3a56fb6ed5b6a6c7b085340051becc08a412c4b812398c14df83c26da,2024-05,Durham Constabulary,Durham Constabulary,-1.573698,54.857795,On or near Shopping Area,E01020595,County Durham 013B,Shoplifting,Under investigation,
c1c099819367bfca10c8d8f535081a11f2294d8be5fd6031399dc79ab879652a,2024-05,Durham Constabulary,Durham Constabulary,-1.573698,54.857795,On or near Shopping Area,E01020595,County Durham 013B,Shoplifting,Unable to prosecute suspect,
afe65f20133da69727b03f3b8f6d2c454f072df0ba26d895784d10f1cad691b3,2024-05,Durham Constabulary,Durham Constabulary,-1.573698,54.857795,On or near Shopping Area,E01020595,County Durham 013B,Shoplifting,Under investigation,
d52518e147ef03f789405cc04e4d6e55bedd6563777829d933cbc0414485069e,2024-05,Durham Constabulary,Durham Constabulary,-1.566065,54.854919,On or near Park Road Central,E01020595,County Durham 013B,Violence and sexual offences,Under investigation,
6527be75fc950081307e6447efcc1ee28e56ac389510bb97ce0e6748caa5469b,2024-05,Durham Constabulary,Durham Constabulary,-1.566716,54.852253,On or near Queens Park,E01020595,County Durham 013B,Violence and sexual offences,Unable to prosecute suspect,
1030e8fc7ff5920fdb78ef35d392dcfd9fbbdfe63ede3563c21aff7b887e1360,2024-05,Durham Constabulary,Durham Constabulary,-1.566065,54.854919,On or near Park Road Central,E01020595,County Durham 013B,Violence and sexual offences,Under investigation,
7f0592310c23ca8a22452029ebd9d2071004896154bd2c29354dbc8f674a7705,2024-05,Durham Constabulary,Durham Constabulary,-1.566716,54.852253,On or near Queens Park,E01020595,County Durham 013B,Violence and sexual offences,Investigation complete; no suspect identified,
,2024-05,Durham Constabulary,Durham Constabulary,-1.579106,54.848594,On or near Buttermere Close,E01020600,County Durham 013C,Anti-social behaviour,,
,2024-05,Durham Constabulary,Durham Constabulary,-1.579966,54.848210,On or near Rydal Road,E01020600,County Durham 013C,Anti-social behaviour,,
,2024-05,Durham Constabulary,Durham Constabulary,-1.579106,54.848594,On or near Buttermere Close,E01020600,County Durham 013C,Anti-social behaviour,,
,2024-05,Durham Constabulary,Durham Constabulary,-1.579106,54.848594,On or near Buttermere Close,E01020600,County Durham 013C,Anti-social behaviour,,
ad8f4547ab148c5c5a52d744df4a35cadaabfe3cb5d2d8d48e26be2ac737a3f7,2024-05,Durham Constabulary,Durham Constabulary,-1.579106,54.848594,On or near Buttermere Close,E01020600,County Durham 013C,Public order,Unable to prosecute suspect,
63f37e81e84aded76169e07af41569e75b7eba7180cd9580b6e971eb390f4ab7,2024-05,Durham Constabulary,Durham Constabulary,-1.584361,54.847893,On or near Strangford Avenue,E01020600,County Durham 013C,Other crime,Under investigation,
,2024-05,Durham Constabulary,Durham Constabulary,-1.597260,54.844324,On or near Embleton Drive,E01020603,County Durham 013D,Anti-social behaviour,,
,2024-05,Durham Constabulary,Durham Constabulary,-1.600967,54.850609,On or near Birch View,E01020605,County Durham 013E,Anti-social behaviour,,
,2024-05,Durham Constabulary,Durham Constabulary,-1.598733,54.851302,On or near Banks Holt,E01020605,County Durham 013E,Anti-social behaviour,,
82a115da0b61bbb9c2b4f36f1f95ef2ed6987e9c3b1feae6b897d2522239ece2,2024-05,Durham Constabulary,Durham Constabulary,-1.595251,54.849107,On or near Waldridge Road,E01020605,County Durham 013E,Burglary,Investigation complete; no suspect identified,
9bf4b8374f74ec8290cae7289b86a16b0ccc6c842dafc2c1851554d7b9ee44bc,2024-05,Durham Constabulary,Durham Constabulary,-1.589746,54.846743,On or near Chatton Close,E01020605,County Durham 013E,Violence and sexual offences,Unable to prosecute suspect,
dee8815c11aa9a87a6671c66e1ec15965822a05bb265b5bbf65715ce31085c4c,2024-05,Durham Constabulary,Durham Constabulary,-1.600388,54.850885,On or near Heathfield,E01020605,County Durham 013E,Violence and sexual offences,Investigation complete; no suspect identified,
18a33e95457c934a396ebbfef040c928c508086793eab7c2bf4c5a9feb54a9e0,2024-05,Durham Constabulary,Durham Constabulary,-1.589746,54.846743,On or near Chatton Close,E01020605,County Durham 013E,Violence and sexual offences,Unable to prosecute suspect,
c290ef3305981360bce7c0e1e7f0057df266cb4a74c73ff2d3d667f62dcd00ac,2024-05,Durham Constabulary,Durham Constabulary,-1.589746,54.846743,On or near Chatton Close,E01020605,County Durham 013E,Violence and sexual offences,Unable to prosecute suspect,
cdbb0993075a8188b18742bc5e3453a56c72888a3847919351c0529a78bfdb63,2024-05,Durham Constabulary,Durham Constabulary,-1.596614,54.848276,On or near Norton Close,E01020605,County Durham 013E,Violence and sexual offences,Unable to prosecute suspect,
9d49d8b39045c987fba8e7386af0cf93f9880f94f50c7800269f37aee5c0ab53,2024-05,Durham Constabulary,Durham Constabulary,-1.596614,54.848276,On or near Norton Close,E01020605,County Durham 013E,Violence and sexual offences,Under investigation,
37d91e5856abe97fb5963f314f813bc624f62912ac297c1809c75d8c6cbe9c0d,2024-05,Durham Constabulary,Durham Constabulary,-1.858526,54.862702,On or near Gill Side View,E01020630,County Durham 014A,Criminal damage and arson,Local resolution,
0161aaa7adec9fa183da0515c963c4d6a92b93b60a715b67005a922ec6be13e3,2024-05,Durham Constabulary,Durham Constabulary,-1.862967,54.862698,On or near Pleasant View,E01020630,County Durham 014A,Criminal damage and arson,Investigation complete; no suspect identified,
d6098356d1d21a73dcabbfb355414d6bf8b4656b9431dc98e4a97f21c1d40c44,2024-05,Durham Constabulary,Durham Constabulary,-1.861319,54.861653,On or near The Crescent,E01020630,County Durham 014A,Other theft,Investigation complete; no suspect identified,
7e81baddd3de24292fa732781195dc73dc30d7fddd7aa048bf0031e4036fc9b8,2024-05,Durham Constabulary,Durham Constabulary,-1.858376,54.861201,On or near Maple Gardens,E01020630,County Durham 014A,Violence and sexual offences,Under investigation,
21b8251d925cb7ee3bae1394aca9dd8a3d3d2c4eb0ae0a90e0a3cab00be6be51,2024-05,Durham Constabulary,Durham Constabulary,-1.859378,54.859881,On or near South View,E01020630,County Durham 014A,Violence and sexual offences,Unable to prosecute suspect,
a209ebe8289374e4d753010ad560ae84fb2c568874782d8e9e7649859e194bf8,2024-05,Durham Constabulary,Durham Constabulary,-1.861319,54.861653,On or near The Crescent,E01020630,County Durham 014A,Violence and sexual offences,Unable to prosecute suspect,
ac61261728e7ad51cca2acb7a5727bb2574c996058daa8523dba57bc6ae8a154,2024-05,Durham Constabulary,Durham Constabulary,-1.860466,54.860457,On or near West Road,E01020630,County Durham 014A,Violence and sexual offences,Unable to prosecute suspect,
592b947ca96bab590ab885bdcd8edb764a69cfd13462b6ce34d348934125f325,2024-05,Durham Constabulary,Durham Constabulary,-1.868156,54.862083,On or near Shotley Grove,E01020630,County Durham 014A,Violence and sexual offences,Investigation complete; no suspect identified,
3d7c0f77af0c7680dafcbd90010458f7e9f18b61e394dcc5f008b50baf80508b,2024-05,Durham Constabulary,Durham Constabulary,-1.859378,54.859881,On or near South View,E01020630,County Durham 014A,Violence and sexual offences,Unable to prosecute suspect,
a10fffcc0c91a12d0f9b218ff4e79afd6c7c76caa7831dd2b260ae7796363909,2024-05,Durham Constabulary,Durham Constabulary,-1.860042,54.861337,On or near Backstone Road,E01020630,County Durham 014A,Violence and sexual offences,Investigation complete; no suspect identified,
bf4ae1fd2e6eb7f85899b0399da65ceebb0218775d3f806a98bf1ffd342e11a5,2024-05,Durham Constabulary,Durham Constabulary,-1.858376,54.861201,On or near Maple Gardens,E01020630,County Durham 014A,Violence and sexual offences,Under investigation,
e83d907193046842891db970997921eb31233c7927cda7fc92c8e4be69a4f95a,2024-05,Durham Constabulary,Durham Constabulary,-1.858526,54.862702,On or near Gill Side View,E01020630,County Durham 014A,Violence and sexual offences,Investigation complete; no suspect identified,
,2024-05,Durham Constabulary,Durham Constabulary,-1.853616,54.859335,On or near St Mary'S Crescent,E01020631,County Durham 014B,Anti-social behaviour,,
90f4766114418844400e51d273edde8eac25efdf68c9347131e7066447b926d7,2024-05,Durham Constabulary,Durham Constabulary,-1.856145,54.857810,On or near Highridge,E01020631,County Durham 014B,Criminal damage and arson,Awaiting court outcome,
02d7c787587d9d753e121d8673507c297a7841944c394fce5aa914e6ac264b57,2024-05,Durham Constabulary,Durham Constabulary,-1.849157,54.860246,On or near Oxley Street,E01020631,County Durham 014B,Criminal damage and arson,Investigation complete; no suspect identified,
9448c4caaf57f54d267b10626dd3eef55eacf3ba887b2a40fea76f4d4bfe7d57,2024-05,Durham Constabulary,Durham Constabulary,-1.849579,54.859896,On or near Church Road,E01020631,County Durham 014B,Public order,Unable to prosecute suspect,
66f1292297a39c7400bbc64ee4865f58c736444a7ba3a308baad7b9911388460,2024-05,Durham Constabulary,Durham Constabulary,-1.849157,54.860246,On or near Oxley Street,E01020631,County Durham 014B,Public order,Awaiting court outcome,
17052e6f8f7dd324061e131614dc692384478cc816af8bd4e755195def56c52e,2024-05,Durham Constabulary,Durham Constabulary,-1.846914,54.860153,On or near Parking Area,E01020631,County Durham 014B,Violence and sexual offences,Unable to prosecute suspect,
a0f47552ef9a3f2355196127311b50bf38984f356849e2c1703a806dd83b0622,2024-05,Durham Constabulary,Durham Constabulary,-1.852813,54.857276,On or near Kilchurn,E01020631,County Durham 014B,Violence and sexual offences,Unable to prosecute suspect,
002eca919d2f2ef2bee71f6c7fd558182940e04f5f781b32846c90e9e86791ea,2024-05,Durham Constabulary,Durham Constabulary,-1.849157,54.860246,On or near Oxley Street,E01020631,County Durham 014B,Violence and sexual offences,Action to be taken by another organisation,
1ad3e46b1aacda6fae1ed8c722427ed60a4a46be35fd6577be0fd45b9d3ca0c1,2024-05,Durham Constabulary,Durham Constabulary,-1.846914,54.860153,On or near Parking Area,E01020631,County Durham 014B,Violence and sexual offences,Unable to prosecute suspect,
08ce1d9601810c77865bfefe62700e06ef9d2bd59d7b267f1babbe48050722bf,2024-05,Durham Constabulary,Durham Constabulary,-1.847342,54.858240,On or near Turner Street,E01020631,County Durham 014B,Violence and sexual offences,Unable to prosecute suspect,
32c0197e11d6cda8bc0c728353c17d0097be1357fc98e700d3c560d52c18e7be,2024-05,Durham Constabulary,Durham Constabulary,-1.849157,54.860246,On or near Oxley Street,E01020631,County Durham 014B,Violence and sexual offences,Unable to prosecute suspect,
4eb0660578ec1a3f0c3e8812c634e0b1d257a010c0474fb40e9d6d60dc319938,2024-05,Durham Constabulary,Durham Constabulary,-1.856145,54.857810,On or near Highridge,E01020631,County Durham 014B,Violence and sexual offences,Offender given a caution,
63dd2639dd18f70e5e4e769c952219a5c7eb523976ffa700373564c9a5935c12,2024-05,Durham Constabulary,Durham Constabulary,-1.850434,54.860481,On or near Bells Wood Court,E01020631,County Durham 014B,Violence and sexual offences,Unable to prosecute suspect,
,2024-05,Durham Constabulary,Durham Constabulary,-1.882599,54.834851,On or near Front Street,E01020637,County Durham 014C,Anti-social behaviour,,
,2024-05,Durham Constabulary,Durham Constabulary,-1.878170,54.832250,On or near Rowley Bank,E01020637,County Durham 014C,Anti-social behaviour,,
47afeccb082709dad1426e91cd7878e4ccd6352b1709c057b3293c91095eea37,2024-05,Durham Constabulary,Durham Constabulary,-1.880132,54.832135,On or near Watergate Road,E01020637,County Durham 014C,Violence and sexual offences,Unable to prosecute suspect,
411b3ec1cad5d713e46d4ab1161cde1fd5bec0d24dc8d55dba0697dc6e0b0629,2024-05,Durham Constabulary,Durham Constabulary,-1.882599,54.834851,On or near Front Street,E01020637,County Durham 014C,Violence and sexual offences,Unable to prosecute suspect,
d24dbf4ddac3657051bc240a0cb9e6aa499d986f9d3798fb3db31d5ff2500c35,2024-05,Durham Constabulary,Durham Constabulary,-1.869897,54.829519,On or near Rowley Bank,E01020637,County Durham 014C,Violence and sexual offences,Unable to prosecute suspect,
afeb8ec1b77159a6d5b7f142cdca08e75e8518bc2b649c781efb5db0a996f5f7,2024-05,Durham Constabulary,Durham Constabulary,-1.880420,54.834535,On or near Wharnley Way,E01020637,County Durham 014C,Violence and sexual offences,Unable to prosecute suspect,
,2024-05,Durham Constabulary,Durham Constabulary,-1.869653,54.837570,On or near Derby Drive,E01020645,County Durham 014E,Anti-social behaviour,,
,2024-05,Durham Constabulary,Durham Constabulary,-1.870754,54.839063,On or near Lincoln Place,E01020645,County Durham 014E,Anti-social behaviour,,
,2024-05,Durham Constabulary,Durham Constabulary,-1.869653,54.837570,On or near Derby Drive,E01020645,County Durham 014E,Anti-social behaviour,,
,2024-05,Durham Constabulary,Durham Constabulary,-1.870737,54.839476,On or near Lincoln Road,E01020645,County Durham 014E,Anti-social behaviour,,
,2024-05,Durham Constabulary,Durham Constabulary,-1.870737,54.839476,On or near Lincoln Road,E01020645,County Durham 014E,Anti-social behaviour,,
,2024-05,Durham Constabulary,Durham Constabulary,-1.870737,54.839476,On or near Lincoln Road,E01020645,County Durham 014E,Anti-social behaviour,,
,2024-05,Durham Constabulary,Durham Constabulary,-1.870737,54.839476,On or near Lincoln Road,E01020645,County Durham 014E,Anti-social behaviour,,
,2024-05,Durham Constabulary,Durham Constabulary,-1.870737,54.839476,On or near Lincoln Road,E01020645,County Durham 014E,Anti-social behaviour,,
1e8df27d8c85d8ecfaa3c9bd01d3c66721b6b24974000be74776529e67fdb7aa,2024-05,Durham Constabulary,Durham Constabulary,-1.869653,54.837570,On or near Derby Drive,E01020645,County Durham 014E,Other theft,Investigation complete; no suspect identified,
15c2a1f9ba0b4babbf5b130d28bf89e733e2b80e68902aecc3884c9219e2379c,2024-05,Durham Constabulary,Durham Constabulary,-1.870051,54.838207,On or near Sports/Recreation Area,E01020645,County Durham 014E,Public order,Unable to prosecute suspect,
8126565952993604776b3da360d5459dd7ec9150719d11e15d63b0a53f7af468,2024-05,Durham Constabulary,Durham Constabulary,-1.867974,54.836661,On or near Essex Avenue,E01020645,County Durham 014E,Public order,Investigation complete; no suspect identified,
2fc023501ce605e4f66b1b6f6d993934cf71b2872c05303b690b21ac5ea051b3,2024-05,Durham Constabulary,Durham Constabulary,-1.870895,54.838542,On or near Derby Crescent,E01020645,County Durham 014E,Violence and sexual offences,Action to be taken by another organisation,
833afd658a5bb54686469c2b7bb8ec2bf17df6e124d352370f72af11b9d1db81,2024-05,Durham Constabulary,Durham Constabulary,-1.870051,54.838207,On or near Sports/Recreation Area,E01020645,County Durham 014E,Violence and sexual offences,Under investigation,
8725c0ee04d2a2ba2ad561194748ca9cc8ed2ca8d1426e1e9ea0b07754dbde58,2024-05,Durham Constabulary,Durham Constabulary,-1.870666,54.837248,On or near York Avenue,E01020645,County Durham 014E,Violence and sexual offences,Under investigation,
00ccb5a85a3f070791c1c7734988eb11814144810037b601e338226ff9c02fcb,2024-05,Durham Constabulary,Durham Constabulary,-1.870051,54.838207,On or near Sports/Recreation Area,E01020645,County Durham 014E,Violence and sexual offences,Under investigation,
f5caf22d92588ce0e5686e82502d1afb6404df5ce39df75b31ffc83584310511,2024-05,Durham Constabulary,Durham Constabulary,-1.870051,54.838207,On or near Sports/Recreation Area,E01020645,County Durham 014E,Violence and sexual offences,Further action is not in the public interest,
804b96bc1a7ff86b80f6b725d0a6f4c6e010296c27bf5c9efe2c456d7febee94,2024-05,Durham Constabulary,Durham Constabulary,-1.872361,54.837977,On or near Lancaster Road,E01020645,County Durham 014E,Violence and sexual offences,Unable to prosecute suspect,
e786da0c0788700efc43156d5be3d4a7a07593dab4ae50d9c166fb810a40e643,2024-05,Durham Constabulary,Durham Constabulary,-1.872591,54.838939,On or near Chester Road,E01020645,County Durham 014E,Violence and sexual offences,Under investigation,
2fe43b77e0ec1377793c69ba10d4561728c43c8cfd5fd7cb7c615470ede224f0,2024-05,Durham Constabulary,Durham Constabulary,-1.872591,54.838939,On or near Chester Road,E01020645,County Durham 014E,Violence and sexual offences,Unable to prosecute suspect,
7ccc3799949d8c7794ee5fa89c64eebf644e435088d4345aee6837fa5d7bedc7,2024-05,Durham Constabulary,Durham Constabulary,-1.869653,54.837570,On or near Derby Drive,E01020645,County Durham 014E,Violence and sexual offences,Unable to prosecute suspect,
b7fe6ae2002a9e98bca975c791da3d00558e20314bc1612f693ece8d17d2defc,2024-05,Durham Constabulary,Durham Constabulary,-1.872591,54.838939,On or near Chester Road,E01020645,County Durham 014E,Violence and sexual offences,Unable to prosecute suspect,
892b2a555d1eb3c59a0399ef5771708c6b50efe2dc622df24dc84ad3eaa27cdf,2024-05,Durham Constabulary,Durham Constabulary,-1.872591,54.838939,On or near Chester Road,E01020645,County Durham 014E,Violence and sexual offences,Unable to prosecute suspect,
,2024-05,Durham Constabulary,Durham Constabulary,-1.857624,54.849104,On or near Hallgarth,E01034489,County Durham 014F,Anti-social behaviour,,
,2024-05,Durham Constabulary,Durham Constabulary,-1.854129,54.846638,On or near Arkless Grove,E01034489,County Durham 014F,Anti-social behaviour,,
,2024-05,Durham Constabulary,Durham Constabulary,-1.854129,54.846638,On or near Arkless Grove,E01034489,County Durham 014F,Anti-social behaviour,,
52368e766e5fc748e59c88db80fb24f8d8e81b3e8622d56335e1658d9bd8334e,2024-05,Durham Constabulary,Durham Constabulary,-1.856588,54.847054,On or near Oakfield Lane,E01034489,County Durham 014F,Burglary,Investigation complete; no suspect identified,
29284a7464a0a561b4981deeacab395d52a9f5db9ceefb94879e691e176dece6,2024-05,Durham Constabulary,Durham Constabulary,-1.856588,54.847054,On or near Oakfield Lane,E01034489,County Durham 014F,Burglary,Investigation complete; no suspect identified,
5ec7c10761dcbbc652f8b68e295ff318db64fa4fe1c6e10beae8a34590c14aeb,2024-05,Durham Constabulary,Durham Constabulary,-1.856588,54.847054,On or near Oakfield Lane,E01034489,County Durham 014F,Burglary,Investigation complete; no suspect identified,
12dd757e2bd0677e745ff60937aabf86395897c61c1057dacc036798a32ca68d,2024-05,Durham Constabulary,Durham Constabulary,-1.847998,54.849515,On or near St James Court,E01034489,County Durham 014F,Criminal damage and arson,Investigation complete; no suspect identified,
dd7114359683e3ad626002108734d8335ce8554a544b5504738ca9c2e178b048,2024-05,Durham Constabulary,Durham Constabulary,-1.857415,54.846651,On or near Priestman Avenue,E01034489,County Durham 014F,Public order,Further action is not in the public interest,
7bbb785b06f71fbe62610cf42edc91bc8f0fdd3042ab38f039b6297764f61a42,2024-05,Durham Constabulary,Durham Constabulary,-1.857415,54.846651,On or near Priestman Avenue,E01034489,County Durham 014F,Violence and sexual offences,Unable to prosecute suspect,
6a530fd0bc05e621392b40bee00a36a7373372e8bdeeca8eb92b87489ceae257,2024-05,Durham Constabulary,Durham Constabulary,-1.838620,54.850195,On or near Ponds Court,E01034490,County Durham 014G,Other theft,Offender given a caution,
577e85318cb7f56f0fbea26389cbab3f9b14181399795960abf6a1e678ed7e5e,2024-05,Durham Constabulary,Durham Constabulary,-1.838620,54.850195,On or near Ponds Court,E01034490,County Durham 014G,Shoplifting,Investigation complete; no suspect identified,
,2024-05,Durham Constabulary,Durham Constabulary,-1.859925,54.841244,On or near Consett Road,E01034491,County Durham 014H,Anti-social behaviour,,
,2024-05,Durham Constabulary,Durham Constabulary,-1.859925,54.841244,On or near Consett Road,E01034491,County Durham 014H,Anti-social behaviour,,
,2024-05,Durham Constabulary,Durham Constabulary,-1.859925,54.841244,On or near Consett Road,E01034491,County Durham 014H,Anti-social behaviour,,
,2024-05,Durham Constabulary,Durham Constabulary,-1.859925,54.841244,On or near Consett Road,E01034491,County Durham 014H,Anti-social behaviour,,
,2024-05,Durham Constabulary,Durham Constabulary,-1.859925,54.841244,On or near Consett Road,E01034491,County Durham 014H,Anti-social behaviour,,
,2024-05,Durham Constabulary,Durham Constabulary,-1.862978,54.840744,On or near Hexham Gardens,E01034491,County Durham 014H,Anti-social behaviour,,
,2024-05,Durham Constabulary,Durham Constabulary,-1.859925,54.841244,On or near Consett Road,E01034491,County Durham 014H,Anti-social behaviour,,
,2024-05,Durham Constabulary,Durham Constabulary,-1.859925,54.841244,On or near Consett Road,E01034491,County Durham 014H,Anti-social behaviour,,
,2024-05,Durham Constabulary,Durham Constabulary,-1.859925,54.841244,On or near Consett Road,E01034491,County Durham 014H,Anti-social behaviour,,
,2024-05,Durham Constabulary,Durham Constabulary,-1.859925,54.841244,On or near Consett Road,E01034491,County Durham 014H,Anti-social behaviour,,
,2024-05,Durham Constabulary,Durham Constabulary,-1.859925,54.841244,On or near Consett Road,E01034491,County Durham 014H,Anti-social behaviour,,
,2024-05,Durham Constabulary,Durham Constabulary,-1.864055,54.839999,On or near Dorset Crescent,E01034491,County Durham 014H,Anti-social behaviour,,
9c561191bf50013ed7896940267c005770674b1381516e005b9f27310a5da320,2024-05,Durham Constabulary,Durham Constabulary,-1.854044,54.844247,On or near Hydenside,E01034491,County Durham 014H,Burglary,Awaiting court outcome,
7900788dba44cdf735d90b4cfa6e7a429cbe59719b61712cce980f726e2df8f2,2024-05,Durham Constabulary,Durham Constabulary,-1.854044,54.844247,On or near Hydenside,E01034491,County Durham 014H,Burglary,Suspect charged as part of another case,
655353aba25ccb0b68be9f49e791c61fd44f7d22dc3c5cd085a17adc697798fc,2024-05,Durham Constabulary,Durham Constabulary,-1.854044,54.844247,On or near Hydenside,E01034491,County Durham 014H,Burglary,Suspect charged as part of another case,
a1bd660f59f1d6a165cb462381b2aba0c8f458410b4f451f16651a5ee0389147,2024-05,Durham Constabulary,Durham Constabulary,-1.853907,54.843286,On or near Consett Road,E01034491,County Durham 014H,Criminal damage and arson,Local resolution,
e3ba73f2fdb5cb76df085060765df917f3256218c6f0ae40ff56bfc22b9c64df,2024-05,Durham Constabulary,Durham Constabulary,-1.862248,54.840348,On or near Cleveland Close,E01034491,County Durham 014H,Criminal damage and arson,Under investigation,
33a73d2ed86b4cf417d8590d78953875a9518ea7b5ead1cd678f4e06d47b45e1,2024-05,Durham Constabulary,Durham Constabulary,-1.853907,54.843286,On or near Consett Road,E01034491,County Durham 014H,Criminal damage and arson,Local resolution,
b8cc83c3b9f08bc4b5d12c3ce1099c2e967b116399d2c842dc4b69636e704ac2,2024-05,Durham Constabulary,Durham Constabulary,-1.858579,54.843084,On or near Holly Gardens,E01034491,County Durham 014H,Public order,Awaiting court outcome,
9e86aceef7efe454e9137808a853ed4ba0e1a959e057b9a57e523b68ccd896b4,2024-05,Durham Constabulary,Durham Constabulary,-1.858579,54.843084,On or near Holly Gardens,E01034491,County Durham 014H,Public order,Further investigation is not in the public interest,
1614caca7dd60b63b683b334e970f2ea01b45cb88aae3510b8aa9fcc1f1f6980,2024-05,Durham Constabulary,Durham Constabulary,-1.856737,54.844358,On or near Pemberton Avenue,E01034491,County Durham 014H,Violence and sexual offences,Under investigation,
62d1fcd7104fbde78b5959932861f851e106a1894043a91cc2ba17d0914479fb,2024-05,Durham Constabulary,Durham Constabulary,-1.856737,54.844358,On or near Pemberton Avenue,E01034491,County Durham 014H,Violence and sexual offences,Under investigation,
8eb582dcae11b2a77fa8cb9b513a954f5f1e8322916ac7b019f97675dbff7255,2024-05,Durham Constabulary,Durham Constabulary,-1.854044,54.844247,On or near Hydenside,E01034491,County Durham 014H,Other crime,Unable to prosecute suspect,
,2024-05,Durham Constabulary,Durham Constabulary,-1.512775,54.848714,On or near Sydney Street,E01020590,County Durham 015A,Anti-social behaviour,,
395f15e1afa4c73fec0c2955458169e5c0ab0ffcaa72435824a6d70b68add153,2024-05,Durham Constabulary,Durham Constabulary,-1.512775,54.848714,On or near Sydney Street,E01020590,County Durham 015A,Burglary,Awaiting court outcome,
9e752e8edbf69bd592a00b42b5df5a35147ab23a7622593529e0d90d96695e8e,2024-05,Durham Constabulary,Durham Constabulary,-1.512775,54.848714,On or near Sydney Street,E01020590,County Durham 015A,Burglary,Unable to prosecute suspect,
9b7fdb9f291add8936f32e1fd8de8134b9e3a7d6297f977a586ed3b5ce99027f,2024-05,Durham Constabulary,Durham Constabulary,-1.512775,54.848714,On or near Sydney Street,E01020590,County Durham 015A,Criminal damage and arson,Unable to prosecute suspect,
9903587e67243ff43f5ee81ba09ed3e06a3b91411e77d9d067d556938bc03b93,2024-05,Durham Constabulary,Durham Constabulary,-1.524676,54.856481,On or near Castlemain Close,E01020590,County Durham 015A,Other theft,Investigation complete; no suspect identified,
d7f777a72446bcb56e25fbe73186741c42d8c39efa7be8cda3bbda5e34afeb5a,2024-05,Durham Constabulary,Durham Constabulary,-1.511527,54.847649,On or near Elmwood Street,E01020590,County Durham 015A,Violence and sexual offences,Investigation complete; no suspect identified,
bf9bd10ab513c62512031f4dd0a6d961f7a22353a29f1cc986f003c1ddc45b70,2024-05,Durham Constabulary,Durham Constabulary,-1.513638,54.846956,On or near Pinewood Street,E01020590,County Durham 015A,Violence and sexual offences,Unable to prosecute suspect,
4570781ee9ace69e6d486e50603c0e17b371fbeba4c5c61acc531eb2e11dd817,2024-05,Durham Constabulary,Durham Constabulary,-1.512775,54.848714,On or near Sydney Street,E01020590,County Durham 015A,Other crime,Unable to prosecute suspect,
,2024-05,Durham Constabulary,Durham Constabulary,-1.517593,54.852166,On or near Mill Court,E01020591,County Durham 015B,Anti-social behaviour,,
,2024-05,Durham Constabulary,Durham Constabulary,-1.516093,54.852583,On or near Orchid Square,E01020591,County Durham 015B,Anti-social behaviour,,
,2024-05,Durham Constabulary,Durham Constabulary,-1.515254,54.855051,On or near Alwyn Close,E01020591,County Durham 015B,Anti-social behaviour,,
29f49e75fe530aaec1c8dd4cbb27b40e7f25d9879c654d4539d5f84e6bb81365,2024-05,Durham Constabulary,Durham Constabulary,-1.555074,54.862904,On or near Newbridge Bank,E01020591,County Durham 015B,Burglary,Local resolution,
61014bbf0fd1d3f9b871bc43ac6165b1ab3f3419377d5ba51a28d3d783e643d8,2024-05,Durham Constabulary,Durham Constabulary,-1.512570,54.852820,On or near Meadow Grange,E01020591,County Durham 015B,Burglary,Investigation complete; no suspect identified,
9d3628e5447d31fc99d6c362b7785322a2fb0fc9099acb71509f1146b5e5c11b,2024-05,Durham Constabulary,Durham Constabulary,-1.555074,54.862904,On or near Newbridge Bank,E01020591,County Durham 015B,Criminal damage and arson,Investigation complete; no suspect identified,
a61cbbf95a4662e1ab9399f4dcd8895e8542ce5fdf2b64215d69771005781522,2024-05,Durham Constabulary,Durham Constabulary,-1.515254,54.855051,On or near Alwyn Close,E01020591,County Durham 015B,Violence and sexual offences,Unable to prosecute suspect,
c596e8590519df1a9f8a1e1a8e25a9acbe8bc16a855242e31fd78ba405935546,2024-05,Durham Constabulary,Durham Constabulary,-1.515254,54.855051,On or near Alwyn Close,E01020591,County Durham 015B,Violence and sexual offences,Action to be taken by another organisation,
e782761bdb2baf0a31aaa859808ca3a50d75589ef49f054ab3fae1534daf29c2,2024-05,Durham Constabulary,Durham Constabulary,-1.515254,54.855051,On or near Alwyn Close,E01020591,County Durham 015B,Violence and sexual offences,Action to be taken by another organisation,
b75a498c0e46810456f898a3189dcb09f8da0226ffe0ce992b010a1219a0bff0,2024-05,Durham Constabulary,Durham Constabulary,-1.515254,54.855051,On or near Alwyn Close,E01020591,County Durham 015B,Violence and sexual offences,Under investigation,
772405343ffbaffe667a65520ded08a84a2d4037c30c31f574b71c1d7c110be0,2024-05,Durham Constabulary,Durham Constabulary,-1.516093,54.852583,On or near Orchid Square,E01020591,County Durham 015B,Violence and sexual offences,Under investigation,
de5d891f0cce2b3d77a5b44a087ba232118836214349ceae318841621ca13d48,2024-05,Durham Constabulary,Durham Constabulary,-1.515254,54.855051,On or near Alwyn Close,E01020591,County Durham 015B,Violence and sexual offences,Action to be taken by another organisation,
2c898b79043251b7b52b0bddbba9fea7ef085beb232ba054eb6f90fcd3adeceb,2024-05,Durham Constabulary,Durham Constabulary,-1.515254,54.855051,On or near Alwyn Close,E01020591,County Durham 015B,Violence and sexual offences,Under investigation,
b21ec8ecd9c88bc99f85d13a45307601bb01acf119d7ca475d29aacafffe3989,2024-05,Durham Constabulary,Durham Constabulary,-1.517234,54.854906,On or near Lilac Square,E01020591,County Durham 015B,Violence and sexual offences,Unable to prosecute suspect,
8cfbd6bd05218e6aeda065b26edeb36f1aa5e62a98315e113a3013a19c6bdc5f,2024-05,Durham Constabulary,Durham Constabulary,-1.555074,54.862904,On or near Newbridge Bank,E01020591,County Durham 015B,Violence and sexual offences,Under investigation,
61493c92889e384b6132f97904784cb1df34a5181292f93b7cd42fc7fbfcfc9c,2024-05,Durham Constabulary,Durham Constabulary,-1.512570,54.852820,On or near Meadow Grange,E01020591,County Durham 015B,Other crime,Under investigation,
be7f54ef561f004a5a4ae04b2e241f3980ab6a1fd6a30db33e7b0edd35b1a548,2024-05,Durham Constabulary,Durham Constabulary,-1.514332,54.859172,On or near Petrol Station,E01020591,County Durham 015B,Other crime,Under investigation,
,2024-05,Durham Constabulary,Durham Constabulary,-1.547833,54.836071,On or near Melbeck Court,E01020608,County Durham 015C,Anti-social behaviour,,
,2024-05,Durham Constabulary,Durham Constabulary,-1.547833,54.836071,On or near Melbeck Court,E01020608,County Durham 015C,Anti-social behaviour,,
,2024-05,Durham Constabulary,Durham Constabulary,-1.542043,54.837307,On or near Scott Court,E01020608,County Durham 015C,Anti-social behaviour,,
dbfbf54113a057159b1550d0e6790b0e2c12d7b43c421817f425cb4b1dc9c5ee,2024-05,Durham Constabulary,Durham Constabulary,-1.540439,54.840141,On or near Tintagel,E01020608,County Durham 015C,Criminal damage and arson,Unable to prosecute suspect,
757b5552f8dee27728c549d6cc14b988630436772927169b757087136ef457ae,2024-05,Durham Constabulary,Durham Constabulary,-1.542043,54.837307,On or near Scott Court,E01020608,County Durham 015C,Criminal damage and arson,Unable to prosecute suspect,
efa297dbc91e4b5f289888ec898bb17c897125b9a47f943f8f424a9cbe8b6c05,2024-05,Durham Constabulary,Durham Constabulary,-1.540439,54.840141,On or near Tintagel,E01020608,County Durham 015C,Criminal damage and arson,Investigation complete; no suspect identified,
3dbafc49817e390826612934e35fefbee55eee6871285dbd81c431af7facc037,2024-05,Durham Constabulary,Durham Constabulary,-1.542043,54.837307,On or near Scott Court,E01020608,County Durham 015C,Criminal damage and arson,Investigation complete; no suspect identified,
ea402b9386ff0c5cd232f91a4560a06ab9e2b51e40044b01acf69bfa2bb7dfda,2024-05,Durham Constabulary,Durham Constabulary,-1.540439,54.840141,On or near Tintagel,E01020608,County Durham 015C,Violence and sexual offences,Unable to prosecute suspect,
b6cfbe918d71e086913f4fb85da67c26371dcdac4569bd86246de63decfa7508,2024-05,Durham Constabulary,Durham Constabulary,-1.540439,54.840141,On or near Tintagel,E01020608,County Durham 015C,Violence and sexual offences,Unable to prosecute suspect,
25a8279197e80e7827574b1e1f0e58cb3baf3219c44fef17e77a00ae18a848db,2024-05,Durham Constabulary,Durham Constabulary,-1.518746,54.848190,On or near Lumley New Road,E01020608,County Durham 015C,Violence and sexual offences,Investigation complete; no suspect identified,
828f66b95f5ceb9380edd744fb405bb3405f8c255278fddd22548b49c5a724fd,2024-05,Durham Constabulary,Durham Constabulary,-1.540010,54.839474,On or near Scorer'S Lane,E01020608,County Durham 015C,Violence and sexual offences,Under investigation,
606a8107880b7736e0f413b47872993317261c185264a9adb0263361cff69caf,2024-05,Durham Constabulary,Durham Constabulary,-1.540010,54.839474,On or near Scorer'S Lane,E01020608,County Durham 015C,Violence and sexual offences,Under investigation,
45a66977ac8114e721708be0ae7ec6b086e91019cfdbf113522b532b26e4f59e,2024-05,Durham Constabulary,Durham Constabulary,-1.541601,54.847514,On or near Lumley New Road,E01020608,County Durham 015C,Violence and sexual offences,Unable to prosecute suspect,
7dfbd5542522304a8957b44f7778b701b1fc8d82d208227e5badafdaa81e4d7a,2024-05,Durham Constabulary,Durham Constabulary,-1.538201,54.841103,On or near Eden Crescent,E01020608,County Durham 015C,Other crime,Unable to prosecute suspect,
,2024-05,Durham Constabulary,Durham Constabulary,-1.544286,54.837244,On or near Supermarket,E01020609,County Durham 015D,Anti-social behaviour,,
21bcceb0557a0f16b143e8dd58e9a8db1ba2e2edf68cb0911b20bdd7b16da81c,2024-05,Durham Constabulary,Durham Constabulary,-1.544286,54.837244,On or near Supermarket,E01020609,County Durham 015D,Criminal damage and arson,Investigation complete; no suspect identified,
984dafc4e40a172fb5cf95b9010d92e4e2bc5e8635470431cd7dd6d8c4caac15,2024-05,Durham Constabulary,Durham Constabulary,-1.544286,54.837244,On or near Supermarket,E01020609,County Durham 015D,Violence and sexual offences,Local resolution,
1053fded179f801029cc326038dcd9aea534c7e25fecbd0c55b8fb025ec5d5e0,2024-05,Durham Constabulary,Durham Constabulary,-1.544286,54.837244,On or near Supermarket,E01020609,County Durham 015D,Other crime,Unable to prosecute suspect,
d097cd2c70dc5dfeb787e76d803db06068dbee5c242e1112724900bfa6c381ca,2024-05,Durham Constabulary,Durham Constabulary,-1.548848,54.841377,On or near Back Lane,E01020609,County Durham 015D,Other crime,Unable to prosecute suspect,
4542ad919e78bbbe8b22864ed2565db06220f23387c841308beb5c875f533d17,2024-05,Durham Constabulary,Durham Constabulary,-1.370739,54.830807,On or near Bowes Avenue,E01020750,County Durham 016A,Other theft,Investigation complete; no suspect identified,
137ff6ce569b50bf186a2062444fec65484c4878cd93b1d255f013528cdb56c7,2024-05,Durham Constabulary,Durham Constabulary,-1.365914,54.831902,On or near Petrol Station,E01020750,County Durham 016A,Shoplifting,Investigation complete; no suspect identified,
acc8486aaaa013a4a922644f7ca1baba84aea92662201d98568182bde73e9b0e,2024-05,Durham Constabulary,Durham Constabulary,-1.365914,54.831902,On or near Petrol Station,E01020750,County Durham 016A,Shoplifting,Investigation complete; no suspect identified,
37fc91fdca7274cf8b5a1159796a5d230b82f8df88e9ae3fd1f04f88c7668ff3,2024-05,Durham Constabulary,Durham Constabulary,-1.365914,54.831902,On or near Petrol Station,E01020750,County Durham 016A,Shoplifting,Investigation complete; no suspect identified,
45eed3c3a1f4c402b27c49afe0d01215747382c25a472b81459b9498a7ece57e,2024-05,Durham Constabulary,Durham Constabulary,-1.361418,54.831586,On or near Dartmouth Close,E01020750,County Durham 016A,Vehicle crime,Investigation complete; no suspect identified,
bb3814af263c069522ac5aca3d741bf12dc8da5d96c8dcc5d42e9c67f28bf6a7,2024-05,Durham Constabulary,Durham Constabulary,-1.368385,54.830067,On or near Galfrid Close,E01020750,County Durham 016A,Vehicle crime,Investigation complete; no suspect identified,
f805ca1557a27a2604c6da695793e5ed71f59aaa20bc596fba26532fcb415bf6,2024-05,Durham Constabulary,Durham Constabulary,-1.358098,54.831820,On or near Yarmouth Close,E01020750,County Durham 016A,Violence and sexual offences,Offender given a caution,
9854391d4288ea9c37ead85938d247ab9b9b48f277b0cfb96298ffe1d6d6910f,2024-05,Durham Constabulary,Durham Constabulary,-1.376232,54.844127,On or near Seaton Lane,E01020786,County Durham 016D,Criminal damage and arson,Investigation complete; no suspect identified,
43f89dcb713330787222cb0ce47d06e3d71afab7dcee86bf7eac1aded8e560ff,2024-05,Durham Constabulary,Durham Constabulary,-1.369986,54.847204,On or near Field House Farm,E01020786,County Durham 016D,Violence and sexual offences,Investigation complete; no suspect identified,
,2024-05,Durham Constabulary,Durham Constabulary,-1.368695,54.839091,On or near Milldale,E01020787,County Durham 016E,Anti-social behaviour,,
,2024-05,Durham Constabulary,Durham Constabulary,-1.367413,54.840469,On or near Seaton Park,E01020787,County Durham 016E,Anti-social behaviour,,
,2024-05,Durham Constabulary,Durham Constabulary,-1.368695,54.839091,On or near Milldale,E01020787,County Durham 016E,Anti-social behaviour,,
9dfc5fb0f09157820f5f4967d55eca4dac916072296dc8707c7028df2287865f,2024-05,Durham Constabulary,Durham Constabulary,-1.371099,54.832714,On or near Wolsey Road,E01020787,County Durham 016E,Criminal damage and arson,Unable to prosecute suspect,
c501d3144544ab264756ccd77a25171646885acab1bbd2788a2bffe779f4d481,2024-05,Durham Constabulary,Durham Constabulary,-1.374345,54.833811,On or near Parking Area,E01020787,County Durham 016E,Other theft,Investigation complete; no suspect identified,
f7e3c2343b8bc4341ddc627e0276d746bc0599a9229a4455c7923b3874e43d17,2024-05,Durham Constabulary,Durham Constabulary,-1.368944,54.835139,On or near Wells Crescent,E01020787,County Durham 016E,Vehicle crime,Investigation complete; no suspect identified,
cb41af4eed8acb85d7885fa956b0209b1220da574c8154607bcefc958c1290d4,2024-05,Durham Constabulary,Durham Constabulary,-1.370956,54.837872,On or near Winslow Crescent,E01020787,County Durham 016E,Violence and sexual offences,Unable to prosecute suspect,
df61714344733033350ba02195abe68294b10db289bac9775dbeb193a5889b1d,2024-05,Durham Constabulary,Durham Constabulary,-1.370956,54.837872,On or near Winslow Crescent,E01020787,County Durham 016E,Violence and sexual offences,Under investigation,
934b410e97494919432125aa9f5c3de5dcddf502d832545571c9ac3d26a56f4f,2024-05,Durham Constabulary,Durham Constabulary,-1.342491,54.844830,On or near Marsdon Way,E01033163,County Durham 016F,Other theft,Investigation complete; no suspect identified,
1bb77fc368b3b5278aec144ef1aee3f2fd2f5118cc3f83752e7593960d3c4889,2024-05,Durham Constabulary,Durham Constabulary,-1.339604,54.844221,On or near Mappleton Drive,E01033163,County Durham 016F,Public order,Investigation complete; no suspect identified,
c1ab591ddc8b21be49e9dc94c321c907a9ce029e3e2c37e9537fc19bd0685e9c,2024-05,Durham Constabulary,Durham Constabulary,-1.339604,54.844221,On or near Mappleton Drive,E01033163,County Durham 016F,Shoplifting,Local resolution,
6bf1eefec679609aafa22ded02fe77b6552a655c4fed9aabbc86b78d1266cc83,2024-05,Durham Constabulary,Durham Constabulary,-1.339604,54.844221,On or near Mappleton Drive,E01033163,County Durham 016F,Shoplifting,Investigation complete; no suspect identified,
c4c40436f0a8f1bb156f6567b9959a8f667f0a4a665e579bcb615cd25e860ad3,2024-05,Durham Constabulary,Durham Constabulary,-1.344258,54.850141,On or near Parking Area,E01033163,County Durham 016F,Theft from the person,Investigation complete; no suspect identified,
f7e5a0ab6522aab4c59ea7dc4b38489c69fa69642c75a4c29bf78666140e5e92,2024-05,Durham Constabulary,Durham Constabulary,-1.344599,54.845416,On or near Staithes Court,E01033163,County Durham 016F,Violence and sexual offences,Unable to prosecute suspect,
567f4177ee4476e90575ea447bb460dc689a0b7ce50d9b0bff393dead0a8d103,2024-05,Durham Constabulary,Durham Constabulary,-1.345496,54.842941,On or near Goswick Way,E01033163,County Durham 016F,Violence and sexual offences,Under investigation,
192fed5e9f4784b8c2dd8d9464b77ff3363de410177f74e9f5f0e0eb2d4f447e,2024-05,Durham Constabulary,Durham Constabulary,-1.344599,54.845416,On or near Staithes Court,E01033163,County Durham 016F,Violence and sexual offences,Action to be taken by another organisation,
2aa21e3c38fac9f0fc1d688b3ef36c0d96a20e8ec3a4a7767c5e9891d8a04223,2024-05,Durham Constabulary,Durham Constabulary,-1.345496,54.842941,On or near Goswick Way,E01033163,County Durham 016F,Violence and sexual offences,Unable to prosecute suspect,
690ab69519e42516864504312388e27351c551a4967659f99383557eadc79eaf,2024-05,Durham Constabulary,Durham Constabulary,-1.342491,54.844830,On or near Marsdon Way,E01033163,County Durham 016F,Violence and sexual offences,Local resolution,
b50fb9db9dd1352555ec6c940ee927c5690ebaf5b6246bfc2e986f5aaa345233,2024-05,Durham Constabulary,Durham Constabulary,-1.341665,54.845814,On or near Weybourne Lea,E01033163,County Durham 016F,Other crime,Awaiting court outcome,
,2024-05,Durham Constabulary,Durham Constabulary,-1.367636,54.842123,On or near Mill Road,E01034492,County Durham 016H,Anti-social behaviour,,
,2024-05,Durham Constabulary,Durham Constabulary,-1.355874,54.844434,On or near Norfolk Close,E01034492,County Durham 016H,Anti-social behaviour,,
,2024-05,Durham Constabulary,Durham Constabulary,-1.367636,54.842123,On or near Mill Road,E01034492,County Durham 016H,Anti-social behaviour,,
,2024-05,Durham Constabulary,Durham Constabulary,-1.367636,54.842123,On or near Mill Road,E01034492,County Durham 016H,Anti-social behaviour,,
,2024-05,Durham Constabulary,Durham Constabulary,-1.362137,54.841277,On or near Christchurch Court,E01034492,County Durham 016H,Anti-social behaviour,,
d78936f8b318226b7e2bb831827c53f142497a276a9945acac2256e3cea01827,2024-05,Durham Constabulary,Durham Constabulary,-1.369158,54.842365,On or near Ambleside Avenue,E01034492,County Durham 016H,Burglary,Investigation complete; no suspect identified,
89d4654bde48fb801c688398dfcaa354ed5565c0b09342ab2e1c6253e1c69981,2024-05,Durham Constabulary,Durham Constabulary,-1.369158,54.842365,On or near Ambleside Avenue,E01034492,County Durham 016H,Burglary,Investigation complete; no suspect identified,
3e59ad9dccd5cb7b170abf52be281c0a30fc5c22e7afdf91405a507f258293f9,2024-05,Durham Constabulary,Durham Constabulary,-1.359622,54.842773,On or near Newlands Road West,E01034492,County Durham 016H,Criminal damage and arson,Unable to prosecute suspect,
3ae437a5881a6e07a5e625d526096e186bf732dc97fa40fa785701962081df97,2024-05,Durham Constabulary,Durham Constabulary,-1.357454,54.843957,On or near Normanby Close,E01034492,County Durham 016H,Criminal damage and arson,Investigation complete; no suspect identified,
6281b43de342182fa8a3d4ff0cac75e6105a1f466bc310eb47382646233f87c5,2024-05,Durham Constabulary,Durham Constabulary,-1.369005,54.843173,On or near Rutherford Avenue,E01034492,County Durham 016H,Other theft,Unable to prosecute suspect,
6a5b0edfd459e040ea9070ce0767ae04521bc8c74332a3af1288f0ebaded1352,2024-05,Durham Constabulary,Durham Constabulary,-1.368186,54.843789,On or near Gregson Terrace,E01034492,County Durham 016H,Public order,Unable to prosecute suspect,
7aa2a4df91eb60e35b8d083b9407adaae9b6c91410a611c9699c4e18d0bdffc0,2024-05,Durham Constabulary,Durham Constabulary,-1.359622,54.842773,On or near Newlands Road West,E01034492,County Durham 016H,Violence and sexual offences,Unable to prosecute suspect,
2072534c26ab54669ee3fb489089f62316b12d2bc1f806d1760b3fca6f9c3d44,2024-05,Durham Constabulary,Durham Constabulary,-1.367636,54.842123,On or near Mill Road,E01034492,County Durham 016H,Violence and sexual offences,Unable to prosecute suspect,
193b7884f6a865e6634b309614ce517a4c890c372271536072c91af466fe6b66,2024-05,Durham Constabulary,Durham Constabulary,-1.365713,54.844498,On or near Sports/Recreation Area,E01034492,County Durham 016H,Violence and sexual offences,Unable to prosecute suspect,
b90d7539c12c4087b16b691365c6fc30ab50f69bed2026295a600d5dcc576603,2024-05,Durham Constabulary,Durham Constabulary,-1.356698,54.842542,On or near Napier Road,E01034492,County Durham 016H,Violence and sexual offences,Unable to prosecute suspect,
f8607bccc1426f1c9eac75be8669c0b0a9c894270624034b294c9d12ad095a97,2024-05,Durham Constabulary,Durham Constabulary,-1.356031,54.840454,On or near Station Road,E01034492,County Durham 016H,Violence and sexual offences,Investigation complete; no suspect identified,
936caf06409c27e07bd9f52404af6d498d0088183912b103b9a4bbc05e99489b,2024-05,Durham Constabulary,Durham Constabulary,-1.360188,54.844403,On or near Burnhall Drive,E01034492,County Durham 016H,Violence and sexual offences,Action to be taken by another organisation,
fb2a8db02ca884c631fbc0e36960d43262fbe5271eaf471d1e2b391b307c1b07,2024-05,Durham Constabulary,Durham Constabulary,-1.339869,54.834697,On or near Ross Street,E01020740,County Durham 017A,Vehicle crime,Investigation complete; no suspect identified,
ab0c9ccf2fd83a00abbbc0a4d24e8972950e73aa9328b232b32a2f116da04cff,2024-05,Durham Constabulary,Durham Constabulary,-1.342996,54.830013,On or near Parkside Crescent,E01020740,County Durham 017A,Violence and sexual offences,Unable to prosecute suspect,
dab1c25500ea997637a559b991753f5aeb37b118803b1459a83b088432b69e6d,2024-05,Durham Constabulary,Durham Constabulary,-1.339615,54.834030,On or near Princess Road,E01020740,County Durham 017A,Violence and sexual offences,Under investigation,
1cdda2a249ea71b954e582fe9fba964bb9baef3680e8dc702f151c3ee2727546,2024-05,Durham Constabulary,Durham Constabulary,-1.333860,54.830880,On or near Strangways Street,E01020741,County Durham 017B,Criminal damage and arson,Investigation complete; no suspect identified,
8d5d9946f3315cae3d246918c39032876cbfbd61bd2c3f0e37f709b3c3cf79ec,2024-05,Durham Constabulary,Durham Constabulary,-1.333860,54.830880,On or near Strangways Street,E01020741,County Durham 017B,Criminal damage and arson,Investigation complete; no suspect identified,
1cdaa0cb3b81c76d4ea28dd88e95b39a8e006c872b122c046e9633edaac9ddd3,2024-05,Durham Constabulary,Durham Constabulary,-1.336489,54.831946,On or near Rainton Street,E01020741,County Durham 017B,Other theft,Unable to prosecute suspect,
ef21279bc9d497275f4ecef81e5a5507d4e17deca41d7c77860c7eaa31f5977d,2024-05,Durham Constabulary,Durham Constabulary,-1.333411,54.831687,On or near Fox Street,E01020741,County Durham 017B,Violence and sexual offences,Under investigation,
1b5a9bc531ad5fb8870c861c53bc38d9c856bba16c25a7a5210ac15b7a11f9f3,2024-05,Durham Constabulary,Durham Constabulary,-1.333860,54.830880,On or near Strangways Street,E01020741,County Durham 017B,Violence and sexual offences,Unable to prosecute suspect,
9d9c18d8ad39b3d35688db01cd6e7dfeb736a6faa2363122481544d273cc54e5,2024-05,Durham Constabulary,Durham Constabulary,-1.330418,54.831913,On or near Candlish Terrace,E01020741,County Durham 017B,Violence and sexual offences,Unable to prosecute suspect,
bb17756d2aeca6625939a26e9e7cbe00d4719a4030f0149d6873bfebe58f9093,2024-05,Durham Constabulary,Durham Constabulary,-1.338149,54.831299,On or near James Street,E01020741,County Durham 017B,Violence and sexual offences,Unable to prosecute suspect,
a72d0c370a2a3e01b1ebbd8f498f226fe418005f5ecca60d6ca245a4232fa82f,2024-05,Durham Constabulary,Durham Constabulary,-1.333860,54.830880,On or near Strangways Street,E01020741,County Durham 017B,Violence and sexual offences,Unable to prosecute suspect,
2f557d37517d4b6a23618de49467a7dd80ed34ee681febf1874bf559c0f407fe,2024-05,Durham Constabulary,Durham Constabulary,-1.333411,54.831687,On or near Fox Street,E01020741,County Durham 017B,Violence and sexual offences,Unable to prosecute suspect,
,2024-05,Durham Constabulary,Durham Constabulary,-1.323952,54.824769,On or near East Cliff Road,E01020742,County Durham 017C,Anti-social behaviour,,
,2024-05,Durham Constabulary,Durham Constabulary,-1.336211,54.829896,On or near Margaret Street,E01020742,County Durham 017C,Anti-social behaviour,,
418be50c761505a125e0731584db5b161ac27ba5e21d7e178ca5b1c66e0d1bfb,2024-05,Durham Constabulary,Durham Constabulary,-1.322119,54.823644,On or near Parking Area,E01020742,County Durham 017C,Public order,Under investigation,
b103411afe7eeee4de2c4e9e742790c64319b7fa48cf206f7a4ff233bd608114,2024-05,Durham Constabulary,Durham Constabulary,-1.332443,54.828078,On or near Mount Stewart Street,E01020742,County Durham 017C,Public order,Unable to prosecute suspect,
7769f87c88bf53ab2465ee1de7aa47be8cef97aa32ad64774272376a56198eff,2024-05,Durham Constabulary,Durham Constabulary,-1.334624,54.828863,On or near Embleton Street,E01020742,County Durham 017C,Public order,Unable to prosecute suspect,
530395dfafc8de7de141bd2b924c3596a1b332334914af0f57a1702b99dc9ae5,2024-05,Durham Constabulary,Durham Constabulary,-1.332295,54.829497,On or near Wynyard Street,E01020742,County Durham 017C,Violence and sexual offences,Unable to prosecute suspect,
,2024-05,Durham Constabulary,Durham Constabulary,-1.344633,54.840438,On or near Derwent Close,E01020782,County Durham 017D,Anti-social behaviour,,
90e08cc0cf9432814f56b87e095b404d63812406c4cc75fabc9dcb8aa76d5a0c,2024-05,Durham Constabulary,Durham Constabulary,-1.335848,54.841585,On or near Dalden Grove,E01020782,County Durham 017D,Criminal damage and arson,Investigation complete; no suspect identified,
28190abaa3b6750e17b0fd7d58e564aa77fe9635e061fda42d8552411a4fecb8,2024-05,Durham Constabulary,Durham Constabulary,-1.354921,54.839711,On or near Cheviot Gardens,E01020783,County Durham 017E,Vehicle crime,Under investigation,
f2bab3bb0e8f66a56875ea9ccddd99dc99f5c155d114c6a86400974d91ab1f13,2024-05,Durham Constabulary,Durham Constabulary,-1.351432,54.841768,On or near Stockton Street,E01020783,County Durham 017E,Violence and sexual offences,Under investigation,
5dc8c09b4ff96314f46bdd24f89dcf6c7e4293c129b4406c45708d5debe0297d,2024-05,Durham Constabulary,Durham Constabulary,-1.353634,54.840351,On or near Oliver Street,E01020783,County Durham 017E,Violence and sexual offences,Awaiting court outcome,
8ce4056eae445d40c845c0fb026d4becc300639dd794d6a0a2f818b8e70bee5a,2024-05,Durham Constabulary,Durham Constabulary,-1.351432,54.841768,On or near Stockton Street,E01020783,County Durham 017E,Violence and sexual offences,Unable to prosecute suspect,
4c79c20840de0cebde07cdeacbb640ae217812ecdad58e92c87aad5695e43e36,2024-05,Durham Constabulary,Durham Constabulary,-1.353634,54.840351,On or near Oliver Street,E01020783,County Durham 017E,Violence and sexual offences,Offender given a caution,
1760a8bcfeebfc01a29464f5bfec797ba3042d7b377ba1f92f4072a367aec1a8,2024-05,Durham Constabulary,Durham Constabulary,-1.353634,54.840351,On or near Oliver Street,E01020783,County Durham 017E,Violence and sexual offences,Offender given a caution,
6fbc2a965c2642ad88d78c52dc215b0dacf141ddfe301b260a7269b574f54bc0,2024-05,Durham Constabulary,Durham Constabulary,-1.351517,54.840313,On or near St Aldwyn Road,E01020783,County Durham 017E,Other crime,Unable to prosecute suspect,
,2024-05,Durham Constabulary,Durham Constabulary,-1.335231,54.837403,On or near Adelaide Row,E01020784,County Durham 017F,Anti-social behaviour,,
,2024-05,Durham Constabulary,Durham Constabulary,-1.330990,54.835897,On or near Shopping Area,E01020784,County Durham 017F,Anti-social behaviour,,
,2024-05,Durham Constabulary,Durham Constabulary,-1.331219,54.836345,On or near Supermarket,E01020784,County Durham 017F,Anti-social behaviour,,
,2024-05,Durham Constabulary,Durham Constabulary,-1.332572,54.834414,On or near Lord Street,E01020784,County Durham 017F,Anti-social behaviour,,
d28957d279e87c13aadfff3678313f31e137dbea43ed7ec2c9b5cc360335a1be,2024-05,Durham Constabulary,Durham Constabulary,-1.334624,54.838379,On or near Tees Street,E01020784,County Durham 017F,Burglary,Investigation complete; no suspect identified,
e7fb6623148c015f360ff18b436cd38d61abad0d0017dbbf6b5cd5824cb9a9d7,2024-05,Durham Constabulary,Durham Constabulary,-1.332178,54.839372,On or near North Terrace,E01020784,County Durham 017F,Burglary,Awaiting court outcome,
795c2f13ecbdcacaa216ab87db2100322776be087326578d8178b1d78096ea9b,2024-05,Durham Constabulary,Durham Constabulary,-1.330990,54.835897,On or near Shopping Area,E01020784,County Durham 017F,Burglary,Investigation complete; no suspect identified,
172c9dbb1c47a782409c06c3762b468d2ad41fe69f823635286309880edc6bf7,2024-05,Durham Constabulary,Durham Constabulary,-1.332866,54.839241,On or near Back North Terrace,E01020784,County Durham 017F,Criminal damage and arson,Unable to prosecute suspect,
532cd00805417c3c7c926c37ffb6f493bc7ea0a880d6b071db2ff61665306198,2024-05,Durham Constabulary,Durham Constabulary,-1.334369,54.837767,On or near Tyne Street,E01020784,County Durham 017F,Criminal damage and arson,Investigation complete; no suspect identified,
b233205b90d4d7a0acd9169983e6709e4c29256cc22adb0b2ae7bcdeb6a2319b,2024-05,Durham Constabulary,Durham Constabulary,-1.332572,54.834414,On or near Lord Street,E01020784,County Durham 017F,Criminal damage and arson,Investigation complete; no suspect identified,
8cf761afcdba07da51c57a6e6de34b8e42a74f134e38bfdae42d4dd2cd4f3511,2024-05,Durham Constabulary,Durham Constabulary,-1.326009,54.834935,On or near Port Of Seaham,E01020784,County Durham 017F,Drugs,Local resolution,
e5bce05b40b94e0fecf74acb26ebd390776b60bf5251ea43745db3338ddca0c7,2024-05,Durham Constabulary,Durham Constabulary,-1.333722,54.837377,On or near Wear Street,E01020784,County Durham 017F,Other theft,Unable to prosecute suspect,
04483aaab698707772263a94145531b1e66e8441664b749b14a4559aed6b3413,2024-05,Durham Constabulary,Durham Constabulary,-1.332866,54.839241,On or near Back North Terrace,E01020784,County Durham 017F,Other theft,Local resolution,
30a11ebe6394b57119cb6047cfc7cfe70224030d39791fdf07673e0d510c1d1e,2024-05,Durham Constabulary,Durham Constabulary,-1.334624,54.838379,On or near Tees Street,E01020784,County Durham 017F,Other theft,Investigation complete; no suspect identified,
9b87b4d1b6d2ae7960534cf9ed6296802a58433efa75247aadfff46fc4157001,2024-05,Durham Constabulary,Durham Constabulary,-1.334369,54.837767,On or near Tyne Street,E01020784,County Durham 017F,Public order,Investigation complete; no suspect identified,
a9c3bc4eab30ee42f0345a166b0c6656d829f145e1f556f004f97131b7b19c0d,2024-05,Durham Constabulary,Durham Constabulary,-1.336470,54.838776,On or near Vane Terrace,E01020784,County Durham 017F,Public order,Unable to prosecute suspect,
33a522508ff8c8fa787658058b5568c388c87c68fa386f2d4acc36dfcc667c01,2024-05,Durham Constabulary,Durham Constabulary,-1.334624,54.838379,On or near Tees Street,E01020784,County Durham 017F,Public order,Investigation complete; no suspect identified,
43e08736685adf67bf3049fd715edfee4751dd141550cb48cc6cee410e1c4862,2024-05,Durham Constabulary,Durham Constabulary,-1.336967,54.836002,On or near Talbot Place,E01020784,County Durham 017F,Public order,Local resolution,
2d83d7db0764592d877b694fad04af458c983ba2c03c92a356a0e48ff8f8f5ec,2024-05,Durham Constabulary,Durham Constabulary,-1.332178,54.839372,On or near North Terrace,E01020784,County Durham 017F,Public order,Unable to prosecute suspect,
2bcb390c5ebbe7a0c1651e6cdc59b38d00985c065d64ee2ed2b73b85f15a94c6,2024-05,Durham Constabulary,Durham Constabulary,-1.330990,54.835897,On or near Shopping Area,E01020784,County Durham 017F,Public order,Unable to prosecute suspect,
29527de28a171debe1e1f2104928c3654e64388d48219e877ad281063f3cdde2,2024-05,Durham Constabulary,Durham Constabulary,-1.334624,54.838379,On or near Tees Street,E01020784,County Durham 017F,Shoplifting,Investigation complete; no suspect identified,
0ab1539c1c1ad906162aca79fee38028c07f822d8b9f28ada1ce88e830d7bf05,2024-05,Durham Constabulary,Durham Constabulary,-1.331219,54.836345,On or near Supermarket,E01020784,County Durham 017F,Shoplifting,Investigation complete; no suspect identified,
299eacc9d8cfb23f9efc0711c24259cf9fb1a8b114a1ab1e4c0d5be7fed85b3b,2024-05,Durham Constabulary,Durham Constabulary,-1.334624,54.838379,On or near Tees Street,E01020784,County Durham 017F,Shoplifting,Investigation complete; no suspect identified,
841d67a12a31c431ce10839b31b3f0412dbfc8f5bcc2c4dfc9836bd53091b1d4,2024-05,Durham Constabulary,Durham Constabulary,-1.331219,54.836345,On or near Supermarket,E01020784,County Durham 017F,Shoplifting,Investigation complete; no suspect identified,
292e7e2cc2ac61af3604b0d85804ceef00aba370868c3595e3a960d502bcb1b5,2024-05,Durham Constabulary,Durham Constabulary,-1.334624,54.838379,On or near Tees Street,E01020784,County Durham 017F,Shoplifting,Investigation complete; no suspect identified,
8ee039afe3b2f1d2a2f518a2684ab6431081a3d1805abcb0773952a176a97736,2024-05,Durham Constabulary,Durham Constabulary,-1.331219,54.836345,On or near Supermarket,E01020784,County Durham 017F,Shoplifting,Investigation complete; no suspect identified,
5c764c9dab4983ba86d06686970b879f6b7823c6b5eeb15acb1cc16ec5522dba,2024-05,Durham Constabulary,Durham Constabulary,-1.334624,54.838379,On or near Tees Street,E01020784,County Durham 017F,Violence and sexual offences,Unable to prosecute suspect,
5777ebb758ef0ed39eeb22704b1253fd090a92378c15ab8b0b18296eac78fa64,2024-05,Durham Constabulary,Durham Constabulary,-1.334790,54.838686,On or near Back North Railway Street,E01020784,County Durham 017F,Violence and sexual offences,Awaiting court outcome,
6f2438d08abaf2457106517b788035b17f55bfcd885f145e1223edcce4f80840,2024-05,Durham Constabulary,Durham Constabulary,-1.332178,54.839372,On or near North Terrace,E01020784,County Durham 017F,Violence and sexual offences,Unable to prosecute suspect,
83e30cf43ad5167dfb5e45ae5cf60477666106d99f9aaf4bfd22db1186c3540d,2024-05,Durham Constabulary,Durham Constabulary,-1.334790,54.838686,On or near Back North Railway Street,E01020784,County Durham 017F,Violence and sexual offences,Unable to prosecute suspect,
a665a02a1d0d073673c6921204d1b1b30a89935be561f80c62f244be3e56fa23,2024-05,Durham Constabulary,Durham Constabulary,-1.334369,54.837767,On or near Tyne Street,E01020784,County Durham 017F,Violence and sexual offences,Unable to prosecute suspect,
2ceb5f4dec6a3c9d19c05f8920ca084f2df2ac292919edc54819779b5c74f6b9,2024-05,Durham Constabulary,Durham Constabulary,-1.334624,54.838379,On or near Tees Street,E01020784,County Durham 017F,Violence and sexual offences,Unable to prosecute suspect,
ab13265461e8c7112260f9e42f1b5a75480c8167301b2cf4c828a1bc206991be,2024-05,Durham Constabulary,Durham Constabulary,-1.332866,54.839241,On or near Back North Terrace,E01020784,County Durham 017F,Violence and sexual offences,Further investigation is not in the public interest,
acf57a60a49e4166a877b7806e8f0b92f71dac7f5bc52244a894f0758207876d,2024-05,Durham Constabulary,Durham Constabulary,-1.332866,54.839241,On or near Back North Terrace,E01020784,County Durham 017F,Violence and sexual offences,Further investigation is not in the public interest,
910cde0f7c33596e9f2b818635d11f2b51ef6da9b698cd39509f71f6531f1c94,2024-05,Durham Constabulary,Durham Constabulary,-1.332866,54.839241,On or near Back North Terrace,E01020784,County Durham 017F,Violence and sexual offences,Under investigation,
a15a146c3d15180a600d28e4fcf9fd2cef53c3de097bfd336ea4cc02b54f4ea7,2024-05,Durham Constabulary,Durham Constabulary,-1.332399,54.836354,On or near Shaw Street,E01020784,County Durham 017F,Violence and sexual offences,Under investigation,
fb82396e3b077299f3ce652b8008f81334fdffe25e24f9176b0ee19b286a730b,2024-05,Durham Constabulary,Durham Constabulary,-1.333982,54.835743,On or near Shelley Street,E01020784,County Durham 017F,Violence and sexual offences,Investigation complete; no suspect identified,
efd96a0c3bcc465fa18102811b34b9da0b9a844371c26265918d82c1269d04d3,2024-05,Durham Constabulary,Durham Constabulary,-1.334369,54.837767,On or near Tyne Street,E01020784,County Durham 017F,Violence and sexual offences,Unable to prosecute suspect,
,2024-05,Durham Constabulary,Durham Constabulary,-1.341375,54.827300,On or near Ash Crescent,E01020743,County Durham 018A,Anti-social behaviour,,
,2024-05,Durham Constabulary,Durham Constabulary,-1.341375,54.827300,On or near Ash Crescent,E01020743,County Durham 018A,Anti-social behaviour,,
,2024-05,Durham Constabulary,Durham Constabulary,-1.345250,54.825416,On or near Jasmine Crescent,E01020743,County Durham 018A,Anti-social behaviour,,
33c73007d876883b8065c16a0d685b525975f6924303c533e8cffb1d9c975e6b,2024-05,Durham Constabulary,Durham Constabulary,-1.345162,54.826979,On or near Elmtree Court,E01020743,County Durham 018A,Criminal damage and arson,Investigation complete; no suspect identified,
03d09c698de2e5cbe00ae556c00601eb9b31d524c0bff6bde97647727a6b141c,2024-05,Durham Constabulary,Durham Constabulary,-1.345162,54.826979,On or near Elmtree Court,E01020743,County Durham 018A,Public order,Unable to prosecute suspect,
64d0b1894e2414ded5229043182be07a3b6e6919b9f5b18385fc277963f7f4db,2024-05,Durham Constabulary,Durham Constabulary,-1.345162,54.826979,On or near Elmtree Court,E01020743,County Durham 018A,Public order,Unable to prosecute suspect,
1251341853987bf6bed13cb5bc3dbceb11a0e0ef08e18e01506cec0ea2fc7e8a,2024-05,Durham Constabulary,Durham Constabulary,-1.345162,54.826979,On or near Elmtree Court,E01020743,County Durham 018A,Public order,Unable to prosecute suspect,
27375fc4d29fafabeb625db7218c3cad5295079403a32785fc794e41663e444c,2024-05,Durham Constabulary,Durham Constabulary,-1.345838,54.824655,On or near Laburnum Crescent,E01020743,County Durham 018A,Violence and sexual offences,Unable to prosecute suspect,
39f86497ea5b85a477e361a4a4028c3b707ec0ec7f2eb338b501ad4639ee5a50,2024-05,Durham Constabulary,Durham Constabulary,-1.345162,54.826979,On or near Elmtree Court,E01020743,County Durham 018A,Violence and sexual offences,Unable to prosecute suspect,
52f66045c7251dba5ba7d63f250eb1246321ac08dc0f13bf89cfc884c385d0c6,2024-05,Durham Constabulary,Durham Constabulary,-1.345250,54.825416,On or near Jasmine Crescent,E01020743,County Durham 018A,Violence and sexual offences,Unable to prosecute suspect,
5d2cac0f26366333e72226d714ec6ac056d6ad441057cf29fa830179096b8139,2024-05,Durham Constabulary,Durham Constabulary,-1.345433,54.830440,On or near Redwood,E01020743,County Durham 018A,Violence and sexual offences,Investigation complete; no suspect identified,
661abae7952fcc9ab2076276e7575d4777907c463fea35d6379b3c5fd3ec80a8,2024-05,Durham Constabulary,Durham Constabulary,-1.346573,54.823455,On or near Maple Crescent,E01020743,County Durham 018A,Violence and sexual offences,Investigation complete; no suspect identified,
ccfb7a4bd9e1b2f2b840c647b0f1a468cdbe6ca17a7f64c7dfd04ccbac8f30e0,2024-05,Durham Constabulary,Durham Constabulary,-1.344203,54.828537,On or near Beech Crescent,E01020743,County Durham 018A,Violence and sexual offences,Unable to prosecute suspect,
0f29d1357e48a0c3129954cad1cf06bfde1ffee935e345a273a5402588f4133e,2024-05,Durham Constabulary,Durham Constabulary,-1.341375,54.827300,On or near Ash Crescent,E01020743,County Durham 018A,Violence and sexual offences,Unable to prosecute suspect,
c37faa68dd222170e947f8500a9e9d97fc548dd53287f6c259f3e7fb51f6e290,2024-05,Durham Constabulary,Durham Constabulary,-1.341375,54.827300,On or near Ash Crescent,E01020743,County Durham 018A,Violence and sexual offences,Unable to prosecute suspect,
,2024-05,Durham Constabulary,Durham Constabulary,-1.361108,54.833480,On or near Lawnside,E01020747,County Durham 018B,Anti-social behaviour,,
b500bd85361ebbca177343bf42a833addd82b9a4e0b94e173ac2f73aa2574681,2024-05,Durham Constabulary,Durham Constabulary,-1.358167,54.837284,On or near Oxford Street,E01020747,County Durham 018B,Criminal damage and arson,Investigation complete; no suspect identified,
78d328371e1c88db1b1afae7a3411bbafc2d41e393da39f81ec0aa4587d25c7b,2024-05,Durham Constabulary,Durham Constabulary,-1.357270,54.834970,On or near The Avenue,E01020747,County Durham 018B,Criminal damage and arson,Investigation complete; no suspect identified,
158f66bbe888f0de82d9ad5984752d2393e46bc55ef29ffdff709f0b269131e4,2024-05,Durham Constabulary,Durham Constabulary,-1.358167,54.837284,On or near Oxford Street,E01020747,County Durham 018B,Criminal damage and arson,Investigation complete; no suspect identified,
abef71f056b7ddbabed30d868dc09bf92da9fa928ba9191fd8b4d126a8ca2cff,2024-05,Durham Constabulary,Durham Constabulary,-1.361108,54.833480,On or near Lawnside,E01020747,County Durham 018B,Drugs,Unable to prosecute suspect,
31df44d2b60be791d4b7adba748d8e4882d60dab8b67c13129a4eaf79fc139dc,2024-05,Durham Constabulary,Durham Constabulary,-1.359630,54.835404,On or near Queensbury Road,E01020747,County Durham 018B,Shoplifting,Investigation complete; no suspect identified,
1e066e2f363111573ea432773bfd104a400576001e71ecd8727e5ad15a938156,2024-05,Durham Constabulary,Durham Constabulary,-1.361108,54.833480,On or near Lawnside,E01020747,County Durham 018B,Violence and sexual offences,Under investigation,
2ac2520c8f60f47b9cfe67f75c9cb31e2dbd4cae5e2d545cfce23cfe05dbe9a9,2024-05,Durham Constabulary,Durham Constabulary,-1.359630,54.835404,On or near Queensbury Road,E01020747,County Durham 018B,Violence and sexual offences,Local resolution,
df2bbdd4e05a38f01b732c95315ede796dad6bfe0022b419ffcd2992c72c6844,2024-05,Durham Constabulary,Durham Constabulary,-1.361262,54.834541,On or near Topaz Street,E01020747,County Durham 018B,Violence and sexual offences,Unable to prosecute suspect,
cfe887061d009c0d6da6bd91f1659d026e05c21506d36ef53265a022355814f7,2024-05,Durham Constabulary,Durham Constabulary,-1.357106,54.836478,On or near Portland Avenue,E01020747,County Durham 018B,Violence and sexual offences,Unable to prosecute suspect,
,2024-05,Durham Constabulary,Durham Constabulary,-1.365584,54.834932,On or near Eastdene Road,E01020748,County Durham 018C,Anti-social behaviour,,
,2024-05,Durham Constabulary,Durham Constabulary,-1.365584,54.834932,On or near Eastdene Road,E01020748,County Durham 018C,Anti-social behaviour,,
,2024-05,Durham Constabulary,Durham Constabulary,-1.366118,54.837604,On or near Ennerdale Close,E01020748,County Durham 018C,Anti-social behaviour,,
7086f208f65b4298cd95bdc4608048ddbbe87ccdefee79faafc3509529e288dc,2024-05,Durham Constabulary,Durham Constabulary,-1.363219,54.834857,On or near Ryton Crescent,E01020748,County Durham 018C,Criminal damage and arson,Investigation complete; no suspect identified,
e8f8f1d36168a7c6752ab4b6c46ef7cc231ba8856b9307b15520a7813e857179,2024-05,Durham Constabulary,Durham Constabulary,-1.364598,54.834271,On or near Essex Crescent,E01020748,County Durham 018C,Drugs,Under investigation,
1b620fb9f4e4d86fe8afc17c4b11049e47800384ae2fa089d6a395ff83c7ef03,2024-05,Durham Constabulary,Durham Constabulary,-1.365874,54.836309,On or near Ellesmere Drive,E01020748,County Durham 018C,Possession of weapons,Unable to prosecute suspect,
4e2e31a8ba9cf29b024dbb4b21e9c93ab4df29a2b7681c14f30d556620b6533b,2024-05,Durham Constabulary,Durham Constabulary,-1.364598,54.834271,On or near Essex Crescent,E01020748,County Durham 018C,Public order,Investigation complete; no suspect identified,
c25a0473e13320126ce717e69ddc3b87825c66a4916c018c0f098313b72b9a9d,2024-05,Durham Constabulary,Durham Constabulary,-1.366041,54.833623,On or near Holyhead Close,E01020748,County Durham 018C,Public order,Unable to prosecute suspect,
a6e3d55ebb85a27e034d5ac97b208187244b6f1f03f3320e8522a1617132442b,2024-05,Durham Constabulary,Durham Constabulary,-1.362640,54.836058,On or near Eastlea Crescent,E01020748,County Durham 018C,Vehicle crime,Investigation complete; no suspect identified,
93f2696692719f854766bcd777fa0f671a32ab155b95c718efd21b281e45826b,2024-05,Durham Constabulary,Durham Constabulary,-1.364598,54.834271,On or near Essex Crescent,E01020748,County Durham 018C,Vehicle crime,Under investigation,
01e9349a5a47c6adda4249d24e155f7af3fbc03ea11e87bc7e8aede34cd1fbac,2024-05,Durham Constabulary,Durham Constabulary,-1.364598,54.834271,On or near Essex Crescent,E01020748,County Durham 018C,Vehicle crime,Under investigation,
d9f9c3a426c44af31446700c60483e493d969f496794e5589367ac4286b11d08,2024-05,Durham Constabulary,Durham Constabulary,-1.364598,54.834271,On or near Essex Crescent,E01020748,County Durham 018C,Violence and sexual offences,Investigation complete; no suspect identified,
57b49e9364082bc23946441e47b44adda5cdc74543a56f8fac4385c0ab42642f,2024-05,Durham Constabulary,Durham Constabulary,-1.365584,54.834932,On or near Eastdene Road,E01020748,County Durham 018C,Violence and sexual offences,Unable to prosecute suspect,
567bbb842bb4bf7b76ff4be10f2dc61930c2daba59e72ee3d2f7d4a80278f731,2024-05,Durham Constabulary,Durham Constabulary,-1.366946,54.836476,On or near Evesham Road,E01020748,County Durham 018C,Violence and sexual offences,Unable to prosecute suspect,
2f8d215b6f7ba86ae1a221520fccb56bf11616fabbc8e829d3e9d734c8f48f0b,2024-05,Durham Constabulary,Durham Constabulary,-1.362640,54.836058,On or near Eastlea Crescent,E01020748,County Durham 018C,Other crime,Unable to prosecute suspect,
,2024-05,Durham Constabulary,Durham Constabulary,-1.355447,54.834106,On or near Exeter Avenue,E01020749,County Durham 018D,Anti-social behaviour,,
,2024-05,Durham Constabulary,Durham Constabulary,-1.349162,54.837676,On or near Police Station,E01020749,County Durham 018D,Anti-social behaviour,,
,2024-05,Durham Constabulary,Durham Constabulary,-1.349162,54.837676,On or near Police Station,E01020749,County Durham 018D,Anti-social behaviour,,
872f955707fd750873353802b36bbfb485af0052021e4bf6555f96a5114ddc35,2024-05,Durham Constabulary,Durham Constabulary,-1.354022,54.838493,On or near Milton Close,E01020749,County Durham 018D,Criminal damage and arson,Investigation complete; no suspect identified,
4e84263eaaea3ff5b17c2023ed84bdb5de1a07994718a0198e03a98ad17da7ac,2024-05,Durham Constabulary,Durham Constabulary,-1.349162,54.837676,On or near Police Station,E01020749,County Durham 018D,Criminal damage and arson,Awaiting court outcome,
7f98fe58c006bd9b317a45006a705a51397b9fc910bd44771b767b59a80a4dbc,2024-05,Durham Constabulary,Durham Constabulary,-1.355468,54.832740,On or near Hexham Avenue,E01020749,County Durham 018D,Criminal damage and arson,Investigation complete; no suspect identified,
cc2a26f47cde4e2d006ff2c83564fee45fc6555eca1607ada46407ad9149181a,2024-05,Durham Constabulary,Durham Constabulary,-1.351467,54.834714,On or near Laurel Avenue,E01020749,County Durham 018D,Criminal damage and arson,Investigation complete; no suspect identified,
fb7fda9d6504085b8c7d3da7b4843a63da9087279ede536cbfa26f2185be2bf3,2024-05,Durham Constabulary,Durham Constabulary,-1.348447,54.837592,On or near B1287,E01020749,County Durham 018D,Drugs,Awaiting court outcome,
9d11fae60483c0f14a0dfb436bc67c6b4aa75fe328395478d4030d38c614a2f0,2024-05,Durham Constabulary,Durham Constabulary,-1.355447,54.834106,On or near Exeter Avenue,E01020749,County Durham 018D,Drugs,Further investigation is not in the public interest,
7bbf6dfb5245f685035af35b791876f4267179a39b2ed25abb4cc2529a5d294b,2024-05,Durham Constabulary,Durham Constabulary,-1.351467,54.834714,On or near Laurel Avenue,E01020749,County Durham 018D,Vehicle crime,Investigation complete; no suspect identified,
c193b0c64ae40141ec55d05210869e31a711f4b47ee874d9df152ac8c07d23d5,2024-05,Durham Constabulary,Durham Constabulary,-1.351467,54.834714,On or near Laurel Avenue,E01020749,County Durham 018D,Vehicle crime,Investigation complete; no suspect identified,
869e6b8eeb614100c86823458b6adab5aa27616eae878baced847eccdd71a83b,2024-05,Durham Constabulary,Durham Constabulary,-1.351467,54.834714,On or near Laurel Avenue,E01020749,County Durham 018D,Vehicle crime,Under investigation,
e6cc479cfec6b2e15efa62bbc6d4355bc6e528a2efba03bc63dad9082f167ee6,2024-05,Durham Constabulary,Durham Constabulary,-1.349162,54.837676,On or near Police Station,E01020749,County Durham 018D,Violence and sexual offences,Unable to prosecute suspect,
0e89fe8ff5d54fb8a2074125366df4299c2aa76a61605b46efccea5a06a3e7e9,2024-05,Durham Constabulary,Durham Constabulary,-1.349162,54.837676,On or near Police Station,E01020749,County Durham 018D,Violence and sexual offences,Unable to prosecute suspect,
affc1b860c7704e7d6e5901082a971bda4a56685b2a52ee0beb5c79a86e7fe10,2024-05,Durham Constabulary,Durham Constabulary,-1.355447,54.834106,On or near Exeter Avenue,E01020749,County Durham 018D,Violence and sexual offences,Awaiting court outcome,
,2024-05,Durham Constabulary,Durham Constabulary,-1.383424,54.820781,On or near Treen Crescent,E01020773,County Durham 018E,Anti-social behaviour,,
,2024-05,Durham Constabulary,Durham Constabulary,-1.367333,54.826656,On or near Overdene,E01020773,County Durham 018E,Anti-social behaviour,,
,2024-05,Durham Constabulary,Durham Constabulary,-1.384708,54.821263,On or near Penzance Bungs,E01020773,County Durham 018E,Anti-social behaviour,,
c5ff7e1ee6af92627106bc21dcab50a6d9437b3bc1cde1cf9f2858bbbf135f1f,2024-05,Durham Constabulary,Durham Constabulary,-1.383424,54.820781,On or near Treen Crescent,E01020773,County Durham 018E,Criminal damage and arson,Under investigation,
b90542d7f700bbdef4f2ee47cb38bc939f6c6b542d6a23b2f3be98659732dd53,2024-05,Durham Constabulary,Durham Constabulary,-1.384708,54.821263,On or near Penzance Bungs,E01020773,County Durham 018E,Criminal damage and arson,Investigation complete; no suspect identified,
a72b40d5e74a09ce489c4982d38dc9742a5ea5e07eb9f2a1d4ae04bca5c90cad,2024-05,Durham Constabulary,Durham Constabulary,-1.384708,54.821263,On or near Penzance Bungs,E01020773,County Durham 018E,Criminal damage and arson,Investigation complete; no suspect identified,
3708386648b6cc9818229fb40d7e9a672efda10d5addf94604ce132ca36f54b5,2024-05,Durham Constabulary,Durham Constabulary,-1.370964,54.829371,On or near Belton Close,E01020773,County Durham 018E,Other theft,Investigation complete; no suspect identified,
284b095558b2e9d433e529c68c96678bd3cdc7fea15bfbbd74df2c10412b0ddf,2024-05,Durham Constabulary,Durham Constabulary,-1.376275,54.822092,On or near Sea View Walk,E01020773,County Durham 018E,Other theft,Investigation complete; no suspect identified,
,2024-05,Durham Constabulary,Durham Constabulary,-1.397152,54.818594,On or near Wellfield Court,E01020775,County Durham 018F,Anti-social behaviour,,
,2024-05,Durham Constabulary,Durham Constabulary,-1.396245,54.817816,On or near Park Lane,E01020775,County Durham 018F,Anti-social behaviour,,
,2024-05,Durham Constabulary,Durham Constabulary,-1.397152,54.818594,On or near Wellfield Court,E01020775,County Durham 018F,Anti-social behaviour,,
e753de6c5b84d649c6b9484d656a3bd4b24a02bf2aedf5762d6894131e2cf2b1,2024-05,Durham Constabulary,Durham Constabulary,-1.394142,54.821068,On or near Bevan Square,E01020775,County Durham 018F,Burglary,Investigation complete; no suspect identified,
6d76d4f90ddbb5f5797800c5cf69cfec87bd96736991d822c905f2dc90d33045,2024-05,Durham Constabulary,Durham Constabulary,-1.394142,54.821068,On or near Bevan Square,E01020775,County Durham 018F,Burglary,Investigation complete; no suspect identified,
657d095aebff00a32f4df9309f0898f46dad85fdc145d49150fdfe5c214856b6,2024-05,Durham Constabulary,Durham Constabulary,-1.396245,54.817816,On or near Park Lane,E01020775,County Durham 018F,Burglary,Unable to prosecute suspect,
2b9f81a3083fb3e6f4fcdf2f9dbccc99208fc76bb117cced4f3886e8f60f105f,2024-05,Durham Constabulary,Durham Constabulary,-1.394142,54.821068,On or near Bevan Square,E01020775,County Durham 018F,Burglary,Investigation complete; no suspect identified,
236d60edd6b275f3a4a671f0892e4fd566355ce06a63d206f1753e5d05d71043,2024-05,Durham Constabulary,Durham Constabulary,-1.390483,54.819118,On or near Barnes Road,E01020775,County Durham 018F,Criminal damage and arson,Investigation complete; no suspect identified,
ca775c699cb6872f17c6a31d07faa27e53b77df47584d31ba7d74ca86532d7c8,2024-05,Durham Constabulary,Durham Constabulary,-1.389431,54.818708,On or near Watkin Crescent,E01020775,County Durham 018F,Criminal damage and arson,Investigation complete; no suspect identified,
cf4d9d6e56145e94db1f5c99e4ddcb51f15be1449ce65a56f1eef4dbf2cef21e,2024-05,Durham Constabulary,Durham Constabulary,-1.397038,54.819995,On or near Wetherburn Avenue,E01020775,County Durham 018F,Criminal damage and arson,Investigation complete; no suspect identified,
96b1a1da1b145f690ca15146fe9708c75d2f4f6d284e6bd959696416b661d859,2024-05,Durham Constabulary,Durham Constabulary,-1.393696,54.819727,On or near Lansbury Drive,E01020775,County Durham 018F,Criminal damage and arson,Investigation complete; no suspect identified,
ed61cbb274fb1920f5f8089555c0ff8e1832b0d19b8630d931fa0d6ada02ae85,2024-05,Durham Constabulary,Durham Constabulary,-1.394142,54.821068,On or near Bevan Square,E01020775,County Durham 018F,Criminal damage and arson,Investigation complete; no suspect identified,
ada03c04bf46bb50356796f2c13b2f973175ff3b75ff7585997088a59eb532cf,2024-05,Durham Constabulary,Durham Constabulary,-1.390483,54.819118,On or near Barnes Road,E01020775,County Durham 018F,Criminal damage and arson,Unable to prosecute suspect,
3f5a6c6f11db51ea2acb597db9fecdaaaf84724809bd2d56e84c8ff1a7b04db3,2024-05,Durham Constabulary,Durham Constabulary,-1.401126,54.818173,On or near Meadow Lane,E01020775,County Durham 018F,Criminal damage and arson,Investigation complete; no suspect identified,
73b447f13690fb3a57c52a49dbf80d3da0fb3d714350a6e07cd46d36a22e3249,2024-05,Durham Constabulary,Durham Constabulary,-1.390483,54.819118,On or near Barnes Road,E01020775,County Durham 018F,Criminal damage and arson,Under investigation,
54a4b5844340c2fc995ff41cd4ff615ac27f30aa0eea39ced6fd9738ae64fe2a,2024-05,Durham Constabulary,Durham Constabulary,-1.397038,54.819995,On or near Wetherburn Avenue,E01020775,County Durham 018F,Other theft,Investigation complete; no suspect identified,
7a53efbc74d67ff06d40630dbfc9f57bc23fb89ca48ea7661aad4cd42e8f055d,2024-05,Durham Constabulary,Durham Constabulary,-1.390927,54.821681,On or near Burnip Road,E01020775,County Durham 018F,Public order,Investigation complete; no suspect identified,
c04389bc0dffa520e940e0d1aa5455865fcd439645ed2d467da8175e2d24418a,2024-05,Durham Constabulary,Durham Constabulary,-1.397038,54.819995,On or near Wetherburn Avenue,E01020775,County Durham 018F,Public order,Unable to prosecute suspect,
35a5d6469aafe1a8e0e2d703925f741c1f3c597896bd4ffe609459bedb639b27,2024-05,Durham Constabulary,Durham Constabulary,-1.390483,54.819118,On or near Barnes Road,E01020775,County Durham 018F,Public order,Unable to prosecute suspect,
fdb67d802f5b07ec6956e9543a3700ab8f74378e512877da6ef0c01217096a03,2024-05,Durham Constabulary,Durham Constabulary,-1.393696,54.819727,On or near Lansbury Drive,E01020775,County Durham 018F,Public order,Unable to prosecute suspect,
2dc1135cf17996d6311b56998ef0e80a17246779c2714004fe9f725daab9b6a1,2024-05,Durham Constabulary,Durham Constabulary,-1.390927,54.821681,On or near Burnip Road,E01020775,County Durham 018F,Violence and sexual offences,Investigation complete; no suspect identified,
22758e9c788b61f951ba771de94389b842f06edbcc41e95751900de186a1657a,2024-05,Durham Constabulary,Durham Constabulary,-1.394966,54.820111,On or near Shinwell Terrace,E01020775,County Durham 018F,Violence and sexual offences,Investigation complete; no suspect identified,
aa82e5defc5be4b69d1bf2fc5dc2eab7bc50ecef3f1a237d2262d5339d19d2ef,2024-05,Durham Constabulary,Durham Constabulary,-1.393696,54.819727,On or near Lansbury Drive,E01020775,County Durham 018F,Violence and sexual offences,Unable to prosecute suspect,
304e540e4caedad6ffe7791cd122b16de463f9c6d81c913e9bfdfdc127424f08,2024-05,Durham Constabulary,Durham Constabulary,-1.389431,54.818708,On or near Watkin Crescent,E01020775,County Durham 018F,Violence and sexual offences,Unable to prosecute suspect,
15672afa87728760aaeb70d07c3952ec631fcab5e01761bf86ac52293dc4cd0d,2024-05,Durham Constabulary,Durham Constabulary,-1.390927,54.821681,On or near Burnip Road,E01020775,County Durham 018F,Violence and sexual offences,Unable to prosecute suspect,
60be87e074088b6a2662917638f6950ae8846bd89ee06195f59310d18c760218,2024-05,Durham Constabulary,Durham Constabulary,-1.393696,54.819727,On or near Lansbury Drive,E01020775,County Durham 018F,Violence and sexual offences,Unable to prosecute suspect,
c20eadb98294c0cb587e28e9dc73e70c830285cc9cb965ad425836890552053f,2024-05,Durham Constabulary,Durham Constabulary,-1.390483,54.819118,On or near Barnes Road,E01020775,County Durham 018F,Violence and sexual offences,Unable to prosecute suspect,
aa5e424771bee77533e8b01e1472649794d0d6d3a1b61e63238de62f9e3dfad1,2024-05,Durham Constabulary,Durham Constabulary,-1.390483,54.819118,On or near Barnes Road,E01020775,County Durham 018F,Violence and sexual offences,Unable to prosecute suspect,
b6ea801d40b43661f9ed19eb634284bcf830eb2fb724dc507516d68d4f2ad293,2024-05,Durham Constabulary,Durham Constabulary,-1.393696,54.819727,On or near Lansbury Drive,E01020775,County Durham 018F,Violence and sexual offences,Unable to prosecute suspect,
6bdbc3362b50871e17eb32bf0060cd704f2bc8d51e1b5fed9b375cc8ef459a8f,2024-05,Durham Constabulary,Durham Constabulary,-1.394966,54.820111,On or near Shinwell Terrace,E01020775,County Durham 018F,Other crime,Investigation complete; no suspect identified,
271786ccf9652236e95e2e43a33d1b8e2ae7010b8f8d42d5a4612ff2471c8dbb,2024-05,Durham Constabulary,Durham Constabulary,-1.397152,54.818594,On or near Wellfield Court,E01020775,County Durham 018F,Other crime,Unable to prosecute suspect,
,2024-05,Durham Constabulary,Durham Constabulary,-1.611604,54.845754,On or near Parking Area,E01020604,County Durham 019A,Anti-social behaviour,,
,2024-05,Durham Constabulary,Durham Constabulary,-1.592756,54.837030,On or near West Avenue,E01020604,County Durham 019A,Anti-social behaviour,,
,2024-05,Durham Constabulary,Durham Constabulary,-1.610863,54.841888,On or near Parking Area,E01020604,County Durham 019A,Anti-social behaviour,,
,2024-05,Durham Constabulary,Durham Constabulary,-1.630927,54.835777,On or near Jubilee Close,E01020604,County Durham 019A,Anti-social behaviour,,
612332522680fc06795b0c884d62d5dc3174fbf1554586eb147aaab9c94c90dd,2024-05,Durham Constabulary,Durham Constabulary,-1.636134,54.834993,On or near Angel View,E01020604,County Durham 019A,Criminal damage and arson,Investigation complete; no suspect identified,
ecb504b48f73c9710e719fb031f63b7f7e99772e5e3b602bdd681f6ebd1a01c5,2024-05,Durham Constabulary,Durham Constabulary,-1.611604,54.845754,On or near Parking Area,E01020604,County Durham 019A,Criminal damage and arson,Investigation complete; no suspect identified,
539e591891cc2d09dde518c43a0658a742f853188d3ddccaa1013302319b2c03,2024-05,Durham Constabulary,Durham Constabulary,-1.632966,54.835891,On or near Stobart Street,E01020604,County Durham 019A,Other theft,Unable to prosecute suspect,
d6170df1f33f8f2cf5b2284fae7f9df4450749736e92fcc1f37f13ee4386a8fb,2024-05,Durham Constabulary,Durham Constabulary,-1.633547,54.837097,On or near Braeside,E01020604,County Durham 019A,Vehicle crime,Local resolution,
8cca021d70d996d2edbe2a112b88d87dd17fcf3f92bae9636cae841e73492a0f,2024-05,Durham Constabulary,Durham Constabulary,-1.633547,54.837097,On or near Braeside,E01020604,County Durham 019A,Vehicle crime,Local resolution,
48a0afa987064ca0c1034826d56fc18afa18fe4ee32f5e14f82fd4a390840528,2024-05,Durham Constabulary,Durham Constabulary,-1.633603,54.836000,On or near Tyzack Street,E01020604,County Durham 019A,Vehicle crime,Local resolution,
9342b16a691fe170687c9d6208ab379396231670e82241a50b3a59edf27c5e3f,2024-05,Durham Constabulary,Durham Constabulary,-1.633603,54.836000,On or near Tyzack Street,E01020604,County Durham 019A,Violence and sexual offences,Unable to prosecute suspect,
,2024-05,Durham Constabulary,Durham Constabulary,-1.598196,54.819138,On or near The Firs,E01020607,County Durham 019B,Anti-social behaviour,,
,2024-05,Durham Constabulary,Durham Constabulary,-1.603371,54.824646,On or near The Green,E01020607,County Durham 019B,Anti-social behaviour,,
,2024-05,Durham Constabulary,Durham Constabulary,-1.594542,54.826575,On or near Petrol Station,E01020607,County Durham 019B,Anti-social behaviour,,
,2024-05,Durham Constabulary,Durham Constabulary,-1.603371,54.824646,On or near The Green,E01020607,County Durham 019B,Anti-social behaviour,,
,2024-05,Durham Constabulary,Durham Constabulary,-1.603371,54.824646,On or near The Green,E01020607,County Durham 019B,Anti-social behaviour,,
,2024-05,Durham Constabulary,Durham Constabulary,-1.603371,54.824646,On or near The Green,E01020607,County Durham 019B,Anti-social behaviour,,
4a819ee5cd33dda9051126ab4b7cfd5a09ee737d200b4d68ea12d6e21d10419e,2024-05,Durham Constabulary,Durham Constabulary,-1.594542,54.826575,On or near Petrol Station,E01020607,County Durham 019B,Burglary,Awaiting court outcome,
4a44f2dd7d978d986eee729e736f3d76d8602862a4b7314396301ffe28f1ab39,2024-05,Durham Constabulary,Durham Constabulary,-1.594542,54.826575,On or near Petrol Station,E01020607,County Durham 019B,Criminal damage and arson,Local resolution,
af5dd852ce9d954c09da5764be3b47bc2f8ee3ff721ee7e05dd8bd2345e8b5e5,2024-05,Durham Constabulary,Durham Constabulary,-1.590458,54.825636,On or near Wheatleywell Lane,E01020607,County Durham 019B,Other theft,Investigation complete; no suspect identified,
665881cc5ed7298d4fbe00c39baa170ffdea490e1ab059e5e8b7c7666edf237c,2024-05,Durham Constabulary,Durham Constabulary,-1.601810,54.825117,On or near Ugly Lane,E01020607,County Durham 019B,Other theft,Offender given a caution,
eab50bdb544125f69b0186548504d89d49d2872605501ff964235e4445a955cc,2024-05,Durham Constabulary,Durham Constabulary,-1.601810,54.825117,On or near Ugly Lane,E01020607,County Durham 019B,Other theft,Unable to prosecute suspect,
00ac77b014f861a588a82297bf5c031961c2e4170119f06fe4da0075a2d92f23,2024-05,Durham Constabulary,Durham Constabulary,-1.594542,54.826575,On or near Petrol Station,E01020607,County Durham 019B,Public order,Unable to prosecute suspect,
75bed4904fd6633d1a50865616fff21b6f78c26083dd3fa4ec401bd1de5132ac,2024-05,Durham Constabulary,Durham Constabulary,-1.590458,54.825636,On or near Wheatleywell Lane,E01020607,County Durham 019B,Vehicle crime,Investigation complete; no suspect identified,
db77cb86f77be1bb365c341d7a977408ae11bcc068bb4579f21dd52965bd0045,2024-05,Durham Constabulary,Durham Constabulary,-1.597759,54.820772,On or near Sycamore Road,E01020607,County Durham 019B,Violence and sexual offences,Action to be taken by another organisation,
e7d1fa53c3945523518133a200b99a3ec87c3e40bb7f1b1f6176bb37b3d6f9fc,2024-05,Durham Constabulary,Durham Constabulary,-1.603371,54.824646,On or near The Green,E01020607,County Durham 019B,Violence and sexual offences,Unable to prosecute suspect,
c27a764c63edc465216c9955b95576e55f8383d5f63067923240f7312b5b0188,2024-05,Durham Constabulary,Durham Constabulary,-1.628004,54.826925,On or near Daleside,E01020607,County Durham 019B,Violence and sexual offences,Investigation complete; no suspect identified,
3cd6dd43f3e0efa00dccc163282d75829c33f4b32eaf0f05960011c8b42887b3,2024-05,Durham Constabulary,Durham Constabulary,-1.603371,54.824646,On or near The Green,E01020607,County Durham 019B,Violence and sexual offences,Unable to prosecute suspect,
ef81e74bfd992f1ced6690abbd4f020473ea8374f7309f4404dbc65a5d28317b,2024-05,Durham Constabulary,Durham Constabulary,-1.603371,54.824646,On or near The Green,E01020607,County Durham 019B,Violence and sexual offences,Unable to prosecute suspect,
5741e2a1c123d3db27291f94d067271f445f4815191e67ca85769c02f6144c6f,2024-05,Durham Constabulary,Durham Constabulary,-1.603371,54.824646,On or near The Green,E01020607,County Durham 019B,Violence and sexual offences,Unable to prosecute suspect,
20c7e627b8c5a400683b07d7ac48442a24a54ca8c9d49a09f4d7da073963758a,2024-05,Durham Constabulary,Durham Constabulary,-1.624378,54.825144,On or near Manor Drive,E01020607,County Durham 019B,Violence and sexual offences,Unable to prosecute suspect,
f3b1723699c06bd991e79b6c7ca47ca1dc62d312dc4afc84aabeb26654adf8cb,2024-05,Durham Constabulary,Durham Constabulary,-1.603371,54.824646,On or near The Green,E01020607,County Durham 019B,Violence and sexual offences,Unable to prosecute suspect,
5fc2a31dafb55111d3c24308f732bfd3613d6f65128c17189088ebadca1110ec,2024-05,Durham Constabulary,Durham Constabulary,-1.603371,54.824646,On or near The Green,E01020607,County Durham 019B,Violence and sexual offences,Unable to prosecute suspect,
29e8c1b03acd767e1126494e467f0832ca3c2b4a91247b6957daf3f69c7cc3f4,2024-05,Durham Constabulary,Durham Constabulary,-1.600704,54.823630,On or near Park View,E01020607,County Durham 019B,Violence and sexual offences,Unable to prosecute suspect,
42d625ee63ba020dbe73b03939338558a9dde0dc982ac202d1b412fde84c7bc1,2024-05,Durham Constabulary,Durham Constabulary,-1.628004,54.826925,On or near Daleside,E01020607,County Durham 019B,Other crime,Further investigation is not in the public interest,
,2024-05,Durham Constabulary,Durham Constabulary,-1.623687,54.819156,On or near Poplar Street,E01020619,County Durham 019C,Anti-social behaviour,,
,2024-05,Durham Constabulary,Durham Constabulary,-1.624171,54.815635,On or near Priory Court,E01020619,County Durham 019C,Anti-social behaviour,,
,2024-05,Durham Constabulary,Durham Constabulary,-1.624253,54.816876,On or near Fynway,E01020619,County Durham 019C,Anti-social behaviour,,
073b477d1053f9a1970ed468b07f6e193fb228c2644dbee6b4bf1d23ae099373,2024-05,Durham Constabulary,Durham Constabulary,-1.630963,54.821614,On or near Ennerdale Close,E01020619,County Durham 019C,Burglary,Investigation complete; no suspect identified,
4796a255ccc694d8c69ef0609cbe83e6511c3a90b0bc7d0a59bfc46e32a49706,2024-05,Durham Constabulary,Durham Constabulary,-1.627092,54.817756,On or near Parking Area,E01020619,County Durham 019C,Public order,Investigation complete; no suspect identified,
28bf1b95870f642706088d85e3a48f4c14a90067521ea931415ad4b68aba2b84,2024-05,Durham Constabulary,Durham Constabulary,-1.627092,54.817756,On or near Parking Area,E01020619,County Durham 019C,Shoplifting,Investigation complete; no suspect identified,
70ee640b2c306ec9e8e5ab70c29c9200fca0519cf2030c9e2c74002edd97dee6,2024-05,Durham Constabulary,Durham Constabulary,-1.624896,54.816285,On or near Durham Road,E01020619,County Durham 019C,Violence and sexual offences,Further investigation is not in the public interest,
f767023042db61fce4938224b80f467d6d079b070556297c850eee138b49695e,2024-05,Durham Constabulary,Durham Constabulary,-1.630963,54.821614,On or near Ennerdale Close,E01020619,County Durham 019C,Violence and sexual offences,Unable to prosecute suspect,
0ab890408aef02a0276324fc91509b7ac2581ce3587ea934cab0423c805d068b,2024-05,Durham Constabulary,Durham Constabulary,-1.630963,54.821614,On or near Ennerdale Close,E01020619,County Durham 019C,Violence and sexual offences,Unable to prosecute suspect,
1bd5bb2a8bf20390cac972e77a762627df5676c3c0fc476e8808132601a6bf1f,2024-05,Durham Constabulary,Durham Constabulary,-1.634068,54.820752,On or near St Cuthberts Meadow,E01020619,County Durham 019C,Violence and sexual offences,Under investigation,
7aafe0e0c52a9c04b793f4a70a28e77dba48f841de69ae8cff9938d3500e966a,2024-05,Durham Constabulary,Durham Constabulary,-1.624896,54.816285,On or near Durham Road,E01020619,County Durham 019C,Other crime,Further investigation is not in the public interest,
3177081e03dc2f69b2bea7a5e5c97f75de8b8b3100dda1e83adb8d8b948bf093,2024-05,Durham Constabulary,Durham Constabulary,-1.634068,54.820752,On or near St Cuthberts Meadow,E01020619,County Durham 019C,Other crime,Under investigation,
,2024-05,Durham Constabulary,Durham Constabulary,-1.632650,54.822680,On or near Acorn Close,E01020620,County Durham 019D,Anti-social behaviour,,
,2024-05,Durham Constabulary,Durham Constabulary,-1.628042,54.817651,On or near Iveson Terrace,E01020620,County Durham 019D,Anti-social behaviour,,
,2024-05,Durham Constabulary,Durham Constabulary,-1.628026,54.819448,On or near Crossleas,E01020620,County Durham 019D,Anti-social behaviour,,
ef71b1e6a1f979ecc4264fc97cd2eabb4a95143cced4ce73029ca6afe6566285,2024-05,Durham Constabulary,Durham Constabulary,-1.632585,54.822958,On or near Charlaw Close,E01020620,County Durham 019D,Criminal damage and arson,Local resolution,
6ed7e50184fc20bcb388716b12915aea4a5ab7eeb10b22e8eb667ae24d8a8163,2024-05,Durham Constabulary,Durham Constabulary,-1.632585,54.822958,On or near Charlaw Close,E01020620,County Durham 019D,Criminal damage and arson,Investigation complete; no suspect identified,
1aa476d31bbeb948b75258e7968df71078f922548d795de5c6b30eba071b9b63,2024-05,Durham Constabulary,Durham Constabulary,-1.631193,54.823763,On or near B6532,E01020620,County Durham 019D,Criminal damage and arson,Investigation complete; no suspect identified,
913399d699c2abe6be92ff69b5823f198c6393e6b3dea57a6eaf7291df19e36f,2024-05,Durham Constabulary,Durham Constabulary,-1.628026,54.819448,On or near Crossleas,E01020620,County Durham 019D,Drugs,Awaiting court outcome,
e21f189e583777780f8e67f86eff6ff946a04118b148924c1b76d8a9409efaf6,2024-05,Durham Constabulary,Durham Constabulary,-1.628026,54.819448,On or near Crossleas,E01020620,County Durham 019D,Shoplifting,Awaiting court outcome,
43ee1fbabe720b738f8430967192fe97585c6c454bdfbb66f4b5839dd647bfc1,2024-05,Durham Constabulary,Durham Constabulary,-1.628026,54.819448,On or near Crossleas,E01020620,County Durham 019D,Shoplifting,Investigation complete; no suspect identified,
e9db60d093f55f062136f927e00bb688b48402db8ea262bed30b1ab530e9ef8e,2024-05,Durham Constabulary,Durham Constabulary,-1.628026,54.819448,On or near Crossleas,E01020620,County Durham 019D,Shoplifting,Awaiting court outcome,
7a3d6469ca80f3b3f429238f778f3cb891ee5a0b2541df823af94f2bae938dee,2024-05,Durham Constabulary,Durham Constabulary,-1.628026,54.819448,On or near Crossleas,E01020620,County Durham 019D,Shoplifting,Awaiting court outcome,
620453a511af4a5c534c643e26167262694935cae3144846d979cc6e0abfe7a5,2024-05,Durham Constabulary,Durham Constabulary,-1.628026,54.819448,On or near Crossleas,E01020620,County Durham 019D,Shoplifting,Awaiting court outcome,
7008f91bcde449e5c961fd87638078b81197f74083bd22a5720306eb9b127e44,2024-05,Durham Constabulary,Durham Constabulary,-1.628026,54.819448,On or near Crossleas,E01020620,County Durham 019D,Shoplifting,Awaiting court outcome,
d91de1baa6d7e0c323fd2cd5bbe4068837cffc961b47d08beca9126b52f426ca,2024-05,Durham Constabulary,Durham Constabulary,-1.628026,54.819448,On or near Crossleas,E01020620,County Durham 019D,Shoplifting,Awaiting court outcome,
fc28f691a5c0fcae1c5f87fd18d56af24303fda44f618a5ac4a24fe710bb4aaf,2024-05,Durham Constabulary,Durham Constabulary,-1.628026,54.819448,On or near Crossleas,E01020620,County Durham 019D,Shoplifting,Awaiting court outcome,
47468d3cf3a8b11180aa4053fa84c8d7745723887453b6c59779373aac3e2e87,2024-05,Durham Constabulary,Durham Constabulary,-1.628026,54.819448,On or near Crossleas,E01020620,County Durham 019D,Shoplifting,Unable to prosecute suspect,
220033ac3e3b632de556050f20672b3b017b2ac1e64f9f3e4d8a91e8e376a049,2024-05,Durham Constabulary,Durham Constabulary,-1.628026,54.819448,On or near Crossleas,E01020620,County Durham 019D,Shoplifting,Unable to prosecute suspect,
051fcef9b8d41f829fad247900e37de8c648726fbd8debf52a041f2dac58a171,2024-05,Durham Constabulary,Durham Constabulary,-1.628026,54.819448,On or near Crossleas,E01020620,County Durham 019D,Shoplifting,Awaiting court outcome,
8895fb7de648366c2b62f074745baff175983091295e2bf5720e8dad20455205,2024-05,Durham Constabulary,Durham Constabulary,-1.628026,54.819448,On or near Crossleas,E01020620,County Durham 019D,Shoplifting,Awaiting court outcome,
5d54e0a2736f7d1c8304e1892082a6c470294e67995a529ea3fa7186fb138e4f,2024-05,Durham Constabulary,Durham Constabulary,-1.628026,54.819448,On or near Crossleas,E01020620,County Durham 019D,Shoplifting,Awaiting court outcome,
d26afc5fbf6cdbc24a31418225e81216a182e3da41152965cd538806e043a9e8,2024-05,Durham Constabulary,Durham Constabulary,-1.628026,54.819448,On or near Crossleas,E01020620,County Durham 019D,Shoplifting,Awaiting court outcome,
6e26371b39a746e73e4e3e09f7b01ef44adcd1bf2362b8145d686bddfe75de67,2024-05,Durham Constabulary,Durham Constabulary,-1.628026,54.819448,On or near Crossleas,E01020620,County Durham 019D,Shoplifting,Awaiting court outcome,
5b43650c4db32d23825c61dfebea0711f9c8b53213cc7ea4dbfb25c61b94421f,2024-05,Durham Constabulary,Durham Constabulary,-1.628026,54.819448,On or near Crossleas,E01020620,County Durham 019D,Shoplifting,Awaiting court outcome,
2386c1135df2dd4ba4c66776162943b41c4ae2657b059bb4d8dd1dd052b0ac7a,2024-05,Durham Constabulary,Durham Constabulary,-1.628026,54.819448,On or near Crossleas,E01020620,County Durham 019D,Shoplifting,Awaiting court outcome,
dd638f4845acf92f394755cc45ccfbefe6269151dcc79c7111f7c871ff708101,2024-05,Durham Constabulary,Durham Constabulary,-1.628026,54.819448,On or near Crossleas,E01020620,County Durham 019D,Shoplifting,Unable to prosecute suspect,
64d9623d0afe44ae0896d58c5f25077ee7f3b3c7cd00704782ba73fc9217cb68,2024-05,Durham Constabulary,Durham Constabulary,-1.628026,54.819448,On or near Crossleas,E01020620,County Durham 019D,Violence and sexual offences,Unable to prosecute suspect,
8b16f3efe0c8212eff51d36727b101414144e5de2c79f4661dc708eda31c60df,2024-05,Durham Constabulary,Durham Constabulary,-1.631402,54.817832,On or near Charlaw Terrace,E01020620,County Durham 019D,Violence and sexual offences,Unable to prosecute suspect,
4a5e30d05ae1dcb1364874f6f8128df7c36c3c76f785a5558621c66ccab4b545,2024-05,Durham Constabulary,Durham Constabulary,-1.632585,54.822958,On or near Charlaw Close,E01020620,County Durham 019D,Violence and sexual offences,Under investigation,
6c42d382a2828bd8d7166e735dfe7ddc65babdda0c23335658a2f056d379f9c5,2024-05,Durham Constabulary,Durham Constabulary,-1.628026,54.819448,On or near Crossleas,E01020620,County Durham 019D,Violence and sexual offences,Unable to prosecute suspect,
0c715d3a27b6af71c6e156f7405930130a367081d698b39eaa9ed011dd0056b1,2024-05,Durham Constabulary,Durham Constabulary,-1.632585,54.822958,On or near Charlaw Close,E01020620,County Durham 019D,Violence and sexual offences,Under investigation,
2369f9b5f62faf331bcd482b4a23954220f30ff6217e73b6bb89e39476d4d57d,2024-05,Durham Constabulary,Durham Constabulary,-1.628026,54.819448,On or near Crossleas,E01020620,County Durham 019D,Violence and sexual offences,Awaiting court outcome,
3ca667268f38f137ae1fad686198684fd1d2ab913c8e98f8338c9038179d1db2,2024-05,Durham Constabulary,Durham Constabulary,-1.628026,54.819448,On or near Crossleas,E01020620,County Durham 019D,Violence and sexual offences,Unable to prosecute suspect,
76fb20b23aba6425d0708fcd6d4238277a0e29c6eb696696b5822c133b21ce8f,2024-05,Durham Constabulary,Durham Constabulary,-1.627432,54.819707,On or near Victoria Street,E01020620,County Durham 019D,Violence and sexual offences,Investigation complete; no suspect identified,
150352000b82db30596b3b4dc7b4c530862a133fbd702885b029edb4d9d3d5cb,2024-05,Durham Constabulary,Durham Constabulary,-1.632585,54.822958,On or near Charlaw Close,E01020620,County Durham 019D,Violence and sexual offences,Unable to prosecute suspect,
,2024-05,Durham Constabulary,Durham Constabulary,-1.621782,54.818180,On or near Ashwood Close,E01020621,County Durham 019E,Anti-social behaviour,,
,2024-05,Durham Constabulary,Durham Constabulary,-1.622607,54.816502,On or near Crossfield,E01020621,County Durham 019E,Anti-social behaviour,,
aaa01d94340886276c5db29ceeef7f52791cf88774d8055a0f140c323792e99e,2024-05,Durham Constabulary,Durham Constabulary,-1.628007,54.821551,On or near Church Street,E01020621,County Durham 019E,Burglary,Investigation complete; no suspect identified,
93e7f142555438c28bb7b91be2a38368ef423be6fe6e4d2861470a74c48a3690,2024-05,Durham Constabulary,Durham Constabulary,-1.621897,54.817443,On or near Lilac Avenue,E01020621,County Durham 019E,Criminal damage and arson,Investigation complete; no suspect identified,
a4576c648b9cb9ac0d776010083dfce44b9d74910c0301014d26941f11c2f3f6,2024-05,Durham Constabulary,Durham Constabulary,-1.628007,54.821551,On or near Church Street,E01020621,County Durham 019E,Criminal damage and arson,Investigation complete; no suspect identified,
bc91f5512bbc36fb96bfbb9eec9a5835ea2895b68b1ed6f38a2f82d901f37975,2024-05,Durham Constabulary,Durham Constabulary,-1.620226,54.818148,On or near Viola Crescent,E01020621,County Durham 019E,Criminal damage and arson,Local resolution,
4f89f540f66826bd23fdae8615122dfb9152752f110df4c3583115c2584d2c64,2024-05,Durham Constabulary,Durham Constabulary,-1.622429,54.820510,On or near Cinder Strip Close,E01020621,County Durham 019E,Vehicle crime,Investigation complete; no suspect identified,
48e0799e04da4c2b1ae3158481cc87c188b5abb7c339a213f010dfdeb58528e2,2024-05,Durham Constabulary,Durham Constabulary,-1.624242,54.819679,On or near Oakwood Close,E01020621,County Durham 019E,Violence and sexual offences,Under investigation,
e4b016fa4562ace2b2cd2b44abc4358abfe2597e20c353da8fe059ee5ff194af,2024-05,Durham Constabulary,Durham Constabulary,-1.625308,54.822190,On or near Morningside,E01020621,County Durham 019E,Violence and sexual offences,Under investigation,
8be20cd8eba885ffde4370272feb59f421e9bfdefbb35ceb3e32a99b9daedaf2,2024-05,Durham Constabulary,Durham Constabulary,-1.621897,54.817443,On or near Lilac Avenue,E01020621,County Durham 019E,Violence and sexual offences,Investigation complete; no suspect identified,
,2024-05,Durham Constabulary,Durham Constabulary,-1.704595,54.829957,On or near Co-Operative Terrace,E01020633,County Durham 020A,Anti-social behaviour,,
,2024-05,Durham Constabulary,Durham Constabulary,-1.701337,54.832663,On or near St Johns Mews,E01020633,County Durham 020A,Anti-social behaviour,,
e4e9815da829aacc676532388fe4008337995f0e4a3c57166402c78fcabcabe7,2024-05,Durham Constabulary,Durham Constabulary,-1.701337,54.832663,On or near St Johns Mews,E01020633,County Durham 020A,Violence and sexual offences,Investigation complete; no suspect identified,
,2024-05,Durham Constabulary,Durham Constabulary,-1.742914,54.821031,On or near Station Road,E01020664,County Durham 020B,Anti-social behaviour,,
,2024-05,Durham Constabulary,Durham Constabulary,-1.740311,54.819228,On or near Woodlands,E01020664,County Durham 020B,Anti-social behaviour,,
d22f126f4613ac829ad6934f88d1ce658b9d055c32795fbc5fe3803966403170,2024-05,Durham Constabulary,Durham Constabulary,-1.742483,54.817804,On or near Ford Crescent,E01020664,County Durham 020B,Burglary,Investigation complete; no suspect identified,
246204e9e9ebcf470691f21dc8c7518350f70ed04561635eec498bc92bb6ee9b,2024-05,Durham Constabulary,Durham Constabulary,-1.743781,54.819325,On or near Ford Street,E01020664,County Durham 020B,Other theft,Investigation complete; no suspect identified,
441c593265b000b9604940f4c8d970842a44a1f9acdc36316460a191eec4083d,2024-05,Durham Constabulary,Durham Constabulary,-1.724189,54.812228,On or near Parking Area,E01020664,County Durham 020B,Public order,Under investigation,
4fa35ad26b74ed8fef503a9d14ceed38730f35cfb8f43d61df500662503aff56,2024-05,Durham Constabulary,Durham Constabulary,-1.743764,54.821967,On or near Parking Area,E01020664,County Durham 020B,Shoplifting,Investigation complete; no suspect identified,
857bbafd43cfd0450976276c50a763abd0283edbfb4c9e8a6cadc8d037b607da,2024-05,Durham Constabulary,Durham Constabulary,-1.779573,54.802393,On or near Holehouse Lane,E01020664,County Durham 020B,Violence and sexual offences,Unable to prosecute suspect,
2a4367deed490190e7e2f5f8f23d84a171a210450cf0d78be8c98cc393ad41f8,2024-05,Durham Constabulary,Durham Constabulary,-1.732635,54.840914,On or near Lanchester Road,E01020664,County Durham 020B,Violence and sexual offences,Unable to prosecute suspect,
6a92a132735d82214cc5391202640845b7db42bf8be844c697251ae827e7713a,2024-05,Durham Constabulary,Durham Constabulary,-1.743781,54.819325,On or near Ford Street,E01020664,County Durham 020B,Violence and sexual offences,Under investigation,
25b27a0d8bdcee78ab46c528baa677b525feb57507d7314cfb7158b67fa39123,2024-05,Durham Constabulary,Durham Constabulary,-1.724189,54.812228,On or near Parking Area,E01020664,County Durham 020B,Violence and sexual offences,Under investigation,
,2024-05,Durham Constabulary,Durham Constabulary,-1.738495,54.818523,On or near Valley Grove,E01020665,County Durham 020C,Anti-social behaviour,,
6f2260e1d1d2211c1f101e46ef413fa03c6afbd8824bf1472bc26a7a19f11070,2024-05,Durham Constabulary,Durham Constabulary,-1.734553,54.816879,On or near Oakwood,E01020665,County Durham 020C,Public order,Unable to prosecute suspect,
966af0495b226d807d7153b79ca95670fca7509503edd810c6e50fb493b93a4a,2024-05,Durham Constabulary,Durham Constabulary,-1.738163,54.819304,On or near Durham Road,E01020665,County Durham 020C,Public order,Awaiting court outcome,
00093142c8acf9683f5e09706b463eb9936398e366870f53e14a548cdb40c86c,2024-05,Durham Constabulary,Durham Constabulary,-1.736387,54.821889,On or near Peth Bank,E01020665,County Durham 020C,Violence and sexual offences,Unable to prosecute suspect,
8feacb3a3fde92bd0a5f56a0c63a6374b038e4132acf349e9ba477c2caae1cea,2024-05,Durham Constabulary,Durham Constabulary,-1.738702,54.822550,On or near Deanery View,E01020665,County Durham 020C,Violence and sexual offences,Unable to prosecute suspect,
5917edb70ac7445a9ac4b4c97b1866addc79285bce2874ec35a0432e097ae412,2024-05,Durham Constabulary,Durham Constabulary,-1.750809,54.822818,On or near Mount View,E01020666,County Durham 020D,Public order,Awaiting court outcome,
dc14bbf1ba6aeab5296a0ad11cd502c2902033265a21a30a34b9d79167a90574,2024-05,Durham Constabulary,Durham Constabulary,-1.750809,54.822818,On or near Mount View,E01020666,County Durham 020D,Public order,Awaiting court outcome,
5c07bc1839c7d7f641191ad74a3f950c49eeb26fccde4dba3d807c50ec72898d,2024-05,Durham Constabulary,Durham Constabulary,-1.748754,54.820459,On or near Meadow Way,E01020666,County Durham 020D,Violence and sexual offences,Unable to prosecute suspect,
2eef47954fef736180c903887f56472bfe89a52281272e2fdbc7051067152549,2024-05,Durham Constabulary,Durham Constabulary,-1.751395,54.826297,On or near Sunnybanks,E01020666,County Durham 020D,Violence and sexual offences,Under investigation,
034e3e32e4825bb73c90df3d320a68efbd0fc77ec4297fd7516df1cb84993ee2,2024-05,Durham Constabulary,Durham Constabulary,-1.749660,54.822330,On or near Newbiggen Lane,E01020666,County Durham 020D,Violence and sexual offences,Further investigation is not in the public interest,
,2024-05,Durham Constabulary,Durham Constabulary,-1.393122,54.816462,On or near West Avenue,E01020776,County Durham 021C,Anti-social behaviour,,
,2024-05,Durham Constabulary,Durham Constabulary,-1.393122,54.816462,On or near West Avenue,E01020776,County Durham 021C,Anti-social behaviour,,
c552d006c9cf7aab20de730337fa567bffe7066e6ba1425532a477e6a9d05f6f,2024-05,Durham Constabulary,Durham Constabulary,-1.405215,54.817411,On or near B1285,E01020776,County Durham 021C,Other theft,Investigation complete; no suspect identified,
5e072e5885b26f7766cbd30326531f73ef3127ed691f76a313dfc3e0a666ced4,2024-05,Durham Constabulary,Durham Constabulary,-1.388959,54.812797,On or near Sports/Recreation Area,E01020776,County Durham 021C,Public order,Investigation complete; no suspect identified,
6153b1eee3608cd3ab72b32e8869425ad63ddc81fbbf97a6fc1c5db604aaec42,2024-05,Durham Constabulary,Durham Constabulary,-1.398541,54.817280,On or near Gregson Terrace,E01020776,County Durham 021C,Public order,Unable to prosecute suspect,
86526a29fb07ad67b133e9f77afe8fb2f3b64b04d19eb02a2e45c3488af2d9a0,2024-05,Durham Constabulary,Durham Constabulary,-1.405452,54.820342,On or near Parking Area,E01020776,County Durham 021C,Violence and sexual offences,Unable to prosecute suspect,
84f9ce02cd59f4f9af4d474417b695ede15f4c42cbc3c017d8b7e7a5240860b7,2024-05,Durham Constabulary,Durham Constabulary,-1.405452,54.820342,On or near Parking Area,E01020776,County Durham 021C,Violence and sexual offences,Unable to prosecute suspect,
ed363978c01be6f6fc510917ee9b199b468182d3276ccc62c37be4d652964f5a,2024-05,Durham Constabulary,Durham Constabulary,-1.398541,54.817280,On or near Gregson Terrace,E01020776,County Durham 021C,Violence and sexual offences,Investigation complete; no suspect identified,
abc2fab73f26c5d24df33114a3022d2907481ccfaebad3c846f1f98901510a73,2024-05,Durham Constabulary,Durham Constabulary,-1.403863,54.816237,On or near Winds Lonnen Estate,E01020776,County Durham 021C,Violence and sexual offences,Unable to prosecute suspect,
4d9c446f0f0546f235216e7442d495bc576d247c4588e87104df962241fb7e24,2024-05,Durham Constabulary,Durham Constabulary,-1.393122,54.816462,On or near West Avenue,E01020776,County Durham 021C,Violence and sexual offences,Unable to prosecute suspect,
a4bde3eb8132f851be5ea75225cbe16975cf3b15aabb15c7b67b276684433128,2024-05,Durham Constabulary,Durham Constabulary,-1.402956,54.817598,On or near Doxford Terrace South,E01020776,County Durham 021C,Violence and sexual offences,Action to be taken by another organisation,
efc88e46412b66e719869776a39c86a6743a00e23d607208917ceeadf5e44b7f,2024-05,Durham Constabulary,Durham Constabulary,-1.405452,54.820342,On or near Parking Area,E01020776,County Durham 021C,Violence and sexual offences,Unable to prosecute suspect,
c6c3a9850b0553b2540f7e982bebb4556ac421d36edb911e279c025bf782e324,2024-05,Durham Constabulary,Durham Constabulary,-1.405452,54.820342,On or near Parking Area,E01020776,County Durham 021C,Violence and sexual offences,Unable to prosecute suspect,
,2024-05,Durham Constabulary,Durham Constabulary,-1.382110,54.815049,On or near Petrol Station,E01033161,County Durham 021D,Anti-social behaviour,,
,2024-05,Durham Constabulary,Durham Constabulary,-1.377071,54.814871,On or near Shopping Area,E01033161,County Durham 021D,Anti-social behaviour,,
b33929f207a8e0edd5d7832a91280dc812e43bbebc1a1ee0f3c3e858e93c7f03,2024-05,Durham Constabulary,Durham Constabulary,-1.369097,54.820134,On or near Parking Area,E01033161,County Durham 021D,Burglary,Unable to prosecute suspect,
1cf3b9274baca0788314b84bd64a877dfe4f61dfabddf32c56a87ae4e685e524,2024-05,Durham Constabulary,Durham Constabulary,-1.377071,54.814871,On or near Shopping Area,E01033161,County Durham 021D,Criminal damage and arson,Investigation complete; no suspect identified,
f14334036e775cfdd5d6a0230c29acad1a96d6d919d8e22ef0fa6b89b4295c9d,2024-05,Durham Constabulary,Durham Constabulary,-1.382695,54.819564,On or near Claude Terrace,E01033161,County Durham 021D,Other theft,Investigation complete; no suspect identified,
dbbedb5c6fd81ad75ae8c40cfbe90e6e44707690f1fb437ec510cc6ff2d0c672,2024-05,Durham Constabulary,Durham Constabulary,-1.377071,54.814871,On or near Shopping Area,E01033161,County Durham 021D,Other theft,Investigation complete; no suspect identified,
41ff070ac980e842b6d1723b4519ffba7ad08f8a700d06a01d6af402575a74fa,2024-05,Durham Constabulary,Durham Constabulary,-1.377071,54.814871,On or near Shopping Area,E01033161,County Durham 021D,Other theft,Investigation complete; no suspect identified,
a18d7e1429cb5ebf045f9d0f765ede634b83f8ae2a711c7bcc788143f28d46c6,2024-05,Durham Constabulary,Durham Constabulary,-1.377071,54.814871,On or near Shopping Area,E01033161,County Durham 021D,Other theft,Investigation complete; no suspect identified,
f2e623959fac029f7fe6caae973c6ea225648afbe7a1b35c847f8016813f3703,2024-05,Durham Constabulary,Durham Constabulary,-1.377071,54.814871,On or near Shopping Area,E01033161,County Durham 021D,Other theft,Investigation complete; no suspect identified,
b9830cdf55d9c66e5c571f774e0bfc112e7f08e464667d3ac52acfd2236ebcc5,2024-05,Durham Constabulary,Durham Constabulary,-1.386322,54.815394,On or near George Street,E01033161,County Durham 021D,Public order,Investigation complete; no suspect identified,
75dfca0dd0c29e168313fd3ba3fcfa5382392a3ebca197a5242620ac1bbd77c5,2024-05,Durham Constabulary,Durham Constabulary,-1.377497,54.816545,On or near Dalby Grove,E01033161,County Durham 021D,Public order,Unable to prosecute suspect,
cbff154075d4e825882cb937da00e672c1a0927611abb7dc3733db37426d4603,2024-05,Durham Constabulary,Durham Constabulary,-1.374793,54.811276,On or near Sports/Recreation Area,E01033161,County Durham 021D,Robbery,Under investigation,
b2827f15c4b0c4a5e5ee1bf1ad92f6a45bc81b87eba40abd548a374861e4a1ff,2024-05,Durham Constabulary,Durham Constabulary,-1.385091,54.814480,On or near Fife Street,E01033161,County Durham 021D,Shoplifting,Unable to prosecute suspect,
dac45b93c0d82011c966077c4097eacb5cd04f64580a932f020a405a2326cb9d,2024-05,Durham Constabulary,Durham Constabulary,-1.377071,54.814871,On or near Shopping Area,E01033161,County Durham 021D,Shoplifting,Investigation complete; no suspect identified,
6e32079b3baa0551156f7d8ba96c1a2d33d00ad0dc56bc4de95ee38356248da3,2024-05,Durham Constabulary,Durham Constabulary,-1.377071,54.814871,On or near Shopping Area,E01033161,County Durham 021D,Shoplifting,Investigation complete; no suspect identified,
07c90f087d5353fcf92f6a0b0af276318e5f49fc772fad50eeec3abf21d0778a,2024-05,Durham Constabulary,Durham Constabulary,-1.385091,54.814480,On or near Fife Street,E01033161,County Durham 021D,Shoplifting,Investigation complete; no suspect identified,
08d856ef4beac4f6c0e6c325118c9c679ca777715708c5026f995da943812a6c,2024-05,Durham Constabulary,Durham Constabulary,-1.385091,54.814480,On or near Fife Street,E01033161,County Durham 021D,Shoplifting,Investigation complete; no suspect identified,
5b0bc33aaf57d5680661092b25b9782abf9e9c096a443165025685351d357e72,2024-05,Durham Constabulary,Durham Constabulary,-1.385091,54.814480,On or near Fife Street,E01033161,County Durham 021D,Shoplifting,Investigation complete; no suspect identified,
5e00b9f3a05d2d7978e998437c215a853b28dfbaa2b1b04aa5c5ad2d220b4bcf,2024-05,Durham Constabulary,Durham Constabulary,-1.385091,54.814480,On or near Fife Street,E01033161,County Durham 021D,Shoplifting,Investigation complete; no suspect identified,
2fc3d65845f9576b5c4a210502c565efa5118c1a95282eea223e2739448b5702,2024-05,Durham Constabulary,Durham Constabulary,-1.385091,54.814480,On or near Fife Street,E01033161,County Durham 021D,Shoplifting,Investigation complete; no suspect identified,
c2fe1abd5bf72f2953af30eb3a7c20f216135a1995d5a445a570ef174037d734,2024-05,Durham Constabulary,Durham Constabulary,-1.379324,54.816123,On or near Ramsey Grove,E01033161,County Durham 021D,Vehicle crime,Investigation complete; no suspect identified,
08e4fe04c35a1fdcae09f7806249623a0e89bb19f2b07ef29a5d4419b70c6267,2024-05,Durham Constabulary,Durham Constabulary,-1.374793,54.811276,On or near Sports/Recreation Area,E01033161,County Durham 021D,Vehicle crime,Unable to prosecute suspect,
2a56d07df682844cbe498d33de7c93e76ad215090d388e6fa75d6ec78042fb8c,2024-05,Durham Constabulary,Durham Constabulary,-1.377497,54.816545,On or near Dalby Grove,E01033161,County Durham 021D,Violence and sexual offences,Unable to prosecute suspect,
90c69c9c19aef2ac88480564fc6646ab9403ddec3de27c579e1237ec71580a69,2024-05,Durham Constabulary,Durham Constabulary,-1.386322,54.815394,On or near George Street,E01033161,County Durham 021D,Violence and sexual offences,Unable to prosecute suspect,
45b107781bc91e5dbf51b1ecee13c5849b5e3e593bf8806e29f6b087df1ef0ed,2024-05,Durham Constabulary,Durham Constabulary,-1.379105,54.814189,On or near Dalton Terrace,E01033161,County Durham 021D,Violence and sexual offences,Investigation complete; no suspect identified,
160e6112e29412df905e3fe41ba28cdbd25e78a9c7ccb88b8be2de410d90b642,2024-05,Durham Constabulary,Durham Constabulary,-1.377071,54.814871,On or near Shopping Area,E01033161,County Durham 021D,Violence and sexual offences,Under investigation,
774e58310056b4475b823e45c3977cd16679dd5af13e7f085d8f1207550e661d,2024-05,Durham Constabulary,Durham Constabulary,-1.377071,54.814871,On or near Shopping Area,E01033161,County Durham 021D,Violence and sexual offences,Unable to prosecute suspect,
a60c91ae528af0bb5dcc47b5996f8283287b163c564caac84f68242f9b2c3b37,2024-05,Durham Constabulary,Durham Constabulary,-1.374793,54.811276,On or near Sports/Recreation Area,E01033161,County Durham 021D,Other crime,Further investigation is not in the public interest,
,2024-05,Durham Constabulary,Durham Constabulary,-1.383895,54.817431,On or near Wood'S Terrace,E01033198,County Durham 021E,Anti-social behaviour,,
,2024-05,Durham Constabulary,Durham Constabulary,-1.385006,54.817014,On or near Western Terrace South,E01033198,County Durham 021E,Anti-social behaviour,,
,2024-05,Durham Constabulary,Durham Constabulary,-1.382925,54.816743,On or near Parking Area,E01033198,County Durham 021E,Anti-social behaviour,,
,2024-05,Durham Constabulary,Durham Constabulary,-1.387255,54.818535,On or near Denewood,E01033198,County Durham 021E,Anti-social behaviour,,
,2024-05,Durham Constabulary,Durham Constabulary,-1.385980,54.818493,On or near Henry Street South,E01033198,County Durham 021E,Anti-social behaviour,,
,2024-05,Durham Constabulary,Durham Constabulary,-1.386089,54.817460,On or near Faraday Street,E01033198,County Durham 021E,Anti-social behaviour,,
ffbdf65016632ad6ea7c82e0120bb46cfa69d055fe73e15333b1b73fc1f529fd,2024-05,Durham Constabulary,Durham Constabulary,-1.389179,54.816856,On or near Knaresborough Road,E01033198,County Durham 021E,Burglary,Investigation complete; no suspect identified,
21c1f8bfa6580f362be490f7128306a5fb91cf389f3858cbc7d1422c242a57d2,2024-05,Durham Constabulary,Durham Constabulary,-1.383895,54.817431,On or near Wood'S Terrace,E01033198,County Durham 021E,Criminal damage and arson,Investigation complete; no suspect identified,
5aae00a06d03d5b34cc23d6da6234e03dac2bed474fad1cd30757862e3c430b0,2024-05,Durham Constabulary,Durham Constabulary,-1.386089,54.817460,On or near Faraday Street,E01033198,County Durham 021E,Criminal damage and arson,Unable to prosecute suspect,
46603abbcd78c104d507ae56914c577d87dc9d18f2819662d9fd5ba92a4b13be,2024-05,Durham Constabulary,Durham Constabulary,-1.386089,54.817460,On or near Faraday Street,E01033198,County Durham 021E,Criminal damage and arson,Investigation complete; no suspect identified,
3d674668420a481cd7f36645565c40e53799d53bcdb208849c1e124a737ed6da,2024-05,Durham Constabulary,Durham Constabulary,-1.386089,54.817460,On or near Faraday Street,E01033198,County Durham 021E,Criminal damage and arson,Unable to prosecute suspect,
a5e38b6931b8aa11d469d2318201b82126be68a5de071d042b905f9cd12a24a8,2024-05,Durham Constabulary,Durham Constabulary,-1.386089,54.817460,On or near Faraday Street,E01033198,County Durham 021E,Criminal damage and arson,Unable to prosecute suspect,
a8dcc136467682517144313e87cc713261714970d18270b15097971642490ef3,2024-05,Durham Constabulary,Durham Constabulary,-1.387067,54.816566,On or near Harrogate Terrace,E01033198,County Durham 021E,Other theft,Investigation complete; no suspect identified,
0e2be779e4df593aaf36de3b12c25494c1b418066a1acb89d023818a1e807a16,2024-05,Durham Constabulary,Durham Constabulary,-1.386089,54.817460,On or near Faraday Street,E01033198,County Durham 021E,Public order,Awaiting court outcome,
61eff97140e28bf49b38d323450c26e0af219b06f32d4df4ee95785058991ecc,2024-05,Durham Constabulary,Durham Constabulary,-1.385980,54.818493,On or near Henry Street South,E01033198,County Durham 021E,Public order,Unable to prosecute suspect,
b23837da013d854e24a245ebd6bd64a5f935e5439a0b07ca975f693a35448768,2024-05,Durham Constabulary,Durham Constabulary,-1.387255,54.818535,On or near Denewood,E01033198,County Durham 021E,Public order,Unable to prosecute suspect,
71bc35e184ca4ce6a69c5b915e0cca6990e3d638bf59d6db1db2020d14ec60c8,2024-05,Durham Constabulary,Durham Constabulary,-1.385006,54.817014,On or near Western Terrace South,E01033198,County Durham 021E,Shoplifting,Investigation complete; no suspect identified,
c8cd03f21455236b510ba6bf00f7890f9c0cf4300da3afa7d7548a31801780af,2024-05,Durham Constabulary,Durham Constabulary,-1.387090,54.818103,On or near Watts Street,E01033198,County Durham 021E,Violence and sexual offences,Unable to prosecute suspect,
9d3b5ecd4218a8c4512b6abacc3868d720fbaac45b6e63ad55fafe1e5e87c1da,2024-05,Durham Constabulary,Durham Constabulary,-1.382242,54.816632,On or near Morton Close,E01033198,County Durham 021E,Violence and sexual offences,Unable to prosecute suspect,
388fc8e5de70e5dd4698e871d5d1ec19bff1c844ef7e36817e80740f9cb20a12,2024-05,Durham Constabulary,Durham Constabulary,-1.387255,54.818535,On or near Denewood,E01033198,County Durham 021E,Violence and sexual offences,Action to be taken by another organisation,
cdb0e9f90388e17cc56f01ce09ca34d62b017595cef7f29b71db012d827bd202,2024-05,Durham Constabulary,Durham Constabulary,-1.385410,54.818059,On or near James Street South,E01033198,County Durham 021E,Violence and sexual offences,Unable to prosecute suspect,
cb371e59ea3cec16ca7360fc2a3043863947e6732b473fd015038301a0e8663f,2024-05,Durham Constabulary,Durham Constabulary,-1.387255,54.818535,On or near Denewood,E01033198,County Durham 021E,Violence and sexual offences,Unable to prosecute suspect,
461a0b0019fdc064a6c5c91d0a055865d966686ead97b6e75db20b29159fb40e,2024-05,Durham Constabulary,Durham Constabulary,-1.386089,54.817460,On or near Faraday Street,E01033198,County Durham 021E,Violence and sexual offences,Unable to prosecute suspect,
443826c4d48d6934b031071c539aceb1d330f44292449b4853c31b972b04ffb2,2024-05,Durham Constabulary,Durham Constabulary,-1.382242,54.816632,On or near Morton Close,E01033198,County Durham 021E,Violence and sexual offences,Awaiting court outcome,
6719f332d08acf3ee188812c9a6ca3ad6b2ac165a683315c6d832e4dd14a2f5e,2024-05,Durham Constabulary,Durham Constabulary,-1.387255,54.818535,On or near Denewood,E01033198,County Durham 021E,Violence and sexual offences,Unable to prosecute suspect,
168b23b5ea270138c49eaf01519d7840e1a2b496f33e1e81e6313b372c69f043,2024-05,Durham Constabulary,Durham Constabulary,-1.385410,54.818059,On or near James Street South,E01033198,County Durham 021E,Violence and sexual offences,Unable to prosecute suspect,
40750e8d042569ea2773e5427dc75f9d0c33543802ecca00e1b1259f03d3b3c7,2024-05,Durham Constabulary,Durham Constabulary,-1.389179,54.816856,On or near Knaresborough Road,E01033198,County Durham 021E,Violence and sexual offences,Unable to prosecute suspect,
dc5fa7c1e3cc8eca79e0a066cd30cca915455d1b4777df08c2862993bf04ba04,2024-05,Durham Constabulary,Durham Constabulary,-1.386089,54.817460,On or near Faraday Street,E01033198,County Durham 021E,Violence and sexual offences,Unable to prosecute suspect,
667c08f74725497378675a9f87bb8aee748ebd58b8361738ce4cb06cf109a0d7,2024-05,Durham Constabulary,Durham Constabulary,-1.387255,54.818535,On or near Denewood,E01033198,County Durham 021E,Violence and sexual offences,Unable to prosecute suspect,
2e5b06cd85da311e0c976bfc9d0f3e97e70eba583dd9a60159b49b74427e38b5,2024-05,Durham Constabulary,Durham Constabulary,-1.382925,54.816743,On or near Parking Area,E01033198,County Durham 021E,Violence and sexual offences,Unable to prosecute suspect,
11a3c0107a709ac2fae0b204844f6f2fae2496c4a318b4f03433ad7b8fb16d18,2024-05,Durham Constabulary,Durham Constabulary,-1.383895,54.817431,On or near Wood'S Terrace,E01033198,County Durham 021E,Other crime,Unable to prosecute suspect,
97b32356f32ed9f0810ce93d98fa3bdd9c70ee47a970b1b1fcc8c77900f89830,2024-05,Durham Constabulary,Durham Constabulary,-1.394568,54.799880,On or near Windermere Road,E01033205,County Durham 021F,Burglary,Investigation complete; no suspect identified,
be3a5348ac5c25e62596eb88f9793e9e57da3e922bd43eb2ffa243963f47713e,2024-05,Durham Constabulary,Durham Constabulary,-1.394568,54.799880,On or near Windermere Road,E01033205,County Durham 021F,Burglary,Investigation complete; no suspect identified,
aa83322470186a047aa698f706b8531c6e94130169aa02391a3ae46871ff495e,2024-05,Durham Constabulary,Durham Constabulary,-1.395986,54.798665,On or near West Lane,E01033205,County Durham 021F,Drugs,Under investigation,
b6f99d6a9a2a384b37e1c06d5e2c410b265c3ea776f303a3d1f35fb60183965f,2024-05,Durham Constabulary,Durham Constabulary,-1.394568,54.799880,On or near Windermere Road,E01033205,County Durham 021F,Other theft,Investigation complete; no suspect identified,
913a71dec63677bfdc1ae714380409dfb75c2b8131f2b3ce9b8ce950aeb0e430,2024-05,Durham Constabulary,Durham Constabulary,-1.401655,54.797138,On or near Oakwood,E01033205,County Durham 021F,Violence and sexual offences,Unable to prosecute suspect,
4e1d8a8b9ed81c474c5defd240899df9b9daf15bedaac45a982051a44a9bb082,2024-05,Durham Constabulary,Durham Constabulary,-1.406568,54.798366,On or near Abbeydale Gardens,E01033205,County Durham 021F,Violence and sexual offences,Unable to prosecute suspect,
27dddab62739a5f764469d68097c491f516f3b16f0ba904fa05fd4c9286dca1d,2024-05,Durham Constabulary,Durham Constabulary,-1.398571,54.798507,On or near Welfare Crescent,E01033205,County Durham 021F,Other crime,Unable to prosecute suspect,
e3afe080522dd1e2f396e92c78a7e21704cf091a37ff4abb85961f6c8dbcbf00,2024-05,Durham Constabulary,Durham Constabulary,-1.419715,54.804622,On or near Buttermere Crescent,E01033206,County Durham 021G,Criminal damage and arson,Investigation complete; no suspect identified,
09f55977593d63299a1a3c9f176390bdb24744b44a74b6049c3348d801b5dfbd,2024-05,Durham Constabulary,Durham Constabulary,-1.418214,54.804048,On or near Patrick Crescent,E01033206,County Durham 021G,Drugs,Further investigation is not in the public interest,
e0111f009e65038ce4ad6ff97fd30338fbe503415c325bee87a5300663b4b79d,2024-05,Durham Constabulary,Durham Constabulary,-1.415109,54.803665,On or near Windsor Drive,E01033206,County Durham 021G,Vehicle crime,Investigation complete; no suspect identified,
,2024-05,Durham Constabulary,Durham Constabulary,-1.566327,54.805782,On or near Finchale Road,E01020709,County Durham 022A,Anti-social behaviour,,
0c14e81b11cb5c35c5f26e48cd39f8be53c012a89f83ec99c7b12acc0a9c32b2,2024-05,Durham Constabulary,Durham Constabulary,-1.581478,54.805916,On or near Abbeywoods,E01020709,County Durham 022A,Criminal damage and arson,Investigation complete; no suspect identified,
07fc617e3b9b98af7c844707948b3935422dd257dbe0cad315a5f9f899ea025b,2024-05,Durham Constabulary,Durham Constabulary,-1.551407,54.805818,On or near Prison,E01020709,County Durham 022A,Other theft,Unable to prosecute suspect,
d0ae3dec389fb62b59beb66f1da8ad7520a41bb7e8d1d37bca0541f30ec62e30,2024-05,Durham Constabulary,Durham Constabulary,-1.581478,54.805916,On or near Abbeywoods,E01020709,County Durham 022A,Other theft,Under investigation,
a786c03612b5d0be58a1ddbc00e6f8e3d484552d6689273d084e294ebc75cfae,2024-05,Durham Constabulary,Durham Constabulary,-1.578564,54.807901,On or near Petrol Station,E01020709,County Durham 022A,Public order,Unable to prosecute suspect,
46649c0857e64dc00408d91585dc2fe8f72256098910bbbe8cb6fe56ab87dd92,2024-05,Durham Constabulary,Durham Constabulary,-1.581478,54.805916,On or near Abbeywoods,E01020709,County Durham 022A,Shoplifting,Investigation complete; no suspect identified,
a0a9413e99537d66e19fcfdaa80f0e7c39ca688e159ec31da0bc364467b2a864,2024-05,Durham Constabulary,Durham Constabulary,-1.581478,54.805916,On or near Abbeywoods,E01020709,County Durham 022A,Shoplifting,Unable to prosecute suspect,
28b292655917012b8dd0c59a06ff79d0362984fb05da7da859dea5b7a3395a26,2024-05,Durham Constabulary,Durham Constabulary,-1.581478,54.805916,On or near Abbeywoods,E01020709,County Durham 022A,Shoplifting,Awaiting court outcome,
ff9ba248fdabae249f890af231f82a9787e1bc4c9f84b8b880d77aabd30b0ce8,2024-05,Durham Constabulary,Durham Constabulary,-1.581478,54.805916,On or near Abbeywoods,E01020709,County Durham 022A,Shoplifting,Awaiting court outcome,
9742dd19ce45a07720dbd7ecd709a4a77fd10f2f90a81c56d8d2c4f4676ad53b,2024-05,Durham Constabulary,Durham Constabulary,-1.578564,54.807901,On or near Petrol Station,E01020709,County Durham 022A,Shoplifting,Investigation complete; no suspect identified,
f424ac31b6cde4f25482ff33e0cdee64b3534cefc7d99f77b1a3b5281cb2eadd,2024-05,Durham Constabulary,Durham Constabulary,-1.578564,54.807901,On or near Petrol Station,E01020709,County Durham 022A,Shoplifting,Awaiting court outcome,
7470e7da30594c56547f7ced0ca980498d371c193cfd73a712c33e81b967b80c,2024-05,Durham Constabulary,Durham Constabulary,-1.581478,54.805916,On or near Abbeywoods,E01020709,County Durham 022A,Shoplifting,Investigation complete; no suspect identified,
9f318cd4cf64c3a3b2c5b721147914f196c697afaea3a80b9c2a61f91cab4fc7,2024-05,Durham Constabulary,Durham Constabulary,-1.579105,54.805668,On or near Shopping Area,E01020709,County Durham 022A,Shoplifting,Awaiting court outcome,
af7fa4c9032dab17adfa3ffcc3ca3a1b12a3a7604b8ff23fcf2c40d4ea82d6b8,2024-05,Durham Constabulary,Durham Constabulary,-1.581478,54.805916,On or near Abbeywoods,E01020709,County Durham 022A,Shoplifting,Investigation complete; no suspect identified,
b8e55bdfaa37c592402f4f9b65cc9e02da8f82b64bac46cfcbb9f681a46426f5,2024-05,Durham Constabulary,Durham Constabulary,-1.579105,54.805668,On or near Shopping Area,E01020709,County Durham 022A,Shoplifting,Investigation complete; no suspect identified,
6fc268971f69c71f81489a03db276fc416e366bb7e689d4b9ef3604914b9b80b,2024-05,Durham Constabulary,Durham Constabulary,-1.581478,54.805916,On or near Abbeywoods,E01020709,County Durham 022A,Shoplifting,Awaiting court outcome,
42f2c20551dc3ddcda2913518724ceefc81f85d3a54533222bc0f46650971a33,2024-05,Durham Constabulary,Durham Constabulary,-1.581478,54.805916,On or near Abbeywoods,E01020709,County Durham 022A,Shoplifting,Under investigation,
c1ecf89a3bc0ff02ed6f5659557b5a1c5e135a67db1ebc5f8ca74b90d1355ed9,2024-05,Durham Constabulary,Durham Constabulary,-1.581478,54.805916,On or near Abbeywoods,E01020709,County Durham 022A,Shoplifting,Awaiting court outcome,
be8f4fb3514853e9832010946040a0cd6e923074d38f541a9308a23fbb81c356,2024-05,Durham Constabulary,Durham Constabulary,-1.581478,54.805916,On or near Abbeywoods,E01020709,County Durham 022A,Shoplifting,Unable to prosecute suspect,
fd204e3fb000780942b2dcf04a7739538468a251f5ef98963a9e0764b951a75b,2024-05,Durham Constabulary,Durham Constabulary,-1.578564,54.807901,On or near Petrol Station,E01020709,County Durham 022A,Shoplifting,Investigation complete; no suspect identified,
6e1398e8f26364c611154974b77bcc6c6d99ffff076c96e385fd1a43b3298206,2024-05,Durham Constabulary,Durham Constabulary,-1.581478,54.805916,On or near Abbeywoods,E01020709,County Durham 022A,Shoplifting,Under investigation,
8c8bdc72b6104b4f9ea631df35a53233baf0b8511cf7593c8df4cda324bfc3b8,2024-05,Durham Constabulary,Durham Constabulary,-1.539286,54.819630,On or near Parking Area,E01020709,County Durham 022A,Vehicle crime,Investigation complete; no suspect identified,
0aee3305851062221237a922b159dc0339ef7d78ea72dd1ab48cd472aaebea3d,2024-05,Durham Constabulary,Durham Constabulary,-1.551407,54.805818,On or near Prison,E01020709,County Durham 022A,Violence and sexual offences,Under investigation,
e9801dc8857bd597b3eb4784a7aec633972e187fdbcbefd908334552cd0a9537,2024-05,Durham Constabulary,Durham Constabulary,-1.579129,54.801460,On or near Pit Lane,E01020709,County Durham 022A,Violence and sexual offences,Unable to prosecute suspect,
52a1452ebfb5f028eb1e6f7e2f90c2bac920540ba35069db1b013afe62f2c826,2024-05,Durham Constabulary,Durham Constabulary,-1.539286,54.819630,On or near Parking Area,E01020709,County Durham 022A,Violence and sexual offences,Investigation complete; no suspect identified,
8f22c5abd048b3007935a8928512bb8c39a4a15a3fc8d2ad42192b4829c23865,2024-05,Durham Constabulary,Durham Constabulary,-1.551407,54.805818,On or near Prison,E01020709,County Durham 022A,Violence and sexual offences,Investigation complete; no suspect identified,
d83ddbac576e7daa2c76e6ffde1f94e9a5ff4afd71e4013654760d9b334a64cc,2024-05,Durham Constabulary,Durham Constabulary,-1.551407,54.805818,On or near Prison,E01020709,County Durham 022A,Violence and sexual offences,Action to be taken by another organisation,
c5c96fc331f45995e77e1bfa0ac6cd6444f65f27101556652f73a6b9b9338f66,2024-05,Durham Constabulary,Durham Constabulary,-1.539286,54.819630,On or near Parking Area,E01020709,County Durham 022A,Violence and sexual offences,Unable to prosecute suspect,
952e98db49825c4a00aaaef45a9fd54d5085ed9898187c8f08ef5c141ffbe3b7,2024-05,Durham Constabulary,Durham Constabulary,-1.551407,54.805818,On or near Prison,E01020709,County Durham 022A,Other crime,Under investigation,
979825abd473910eb706fac66714c36193cda3015ab803dc29c65a7ea5b107fb,2024-05,Durham Constabulary,Durham Constabulary,-1.567054,54.803214,On or near Parking Area,E01020717,County Durham 022B,Shoplifting,Investigation complete; no suspect identified,
,2024-05,Durham Constabulary,Durham Constabulary,-1.572738,54.799676,On or near Bowes Court,E01020718,County Durham 022C,Anti-social behaviour,,
c20425ca81b0152462f9f4d8beb0e34adddea29ae62c55a922e02dd7ddc4c7c0,2024-05,Durham Constabulary,Durham Constabulary,-1.576633,54.799168,On or near Parking Area,E01020718,County Durham 022C,Burglary,Investigation complete; no suspect identified,
d2b4f10533aef79ab59640292c0d412d4a744beb627438ce430f150dad980dd3,2024-05,Durham Constabulary,Durham Constabulary,-1.576181,54.803633,On or near Bolton Close,E01020718,County Durham 022C,Violence and sexual offences,Unable to prosecute suspect,
22043c3e52e62e110910d1a516387505c184929320f4ac8379e182f5bedf1e37,2024-05,Durham Constabulary,Durham Constabulary,-1.570945,54.797216,On or near Chillingham Road,E01020719,County Durham 022D,Violence and sexual offences,Under investigation,
4ec90d0a4ea43928d556183cc642acb266c225f0914abcde0e5d23157abcea73,2024-05,Durham Constabulary,Durham Constabulary,-1.567380,54.797509,On or near Staindrop Road,E01020719,County Durham 022D,Violence and sexual offences,Unable to prosecute suspect,
,2024-05,Durham Constabulary,Durham Constabulary,-1.569685,54.794228,On or near Cotherstone Road,E01020721,County Durham 022E,Anti-social behaviour,,
,2024-05,Durham Constabulary,Durham Constabulary,-1.590707,54.794777,On or near Victoria Court,E01020708,County Durham 023A,Anti-social behaviour,,
,2024-05,Durham Constabulary,Durham Constabulary,-1.591159,54.792688,On or near Supermarket,E01020708,County Durham 023A,Anti-social behaviour,,
8083f882bd2da89de4800f7d14a0e6972d64ed30a0b06ecf7a36a56108d34d12,2024-05,Durham Constabulary,Durham Constabulary,-1.591068,54.794464,On or near South Terrace,E01020708,County Durham 023A,Bicycle theft,Investigation complete; no suspect identified,
da31482d2d9ea67feada1ab19bc5fdd702b8f537e8bfd23f5ac27076472e5eb6,2024-05,Durham Constabulary,Durham Constabulary,-1.591367,54.791014,On or near Durham Moor Crescent,E01020708,County Durham 023A,Burglary,Investigation complete; no suspect identified,
4704613cd57b2af54425372fc8bb0eff18df2fe1c85a8681bd080d017a209cc7,2024-05,Durham Constabulary,Durham Constabulary,-1.593172,54.794230,On or near Sports/Recreation Area,E01020708,County Durham 023A,Other theft,Investigation complete; no suspect identified,
93a79db8b1e0ad226d2dd498645772e53cbabb2380c9d804a0ab8b98418694cd,2024-05,Durham Constabulary,Durham Constabulary,-1.590707,54.794777,On or near Victoria Court,E01020708,County Durham 023A,Public order,Under investigation,
10eacbb9f54ae1916a1f43037d4b317872160e55fbff7dabe43bbfb8f5883de8,2024-05,Durham Constabulary,Durham Constabulary,-1.590707,54.794777,On or near Victoria Court,E01020708,County Durham 023A,Shoplifting,Awaiting court outcome,
b865fc969e6ad62ee0b9187f7fd092215b4577e9924c7119ab2f0346480fdb38,2024-05,Durham Constabulary,Durham Constabulary,-1.590707,54.794777,On or near Victoria Court,E01020708,County Durham 023A,Shoplifting,Investigation complete; no suspect identified,
0d918ec5625aa39274dc6adb1a077c51611121d4313077bcf9c252d06f944e43,2024-05,Durham Constabulary,Durham Constabulary,-1.590707,54.794777,On or near Victoria Court,E01020708,County Durham 023A,Shoplifting,Investigation complete; no suspect identified,
7bbe9961e511f3f83434afa04ed3d8606237f88c183d9cb7d1dc40bd08b2a211,2024-05,Durham Constabulary,Durham Constabulary,-1.591159,54.792688,On or near Supermarket,E01020708,County Durham 023A,Vehicle crime,Investigation complete; no suspect identified,
1e1095ce7bec530ad5bf30f461e5a810c743d74607aa06d22ee01529a1c76528,2024-05,Durham Constabulary,Durham Constabulary,-1.594398,54.795913,On or near Further/Higher Educational Building,E01020708,County Durham 023A,Violence and sexual offences,Unable to prosecute suspect,
5b826faf52681476c06e71a9acbe4357182d01213b14af279745e73c424a0e05,2024-05,Durham Constabulary,Durham Constabulary,-1.590707,54.794777,On or near Victoria Court,E01020708,County Durham 023A,Violence and sexual offences,Investigation complete; no suspect identified,
65a866d270349434f4849f20efeb78ea4f84248408a57b8ec1981cd2a7d26728,2024-05,Durham Constabulary,Durham Constabulary,-1.600531,54.792195,On or near Parking Area,E01020708,County Durham 023A,Violence and sexual offences,Investigation complete; no suspect identified,
8ab503f51c6e44eff6daed065af44d5341a797b565158571fa21678bf5970534,2024-05,Durham Constabulary,Durham Constabulary,-1.590751,54.798147,On or near Aldhome Court,E01020708,County Durham 023A,Violence and sexual offences,Unable to prosecute suspect,
,2024-05,Durham Constabulary,Durham Constabulary,-1.589818,54.802709,On or near Folly Terrace,E01020710,County Durham 023B,Anti-social behaviour,,
5d0ebbba375b6c644d75dd9b2cd1a61e9a10fddbd5d6e0248b6d996fd79833c4,2024-05,Durham Constabulary,Durham Constabulary,-1.586336,54.805519,On or near Smithfield,E01020710,County Durham 023B,Drugs,Investigation complete; no suspect identified,
d09989b7b4ef7b075b16c94784d8caac46ffa26143fda19c78fdd46eeb1fc567,2024-05,Durham Constabulary,Durham Constabulary,-1.590566,54.801058,On or near The Avenue,E01020710,County Durham 023B,Violence and sexual offences,Investigation complete; no suspect identified,
1dcbed0247d34c0ce9e8f8ad6d9c5763a82b3ffbe0458f9fac235b0cf4047285,2024-05,Durham Constabulary,Durham Constabulary,-1.590566,54.801058,On or near The Avenue,E01020710,County Durham 023B,Violence and sexual offences,Unable to prosecute suspect,
b4de047d55f6f12dba778e29b7a40218937eb9295aa05859b94b23ba10950323,2024-05,Durham Constabulary,Durham Constabulary,-1.586336,54.805519,On or near Smithfield,E01020710,County Durham 023B,Other crime,Awaiting court outcome,
,2024-05,Durham Constabulary,Durham Constabulary,-1.584757,54.795674,On or near Aykley Road,E01020711,County Durham 023C,Anti-social behaviour,,
,2024-05,Durham Constabulary,Durham Constabulary,-1.580168,54.794677,On or near Sports/Recreation Area,E01020711,County Durham 023C,Anti-social behaviour,,
,2024-05,Durham Constabulary,Durham Constabulary,-1.580168,54.794677,On or near Sports/Recreation Area,E01020711,County Durham 023C,Anti-social behaviour,,
,2024-05,Durham Constabulary,Durham Constabulary,-1.581580,54.796004,On or near Caterhouse Road,E01020711,County Durham 023C,Anti-social behaviour,,
21608c09524c13b0a9a907d4438f8f3cacb8f7147ca16daf9220fd3213d23a4a,2024-05,Durham Constabulary,Durham Constabulary,-1.584128,54.796328,On or near Carrside,E01020711,County Durham 023C,Burglary,Awaiting court outcome,
05d5c704bc7d15542c5080b5f9b12143c49668fbb17d69256f62e521aa3c34e7,2024-05,Durham Constabulary,Durham Constabulary,-1.584757,54.795674,On or near Aykley Road,E01020711,County Durham 023C,Criminal damage and arson,Investigation complete; no suspect identified,
8dbaa271b71f8041aaeedc45aa5cae4d5cdc0d067e678565a2118f3c8a8ab9f5,2024-05,Durham Constabulary,Durham Constabulary,-1.582699,54.794669,On or near Brackenfield Road,E01020711,County Durham 023C,Criminal damage and arson,Unable to prosecute suspect,
a73024b5802f99531f57da247723ec5cba958a54f5ee9eedc2a8ab08b588d510,2024-05,Durham Constabulary,Durham Constabulary,-1.584128,54.796328,On or near Carrside,E01020711,County Durham 023C,Drugs,Formal action is not in the public interest,
1adfad5a5015454517379608c240c0b101b105c9123cf4564c9a7bb8252737b2,2024-05,Durham Constabulary,Durham Constabulary,-1.584128,54.796328,On or near Carrside,E01020711,County Durham 023C,Possession of weapons,Unable to prosecute suspect,
9ee0ec47132c3056679defee36f298eecb0da95b314d4d9388c605dc243fd3ad,2024-05,Durham Constabulary,Durham Constabulary,-1.586892,54.793695,On or near Finchale Road,E01020711,County Durham 023C,Public order,Investigation complete; no suspect identified,
9af77c4cc3d131af9dd544fbc1bff8546edda0695d353dc66c805173bc1b594a,2024-05,Durham Constabulary,Durham Constabulary,-1.588168,54.795227,On or near Lund Avenue,E01020711,County Durham 023C,Violence and sexual offences,Unable to prosecute suspect,
8477be57ebeb3018c39368a73105c453d84c8cfa1c0d6ff5fcc9fe895cc61b17,2024-05,Durham Constabulary,Durham Constabulary,-1.585240,54.792485,On or near Lilac Avenue,E01020711,County Durham 023C,Violence and sexual offences,Unable to prosecute suspect,
8ae920d68330d7c22d4442ec945acb25a89a900fcf089de11f2dfa079dd8af11,2024-05,Durham Constabulary,Durham Constabulary,-1.585240,54.792485,On or near Lilac Avenue,E01020711,County Durham 023C,Violence and sexual offences,Unable to prosecute suspect,
6700f357b71639a323da06373cc42b526a87519aa3da0fb9ca6bdc522ce991e9,2024-05,Durham Constabulary,Durham Constabulary,-1.584757,54.795674,On or near Aykley Road,E01020711,County Durham 023C,Violence and sexual offences,Unable to prosecute suspect,
2a46af6184ee58128b2036ae84629012dbe05bfb8888ab4a90ec1c78d878b13b,2024-05,Durham Constabulary,Durham Constabulary,-1.584128,54.796328,On or near Carrside,E01020711,County Durham 023C,Violence and sexual offences,Unable to prosecute suspect,
8b86f80e6c9de617ebf468bfc4ddde194a58340afa9bedd5293951ff51beaad5,2024-05,Durham Constabulary,Durham Constabulary,-1.586656,54.793946,On or near Ashleigh Avenue,E01020711,County Durham 023C,Violence and sexual offences,Under investigation,
15d8245e11e8231e1dee03a64b33df9452c310f2abdd991e44cea3d0feb4cdda,2024-05,Durham Constabulary,Durham Constabulary,-1.581167,54.798393,On or near Bede Way,E01020711,County Durham 023C,Violence and sexual offences,Action to be taken by another organisation,
337fe6f84edc52d8f5c533d02206325a8da9a46468410108591ef915e97067cc,2024-05,Durham Constabulary,Durham Constabulary,-1.582699,54.794669,On or near Brackenfield Road,E01020711,County Durham 023C,Violence and sexual offences,Investigation complete; no suspect identified,
2bc6be0561a090dd85b8c37c55676da94aa82ad16ba65976088af466283b40f8,2024-05,Durham Constabulary,Durham Constabulary,-1.584757,54.795674,On or near Aykley Road,E01020711,County Durham 023C,Violence and sexual offences,Under investigation,
736568025c81436f4ac8ad836d7db6796aa71ac614f978c96b5dca564c5121c5,2024-05,Durham Constabulary,Durham Constabulary,-1.584128,54.796328,On or near Carrside,E01020711,County Durham 023C,Violence and sexual offences,Further action is not in the public interest,
,2024-05,Durham Constabulary,Durham Constabulary,-1.577901,54.798337,On or near Ayden Grove,E01020720,County Durham 023D,Anti-social behaviour,,
4554647b4239e91ddf718cd4e7871d968a638d72340ff5252717b038e1d029ea,2024-05,Durham Constabulary,Durham Constabulary,-1.574849,54.794246,On or near Farnham Road,E01020720,County Durham 023D,Criminal damage and arson,Investigation complete; no suspect identified,
d298f74c35b9018078a1f310687d4a5f9f44402168ee05f28e109f71b6564785,2024-05,Durham Constabulary,Durham Constabulary,-1.572350,54.795181,On or near Kirkham Road,E01020720,County Durham 023D,Possession of weapons,Awaiting court outcome,
9517297d7daf9db7eb0ef923adbe8b5051f12b18cece1c68d9373bbe8d32f44b,2024-05,Durham Constabulary,Durham Constabulary,-1.572350,54.795181,On or near Kirkham Road,E01020720,County Durham 023D,Violence and sexual offences,Unable to prosecute suspect,
126a6f2cf73614a8789369837f50dfdd6da0436f55cb3e504f626d31cde1989a,2024-05,Durham Constabulary,Durham Constabulary,-1.577901,54.798337,On or near Ayden Grove,E01020720,County Durham 023D,Violence and sexual offences,Unable to prosecute suspect,
5f773c2a7ea5c43de9e4e0b8379c63db807c1f621668d682e9a4092263da9f8a,2024-05,Durham Constabulary,Durham Constabulary,-1.575594,54.797376,On or near Langley Road,E01020720,County Durham 023D,Violence and sexual offences,Investigation complete; no suspect identified,
,2024-05,Durham Constabulary,Durham Constabulary,-1.773320,54.788300,On or near Cornsay Lane,E01020646,County Durham 024A,Anti-social behaviour,,
,2024-05,Durham Constabulary,Durham Constabulary,-1.716173,54.777045,On or near Valley Drive,E01020646,County Durham 024A,Anti-social behaviour,,
,2024-05,Durham Constabulary,Durham Constabulary,-1.715169,54.776207,On or near The Heathers,E01020646,County Durham 024A,Anti-social behaviour,,
1c35b8cdc66e3f9006e4b344d4f7d635dbf03f1020c341c92e6468e4d47623f0,2024-05,Durham Constabulary,Durham Constabulary,-1.748235,54.783730,On or near Steadman'S Lane,E01020646,County Durham 024A,Criminal damage and arson,Investigation complete; no suspect identified,
d88308c58c49ec2208848993efa6116bec7ab4dad3ef4e9312d704640340b24c,2024-05,Durham Constabulary,Durham Constabulary,-1.710136,54.775602,On or near Rowley Link,E01020646,County Durham 024A,Violence and sexual offences,Unable to prosecute suspect,
9f14a92fe6d483c5d8423173cbb9523ab65c7910c7d46b6c769c63e07d5a4c76,2024-05,Durham Constabulary,Durham Constabulary,-1.716173,54.777045,On or near Valley Drive,E01020646,County Durham 024A,Violence and sexual offences,Unable to prosecute suspect,
7b3b494ca572fd20cc0115d81b37e2aeff842f1abdbc72d214c55b4e18e9a9cf,2024-05,Durham Constabulary,Durham Constabulary,-1.711952,54.776011,On or near Castle View,E01020646,County Durham 024A,Other crime,Under investigation,
,2024-05,Durham Constabulary,Durham Constabulary,-1.665989,54.796032,On or near Hilltop View,E01020658,County Durham 024B,Anti-social behaviour,,
a3d7db24fcc399f2267f88f28ddb94a289ce296d06aba8cec22b046eb3072499,2024-05,Durham Constabulary,Durham Constabulary,-1.665989,54.796032,On or near Hilltop View,E01020658,County Durham 024B,Criminal damage and arson,Investigation complete; no suspect identified,
25d566c84272e7bfddbdfe655f7a88ee1d5469b1c9b43acfe95da6ff556cb5b0,2024-05,Durham Constabulary,Durham Constabulary,-1.668750,54.795123,On or near East Clere,E01020658,County Durham 024B,Criminal damage and arson,Investigation complete; no suspect identified,
961b5ab8246f2dd9509aa78cdfa64717a27ba8a3bb5bb61a5580ad85d337d7b8,2024-05,Durham Constabulary,Durham Constabulary,-1.670943,54.800817,On or near Railway Street,E01020658,County Durham 024B,Drugs,Unable to prosecute suspect,
2ae6a3e73bf6b2d31498013a4d8741225bb292b9f70132207a8eae8deed447a3,2024-05,Durham Constabulary,Durham Constabulary,-1.670900,54.800368,On or near George Street,E01020658,County Durham 024B,Drugs,Investigation complete; no suspect identified,
f5251e84513d0fd2de6ec65d150accd15b459949de9ae23607100ac682cdffa2,2024-05,Durham Constabulary,Durham Constabulary,-1.665650,54.799428,On or near Bridge Way,E01020658,County Durham 024B,Public order,Unable to prosecute suspect,
b241dc716dc0cd9104cbe49d3180c5439b1c6c42a2b375e1345581a687add86b,2024-05,Durham Constabulary,Durham Constabulary,-1.667383,54.800538,On or near Bridge Street,E01020658,County Durham 024B,Public order,Unable to prosecute suspect,
5419041f7c45a267508a0a9c1cf367a34edbf3b473827a00b1f0221aa07eda8f,2024-05,Durham Constabulary,Durham Constabulary,-1.668447,54.799813,On or near Oak Street,E01020658,County Durham 024B,Violence and sexual offences,Investigation complete; no suspect identified,
3b98d6c39095e492999e635948ae4ff646fe770b36f9920bba5587d87096ca49,2024-05,Durham Constabulary,Durham Constabulary,-1.674056,54.800628,On or near Dale Street,E01020658,County Durham 024B,Violence and sexual offences,Action to be taken by another organisation,
9c742e0f9d5ba2120a98052f75c56b1ab1d1b5c2d3994495f5c3d9205ff85be9,2024-05,Durham Constabulary,Durham Constabulary,-1.669484,54.800472,On or near Browney Court,E01020658,County Durham 024B,Violence and sexual offences,Unable to prosecute suspect,
169c3f4584b3ae8a03e6324dbda8325d76d2edb7ca98680ae7dc494748d6c6f8,2024-05,Durham Constabulary,Durham Constabulary,-1.665927,54.797883,On or near Park Close,E01020658,County Durham 024B,Violence and sexual offences,Investigation complete; no suspect identified,
a6ea35314ff150943f5f1a80e2927efc1c2eb9d1ed954684146964fe0130ce30,2024-05,Durham Constabulary,Durham Constabulary,-1.664866,54.788885,On or near College Road,E01020658,County Durham 024B,Violence and sexual offences,Under investigation,
55360dcaaf6be39dc666251df25d52174cb86dc8ca083c3facfcc9febb718cfd,2024-05,Durham Constabulary,Durham Constabulary,-1.670900,54.800368,On or near George Street,E01020658,County Durham 024B,Violence and sexual offences,Under investigation,
613ca337d918a3c33e83718041d6fea9eb36042723fa0e92f6d87dda77984c27,2024-05,Durham Constabulary,Durham Constabulary,-1.668750,54.795123,On or near East Clere,E01020658,County Durham 024B,Violence and sexual offences,Under investigation,
6269f38da243db8448f1b8e23848d77e11966f64174ecfedcbc9b50adcf47cbe,2024-05,Durham Constabulary,Durham Constabulary,-1.669454,54.796518,On or near Springwell Avenue,E01020658,County Durham 024B,Other crime,Unable to prosecute suspect,
c682e642f999bb28d843750bfc076f772baa78b556fb39227d35d39f60e735e5,2024-05,Durham Constabulary,Durham Constabulary,-1.677202,54.796179,On or near Kingswood,E01020659,County Durham 024C,Burglary,Investigation complete; no suspect identified,
43baa7d771b434dfd33b22608ce240affae6db0eb4c7aeb1e65c98e2f38758f8,2024-05,Durham Constabulary,Durham Constabulary,-1.677202,54.796179,On or near Kingswood,E01020659,County Durham 024C,Criminal damage and arson,Investigation complete; no suspect identified,
c713f152ccc677c3c36478a472f1cb413f6bb2c63a55da2f57ed2d8e3edc8c7d,2024-05,Durham Constabulary,Durham Constabulary,-1.673440,54.799764,On or near Langley Street,E01020659,County Durham 024C,Criminal damage and arson,Investigation complete; no suspect identified,
a8e41101c9ef2beaf8c51d29e950800324871e7d793c0ee3c7a2ef5e748b78a5,2024-05,Durham Constabulary,Durham Constabulary,-1.677202,54.796179,On or near Kingswood,E01020659,County Durham 024C,Drugs,Awaiting court outcome,
bec6c8d5a9c396124a9b28743fce6d5ce6cbd93674d516580bb46a4d67c4b24e,2024-05,Durham Constabulary,Durham Constabulary,-1.677202,54.796179,On or near Kingswood,E01020659,County Durham 024C,Other theft,Unable to prosecute suspect,
3fd5221f19c0d541b550ac30d69d8d5f7f2624e3dad3111143db0b74728e33d2,2024-05,Durham Constabulary,Durham Constabulary,-1.671650,54.798096,On or near Beech Court,E01020659,County Durham 024C,Public order,Further investigation is not in the public interest,
9667f44327808736477346949780f1c4b3066501d4dce76427495a3d44c7a505,2024-05,Durham Constabulary,Durham Constabulary,-1.671650,54.798096,On or near Beech Court,E01020659,County Durham 024C,Violence and sexual offences,Formal action is not in the public interest,
e57fc1a6beef19b9e6e07abcad23e56485f72dec3326db025003ccbfe3d74214,2024-05,Durham Constabulary,Durham Constabulary,-1.671650,54.798096,On or near Beech Court,E01020659,County Durham 024C,Violence and sexual offences,Formal action is not in the public interest,
,2024-05,Durham Constabulary,Durham Constabulary,-1.674709,54.801200,On or near Theme/Adventure Park,E01020660,County Durham 024D,Anti-social behaviour,,
,2024-05,Durham Constabulary,Durham Constabulary,-1.674709,54.801200,On or near Theme/Adventure Park,E01020660,County Durham 024D,Anti-social behaviour,,
,2024-05,Durham Constabulary,Durham Constabulary,-1.674709,54.801200,On or near Theme/Adventure Park,E01020660,County Durham 024D,Anti-social behaviour,,
,2024-05,Durham Constabulary,Durham Constabulary,-1.674709,54.801200,On or near Theme/Adventure Park,E01020660,County Durham 024D,Anti-social behaviour,,
2c91281c6e653f72ee4fc256bdd95c0762db5f8afb0e7f5bcf0b0c493468c98e,2024-05,Durham Constabulary,Durham Constabulary,-1.685247,54.799741,On or near The Haven,E01020660,County Durham 024D,Criminal damage and arson,Local resolution,
537d4566756f00ea8bfb6e5566684303ed94c3e284dce7828a3b4c9e9e48b700,2024-05,Durham Constabulary,Durham Constabulary,-1.688068,54.798958,On or near Davis Crescent,E01020660,County Durham 024D,Criminal damage and arson,Investigation complete; no suspect identified,
9208cd9d85f2f5eadb7233c436394b0b8ce52059ccb38f7fb1647a107f872526,2024-05,Durham Constabulary,Durham Constabulary,-1.680242,54.799279,On or near Garden Avenue,E01020660,County Durham 024D,Other theft,Investigation complete; no suspect identified,
59364e99b7416c85e173bea9adbefabf1c76a364758d4f06ae26170e99503ac4,2024-05,Durham Constabulary,Durham Constabulary,-1.688068,54.798958,On or near Davis Crescent,E01020660,County Durham 024D,Violence and sexual offences,Unable to prosecute suspect,
3ab55804ceaff55a98c57d0a15b24dec4c014c7dcd1d4f791447712a4e2bcfc3,2024-05,Durham Constabulary,Durham Constabulary,-1.737808,54.789900,On or near Parking Area,E01020660,County Durham 024D,Violence and sexual offences,Unable to prosecute suspect,
2c8c1dd704862c8f65eb86e3f7caafd143e5c0c3a1a61108e62bd9ab3e7a0215,2024-05,Durham Constabulary,Durham Constabulary,-1.685751,54.798970,On or near The Crescent,E01020660,County Durham 024D,Violence and sexual offences,Under investigation,
,2024-05,Durham Constabulary,Durham Constabulary,-1.332474,54.794055,On or near Petwell Lane,E01020751,County Durham 025A,Anti-social behaviour,,
cf2473f2695f96a7ebcef500c83313159ff1198024cd5e4aad816841d7031865,2024-05,Durham Constabulary,Durham Constabulary,-1.334625,54.789070,On or near Easington Street,E01020751,County Durham 025A,Burglary,Under investigation,
6e6e6de238358de27abcb50c43e3a595a6e50d6ffb6648a9b0f91c6ae7dec2da,2024-05,Durham Constabulary,Durham Constabulary,-1.332299,54.790522,On or near Thorpe Street,E01020751,County Durham 025A,Criminal damage and arson,Unable to prosecute suspect,
bd13dd5e3c850add2dfe7773e8900a90408877630d0b09d25c5a35125471772d,2024-05,Durham Constabulary,Durham Constabulary,-1.332299,54.790522,On or near Thorpe Street,E01020751,County Durham 025A,Criminal damage and arson,Unable to prosecute suspect,
1fa7c35aac14b8ecd80126784dd9e370f16f80d06ba687aa6da859870c68a43f,2024-05,Durham Constabulary,Durham Constabulary,-1.342449,54.788007,On or near Wordsworth Road,E01020751,County Durham 025A,Criminal damage and arson,Unable to prosecute suspect,
9654ce7b9b321bb32ffbafb00d3c9cc8e78d9fced47315ac6ee697823bc4a7f8,2024-05,Durham Constabulary,Durham Constabulary,-1.332299,54.790522,On or near Thorpe Street,E01020751,County Durham 025A,Criminal damage and arson,Investigation complete; no suspect identified,
ce02db5903dcdd5f0cc654ee274cb4976db6410afd42173434428af1cd2fa0e5,2024-05,Durham Constabulary,Durham Constabulary,-1.337622,54.787433,On or near Paradise Lane,E01020751,County Durham 025A,Criminal damage and arson,Investigation complete; no suspect identified,
92d7e345ff0ebecd989d0cebdf86d41836b50aabc2d829bace6089d2fde56d14,2024-05,Durham Constabulary,Durham Constabulary,-1.331568,54.790518,On or near Thomas Street,E01020751,County Durham 025A,Drugs,Offender given a caution,
9474fd990fd1d1d789eab44650104139977ecbefb5deed39909b4fc2a3b682f0,2024-05,Durham Constabulary,Durham Constabulary,-1.332474,54.794055,On or near Petwell Lane,E01020751,County Durham 025A,Public order,Awaiting court outcome,
91d34205a28ddfcd28c8ade9dc6dc60113727a5fb7911651434d70f13f877fe5,2024-05,Durham Constabulary,Durham Constabulary,-1.334625,54.789070,On or near Easington Street,E01020751,County Durham 025A,Violence and sexual offences,Unable to prosecute suspect,
79e85042b4996ca802a40567148efc11ea2b9852205763b1f023f3c8ca7da068,2024-05,Durham Constabulary,Durham Constabulary,-1.331568,54.790518,On or near Thomas Street,E01020751,County Durham 025A,Violence and sexual offences,Unable to prosecute suspect,
a0a503eebe07ac4ed6bdf2ba8874ff063167b421a857321ce61ab684a7e7d298,2024-05,Durham Constabulary,Durham Constabulary,-1.332299,54.790522,On or near Thorpe Street,E01020751,County Durham 025A,Violence and sexual offences,Unable to prosecute suspect,
26dd01a3418dccb3d77add55e5fbe2956a5d40116d35f05ace9784118ae0f503,2024-05,Durham Constabulary,Durham Constabulary,-1.332474,54.794055,On or near Petwell Lane,E01020751,County Durham 025A,Violence and sexual offences,Unable to prosecute suspect,
,2024-05,Durham Constabulary,Durham Constabulary,-1.318357,54.785466,On or near Campbell Street,E01020752,County Durham 025B,Anti-social behaviour,,
,2024-05,Durham Constabulary,Durham Constabulary,-1.320670,54.787555,On or near Castle Street,E01020752,County Durham 025B,Anti-social behaviour,,
,2024-05,Durham Constabulary,Durham Constabulary,-1.319333,54.785669,On or near Cardiff Street,E01020752,County Durham 025B,Anti-social behaviour,,
,2024-05,Durham Constabulary,Durham Constabulary,-1.323405,54.787615,On or near Browning Street,E01020752,County Durham 025B,Anti-social behaviour,,
,2024-05,Durham Constabulary,Durham Constabulary,-1.322259,54.788282,On or near Ascot Street,E01020752,County Durham 025B,Anti-social behaviour,,
,2024-05,Durham Constabulary,Durham Constabulary,-1.331754,54.788694,On or near Vincent Street,E01020752,County Durham 025B,Anti-social behaviour,,
0ba307966448d4f2cf6b2ce0ce5b5374492119839fcade0ae4d9abd7970435ee,2024-05,Durham Constabulary,Durham Constabulary,-1.323405,54.787615,On or near Browning Street,E01020752,County Durham 025B,Burglary,Investigation complete; no suspect identified,
39c855db6d5c17a684e6b2138200c2b02abbf7630b381cd7879b8b80ea3a3f89,2024-05,Durham Constabulary,Durham Constabulary,-1.329251,54.788627,On or near School Street,E01020752,County Durham 025B,Burglary,Investigation complete; no suspect identified,
352bc25c54ac168bb65237a20d83aad65209fee0695e2bad9388772f6ea71aac,2024-05,Durham Constabulary,Durham Constabulary,-1.318563,54.786159,On or near Cornwall Street,E01020752,County Durham 025B,Criminal damage and arson,Unable to prosecute suspect,
d5afa322a350e3e9cdb0d95b7eca602777180fc429044d57a9d9d749c3a145a7,2024-05,Durham Constabulary,Durham Constabulary,-1.322828,54.785859,On or near Baldwin Street,E01020752,County Durham 025B,Criminal damage and arson,Investigation complete; no suspect identified,
871f331a73e06aca5534c08fad6c9fd28db4fd1bc7f93f668dc48aa1ae072e7a,2024-05,Durham Constabulary,Durham Constabulary,-1.323405,54.787615,On or near Browning Street,E01020752,County Durham 025B,Criminal damage and arson,Unable to prosecute suspect,
85d27b262c0a3da414ee9963db4fcea76a3e7f7bf3af4f796ed4a28507dde2db,2024-05,Durham Constabulary,Durham Constabulary,-1.322384,54.787295,On or near Barwick Street,E01020752,County Durham 025B,Other theft,Investigation complete; no suspect identified,
aaba4c3e0a24486b0679ff631f7f483fb23c80a83f0977999c1da50804fe4331,2024-05,Durham Constabulary,Durham Constabulary,-1.323405,54.787615,On or near Browning Street,E01020752,County Durham 025B,Other theft,Unable to prosecute suspect,
82713d903b97bb2b0825d2865e46d9fc7f8a5b3c8393c6e3e05603725d444c5a,2024-05,Durham Constabulary,Durham Constabulary,-1.331754,54.788694,On or near Vincent Street,E01020752,County Durham 025B,Other theft,Investigation complete; no suspect identified,
1352be871b9daf834ba0dee82917b88e3c76d2c74a1b12be1301f025a305cb94,2024-05,Durham Constabulary,Durham Constabulary,-1.326306,54.789024,On or near Avon Street,E01020752,County Durham 025B,Other theft,Investigation complete; no suspect identified,
5bb95c772dc86fb19e925117dfb2cf5f206bd4c3db7c2fe00b162b6c170fb4ec,2024-05,Durham Constabulary,Durham Constabulary,-1.322860,54.788627,On or near Ashton Street,E01020752,County Durham 025B,Other theft,Investigation complete; no suspect identified,
bfdb0512d2bad2448cb9fdfb254b051613f43bd4fa82ef00f91fed717a70e869,2024-05,Durham Constabulary,Durham Constabulary,-1.323405,54.787615,On or near Browning Street,E01020752,County Durham 025B,Other theft,Unable to prosecute suspect,
d983b74e999a550546057df245118398a48777edd18fe097c48e2f5e00605f4e,2024-05,Durham Constabulary,Durham Constabulary,-1.324813,54.789016,On or near Anthony Street,E01020752,County Durham 025B,Other theft,Unable to prosecute suspect,
12d45cf0edee2ac1d57ca5e1fd426820acceda60c51d03b58d953629ad5e5681,2024-05,Durham Constabulary,Durham Constabulary,-1.322828,54.785859,On or near Baldwin Street,E01020752,County Durham 025B,Possession of weapons,Under investigation,
4b5de3c69f03e5e4a098fa4155c1acc0c12422d9524d4f82a2c0b66466012cdd,2024-05,Durham Constabulary,Durham Constabulary,-1.322828,54.785859,On or near Baldwin Street,E01020752,County Durham 025B,Public order,Unable to prosecute suspect,
95cdea60d8502a6735e59b93d59ab84376c2264cce72fb6a1366dca459ce84e0,2024-05,Durham Constabulary,Durham Constabulary,-1.324813,54.789016,On or near Anthony Street,E01020752,County Durham 025B,Shoplifting,Investigation complete; no suspect identified,
efb4acaa5aa17124c91d375fe013d6205b11f9289dba56d3cd2e85548434e551,2024-05,Durham Constabulary,Durham Constabulary,-1.324813,54.789016,On or near Anthony Street,E01020752,County Durham 025B,Shoplifting,Investigation complete; no suspect identified,
2bf908c2fbf6540f303ddb7ffbeb4c3adaaf4cee5a13a958a03c4d50dbfb3791,2024-05,Durham Constabulary,Durham Constabulary,-1.324813,54.789016,On or near Anthony Street,E01020752,County Durham 025B,Shoplifting,Investigation complete; no suspect identified,
ba51d8d259908199d95fe3c3a1bd88ee838357ea362da5121803f04cc906a969,2024-05,Durham Constabulary,Durham Constabulary,-1.324813,54.789016,On or near Anthony Street,E01020752,County Durham 025B,Shoplifting,Awaiting court outcome,
df1275135f51c10d48d5acf4dbed5b32d7f5ecbec62d03b937dba8175fbb5184,2024-05,Durham Constabulary,Durham Constabulary,-1.324813,54.789016,On or near Anthony Street,E01020752,County Durham 025B,Shoplifting,Investigation complete; no suspect identified,
7421e5c407cf04bbdfb0eb401f97dba398c1e250e8753b81288bcf0dca636ddf,2024-05,Durham Constabulary,Durham Constabulary,-1.324813,54.789016,On or near Anthony Street,E01020752,County Durham 025B,Shoplifting,Awaiting court outcome,
6cc4e37f583f31b1bb947b2e811a95e97b16d6f799a68bc12220967f45df6544,2024-05,Durham Constabulary,Durham Constabulary,-1.324813,54.789016,On or near Anthony Street,E01020752,County Durham 025B,Shoplifting,Awaiting court outcome,
b070fb86ecaa90e3f8e4803b539feaa76bffa408cf28e35720b600435d6a3259,2024-05,Durham Constabulary,Durham Constabulary,-1.324813,54.789016,On or near Anthony Street,E01020752,County Durham 025B,Shoplifting,Awaiting court outcome,
56f1d652646555f309e56c6ddec0e37190488b08c6d97fd9b012838e9594c38f,2024-05,Durham Constabulary,Durham Constabulary,-1.324813,54.789016,On or near Anthony Street,E01020752,County Durham 025B,Shoplifting,Investigation complete; no suspect identified,
7f2c30c7d2e84f6752428f3e5acde23eabc8a2f356df5ed9922ac5822c4bf4d8,2024-05,Durham Constabulary,Durham Constabulary,-1.324813,54.789016,On or near Anthony Street,E01020752,County Durham 025B,Shoplifting,Awaiting court outcome,
de5af97e4632d278d0cbb2e11a1bec3a3056f0510055918575e6448f16720338,2024-05,Durham Constabulary,Durham Constabulary,-1.322524,54.789183,On or near Allan Street,E01020752,County Durham 025B,Violence and sexual offences,Under investigation,
70564f1dbd9269369316f0460cbca0e7343c3a93d893a64453d1ef068f6d3f72,2024-05,Durham Constabulary,Durham Constabulary,-1.331977,54.789298,On or near Crawlaw Road,E01020752,County Durham 025B,Violence and sexual offences,Investigation complete; no suspect identified,
51aae8383cf2273ec5610ec1ac260eefa798f15129e4dc4565d299a728148f26,2024-05,Durham Constabulary,Durham Constabulary,-1.323617,54.788946,On or near Leech Court,E01020752,County Durham 025B,Violence and sexual offences,Under investigation,
42569f4194e64a71cbe37376e67bf58dfdd77c75e5605fb0b089d3d05750d486,2024-05,Durham Constabulary,Durham Constabulary,-1.323617,54.788946,On or near Leech Court,E01020752,County Durham 025B,Violence and sexual offences,Awaiting court outcome,
aee3626d6786ca44884d3416f898aba8e29dc0e468bb5d1a63c6074b1d3be256,2024-05,Durham Constabulary,Durham Constabulary,-1.326306,54.789024,On or near Avon Street,E01020752,County Durham 025B,Violence and sexual offences,Unable to prosecute suspect,
175a0d6ac53cfd22445a401a275719b5c3be7377fb1516beff5a4b76ce443b60,2024-05,Durham Constabulary,Durham Constabulary,-1.322828,54.785859,On or near Baldwin Street,E01020752,County Durham 025B,Violence and sexual offences,Unable to prosecute suspect,
6f282d2ce15d6a81f3495a802034a2cc9d762c8a9adc9be9b5167a5fea1946df,2024-05,Durham Constabulary,Durham Constabulary,-1.322259,54.788282,On or near Ascot Street,E01020752,County Durham 025B,Violence and sexual offences,Unable to prosecute suspect,
ebbed9897dbf2e6e785242c1a27611a588e4a178b7ac561329e04fc707231b90,2024-05,Durham Constabulary,Durham Constabulary,-1.324813,54.789016,On or near Anthony Street,E01020752,County Durham 025B,Violence and sexual offences,Unable to prosecute suspect,
6dd6b0e7b996ec170d421385a8c0752b6e825f29932894b8feb74ac3abafa63b,2024-05,Durham Constabulary,Durham Constabulary,-1.322259,54.788282,On or near Ascot Street,E01020752,County Durham 025B,Violence and sexual offences,Awaiting court outcome,
3359d13877e8df3bca8cf6fa481787c5d7bdc7d1fbe40bc375127b1cb1d6b1f1,2024-05,Durham Constabulary,Durham Constabulary,-1.322384,54.787295,On or near Barwick Street,E01020752,County Durham 025B,Violence and sexual offences,Unable to prosecute suspect,
d64172d267882ca38b8ea98e5a48d231b67f8cac6728e0165a2c36bbb431de56,2024-05,Durham Constabulary,Durham Constabulary,-1.322828,54.785859,On or near Baldwin Street,E01020752,County Durham 025B,Violence and sexual offences,Unable to prosecute suspect,
2fb4fe0977705dbbe75f12d8531164c6c800ca5873a5683a1e88fb50048b6458,2024-05,Durham Constabulary,Durham Constabulary,-1.323617,54.788946,On or near Leech Court,E01020752,County Durham 025B,Other crime,Further investigation is not in the public interest,
4b0a4029f3d0f62e7521197e41d1c65a5b7b273292d1964ceb865efd1e1204d5,2024-05,Durham Constabulary,Durham Constabulary,-1.322259,54.788282,On or near Ascot Street,E01020752,County Durham 025B,Other crime,Unable to prosecute suspect,
,2024-05,Durham Constabulary,Durham Constabulary,-1.350121,54.783762,On or near Grange Avenue,E01020754,County Durham 025C,Anti-social behaviour,,
,2024-05,Durham Constabulary,Durham Constabulary,-1.357137,54.801206,On or near High West Lane,E01020754,County Durham 025C,Anti-social behaviour,,
b2072d2edd300e04f784b13d025d43ac0b8ffbaa30650479d1c3883cfec2140a,2024-05,Durham Constabulary,Durham Constabulary,-1.357137,54.801206,On or near High West Lane,E01020754,County Durham 025C,Other theft,Investigation complete; no suspect identified,
500810d16ac6585ae7a2b8d4247b664115d9b1b93edb354a21e36a218ce2d8bd,2024-05,Durham Constabulary,Durham Constabulary,-1.359494,54.807581,On or near Parking Area,E01020754,County Durham 025C,Other theft,Investigation complete; no suspect identified,
dd2c62e5db13a4745fedb66efc4bff0f1e7072b42f2a820c7737192671a82ee9,2024-05,Durham Constabulary,Durham Constabulary,-1.350121,54.783762,On or near Grange Avenue,E01020754,County Durham 025C,Violence and sexual offences,Unable to prosecute suspect,
28b5816d4340985cc10f5023b38210a386d5e780094a2cddf7911a76f55ee9fb,2024-05,Durham Constabulary,Durham Constabulary,-1.355611,54.801306,On or near Glencot Grove,E01020754,County Durham 025C,Violence and sexual offences,Unable to prosecute suspect,
d153d8c350880531efece72d5c583bd5c20457adff39e32f43e2f11b64f4cc58,2024-05,Durham Constabulary,Durham Constabulary,-1.357571,54.800328,On or near Western Park,E01020754,County Durham 025C,Violence and sexual offences,Unable to prosecute suspect,
f2e1cc016e238171a95d87b87538e3924afc5b020736adc5b7568aca45557f23,2024-05,Durham Constabulary,Durham Constabulary,-1.350121,54.783762,On or near Grange Avenue,E01020754,County Durham 025C,Violence and sexual offences,Unable to prosecute suspect,
646c500db52836d3015438606e740a814248f8135a796e0417f2d7ffe57860f3,2024-05,Durham Constabulary,Durham Constabulary,-1.344535,54.784972,On or near Burn Gardens,E01020754,County Durham 025C,Violence and sexual offences,Unable to prosecute suspect,
a8736dee4f2d977bf8a233bcf56acad313f6edbfc6e156eb0995298e0f9c52a4,2024-05,Durham Constabulary,Durham Constabulary,-1.346171,54.786688,On or near Petwell Crescent,E01020754,County Durham 025C,Violence and sexual offences,Unable to prosecute suspect,
,2024-05,Durham Constabulary,Durham Constabulary,-1.340846,54.774680,On or near Thorpe Road,E01020756,County Durham 025D,Anti-social behaviour,,
dbd468edede26aa2668cb3034684d4b854d822a834af66302a8f82a91352487a,2024-05,Durham Constabulary,Durham Constabulary,-1.356236,54.784486,On or near Church Walk,E01020756,County Durham 025D,Criminal damage and arson,Further action is not in the public interest,
83e9407705870c485df259fff08f1674eff6f55e4da19f2f04987efb4813d2fd,2024-05,Durham Constabulary,Durham Constabulary,-1.361808,54.772258,On or near Parking Area,E01020756,County Durham 025D,Drugs,Awaiting court outcome,
f2d610ad9bdb5bf04bd51d16226c958bb55dfd79d5a27105ca03fc9d3a283f63,2024-05,Durham Constabulary,Durham Constabulary,-1.340846,54.774680,On or near Thorpe Road,E01020756,County Durham 025D,Other theft,Investigation complete; no suspect identified,
fc006d222c870a3f6c7ff5856999776e2575f805af9dd75de6f9547f15e1f091,2024-05,Durham Constabulary,Durham Constabulary,-1.355198,54.787132,On or near Parsley Close,E01020756,County Durham 025D,Vehicle crime,Awaiting court outcome,
8fc3aeab7de7a868e3574326126245f108b1245abeb9db23b5bab4426cf623f7,2024-05,Durham Constabulary,Durham Constabulary,-1.353741,54.785875,On or near Sunderland Road,E01020756,County Durham 025D,Vehicle crime,Investigation complete; no suspect identified,
3a409f735377c8d1e439989f2d0ef833d1c4108703bd852861f41301e98a0346,2024-05,Durham Constabulary,Durham Constabulary,-1.355198,54.787132,On or near Parsley Close,E01020756,County Durham 025D,Vehicle crime,Awaiting court outcome,
6d39781dfaaaed7c618d21f4ea9229673350eddd67bc4030284c96be073fa264,2024-05,Durham Constabulary,Durham Constabulary,-1.354671,54.785071,On or near Rosemary Lane,E01020756,County Durham 025D,Violence and sexual offences,Under investigation,
ee54463ee21e927cb84c55986ae986f7d4f6c1f8088b908595f5fce63d3808c2,2024-05,Durham Constabulary,Durham Constabulary,-1.351139,54.782311,On or near Thorpe Road,E01020756,County Durham 025D,Violence and sexual offences,Investigation complete; no suspect identified,
693cf23af6c63e9deff3284b28d3b3a8835f94e8bc355a32644596354967718b,2024-05,Durham Constabulary,Durham Constabulary,-1.352932,54.778142,On or near Andrew'S Lane,E01020756,County Durham 025D,Violence and sexual offences,Unable to prosecute suspect,
ec31ef8cf400f4a17a10a02009afce3c30fb2cc8f0c5fa07f53f9dacf7c28436,2024-05,Durham Constabulary,Durham Constabulary,-1.354671,54.785071,On or near Rosemary Lane,E01020756,County Durham 025D,Violence and sexual offences,Under investigation,
83dd3fa20ce490f27a4d1a2fb7ec39d490c8000c4fd14d8c37f09cb2c634cd16,2024-05,Durham Constabulary,Durham Constabulary,-1.357007,54.785874,On or near The Spinney,E01020756,County Durham 025D,Violence and sexual offences,Investigation complete; no suspect identified,
88e04ced3be474bca072554659dfc91a68ad979997f4c6378a4846520ba7bb8f,2024-05,Durham Constabulary,Durham Constabulary,-1.353741,54.785875,On or near Sunderland Road,E01020756,County Durham 025D,Violence and sexual offences,Action to be taken by another organisation,
e64e4de63944f26db55948baca4a8167ea95f0ffa74580a8ff9505f82cecc7cf,2024-05,Durham Constabulary,Durham Constabulary,-1.352249,54.780987,On or near Nursery Gardens,E01020756,County Durham 025D,Violence and sexual offences,Action to be taken by another organisation,
afbc3da530a962ee8e65b9087872ffb777209621f04b02d438d63dc7b7316adf,2024-05,Durham Constabulary,Durham Constabulary,-1.352989,54.784316,On or near Low Row,E01020756,County Durham 025D,Violence and sexual offences,Unable to prosecute suspect,
57b69bd0cf50c612dab27a271b3410d454f6672f91b85551d22bc85deb86ee61,2024-05,Durham Constabulary,Durham Constabulary,-1.350727,54.782812,On or near Carlton Terrace,E01020756,County Durham 025D,Violence and sexual offences,Unable to prosecute suspect,
4d9502472878d662dbc11ecc551e3997702e9b815d47e3bf332f596df2f9d69d,2024-05,Durham Constabulary,Durham Constabulary,-1.353741,54.785875,On or near Sunderland Road,E01020756,County Durham 025D,Violence and sexual offences,Action to be taken by another organisation,
a8c54da7ca0c51b8a94def877d5c17b8e6b5bc928c30a99f536b85eb1785fdc1,2024-05,Durham Constabulary,Durham Constabulary,-1.352458,54.783433,On or near East Grange Court,E01020756,County Durham 025D,Violence and sexual offences,Offender given a caution,
4efba1698427b13fe8daefefe2663ec27b07684d6e6faa14a2691a0e430fcee5,2024-05,Durham Constabulary,Durham Constabulary,-1.354671,54.785071,On or near Rosemary Lane,E01020756,County Durham 025D,Violence and sexual offences,Under investigation,
8f323cbfab44dfea53140ca6c3ecc194b26fe50d148d80dab687b235a2fc9135,2024-05,Durham Constabulary,Durham Constabulary,-1.352249,54.780987,On or near Nursery Gardens,E01020756,County Durham 025D,Violence and sexual offences,Action to be taken by another organisation,
,2024-05,Durham Constabulary,Durham Constabulary,-1.634295,54.785256,On or near Cook Avenue,E01020679,County Durham 026A,Anti-social behaviour,,
,2024-05,Durham Constabulary,Durham Constabulary,-1.630607,54.783915,On or near Byland Court,E01020679,County Durham 026A,Anti-social behaviour,,
,2024-05,Durham Constabulary,Durham Constabulary,-1.637991,54.785761,On or near Beaurepaire,E01020679,County Durham 026A,Anti-social behaviour,,
,2024-05,Durham Constabulary,Durham Constabulary,-1.634295,54.785256,On or near Cook Avenue,E01020679,County Durham 026A,Anti-social behaviour,,
,2024-05,Durham Constabulary,Durham Constabulary,-1.637991,54.785761,On or near Beaurepaire,E01020679,County Durham 026A,Anti-social behaviour,,
,2024-05,Durham Constabulary,Durham Constabulary,-1.641215,54.785205,On or near East Side Avenue,E01020679,County Durham 026A,Anti-social behaviour,,
,2024-05,Durham Constabulary,Durham Constabulary,-1.630607,54.783915,On or near Byland Court,E01020679,County Durham 026A,Anti-social behaviour,,
b72585092636786ef711598706c160516570dfd3113df00ddd27b4a0a2a8870d,2024-05,Durham Constabulary,Durham Constabulary,-1.630607,54.783915,On or near Byland Court,E01020679,County Durham 026A,Criminal damage and arson,Investigation complete; no suspect identified,
2bc7052832140794af532ab1d311e993b06fbc5d2ec7c9713ea9ac128936033b,2024-05,Durham Constabulary,Durham Constabulary,-1.635084,54.783946,On or near Kingston Avenue,E01020679,County Durham 026A,Criminal damage and arson,Investigation complete; no suspect identified,
7c3128151359eed53cd9b10d127b78cc15eea3ce636792243e5afafbfe45916f,2024-05,Durham Constabulary,Durham Constabulary,-1.640946,54.785707,On or near Park Wood Avenue,E01020679,County Durham 026A,Drugs,Local resolution,
96396b56600a999e219e3caa5d84654ea7b9b23db293fe8751d862ad967d1cb6,2024-05,Durham Constabulary,Durham Constabulary,-1.640946,54.785707,On or near Park Wood Avenue,E01020679,County Durham 026A,Possession of weapons,Unable to prosecute suspect,
c750f9a596673a643be0f97e050324a66e9b65fcd68f11f5f9c1fc61dc461081,2024-05,Durham Constabulary,Durham Constabulary,-1.634845,54.784628,On or near Ritson Avenue,E01020679,County Durham 026A,Public order,Local resolution,
6a23a8b6f8adedfef905dab434549dcb656c5f3e829dd02f848f0e226fce8d04,2024-05,Durham Constabulary,Durham Constabulary,-1.635084,54.783946,On or near Kingston Avenue,E01020679,County Durham 026A,Public order,Investigation complete; no suspect identified,
90867dce9eec2a288aa14de9b50b00b8e1a226cda3ec91958678813129919f68,2024-05,Durham Constabulary,Durham Constabulary,-1.627401,54.784228,On or near Bearpark Colliery Road,E01020679,County Durham 026A,Public order,Investigation complete; no suspect identified,
c092d1118552dd7b19d9f32b58b95c0b62938e82f50fb254f425436349a94e8c,2024-05,Durham Constabulary,Durham Constabulary,-1.640946,54.785707,On or near Park Wood Avenue,E01020679,County Durham 026A,Public order,Awaiting court outcome,
17dd5d06ffd0e0a6ee3c63227d60c3138ddec9b66268e10be2234eb62232afba,2024-05,Durham Constabulary,Durham Constabulary,-1.632449,54.783076,On or near Auton Stile,E01020679,County Durham 026A,Shoplifting,Investigation complete; no suspect identified,
6dcdeecbb4fd8dbd00f2d28bd44e26d4ab74a1153dc6dd288e913cd04020d59b,2024-05,Durham Constabulary,Durham Constabulary,-1.632449,54.783076,On or near Auton Stile,E01020679,County Durham 026A,Shoplifting,Investigation complete; no suspect identified,
6b6386ba7df2a89fa3d42624be3b2482b05b65889f39ff95dca18ae72fd085ec,2024-05,Durham Constabulary,Durham Constabulary,-1.632449,54.783076,On or near Auton Stile,E01020679,County Durham 026A,Shoplifting,Investigation complete; no suspect identified,
0debf1b9b4867d7fa6e927c7fe1db8c9f03a33cce257b9990e8d09f6894d7270,2024-05,Durham Constabulary,Durham Constabulary,-1.632449,54.783076,On or near Auton Stile,E01020679,County Durham 026A,Shoplifting,Investigation complete; no suspect identified,
6c371668d4c1b8fa4aee200d01596ec3c4e4ef79752d79e24972267d6b2f3242,2024-05,Durham Constabulary,Durham Constabulary,-1.630607,54.783915,On or near Byland Court,E01020679,County Durham 026A,Violence and sexual offences,Unable to prosecute suspect,
ac7034bedc5c3bc5eba178990f42afe107d1a4ce17435327ae29c252d0ddeffd,2024-05,Durham Constabulary,Durham Constabulary,-1.630792,54.782334,On or near Auton Close,E01020679,County Durham 026A,Violence and sexual offences,Unable to prosecute suspect,
,2024-05,Durham Constabulary,Durham Constabulary,-1.612908,54.802246,On or near Trout'S Lane,E01020680,County Durham 026B,Anti-social behaviour,,
b2307889e24f2795bbb2ab2d33b0169d990cf9fee58fb8822a0f40dc519d265c,2024-05,Durham Constabulary,Durham Constabulary,-1.625731,54.781482,On or near Aldin Rise,E01020680,County Durham 026B,Burglary,Investigation complete; no suspect identified,
7abaa069a84f7cafc4c8bc9b36fb1e8aa6db569c255b6e5dd45ca74977741822,2024-05,Durham Constabulary,Durham Constabulary,-1.612908,54.802246,On or near Trout'S Lane,E01020680,County Durham 026B,Criminal damage and arson,Awaiting court outcome,
adfe64624751abf7f921ad01bc94f860deaa120f24abc8dc3bc9eb9b7a63e4df,2024-05,Durham Constabulary,Durham Constabulary,-1.636623,54.787536,On or near Blackburn Close,E01020680,County Durham 026B,Criminal damage and arson,Investigation complete; no suspect identified,
a75a6e8914f3d873d28105a6bb8f85d4898e1f5776be56ca93e4a3892040d50d,2024-05,Durham Constabulary,Durham Constabulary,-1.636623,54.787536,On or near Blackburn Close,E01020680,County Durham 026B,Other theft,Investigation complete; no suspect identified,
3551a8c9eeb91a693b486d0a97862c75b0dee82a9ab71b0a4508fe7bdece1c75,2024-05,Durham Constabulary,Durham Constabulary,-1.625731,54.781482,On or near Aldin Rise,E01020680,County Durham 026B,Vehicle crime,Investigation complete; no suspect identified,
88f202b0c9f73155c5d1e5c8075212d1714ba9ed386d1aba1641ab6a226bd47c,2024-05,Durham Constabulary,Durham Constabulary,-1.612908,54.802246,On or near Trout'S Lane,E01020680,County Durham 026B,Violence and sexual offences,Unable to prosecute suspect,
9d365eaf5ec5dd5a798eaebf2ff19a257fd7f66322d8154b09ec3a6ad20425b0,2024-05,Durham Constabulary,Durham Constabulary,-1.612908,54.802246,On or near Trout'S Lane,E01020680,County Durham 026B,Violence and sexual offences,Unable to prosecute suspect,
bf45bc62cd2ba8a758954024f3aa3a9c3cc44d013ed33164fad921cd9adfd835,2024-05,Durham Constabulary,Durham Constabulary,-1.612908,54.802246,On or near Trout'S Lane,E01020680,County Durham 026B,Violence and sexual offences,Awaiting court outcome,
141c7052f187a5a5827f7bef5f054fa951952fcea1c52b12b4355d683aa4a45a,2024-05,Durham Constabulary,Durham Constabulary,-1.612908,54.802246,On or near Trout'S Lane,E01020680,County Durham 026B,Violence and sexual offences,Unable to prosecute suspect,
ece6041b3274b7b9df348bfea0328f2df71c61c99fa11df8fb2eb49856da4d72,2024-05,Durham Constabulary,Durham Constabulary,-1.636183,54.810478,On or near Norburn Park,E01020681,County Durham 026C,Public order,Investigation complete; no suspect identified,
43eac6c37f09e10c69e283e4fa57c725f4d26134028c19a4e4be13fd72a0e9e4,2024-05,Durham Constabulary,Durham Constabulary,-1.633178,54.809085,On or near Durham Gardens,E01020681,County Durham 026C,Vehicle crime,Investigation complete; no suspect identified,
00394d4283fe4f0ef9f4f9d64042c2971a1ae15c56c43a47f9f6e047134c0769,2024-05,Durham Constabulary,Durham Constabulary,-1.631247,54.809232,On or near South Lea,E01020681,County Durham 026C,Violence and sexual offences,Unable to prosecute suspect,
379a02d66edfe64a81544ab21b7f785a72d09f5f1129ce5bf4c86b044e0467ba,2024-05,Durham Constabulary,Durham Constabulary,-1.636183,54.810478,On or near Norburn Park,E01020681,County Durham 026C,Violence and sexual offences,Unable to prosecute suspect,
,2024-05,Durham Constabulary,Durham Constabulary,-1.641890,54.775645,On or near Boundary Close,E01020714,County Durham 026D,Anti-social behaviour,,
,2024-05,Durham Constabulary,Durham Constabulary,-1.631264,54.774840,On or near Beech Grove,E01020714,County Durham 026D,Anti-social behaviour,,
4480119ea9370b088a67adfdaa3493b97039a7f96efb2eb380eac27d466b94ca,2024-05,Durham Constabulary,Durham Constabulary,-1.621196,54.769309,On or near Cooke'S Wood,E01020714,County Durham 026D,Other theft,Investigation complete; no suspect identified,
a8f6a5aadddb0f8314febe03fc9c076c20a8e15f808bdeecde2f0eeea41f4944,2024-05,Durham Constabulary,Durham Constabulary,-1.642272,54.776446,On or near Cochrane Mews,E01020714,County Durham 026D,Public order,Unable to prosecute suspect,
6d04d62e492febabab74ebe03d7f4627d92aa7ab8f07d482bfa844a6c35f7656,2024-05,Durham Constabulary,Durham Constabulary,-1.650336,54.769774,On or near Sleetburn Court,E01020714,County Durham 026D,Vehicle crime,Investigation complete; no suspect identified,
6ac1578ea6e175e33dd24d5a7e5d43776b96541655c05a4689c26132b7c4c694,2024-05,Durham Constabulary,Durham Constabulary,-1.628894,54.775696,On or near Hollywell Court,E01020714,County Durham 026D,Violence and sexual offences,Unable to prosecute suspect,
67a69aaaddbb09711d1ee37d340aecf293ce16d74a8c4ee1389b58edcb28c09e,2024-05,Durham Constabulary,Durham Constabulary,-1.650765,54.770414,On or near Barley Rise,E01020714,County Durham 026D,Violence and sexual offences,Unable to prosecute suspect,
0ddf766bbc4893630743bf1956063adea0bf09a8be0cb2ffa1f0c8ddf4750ec2,2024-05,Durham Constabulary,Durham Constabulary,-1.636636,54.777319,On or near Holly Park,E01020716,County Durham 026E,Criminal damage and arson,Awaiting court outcome,
ca95d3b56a26ef14667280c4052e2683edcd8b6a1ebac9c3e9f4fef14da8924c,2024-05,Durham Constabulary,Durham Constabulary,-1.636636,54.777319,On or near Holly Park,E01020716,County Durham 026E,Criminal damage and arson,Local resolution,
4efaad512041291cb094c7812291e980c861a7906905ac320244986512bcbf2a,2024-05,Durham Constabulary,Durham Constabulary,-1.637254,54.779477,On or near Aldridge Court,E01020716,County Durham 026E,Criminal damage and arson,Unable to prosecute suspect,
182c2752c020d81d0a51daff5e23476cfafb2d6042a241baee4cd5e038b20265,2024-05,Durham Constabulary,Durham Constabulary,-1.639993,54.779171,On or near New Acres,E01020716,County Durham 026E,Criminal damage and arson,Investigation complete; no suspect identified,
a38b089a8108b1ff8a9f878e8195d4257479ce40c7ffbc780d7ee25fca9564c0,2024-05,Durham Constabulary,Durham Constabulary,-1.644696,54.780110,On or near Whitehouse Lane,E01020716,County Durham 026E,Criminal damage and arson,Investigation complete; no suspect identified,
3dba58315d824a217cf5494a803f291d32e04724f760005310d2829aefea5b95,2024-05,Durham Constabulary,Durham Constabulary,-1.634926,54.777394,On or near Fir Park,E01020716,County Durham 026E,Criminal damage and arson,Investigation complete; no suspect identified,
253dda4808ea3749133360a23a6c87e1829a1af946eff854c546783a34c8900d,2024-05,Durham Constabulary,Durham Constabulary,-1.636362,54.776662,On or near Lilac Park,E01020716,County Durham 026E,Other theft,Further investigation is not in the public interest,
185ac8b827ff099e716abb18101133f18720978e1e7edadd9dfd9807cbe5b6fc,2024-05,Durham Constabulary,Durham Constabulary,-1.644551,54.778969,On or near Hunter Avenue,E01020716,County Durham 026E,Public order,Investigation complete; no suspect identified,
fdf8137a94a81dd59ec3da4a586207854e8c6435487166de7bacb5a948d28c85,2024-05,Durham Constabulary,Durham Constabulary,-1.634926,54.777394,On or near Fir Park,E01020716,County Durham 026E,Vehicle crime,Investigation complete; no suspect identified,
b7d1cf11ce2be89542459a111e60e0d840362a0138c4c5cbb10e2872fb1f3f5f,2024-05,Durham Constabulary,Durham Constabulary,-1.644551,54.778969,On or near Hunter Avenue,E01020716,County Durham 026E,Violence and sexual offences,Action to be taken by another organisation,
037182df97a691d1bb84cfb23ec803b77e422360c99e2edf24ec75220c48e44d,2024-05,Durham Constabulary,Durham Constabulary,-1.636636,54.777319,On or near Holly Park,E01020716,County Durham 026E,Violence and sexual offences,Awaiting court outcome,
1e06b845f0b55d9d984156c024bae29231af7a318b5c2f0f371c9fa3ce0b2544,2024-05,Durham Constabulary,Durham Constabulary,-1.633524,54.775907,On or near Pine Park,E01020716,County Durham 026E,Violence and sexual offences,Investigation complete; no suspect identified,
ceb5e72d0ec2b2a55119d30c1d31a19d9b6597ce20028eccf470be8fba0bee82,2024-05,Durham Constabulary,Durham Constabulary,-1.633524,54.775907,On or near Pine Park,E01020716,County Durham 026E,Violence and sexual offences,Under investigation,
4b773a451e616ab068bd0b3bc5ddc0bc3b0fcf8e473513324f858d890bc9ba89,2024-05,Durham Constabulary,Durham Constabulary,-1.636024,54.776212,On or near Broom Crescent,E01020716,County Durham 026E,Violence and sexual offences,Unable to prosecute suspect,
0410700d835b72306aecb35033f12807217608b9ef18abe6b0e26cc040c22f87,2024-05,Durham Constabulary,Durham Constabulary,-1.642851,54.779548,On or near Hall Avenue,E01020716,County Durham 026E,Violence and sexual offences,Unable to prosecute suspect,
3a5d977b16a6161f6b332da1dab0fb25fc4d474979942f750dc430cff667706b,2024-05,Durham Constabulary,Durham Constabulary,-1.638000,54.777871,On or near Oakridge Road,E01020716,County Durham 026E,Violence and sexual offences,Local resolution,
,2024-05,Durham Constabulary,Durham Constabulary,-1.457150,54.799583,On or near Elemore Lane,E01020725,County Durham 027A,Anti-social behaviour,,
,2024-05,Durham Constabulary,Durham Constabulary,-1.457150,54.799583,On or near Elemore Lane,E01020725,County Durham 027A,Anti-social behaviour,,
,2024-05,Durham Constabulary,Durham Constabulary,-1.457150,54.799583,On or near Elemore Lane,E01020725,County Durham 027A,Anti-social behaviour,,
,2024-05,Durham Constabulary,Durham Constabulary,-1.486790,54.792873,On or near St Lawrence Close,E01020725,County Durham 027A,Anti-social behaviour,,
18840e2b3f7ad66ae397d3873d5a4cfb0e4e319fa7f55b5c1a3067af5f4cff66,2024-05,Durham Constabulary,Durham Constabulary,-1.487801,54.791628,On or near Coalford Lane,E01020725,County Durham 027A,Burglary,Investigation complete; no suspect identified,
6b80b0c16dbf8fd3bdd0969c58a45d732891866aa600cc47f943c17a7e5e0d68,2024-05,Durham Constabulary,Durham Constabulary,-1.484125,54.789599,On or near Coalford Lane,E01020725,County Durham 027A,Burglary,Investigation complete; no suspect identified,
7e6f5f413adc73c47292753d41ec907a7313e25cfc4de95a3db9b859433e2caf,2024-05,Durham Constabulary,Durham Constabulary,-1.488545,54.793024,On or near St Lawrence Road,E01020725,County Durham 027A,Criminal damage and arson,Unable to prosecute suspect,
c7dad335572c4a681937213c5d4f2bfd621baf9231ccddcc03d93dbf75818be4,2024-05,Durham Constabulary,Durham Constabulary,-1.473458,54.784737,On or near Parking Area,E01020725,County Durham 027A,Criminal damage and arson,Unable to prosecute suspect,
3039fe12d91e8cec0ad26f9882c935ee91074238e703af1d5697dd4409ec2984,2024-05,Durham Constabulary,Durham Constabulary,-1.473458,54.784737,On or near Parking Area,E01020725,County Durham 027A,Criminal damage and arson,Unable to prosecute suspect,
2c3d6fd466345491c7320d2c1ff74a69e333145c8102d5cf251eb83d57152eda,2024-05,Durham Constabulary,Durham Constabulary,-1.473458,54.784737,On or near Parking Area,E01020725,County Durham 027A,Criminal damage and arson,Unable to prosecute suspect,
74630c20933b56e55f20adf0f7dc02eb42482fb493af7b49867d6bb0b961bbfc,2024-05,Durham Constabulary,Durham Constabulary,-1.471706,54.784352,On or near Plantation Avenue,E01020725,County Durham 027A,Criminal damage and arson,Unable to prosecute suspect,
a4979eaf6442052f830574a51e24a99381a0ba9cf3622f4e875f8a475513e539,2024-05,Durham Constabulary,Durham Constabulary,-1.486908,54.790923,On or near Elizabeth Court,E01020725,County Durham 027A,Violence and sexual offences,Unable to prosecute suspect,
9bd2d664c1ed384261d082eb66e63709d53953bd5b7a4fdd2a8596be46ee84f6,2024-05,Durham Constabulary,Durham Constabulary,-1.457150,54.799583,On or near Elemore Lane,E01020725,County Durham 027A,Violence and sexual offences,Action to be taken by another organisation,
319bdf2b9c03bcf06da50551dbabe54c569d1c58ec510f67ab9756223dfdf74b,2024-05,Durham Constabulary,Durham Constabulary,-1.488545,54.793024,On or near St Lawrence Road,E01020725,County Durham 027A,Violence and sexual offences,Under investigation,
111627ed863d3b4fe4351a5f4b1bdbb6016dfd0b55485f4a77fb53829b29b48b,2024-05,Durham Constabulary,Durham Constabulary,-1.501376,54.814564,On or near St Mary'S Drive,E01020726,County Durham 027B,Possession of weapons,Awaiting court outcome,
3f6b5bbe16c58f640d42382d699002ab951f75ffaac27f641c13bf3d567d1cc2,2024-05,Durham Constabulary,Durham Constabulary,-1.510494,54.812040,On or near Station Road,E01020726,County Durham 027B,Violence and sexual offences,Unable to prosecute suspect,
,2024-05,Durham Constabulary,Durham Constabulary,-1.508739,54.814271,On or near The Crescent,E01020727,County Durham 027C,Anti-social behaviour,,
b13b6af7ab0135257f00473616f78e8999f18ab255ce92d7c7e21f1dc8aaec3d,2024-05,Durham Constabulary,Durham Constabulary,-1.517166,54.813541,On or near Woodside Lane,E01020727,County Durham 027C,Criminal damage and arson,Investigation complete; no suspect identified,
36bd731c78e2681d2f15c71c1e3d5b07852386d4b4880cfb20cb3cd386a822c7,2024-05,Durham Constabulary,Durham Constabulary,-1.504797,54.813473,On or near Fair View,E01020727,County Durham 027C,Public order,Investigation complete; no suspect identified,
5620524c1543f0297bf4e2c07d0e562b269df1a647fafa240078af3ff19bd44a,2024-05,Durham Constabulary,Durham Constabulary,-1.504797,54.813473,On or near Fair View,E01020727,County Durham 027C,Shoplifting,Investigation complete; no suspect identified,
56f9edfe66002e86b2d69a193dd11b817c9508fd461d2f1347ea79f96911fe30,2024-05,Durham Constabulary,Durham Constabulary,-1.502455,54.812852,On or near Rainton View,E01020727,County Durham 027C,Violence and sexual offences,Unable to prosecute suspect,
30e62b9977b8ff0e372061c976d799e7491c59e5a6872384d63ea80881fb9c2e,2024-05,Durham Constabulary,Durham Constabulary,-1.504797,54.813473,On or near Fair View,E01020727,County Durham 027C,Violence and sexual offences,Under investigation,
63bbb0075ac52fc5b0f5f7a83cceb7d4cf33d696a618c99de20c0d0f58968b6b,2024-05,Durham Constabulary,Durham Constabulary,-1.508876,54.813274,On or near Prospect View,E01020727,County Durham 027C,Other crime,Unable to prosecute suspect,
d3a76bb3a5f5fd738b933200d7453e0afee477b9e1def6cd5aefed6ec4c7a67c,2024-05,Durham Constabulary,Durham Constabulary,-1.508876,54.813274,On or near Prospect View,E01020727,County Durham 027C,Other crime,Unable to prosecute suspect,
,2024-05,Durham Constabulary,Durham Constabulary,-1.442013,54.765823,On or near Moor Crescent,E01020729,County Durham 027D,Anti-social behaviour,,
,2024-05,Durham Constabulary,Durham Constabulary,-1.439520,54.765183,On or near Barnard Avenue,E01020729,County Durham 027D,Anti-social behaviour,,
,2024-05,Durham Constabulary,Durham Constabulary,-1.475129,54.775802,On or near East View,E01020729,County Durham 027D,Anti-social behaviour,,
,2024-05,Durham Constabulary,Durham Constabulary,-1.436318,54.765249,On or near East View,E01020729,County Durham 027D,Anti-social behaviour,,
,2024-05,Durham Constabulary,Durham Constabulary,-1.474159,54.775061,On or near Jubilee Crescent,E01020729,County Durham 027D,Anti-social behaviour,,
,2024-05,Durham Constabulary,Durham Constabulary,-1.479532,54.775489,On or near Kell Crescent,E01020729,County Durham 027D,Anti-social behaviour,,
7411e88a0ee5dacf576398a88b51eb9e8c30e2e33d9d713cf4fde40507c8307f,2024-05,Durham Constabulary,Durham Constabulary,-1.440716,54.766338,On or near Usher Street,E01020729,County Durham 027D,Criminal damage and arson,Investigation complete; no suspect identified,
8f60ef637bc9bc5bd7964d93e7b5f31154f754acd620ad913669f83981917a72,2024-05,Durham Constabulary,Durham Constabulary,-1.436318,54.765249,On or near East View,E01020729,County Durham 027D,Criminal damage and arson,Investigation complete; no suspect identified,
a4d9c4592b66653aae7cfd39567afcf8065ed55cbc92c4f81eccea7b48aa8b80,2024-05,Durham Constabulary,Durham Constabulary,-1.438896,54.766492,On or near Margaret Street,E01020729,County Durham 027D,Criminal damage and arson,Investigation complete; no suspect identified,
d70ec45b2ad24eb7558ce0e938a965c872923924d277c29ee025919b0b4f1d58,2024-05,Durham Constabulary,Durham Constabulary,-1.441288,54.764337,On or near Springfield Meadow,E01020729,County Durham 027D,Criminal damage and arson,Investigation complete; no suspect identified,
18ad4f109d749f6c6bbdb55d45871ba7de6d02f54444646355dbe079a06c4fb4,2024-05,Durham Constabulary,Durham Constabulary,-1.468517,54.751294,On or near Silent Bank,E01020729,County Durham 027D,Criminal damage and arson,Investigation complete; no suspect identified,
d36d8e915e7c0cb6abf10eb0e10f49270392dd96a81af85c6b1317baf64f5005,2024-05,Durham Constabulary,Durham Constabulary,-1.466616,54.762321,On or near George Square,E01020729,County Durham 027D,Other theft,Investigation complete; no suspect identified,
5041b59b62a9b7c348701cde1ec06c651a3fe8340bea1e50e33514951bd60575,2024-05,Durham Constabulary,Durham Constabulary,-1.479532,54.775489,On or near Kell Crescent,E01020729,County Durham 027D,Public order,Further investigation is not in the public interest,
961bca411af4ae7a705c0e90d08e8dd9d9b49f32c4bbf7d110a4f9503dd87dcd,2024-05,Durham Constabulary,Durham Constabulary,-1.474159,54.775061,On or near Jubilee Crescent,E01020729,County Durham 027D,Public order,Under investigation,
e653101bdeafcc2d139f8d6e6869f92e9bdbff3fb60289c6a7b578c72d27b66d,2024-05,Durham Constabulary,Durham Constabulary,-1.483971,54.773603,On or near Bannerman Terrace,E01020729,County Durham 027D,Violence and sexual offences,Unable to prosecute suspect,
b22a416e9d3fdf018e7f02e56faded81f8a28ac5568d1dcbbc1bac77c27c0a48,2024-05,Durham Constabulary,Durham Constabulary,-1.438427,54.764450,On or near Thornton Close,E01020729,County Durham 027D,Violence and sexual offences,Under investigation,
35be175ff9444bd6ab2ce4384231cefaad84221f7e003de3eb16d3748c5a4d1a,2024-05,Durham Constabulary,Durham Constabulary,-1.436318,54.765249,On or near East View,E01020729,County Durham 027D,Violence and sexual offences,Unable to prosecute suspect,
6e533b8148c87877d0572f785040a55dbd2e27d85489f4a3e1bcef9a9e31afdd,2024-05,Durham Constabulary,Durham Constabulary,-1.479532,54.775489,On or near Kell Crescent,E01020729,County Durham 027D,Violence and sexual offences,Unable to prosecute suspect,
09d7be45c0502a47f9ad6e9dc9a233ca0e7e462c81f6b3a9fa457e4e258bf409,2024-05,Durham Constabulary,Durham Constabulary,-1.470184,54.752101,On or near A181,E01020729,County Durham 027D,Violence and sexual offences,Unable to prosecute suspect,
6aba97140c2ef01e720492b1fc48d3a495afb2eefbf7a11b965174a4cc585da3,2024-05,Durham Constabulary,Durham Constabulary,-1.442013,54.765823,On or near Moor Crescent,E01020729,County Durham 027D,Violence and sexual offences,Unable to prosecute suspect,
8016c18a06061b8e98adc6c25735996a91ac03abc21c2e1de2e06b1e8be08fbc,2024-05,Durham Constabulary,Durham Constabulary,-1.476536,54.775179,On or near South View,E01020729,County Durham 027D,Violence and sexual offences,Under investigation,
d2883b7016cd5b3d9b8af27f02312fb558ea0d74a7d18e5460b58600c4fb16f0,2024-05,Durham Constabulary,Durham Constabulary,-1.442013,54.765823,On or near Moor Crescent,E01020729,County Durham 027D,Violence and sexual offences,Local resolution,
,2024-05,Durham Constabulary,Durham Constabulary,-1.504783,54.776394,On or near King Street,E01020730,County Durham 027E,Anti-social behaviour,,
b11d39bed9ee0526a631b4b76bc7c30f59574684b982e4253945fbfde3b82a11,2024-05,Durham Constabulary,Durham Constabulary,-1.505118,54.775740,On or near Hallgarth Street,E01020730,County Durham 027E,Burglary,Investigation complete; no suspect identified,
1899853a2b3fe403acf0a2314ad348ce2ae486d5c296524f298a26d58a059eab,2024-05,Durham Constabulary,Durham Constabulary,-1.504515,54.776726,On or near Park House Close,E01020730,County Durham 027E,Criminal damage and arson,Unable to prosecute suspect,
ea784069be4cca0c8c815357fadaaf57719ff543ed8d4e736b2e7d90cd8d185e,2024-05,Durham Constabulary,Durham Constabulary,-1.504515,54.776726,On or near Park House Close,E01020730,County Durham 027E,Vehicle crime,Investigation complete; no suspect identified,
b5b915d8bbb1fab9db19e1c8542a52adf4366d601849854b28d42fa82ea0c006,2024-05,Durham Constabulary,Durham Constabulary,-1.508751,54.776114,On or near Stanley Close,E01020730,County Durham 027E,Violence and sexual offences,Investigation complete; no suspect identified,
be548b40d1d2e6a2e11654f6801c290e92467b888404295b59d7aadd0fa47547,2024-05,Durham Constabulary,Durham Constabulary,-1.508777,54.779097,On or near Coalford Road,E01020730,County Durham 027E,Violence and sexual offences,Under investigation,
72ecf2f8aaf5b79c3a293d6f6839b8c76ab6733363f2623791bf447e58a195da,2024-05,Durham Constabulary,Durham Constabulary,-1.506427,54.776715,On or near Liddle Avenue,E01020731,County Durham 027F,Violence and sexual offences,Local resolution,
be25b4ef3704a98be2df5a6f146d81e355feb862362a8f7068b820526668d140,2024-05,Durham Constabulary,Durham Constabulary,-1.500336,54.775217,On or near Meldon Avenue,E01020731,County Durham 027F,Violence and sexual offences,Investigation complete; no suspect identified,
e454bd87829e878c27ba74079f795dda0a2fec8bf4333e9f0e2dd545a38d38e5,2024-05,Durham Constabulary,Durham Constabulary,-1.531222,54.782170,On or near Lincolnshire Close,E01020682,County Durham 028A,Burglary,Awaiting court outcome,
ffedd38aa2351ebf30c8de3a85bb7bc5f6ee9dcebc00f0516d00c987445fcd78,2024-05,Durham Constabulary,Durham Constabulary,-1.522584,54.781660,On or near Staffordshire Drive,E01020682,County Durham 028A,Criminal damage and arson,Investigation complete; no suspect identified,
288d2a4b4222743dc155448bc720575c14a74d2c3ffcf45358044831769f2af4,2024-05,Durham Constabulary,Durham Constabulary,-1.527803,54.782049,On or near Nottinghamshire Road,E01020682,County Durham 028A,Other theft,Investigation complete; no suspect identified,
44f8916b6e7181aac042bc50c39ce577fafd22ca351957345a014d8fc461e101,2024-05,Durham Constabulary,Durham Constabulary,-1.532446,54.781258,On or near Oxfordshire Drive,E01020682,County Durham 028A,Public order,Unable to prosecute suspect,
e3ea90482c6a28b6dc30a09b9064c96aba6908e7d248180897c0543d1305ca17,2024-05,Durham Constabulary,Durham Constabulary,-1.531090,54.780156,On or near Cambridgeshire Drive,E01020682,County Durham 028A,Vehicle crime,Investigation complete; no suspect identified,
46d900aec13f31adeb346c3587b2745c468e7cdbf7fc834ad7adca306d6bd4bd,2024-05,Durham Constabulary,Durham Constabulary,-1.525445,54.786892,On or near Broomside Lane,E01020683,County Durham 028B,Burglary,Investigation complete; no suspect identified,
21cc02926abda64cb514c0d8e56452b0e4ed8eafd77000fde0202f02bdb56bc2,2024-05,Durham Constabulary,Durham Constabulary,-1.524653,54.785496,On or near Bishops Close,E01020683,County Durham 028B,Burglary,Investigation complete; no suspect identified,
8672ef2dfa1d22e46cf5f60325047b9996c1ec4057108227480e833e13e3c940,2024-05,Durham Constabulary,Durham Constabulary,-1.524997,54.785983,On or near Shopping Area,E01020683,County Durham 028B,Shoplifting,Investigation complete; no suspect identified,
874dd63f5d16f1efd8b26bd4da275a8732e49f3d1abff8f1e4049e1b53eb2cd0,2024-05,Durham Constabulary,Durham Constabulary,-1.524997,54.785983,On or near Shopping Area,E01020683,County Durham 028B,Shoplifting,Investigation complete; no suspect identified,
ff4fecfe3e28b448b5cea1d58de2a0c9d77a04d665bfee5c63a694afffa8bcca,2024-05,Durham Constabulary,Durham Constabulary,-1.524997,54.785983,On or near Shopping Area,E01020683,County Durham 028B,Shoplifting,Investigation complete; no suspect identified,
98a78837d5ecfdfa8528c8c1772e57cb00ff469cea18236a0bcdfdeb0f276222,2024-05,Durham Constabulary,Durham Constabulary,-1.524997,54.785983,On or near Shopping Area,E01020683,County Durham 028B,Shoplifting,Investigation complete; no suspect identified,
3ad95013393c073a9185b38f5d90700a4679d9c0fa1d506b42a15d48d0020f3c,2024-05,Durham Constabulary,Durham Constabulary,-1.520785,54.787862,On or near Aidan Gardens,E01020683,County Durham 028B,Vehicle crime,Investigation complete; no suspect identified,
c03288fc068f653892b69c3770da7be2758ce82d74c18804ee54f8f60e7ca41a,2024-05,Durham Constabulary,Durham Constabulary,-1.524653,54.785496,On or near Bishops Close,E01020683,County Durham 028B,Violence and sexual offences,Unable to prosecute suspect,
bca890db7b7e9d538c2f722b049a4b2460a39d24209f5a07249d889d4116a314,2024-05,Durham Constabulary,Durham Constabulary,-1.525296,54.785085,On or near The Links,E01020683,County Durham 028B,Violence and sexual offences,Unable to prosecute suspect,
5b88668f55ac58956f5ff27cb92d29cab4312a5e18cbb43d6f8baf2b860d5faf,2024-05,Durham Constabulary,Durham Constabulary,-1.530100,54.786416,On or near Fellside Gardens,E01020683,County Durham 028B,Violence and sexual offences,Under investigation,
7d2a656500a88fd8c75241986755f1eaa849f8784e3af6997dd0af15ea4b778f,2024-05,Durham Constabulary,Durham Constabulary,-1.519989,54.788030,On or near Cheveley Court,E01020683,County Durham 028B,Violence and sexual offences,Under investigation,
b13444bcb05a2bb918be92d84069c569eafa8b13a59a86972a03e244f47c830e,2024-05,Durham Constabulary,Durham Constabulary,-1.524653,54.785496,On or near Bishops Close,E01020683,County Durham 028B,Violence and sexual offences,Unable to prosecute suspect,
35efd19d53397bcdb46c87ccb539e398993e92f7bc8d5570cd9aa905f990cccf,2024-05,Durham Constabulary,Durham Constabulary,-1.519989,54.788030,On or near Cheveley Court,E01020683,County Durham 028B,Violence and sexual offences,Unable to prosecute suspect,
0b3f1b7c5c71a87fc4ca039515ff7ec6dc15698650ebee1f5f426a43ccb1f78d,2024-05,Durham Constabulary,Durham Constabulary,-1.524653,54.785496,On or near Bishops Close,E01020683,County Durham 028B,Violence and sexual offences,Unable to prosecute suspect,
d95795bc566092df57ed46e8624e7c42bf30e677e2f5c607dbb543333f705864,2024-05,Durham Constabulary,Durham Constabulary,-1.530199,54.787342,On or near Newlands Road,E01020683,County Durham 028B,Violence and sexual offences,Under investigation,
,2024-05,Durham Constabulary,Durham Constabulary,-1.528456,54.790076,On or near Langdale Crescent,E01020690,County Durham 028C,Anti-social behaviour,,
,2024-05,Durham Constabulary,Durham Constabulary,-1.521247,54.794775,On or near Petrol Station,E01020690,County Durham 028C,Anti-social behaviour,,
1967e59014d3360c502d4cc47b4c3de243261958e086eed9cbad4289d0615eb4,2024-05,Durham Constabulary,Durham Constabulary,-1.537282,54.792051,On or near Bus/Coach Station,E01020690,County Durham 028C,Burglary,Investigation complete; no suspect identified,
500fbf9641ebe2ffc3666ad27ecb3fe4c14b04918da92695f10f109d9d0f3c2e,2024-05,Durham Constabulary,Durham Constabulary,-1.537282,54.792051,On or near Bus/Coach Station,E01020690,County Durham 028C,Criminal damage and arson,Under investigation,
444b63f3ef1c1fcb3a1e9d7173522e7a38099ed2037c84ad8fe5868fcdb3021b,2024-05,Durham Constabulary,Durham Constabulary,-1.521942,54.789898,On or near Bainbridge Street,E01020690,County Durham 028C,Criminal damage and arson,Unable to prosecute suspect,
229aa6c7dcd66287f3ca1c2b022dbfc40de4881b1d76c06f610ee6c628858ba3,2024-05,Durham Constabulary,Durham Constabulary,-1.526668,54.792720,On or near Carrsway,E01020690,County Durham 028C,Drugs,Awaiting court outcome,
f4da0cee5ad61a34a4d6e3baebd50f813991beb9010844baf65a1979dd36cc74,2024-05,Durham Constabulary,Durham Constabulary,-1.530266,54.789607,On or near Swinside Drive,E01020690,County Durham 028C,Drugs,Under investigation,
cda21538e8b584fab56678bb38333182d64efe707eba5894a48cf4e2b86aee37,2024-05,Durham Constabulary,Durham Constabulary,-1.521247,54.794775,On or near Petrol Station,E01020690,County Durham 028C,Other theft,Further investigation is not in the public interest,
33470135fd1bfe841e220cb6298ede18bc5ec20ff105c8d8fee4ed1300afd9aa,2024-05,Durham Constabulary,Durham Constabulary,-1.521247,54.794775,On or near Petrol Station,E01020690,County Durham 028C,Other theft,Unable to prosecute suspect,
4e2c6acaca3cf95395cfc2f95472f8fa897a1bd390015fe2b425fdec5ba4112d,2024-05,Durham Constabulary,Durham Constabulary,-1.516537,54.790631,On or near Pittington Lane,E01020690,County Durham 028C,Vehicle crime,Investigation complete; no suspect identified,
149484616eec7f092efd559d2d99b7459caef4d5f3f1d55f2c5532a1f20d1d40,2024-05,Durham Constabulary,Durham Constabulary,-1.521247,54.794775,On or near Petrol Station,E01020690,County Durham 028C,Violence and sexual offences,Offender given a caution,
66462f89fd92b4a1055e227df7ccda8bea34e8092bb28984112785c512a5903f,2024-05,Durham Constabulary,Durham Constabulary,-1.521247,54.794775,On or near Petrol Station,E01020690,County Durham 028C,Violence and sexual offences,Unable to prosecute suspect,
8f1e2c3d7d7d51d582186c04cd0289dad48a704a46cd61e254bc3daa29ea0da3,2024-05,Durham Constabulary,Durham Constabulary,-1.530266,54.789607,On or near Swinside Drive,E01020690,County Durham 028C,Violence and sexual offences,Unable to prosecute suspect,
35083b03df14317fd52e462b721f94f8349e2a3f1fc94a213b842a97fdba65eb,2024-05,Durham Constabulary,Durham Constabulary,-1.521247,54.794775,On or near Petrol Station,E01020690,County Durham 028C,Violence and sexual offences,Offender given a caution,
6f7faf1606c1373eb67c963a2a3acb8a11ea622689e9c27248588be75b8d4475,2024-05,Durham Constabulary,Durham Constabulary,-1.521942,54.789898,On or near Bainbridge Street,E01020690,County Durham 028C,Violence and sexual offences,Unable to prosecute suspect,
ce6dea1fc7c0aca84200760eebc5b67819feb5828ce5d1be53e7c1d8fa9be0f1,2024-05,Durham Constabulary,Durham Constabulary,-1.526668,54.792720,On or near Carrsway,E01020690,County Durham 028C,Violence and sexual offences,Action to be taken by another organisation,
05416eed4dfd6cb140a8c0d876e0f919d43a63f8418e989b89ac4c2997d32cc7,2024-05,Durham Constabulary,Durham Constabulary,-1.526668,54.792720,On or near Carrsway,E01020690,County Durham 028C,Violence and sexual offences,Action to be taken by another organisation,
41c2b4de1c07a473df3b5cfff9bcea2d1f843792c87119f5489eb3cc530595de,2024-05,Durham Constabulary,Durham Constabulary,-1.521305,54.791225,On or near Grinstead Way,E01020690,County Durham 028C,Violence and sexual offences,Unable to prosecute suspect,
53f63cc09ad663d592da05086f2b9fa3996592dbecf08209ed590054bcc6bdd6,2024-05,Durham Constabulary,Durham Constabulary,-1.521942,54.789898,On or near Bainbridge Street,E01020690,County Durham 028C,Violence and sexual offences,Unable to prosecute suspect,
,2024-05,Durham Constabulary,Durham Constabulary,-1.528024,54.787100,On or near St Mary'S Road,E01020691,County Durham 028D,Anti-social behaviour,,
,2024-05,Durham Constabulary,Durham Constabulary,-1.521616,54.788558,On or near Poplar Road,E01020691,County Durham 028D,Anti-social behaviour,,
,2024-05,Durham Constabulary,Durham Constabulary,-1.529723,54.788104,On or near Pickering Place,E01020691,County Durham 028D,Anti-social behaviour,,
ad842895f97ae3b8544b60135b3014c003dc011beafd17e8aec676ed9d057260,2024-05,Durham Constabulary,Durham Constabulary,-1.527220,54.789361,On or near High Street,E01020691,County Durham 028D,Burglary,Investigation complete; no suspect identified,
c33eab8effd60d72bc05e4ab1c12d7e237a7d6b62d25ffbab17b8ecd0cf366b4,2024-05,Durham Constabulary,Durham Constabulary,-1.527244,54.787366,On or near Magdalene Avenue,E01020691,County Durham 028D,Vehicle crime,Investigation complete; no suspect identified,
0a2a40acd46da3ebb378e0cb150cd12c478eb8edd018c118ed9eb51965d6fcc0,2024-05,Durham Constabulary,Durham Constabulary,-1.521616,54.788558,On or near Poplar Road,E01020691,County Durham 028D,Violence and sexual offences,Unable to prosecute suspect,
9a97bd6240b8c19a30461ad9da399f690f5ee40cafd28d2224803d3314281600,2024-05,Durham Constabulary,Durham Constabulary,-1.529723,54.788104,On or near Pickering Place,E01020691,County Durham 028D,Violence and sexual offences,Unable to prosecute suspect,
cf344c2313bed6ff1863ee6416c2471cd71a0f18143a7073f2b3ea783f1a136b,2024-05,Durham Constabulary,Durham Constabulary,-1.525475,54.790972,On or near Ramside View,E01020691,County Durham 028D,Violence and sexual offences,Investigation complete; no suspect identified,
3561824c47443935cd83dab2d72c3ebc7fd676c0cfedd338a82056e1ba880108,2024-05,Durham Constabulary,Durham Constabulary,-1.550608,54.786646,On or near Prebends Field,E01020692,County Durham 028E,Violence and sexual offences,Unable to prosecute suspect,
6018a8bf5705817b00387b45c8ae1796e858475ea91a6510b04280fe63c1d34e,2024-05,Durham Constabulary,Durham Constabulary,-1.547430,54.787147,On or near Hornbeam Close,E01020692,County Durham 028E,Violence and sexual offences,Under investigation,
48724f842466935992c2d3ddef465c76e5f1fa17e656d8e7d7ff81ea281f2984,2024-05,Durham Constabulary,Durham Constabulary,-1.547430,54.787147,On or near Hornbeam Close,E01020692,County Durham 028E,Violence and sexual offences,Unable to prosecute suspect,
,2024-05,Durham Constabulary,Durham Constabulary,-1.539864,54.778392,On or near Dragon Lane,E01020693,County Durham 029A,Anti-social behaviour,,
,2024-05,Durham Constabulary,Durham Constabulary,-1.544108,54.777016,On or near Lantern Court,E01020693,County Durham 029A,Anti-social behaviour,,
,2024-05,Durham Constabulary,Durham Constabulary,-1.541388,54.781040,On or near Bevan Grove,E01020693,County Durham 029A,Anti-social behaviour,,
,2024-05,Durham Constabulary,Durham Constabulary,-1.539864,54.778392,On or near Dragon Lane,E01020693,County Durham 029A,Anti-social behaviour,,
,2024-05,Durham Constabulary,Durham Constabulary,-1.544108,54.777016,On or near Lantern Court,E01020693,County Durham 029A,Anti-social behaviour,,
,2024-05,Durham Constabulary,Durham Constabulary,-1.544108,54.777016,On or near Lantern Court,E01020693,County Durham 029A,Anti-social behaviour,,
,2024-05,Durham Constabulary,Durham Constabulary,-1.540547,54.783949,On or near Elmfield Avenue,E01020693,County Durham 029A,Anti-social behaviour,,
,2024-05,Durham Constabulary,Durham Constabulary,-1.544108,54.777016,On or near Lantern Court,E01020693,County Durham 029A,Anti-social behaviour,,
5804327d9425295ac6db1573dd8ee5aea7394a53a8db18672e442e2f50d3ac78,2024-05,Durham Constabulary,Durham Constabulary,-1.535058,54.783982,On or near Eden Terrace,E01020693,County Durham 029A,Burglary,Unable to prosecute suspect,
6d8bca5b7b9739a80592d13bed0d8c2833fdae4e5b1cec40d172af0bece81ded,2024-05,Durham Constabulary,Durham Constabulary,-1.542657,54.776040,On or near Front Street,E01020693,County Durham 029A,Criminal damage and arson,Awaiting court outcome,
0a5ee3a55b9b6ffa711a214cf1353d4221cabf90b43d13628e04cfca1c5f9cc1,2024-05,Durham Constabulary,Durham Constabulary,-1.542211,54.781124,On or near Peel Avenue,E01020693,County Durham 029A,Criminal damage and arson,Awaiting court outcome,
f2d5f7749eda3ee507802ebbe0b71cf4959782392d78f518afc002d23fc049d6,2024-05,Durham Constabulary,Durham Constabulary,-1.540547,54.783949,On or near Elmfield Avenue,E01020693,County Durham 029A,Criminal damage and arson,Investigation complete; no suspect identified,
30c70713a15f2e6c16619a7466e40c8d5666ca9e8bf517ecce13b1b57c107597,2024-05,Durham Constabulary,Durham Constabulary,-1.541388,54.781040,On or near Bevan Grove,E01020693,County Durham 029A,Criminal damage and arson,Investigation complete; no suspect identified,
602e74ecc85770a5b289c91c19b46d40c27333318f4b764b491833fdef695642,2024-05,Durham Constabulary,Durham Constabulary,-1.540547,54.783949,On or near Elmfield Avenue,E01020693,County Durham 029A,Other theft,Investigation complete; no suspect identified,
6a2e64d70b84f5b95818cc3d127e1d3c21f6b05eb47a332b7fad19a8b7acad49,2024-05,Durham Constabulary,Durham Constabulary,-1.538775,54.782504,On or near Alma Place,E01020693,County Durham 029A,Other theft,Under investigation,
9c616b6c7f3ebea7b845679b1f01fa42730d2ef1ad57045d111428f0f986c46a,2024-05,Durham Constabulary,Durham Constabulary,-1.535051,54.775049,On or near Damson Way,E01020693,County Durham 029A,Other theft,Investigation complete; no suspect identified,
fffe34732884ad763b01be6f457b8e13f442b9de7128dc96c8a9dc910f9b418e,2024-05,Durham Constabulary,Durham Constabulary,-1.543600,54.780680,On or near Shepherds Court,E01020693,County Durham 029A,Other theft,Investigation complete; no suspect identified,
5afbc601bf33c8effad23ee7a6d0d179918698a28f65fe2a32d654455d80d638,2024-05,Durham Constabulary,Durham Constabulary,-1.539864,54.778392,On or near Dragon Lane,E01020693,County Durham 029A,Public order,Investigation complete; no suspect identified,
722205d8c910d08d4d90b2f77d3aebfe100d2aec7b4fa00561bf413b553d3456,2024-05,Durham Constabulary,Durham Constabulary,-1.542657,54.776040,On or near Front Street,E01020693,County Durham 029A,Public order,Awaiting court outcome,
71e1e5a3574e369523108af3b997b2fdb28176efa3ef23485b1cb1ceae34d184,2024-05,Durham Constabulary,Durham Constabulary,-1.542657,54.776040,On or near Front Street,E01020693,County Durham 029A,Shoplifting,Investigation complete; no suspect identified,
0c381025b57c692c937f9e95eff964652c1cb9c42de55a7159444b192db7aec9,2024-05,Durham Constabulary,Durham Constabulary,-1.539864,54.778392,On or near Dragon Lane,E01020693,County Durham 029A,Shoplifting,Investigation complete; no suspect identified,
038c6a5265192866d0fee6abc4b261448f549f9aa64e70711f7996627c999f11,2024-05,Durham Constabulary,Durham Constabulary,-1.542227,54.778392,On or near Supermarket,E01020693,County Durham 029A,Shoplifting,Investigation complete; no suspect identified,
299137eb521e26c23e91f9196675682b8ce54cd3bf5e41e54bb4cdd5bc361ed0,2024-05,Durham Constabulary,Durham Constabulary,-1.538775,54.782504,On or near Alma Place,E01020693,County Durham 029A,Shoplifting,Investigation complete; no suspect identified,
01508591259a078c068e76d6e815d518f5531344a14f652c10a430f1ff4c6a4f,2024-05,Durham Constabulary,Durham Constabulary,-1.539864,54.778392,On or near Dragon Lane,E01020693,County Durham 029A,Shoplifting,Under investigation,
9a4782a4e70aec18fb04d7aa0e71c4e303d23c60f0c0b29cc238e1d45b093aaa,2024-05,Durham Constabulary,Durham Constabulary,-1.535058,54.783982,On or near Eden Terrace,E01020693,County Durham 029A,Shoplifting,Investigation complete; no suspect identified,
fd09b77889564cb42c61b7d67b56700acf8df51e10d1622c41b992fd09dd98f8,2024-05,Durham Constabulary,Durham Constabulary,-1.539864,54.778392,On or near Dragon Lane,E01020693,County Durham 029A,Shoplifting,Investigation complete; no suspect identified,
2bab526c6f2fa2f1f95d3959e787482b7c90a7ff62bf03c64ec5606cfacaf09b,2024-05,Durham Constabulary,Durham Constabulary,-1.542657,54.776040,On or near Front Street,E01020693,County Durham 029A,Shoplifting,Awaiting court outcome,
0dfb4143c70faf71c8b1501d36405cd86378aa1bc93b94d53ec23ae4cbe8114e,2024-05,Durham Constabulary,Durham Constabulary,-1.539864,54.778392,On or near Dragon Lane,E01020693,County Durham 029A,Shoplifting,Investigation complete; no suspect identified,
9ef69dfdff36821faecaa3d2ecade5fdb373c7d6bcf44e70bcdc7e319cbfd586,2024-05,Durham Constabulary,Durham Constabulary,-1.535058,54.783982,On or near Eden Terrace,E01020693,County Durham 029A,Shoplifting,Investigation complete; no suspect identified,
6834f17337a2baea9e0cfc1f8b7b73f65e487051ac0bbf25a9158bdb25011d9b,2024-05,Durham Constabulary,Durham Constabulary,-1.539864,54.778392,On or near Dragon Lane,E01020693,County Durham 029A,Shoplifting,Investigation complete; no suspect identified,
a0c7d5366dfdc08a49602c71da8d5d5494e0a62ad08d71002309e083d9951c1c,2024-05,Durham Constabulary,Durham Constabulary,-1.539864,54.778392,On or near Dragon Lane,E01020693,County Durham 029A,Shoplifting,Unable to prosecute suspect,
c5c8bbc7cef529b38280a948f729fdd6330c625674dd0d50d20a1846ae34c06b,2024-05,Durham Constabulary,Durham Constabulary,-1.541388,54.781040,On or near Bevan Grove,E01020693,County Durham 029A,Vehicle crime,Investigation complete; no suspect identified,
8671ac1f1d3b666575df5652a81260e75c8347be24d82b6880fa47b9323eb975,2024-05,Durham Constabulary,Durham Constabulary,-1.545494,54.779573,On or near St Hilds Court,E01020693,County Durham 029A,Vehicle crime,Investigation complete; no suspect identified,
c9bcf90bcdeb7b6f62671a7c9b7b7daa121dde8bc48987ccf9a4d722aaa0e1a3,2024-05,Durham Constabulary,Durham Constabulary,-1.542227,54.778392,On or near Supermarket,E01020693,County Durham 029A,Violence and sexual offences,Investigation complete; no suspect identified,
18552ffdbfbe9ef6c2f720857583cb5f4b86102886b57d127aa14af2e5d14162,2024-05,Durham Constabulary,Durham Constabulary,-1.545494,54.779573,On or near St Hilds Court,E01020693,County Durham 029A,Violence and sexual offences,Unable to prosecute suspect,
1d6c1d30a43f672b17e50297fbc913b7cf89cd28a26762401e4e7049ade05424,2024-05,Durham Constabulary,Durham Constabulary,-1.541388,54.781040,On or near Bevan Grove,E01020693,County Durham 029A,Violence and sexual offences,Under investigation,
189c6e00340dccd655a705bb4cbf5678c3d70ffe4ff5f5689090df237a4498a9,2024-05,Durham Constabulary,Durham Constabulary,-1.547165,54.783030,On or near School View,E01020693,County Durham 029A,Violence and sexual offences,Under investigation,
43292c908b438a1a357631748f7f103aabf2b1e96e9d4a44842694c9439fc7a0,2024-05,Durham Constabulary,Durham Constabulary,-1.535058,54.783982,On or near Eden Terrace,E01020693,County Durham 029A,Violence and sexual offences,Unable to prosecute suspect,
839f9ab7d5a9d772163ca08403c8311a5d43fdce3e490be3c3c7c9b062048edf,2024-05,Durham Constabulary,Durham Constabulary,-1.547165,54.783030,On or near School View,E01020693,County Durham 029A,Violence and sexual offences,Awaiting court outcome,
,2024-05,Durham Constabulary,Durham Constabulary,-1.552806,54.781937,On or near Roosevelt Road,E01020722,County Durham 029B,Anti-social behaviour,,
9b940668815ebc8a67537fdcc084f3611060680dba18ca8d9aa94c9ea84a364f,2024-05,Durham Constabulary,Durham Constabulary,-1.551403,54.782255,On or near Cooper Square,E01020722,County Durham 029B,Public order,Unable to prosecute suspect,
7771274ccd4ec99c4931d2c0879ba8ac9db7d04b0d392c4b2de242d947377a61,2024-05,Durham Constabulary,Durham Constabulary,-1.557604,54.781100,On or near Long Acres,E01020722,County Durham 029B,Violence and sexual offences,Unable to prosecute suspect,
89cbae6708e2ffc1c33f75cea845d3e9e815e605205ae2c538dc1553b8a313f1,2024-05,Durham Constabulary,Durham Constabulary,-1.555261,54.782071,On or near Montgomery Road,E01020722,County Durham 029B,Violence and sexual offences,Awaiting court outcome,
95421dd66f86b51a50be6b94bf0b16198b36afac6f2b9ecfd3785e8b4f2c4ecc,2024-05,Durham Constabulary,Durham Constabulary,-1.555261,54.782071,On or near Montgomery Road,E01020722,County Durham 029B,Violence and sexual offences,Unable to prosecute suspect,
5d1f0f140e5dbc59f8a0038c7514395aba315ac64d420ae2f66448bce66fd3d4,2024-05,Durham Constabulary,Durham Constabulary,-1.553955,54.782067,On or near Gort Place,E01020722,County Durham 029B,Violence and sexual offences,Unable to prosecute suspect,
9ffa21432093f71bd40b0b45b5c3b909361a4ed08d754121b65021f6d0c417e1,2024-05,Durham Constabulary,Durham Constabulary,-1.553979,54.782687,On or near Cunningham Place,E01020722,County Durham 029B,Violence and sexual offences,Unable to prosecute suspect,
bf462ba9d72d81ec83c037c74a2a36ecbb0b9751578c096d6a26a326358773c9,2024-05,Durham Constabulary,Durham Constabulary,-1.559785,54.779302,On or near West View,E01020722,County Durham 029B,Violence and sexual offences,Unable to prosecute suspect,
a85569371982f6079d073375a8d556f06c0b55c86a77f497e54b91266f3c71b8,2024-05,Durham Constabulary,Durham Constabulary,-1.555261,54.782071,On or near Montgomery Road,E01020722,County Durham 029B,Violence and sexual offences,Awaiting court outcome,
fe20f4a934cc1854e4f85975b8ddc7ac5fe3d081a4690256f40aad43fd1a5bfd,2024-05,Durham Constabulary,Durham Constabulary,-1.553955,54.782067,On or near Gort Place,E01020722,County Durham 029B,Violence and sexual offences,Unable to prosecute suspect,
,2024-05,Durham Constabulary,Durham Constabulary,-1.557699,54.778081,On or near St Giles Close,E01020723,County Durham 029C,Anti-social behaviour,,
,2024-05,Durham Constabulary,Durham Constabulary,-1.550655,54.779637,On or near Sunderland Road,E01020723,County Durham 029C,Anti-social behaviour,,
,2024-05,Durham Constabulary,Durham Constabulary,-1.551455,54.780395,On or near Mackintosh Court,E01020723,County Durham 029C,Anti-social behaviour,,
,2024-05,Durham Constabulary,Durham Constabulary,-1.546560,54.777420,On or near Ramsey Close,E01020723,County Durham 029C,Anti-social behaviour,,
,2024-05,Durham Constabulary,Durham Constabulary,-1.557699,54.778081,On or near St Giles Close,E01020723,County Durham 029C,Anti-social behaviour,,
8d3faecacd5fb59c8589a105e0a03f65dc04e44a6556a2051ce62af5cce3e902,2024-05,Durham Constabulary,Durham Constabulary,-1.547596,54.777909,On or near Turnbull Close,E01020723,County Durham 029C,Criminal damage and arson,Investigation complete; no suspect identified,
33d9fc85b7fd5d7bfa65a30525be31c87c8e7688aaff0770231b1ae00267a002,2024-05,Durham Constabulary,Durham Constabulary,-1.551455,54.780395,On or near Mackintosh Court,E01020723,County Durham 029C,Public order,Awaiting court outcome,
a5489c9e689e30f314c06703c8fe18d74a86b33c9ade9f6568cc38293353004a,2024-05,Durham Constabulary,Durham Constabulary,-1.551455,54.780395,On or near Mackintosh Court,E01020723,County Durham 029C,Public order,Awaiting court outcome,
e5363136dc33737df93cdf0975f6ea66335d0c058cef3c0bffa88cf91e958684,2024-05,Durham Constabulary,Durham Constabulary,-1.551455,54.780395,On or near Mackintosh Court,E01020723,County Durham 029C,Public order,Awaiting court outcome,
9b46e390880156ed4f7ba01eabfc6f3afc01b43ec8468d0470b09d32b2d27b5e,2024-05,Durham Constabulary,Durham Constabulary,-1.551455,54.780395,On or near Mackintosh Court,E01020723,County Durham 029C,Public order,Awaiting court outcome,
a5c16437eafb353d218abf9df281a8e1f1a780a051fad21c15e4d39f5f3e1aed,2024-05,Durham Constabulary,Durham Constabulary,-1.551455,54.780395,On or near Mackintosh Court,E01020723,County Durham 029C,Public order,Unable to prosecute suspect,
f01e87fb8a1c857ae0a3ccf4a7409ed8ea6b7a4d0fc31657d1c63cf28aae726a,2024-05,Durham Constabulary,Durham Constabulary,-1.555308,54.779241,On or near Back Wynyard Grove,E01020723,County Durham 029C,Shoplifting,Investigation complete; no suspect identified,
be0169cb77751df0b17cec37805112f282eaf5fc6f6bb733b255c6bc8b06bd5e,2024-05,Durham Constabulary,Durham Constabulary,-1.555308,54.779241,On or near Back Wynyard Grove,E01020723,County Durham 029C,Shoplifting,Awaiting court outcome,
864ad068f354baae3f70be7487e30c7382df460fc551677f2721bb5d1edd692f,2024-05,Durham Constabulary,Durham Constabulary,-1.555308,54.779241,On or near Back Wynyard Grove,E01020723,County Durham 029C,Shoplifting,Investigation complete; no suspect identified,
0bb9c34bc1cbf6e0ec0a36b1bb5539a80046dc547a003683c9cf35bc96f34b60,2024-05,Durham Constabulary,Durham Constabulary,-1.555308,54.779241,On or near Back Wynyard Grove,E01020723,County Durham 029C,Shoplifting,Investigation complete; no suspect identified,
73c34225665664e2dc9ee5e67533bd1a48a26a5d7ef7c62368905fdf6ee5e65b,2024-05,Durham Constabulary,Durham Constabulary,-1.555308,54.779241,On or near Back Wynyard Grove,E01020723,County Durham 029C,Shoplifting,Investigation complete; no suspect identified,
aa3ccccb815424c7800b40b00c12a47cafa085fb8bfcff50e42b0c2261441581,2024-05,Durham Constabulary,Durham Constabulary,-1.555308,54.779241,On or near Back Wynyard Grove,E01020723,County Durham 029C,Shoplifting,Investigation complete; no suspect identified,
4527792e36254e925b45a896040e78b4bdad06f5c4ebd5c6652d176d618ac677,2024-05,Durham Constabulary,Durham Constabulary,-1.555308,54.779241,On or near Back Wynyard Grove,E01020723,County Durham 029C,Shoplifting,Investigation complete; no suspect identified,
3de076946b3ed8b69b4d950c67799be5b31e22807363344764b1e71b8ab5cc64,2024-05,Durham Constabulary,Durham Constabulary,-1.555308,54.779241,On or near Back Wynyard Grove,E01020723,County Durham 029C,Shoplifting,Investigation complete; no suspect identified,
bbb04fe1c1cb24ed174c75145de1ff51a8362f0d3bfd98a013d94a01cb428295,2024-05,Durham Constabulary,Durham Constabulary,-1.555308,54.779241,On or near Back Wynyard Grove,E01020723,County Durham 029C,Shoplifting,Investigation complete; no suspect identified,
9a090ee6ec45912dd029011080c5246af8ee943b34ac6564b24e2e8e890627a7,2024-05,Durham Constabulary,Durham Constabulary,-1.555308,54.779241,On or near Back Wynyard Grove,E01020723,County Durham 029C,Shoplifting,Investigation complete; no suspect identified,
377dab1491b5cafafc90a2a13f4ff2160979b266d9ce277fe9fb9f91a4bb288e,2024-05,Durham Constabulary,Durham Constabulary,-1.555308,54.779241,On or near Back Wynyard Grove,E01020723,County Durham 029C,Shoplifting,Investigation complete; no suspect identified,
850604281fe1d1668aa48ba4dc98185c27defb14c6bdde27bfa3aa597d9fb299,2024-05,Durham Constabulary,Durham Constabulary,-1.555308,54.779241,On or near Back Wynyard Grove,E01020723,County Durham 029C,Shoplifting,Investigation complete; no suspect identified,
e30da6e8c075b0e149c48188fad8bb8645b96ea28d9d67cfebc34c8a92ae8094,2024-05,Durham Constabulary,Durham Constabulary,-1.555308,54.779241,On or near Back Wynyard Grove,E01020723,County Durham 029C,Shoplifting,Investigation complete; no suspect identified,
7ec2dedaa1e4423db2dbd74ef98b0181fdb6dc239053309e3b6416e73e583304,2024-05,Durham Constabulary,Durham Constabulary,-1.555308,54.779241,On or near Back Wynyard Grove,E01020723,County Durham 029C,Shoplifting,Investigation complete; no suspect identified,
350c76fcec52f9abe7fbdddb07590198154214170415c15260c9b1135cddd14f,2024-05,Durham Constabulary,Durham Constabulary,-1.555308,54.779241,On or near Back Wynyard Grove,E01020723,County Durham 029C,Shoplifting,Investigation complete; no suspect identified,
ebae64e8d1f3676f9b447f71eee8d597b506e3e8c09d099d8026c10e3c755815,2024-05,Durham Constabulary,Durham Constabulary,-1.555308,54.779241,On or near Back Wynyard Grove,E01020723,County Durham 029C,Shoplifting,Investigation complete; no suspect identified,
38d5f893ac93c9548ba08fc6f16176eca43709773f5324a551e0c885bd3a5443,2024-05,Durham Constabulary,Durham Constabulary,-1.555308,54.779241,On or near Back Wynyard Grove,E01020723,County Durham 029C,Shoplifting,Investigation complete; no suspect identified,
9c4606cd61704aed09d7472ec6d3ab19a53a93a7edfabb919d4c6afdef5d4d1a,2024-05,Durham Constabulary,Durham Constabulary,-1.555308,54.779241,On or near Back Wynyard Grove,E01020723,County Durham 029C,Shoplifting,Investigation complete; no suspect identified,
c281288a5e378c4827b7e8f1233b2c72d070e74c9e45706ce773af58fb8fabf6,2024-05,Durham Constabulary,Durham Constabulary,-1.555308,54.779241,On or near Back Wynyard Grove,E01020723,County Durham 029C,Shoplifting,Awaiting court outcome,
314fcf94d599b74ca60da4c5a33eee42590350048d384be70285e4f7d18cb89b,2024-05,Durham Constabulary,Durham Constabulary,-1.555308,54.779241,On or near Back Wynyard Grove,E01020723,County Durham 029C,Shoplifting,Awaiting court outcome,
47cdf262df30525e901ff528e34070ac246901d99de2e9346cc231e52356bf9a,2024-05,Durham Constabulary,Durham Constabulary,-1.555308,54.779241,On or near Back Wynyard Grove,E01020723,County Durham 029C,Shoplifting,Investigation complete; no suspect identified,
44a22a18a95826ecb5ac5822c425ba3411678d1c53d7d81d557529f4508fd5ae,2024-05,Durham Constabulary,Durham Constabulary,-1.555308,54.779241,On or near Back Wynyard Grove,E01020723,County Durham 029C,Shoplifting,Investigation complete; no suspect identified,
cb47e0df041a4bf44ea22d7606b7a050d642c7c2c77be09efa97260e57d0976c,2024-05,Durham Constabulary,Durham Constabulary,-1.555308,54.779241,On or near Back Wynyard Grove,E01020723,County Durham 029C,Shoplifting,Awaiting court outcome,
99af001c2a194eff00410c84194752ffe6cb51c944ad7c48b288d6bc418f3240,2024-05,Durham Constabulary,Durham Constabulary,-1.555308,54.779241,On or near Back Wynyard Grove,E01020723,County Durham 029C,Shoplifting,Investigation complete; no suspect identified,
fe303a43cbe7ea0cd0fae807ab49ecb7b54c557791442f5b6c4f0f1f50052bf8,2024-05,Durham Constabulary,Durham Constabulary,-1.555308,54.779241,On or near Back Wynyard Grove,E01020723,County Durham 029C,Shoplifting,Investigation complete; no suspect identified,
1c8f870fab50c7190c84cebe50633f686cf66943e61ae0144bc9a5f1d1f2d316,2024-05,Durham Constabulary,Durham Constabulary,-1.555308,54.779241,On or near Back Wynyard Grove,E01020723,County Durham 029C,Shoplifting,Investigation complete; no suspect identified,
9335f051b9940070399a1a2317b74fee60bedfaa0eb2b2cee9b805db9d41385c,2024-05,Durham Constabulary,Durham Constabulary,-1.555308,54.779241,On or near Back Wynyard Grove,E01020723,County Durham 029C,Shoplifting,Investigation complete; no suspect identified,
f110070d3b6f74b4c65d7e89e8ee94ad66620154cba85bc3306a834cac11ac54,2024-05,Durham Constabulary,Durham Constabulary,-1.555308,54.779241,On or near Back Wynyard Grove,E01020723,County Durham 029C,Shoplifting,Investigation complete; no suspect identified,
d07886338ca2a7cb19abd93031fd3e479a02e2c6af880d1ac76810744277daa1,2024-05,Durham Constabulary,Durham Constabulary,-1.555308,54.779241,On or near Back Wynyard Grove,E01020723,County Durham 029C,Shoplifting,Investigation complete; no suspect identified,
9e6e22ad5b0ddd285bf47a3a8c8b5feee5cf44e53d9b471d5b85d0f98e3d6fdb,2024-05,Durham Constabulary,Durham Constabulary,-1.562789,54.778989,On or near Station Lane,E01020723,County Durham 029C,Violence and sexual offences,Investigation complete; no suspect identified,
8e92dea5488f977025ee152407b5b134371e2ec89b2edd1a8d4e148999d0ccd8,2024-05,Durham Constabulary,Durham Constabulary,-1.547596,54.777909,On or near Turnbull Close,E01020723,County Durham 029C,Violence and sexual offences,Offender given a caution,
4ad2e62bfa5b70a97465f017f90f370d5f63322d517485fd53b530fb59e13357,2024-05,Durham Constabulary,Durham Constabulary,-1.556246,54.778741,On or near Maynard'S Row,E01020723,County Durham 029C,Violence and sexual offences,Unable to prosecute suspect,
ae3a0a1585ba451e7eb805d10aa46c5874b1c993ceadd5e49fc3494cd4854465,2024-05,Durham Constabulary,Durham Constabulary,-1.551455,54.780395,On or near Mackintosh Court,E01020723,County Durham 029C,Violence and sexual offences,Awaiting court outcome,
95ec14278792a67e2869dc1320b8fa4f378605d8ed088ced04f8018675603bb4,2024-05,Durham Constabulary,Durham Constabulary,-1.556246,54.778741,On or near Maynard'S Row,E01020723,County Durham 029C,Other crime,Local resolution,
,2024-05,Durham Constabulary,Durham Constabulary,-1.549324,54.776307,On or near Laurel Avenue,E01020724,County Durham 029D,Anti-social behaviour,,
,2024-05,Durham Constabulary,Durham Constabulary,-1.549324,54.776307,On or near Laurel Avenue,E01020724,County Durham 029D,Anti-social behaviour,,
,2024-05,Durham Constabulary,Durham Constabulary,-1.553303,54.775760,On or near Sports/Recreation Area,E01020724,County Durham 029D,Anti-social behaviour,,
,2024-05,Durham Constabulary,Durham Constabulary,-1.553303,54.775760,On or near Sports/Recreation Area,E01020724,County Durham 029D,Anti-social behaviour,,
,2024-05,Durham Constabulary,Durham Constabulary,-1.549324,54.776307,On or near Laurel Avenue,E01020724,County Durham 029D,Anti-social behaviour,,
c8af722ad4eed62221ea6dd192f8f4e3ce74ab89f0d5aa36dcf643ae110c7202,2024-05,Durham Constabulary,Durham Constabulary,-1.544719,54.775212,On or near Habgood Drive,E01020724,County Durham 029D,Criminal damage and arson,Investigation complete; no suspect identified,
eae8971ab539bea94cff4984564e0dbd87360a302c8d4b3f2719ef3713cabc89,2024-05,Durham Constabulary,Durham Constabulary,-1.539589,54.773835,On or near Bent House Lane,E01020724,County Durham 029D,Criminal damage and arson,Investigation complete; no suspect identified,
310618c67ed5fed3a2c0c8ceb109c7ba9f8590c7238d1ac9a01dc378bac3c463,2024-05,Durham Constabulary,Durham Constabulary,-1.541495,54.774391,On or near Cuthbert Close,E01020724,County Durham 029D,Criminal damage and arson,Awaiting court outcome,
a7a7fca42f3e50f2dfb0d457a5fcbe77617320cac73217d1fe4c3e9e37e4b684,2024-05,Durham Constabulary,Durham Constabulary,-1.541495,54.774391,On or near Cuthbert Close,E01020724,County Durham 029D,Criminal damage and arson,Investigation complete; no suspect identified,
586742cac3913122de85fc232153ca4a4712c5b83e6cc26a8cca275bb8a1efd4,2024-05,Durham Constabulary,Durham Constabulary,-1.545637,54.775125,On or near Oak Avenue,E01020724,County Durham 029D,Public order,Unable to prosecute suspect,
60c8f5f8229ccdeefff991a527fa5c13fd46e242d2cb66d1d9e364a441c26798,2024-05,Durham Constabulary,Durham Constabulary,-1.548215,54.775341,On or near Pine Avenue,E01020724,County Durham 029D,Violence and sexual offences,Unable to prosecute suspect,
cacb4511dd196296a3e9ce94f681075dd2ef439a18d540ee19d7d4d7b893e87b,2024-05,Durham Constabulary,Durham Constabulary,-1.544719,54.775212,On or near Habgood Drive,E01020724,County Durham 029D,Violence and sexual offences,Investigation complete; no suspect identified,
3a7246c1ef5131f8e551f8452a8162b80a9fedd846b3c127477ab4f5a714fc27,2024-05,Durham Constabulary,Durham Constabulary,-1.541495,54.774391,On or near Cuthbert Close,E01020724,County Durham 029D,Violence and sexual offences,Awaiting court outcome,
3af7b7d9cd01b25d3d9ff29968002270eeb84d7851a70f391b4b33d847f0271f,2024-05,Durham Constabulary,Durham Constabulary,-1.541495,54.774391,On or near Cuthbert Close,E01020724,County Durham 029D,Violence and sexual offences,Investigation complete; no suspect identified,
eb7fbe0b4c3e84b40434df497045ad035f41746cd3cd1a8d9ae2e73836c39877,2024-05,Durham Constabulary,Durham Constabulary,-1.542363,54.774619,On or near Hilda Close,E01020724,County Durham 029D,Other crime,Unable to prosecute suspect,
,2024-05,Durham Constabulary,Durham Constabulary,-1.578366,54.776088,On or near Framwelgate Bridge,E01020703,County Durham 030A,Anti-social behaviour,,
,2024-05,Durham Constabulary,Durham Constabulary,-1.578522,54.777517,On or near Shopping Area,E01020703,County Durham 030A,Anti-social behaviour,,
,2024-05,Durham Constabulary,Durham Constabulary,-1.581774,54.775785,On or near Crossgate,E01020703,County Durham 030A,Anti-social behaviour,,
,2024-05,Durham Constabulary,Durham Constabulary,-1.578366,54.776088,On or near Framwelgate Bridge,E01020703,County Durham 030A,Anti-social behaviour,,
,2024-05,Durham Constabulary,Durham Constabulary,-1.578366,54.776088,On or near Framwelgate Bridge,E01020703,County Durham 030A,Anti-social behaviour,,
,2024-05,Durham Constabulary,Durham Constabulary,-1.578779,54.776736,On or near Parking Area,E01020703,County Durham 030A,Anti-social behaviour,,
,2024-05,Durham Constabulary,Durham Constabulary,-1.588356,54.775161,On or near Byland Close,E01020703,County Durham 030A,Anti-social behaviour,,
,2024-05,Durham Constabulary,Durham Constabulary,-1.580722,54.776743,On or near Nightclub,E01020703,County Durham 030A,Anti-social behaviour,,
,2024-05,Durham Constabulary,Durham Constabulary,-1.578522,54.777517,On or near Shopping Area,E01020703,County Durham 030A,Anti-social behaviour,,
,2024-05,Durham Constabulary,Durham Constabulary,-1.588356,54.775161,On or near Byland Close,E01020703,County Durham 030A,Anti-social behaviour,,
,2024-05,Durham Constabulary,Durham Constabulary,-1.578779,54.776736,On or near Parking Area,E01020703,County Durham 030A,Anti-social behaviour,,
,2024-05,Durham Constabulary,Durham Constabulary,-1.579176,54.777385,On or near Millburngate,E01020703,County Durham 030A,Anti-social behaviour,,
,2024-05,Durham Constabulary,Durham Constabulary,-1.578779,54.776736,On or near Parking Area,E01020703,County Durham 030A,Anti-social behaviour,,
,2024-05,Durham Constabulary,Durham Constabulary,-1.578522,54.777517,On or near Shopping Area,E01020703,County Durham 030A,Anti-social behaviour,,
,2024-05,Durham Constabulary,Durham Constabulary,-1.580644,54.776815,On or near Nightclub,E01020703,County Durham 030A,Anti-social behaviour,,
0e1e601c8a1b23c337355587eadbf372c05b00d0e88a8e12809c6adabde4692a,2024-05,Durham Constabulary,Durham Constabulary,-1.578779,54.776736,On or near Parking Area,E01020703,County Durham 030A,Criminal damage and arson,Investigation complete; no suspect identified,
f1a012d0a861a6304dcc3ce3856cda4d308d85222365509fd998c10b85abf262,2024-05,Durham Constabulary,Durham Constabulary,-1.580644,54.776815,On or near Nightclub,E01020703,County Durham 030A,Criminal damage and arson,Investigation complete; no suspect identified,
3f12736239e2bcf712b30ec4e0a1eecc9fc010ae345b283345e030225eb0eb90,2024-05,Durham Constabulary,Durham Constabulary,-1.578366,54.776088,On or near Framwelgate Bridge,E01020703,County Durham 030A,Other theft,Investigation complete; no suspect identified,
2d98fda6af6e2104011e261ab7dd5712ec1122e447ea11c25e66530103bca8ba,2024-05,Durham Constabulary,Durham Constabulary,-1.578522,54.777544,On or near Parking Area,E01020703,County Durham 030A,Other theft,Investigation complete; no suspect identified,
8b76df35867fcebd94c37c55e1199b1a25f126da4cdd175d82cb62ec8f81da02,2024-05,Durham Constabulary,Durham Constabulary,-1.583405,54.777417,On or near Mitchell Street,E01020703,County Durham 030A,Possession of weapons,Under investigation,
3d6c2aacc69085c8590cf5456573b62c1708636dd321e3dd43c55ed014c8d305,2024-05,Durham Constabulary,Durham Constabulary,-1.578366,54.776088,On or near Framwelgate Bridge,E01020703,County Durham 030A,Public order,Awaiting court outcome,
faeb0d93218712320e27a86e8f8e19eb94f1d499e47a2a93dd8a1f82017c6de0,2024-05,Durham Constabulary,Durham Constabulary,-1.583624,54.774264,On or near Priory Orchard,E01020703,County Durham 030A,Public order,Unable to prosecute suspect,
f371f8886f8fb2f0ac806ce1b5fc751137b030926c31d5884650341676e09e4b,2024-05,Durham Constabulary,Durham Constabulary,-1.582865,54.777020,On or near New Street,E01020703,County Durham 030A,Public order,Unable to prosecute suspect,
b973d0437ae4f2923385ae4c8d99baf04c8e2239fabf50d0278a7272cec4b260,2024-05,Durham Constabulary,Durham Constabulary,-1.578366,54.776088,On or near Framwelgate Bridge,E01020703,County Durham 030A,Public order,Under investigation,
c97c89e34965aa20023d10e84d9d9fb6197cc5535615c3cdfcd91420d62a96ed,2024-05,Durham Constabulary,Durham Constabulary,-1.578779,54.776736,On or near Parking Area,E01020703,County Durham 030A,Public order,Under investigation,
0ff3c92764dd42b3c3b5a82641ab7bad085c263f2767ecad3078399d0bd53e83,2024-05,Durham Constabulary,Durham Constabulary,-1.580644,54.776815,On or near Nightclub,E01020703,County Durham 030A,Public order,Awaiting court outcome,
45a64eb61fd16890d84dda2d649ec43bb1def4fa8d9f9aeee8c3117bf3384ee6,2024-05,Durham Constabulary,Durham Constabulary,-1.582865,54.777020,On or near New Street,E01020703,County Durham 030A,Public order,Investigation complete; no suspect identified,
5ec48668b6bf3c96b7b1db0eb33f5fbbe01c6255034971ad0ab5bf3630ac57b4,2024-05,Durham Constabulary,Durham Constabulary,-1.578366,54.776088,On or near Framwelgate Bridge,E01020703,County Durham 030A,Public order,Investigation complete; no suspect identified,
f5f4a2a99c190741fc9e0105c3a9f567d60bf4d143b787d1220695c3011d5153,2024-05,Durham Constabulary,Durham Constabulary,-1.580644,54.776815,On or near Nightclub,E01020703,County Durham 030A,Public order,Unable to prosecute suspect,
f26e082ce0d25fae47f0d0cde48d394f81a5d3caf2549fb5c029a95ad136c5f6,2024-05,Durham Constabulary,Durham Constabulary,-1.580644,54.776815,On or near Nightclub,E01020703,County Durham 030A,Shoplifting,Local resolution,
96fd5cbd0e4d4e1eb8a98103045e12df6b743464cbe24bd5c72ee6e4a5dd3d92,2024-05,Durham Constabulary,Durham Constabulary,-1.580644,54.776815,On or near Nightclub,E01020703,County Durham 030A,Shoplifting,Investigation complete; no suspect identified,
3e756895adb4659c75c7569dcb06a7f06a309e6607df562dbfaa8568f0ce93e1,2024-05,Durham Constabulary,Durham Constabulary,-1.580644,54.776815,On or near Nightclub,E01020703,County Durham 030A,Shoplifting,Awaiting court outcome,
cdc2c571b97cb6ca108186464203d593f7c276a2beaaf3a48f84cad1b2eb6867,2024-05,Durham Constabulary,Durham Constabulary,-1.580644,54.776815,On or near Nightclub,E01020703,County Durham 030A,Shoplifting,Investigation complete; no suspect identified,
ef8978b20fc0aad2c2c2028f4631e9d922f0b3e89b5670e3fb4bfcda333d7492,2024-05,Durham Constabulary,Durham Constabulary,-1.578779,54.776736,On or near Parking Area,E01020703,County Durham 030A,Shoplifting,Investigation complete; no suspect identified,
6768531bc707cffc74c1cae20001f2445f080572639b2255e7f46737d7a14d6f,2024-05,Durham Constabulary,Durham Constabulary,-1.578522,54.777544,On or near Parking Area,E01020703,County Durham 030A,Shoplifting,Awaiting court outcome,
53c5c6a1f4922a422e0487008d96f9da109e9696fcacbfe3beec0988628f1c5a,2024-05,Durham Constabulary,Durham Constabulary,-1.583258,54.775053,On or near St Margaret'S Court,E01020703,County Durham 030A,Vehicle crime,Unable to prosecute suspect,
75a53025a8cf00bf793ac600264d387a0f48ddb2cd231954892c806f14621fff,2024-05,Durham Constabulary,Durham Constabulary,-1.578779,54.776736,On or near Parking Area,E01020703,County Durham 030A,Vehicle crime,Investigation complete; no suspect identified,
5c43f7aeed414c627f6c52318e1222782290f58d51e081a34303e140de1ffe9f,2024-05,Durham Constabulary,Durham Constabulary,-1.580644,54.776815,On or near Nightclub,E01020703,County Durham 030A,Violence and sexual offences,Investigation complete; no suspect identified,
e3ac65f681362d51b000b84df5dd15ed3f0cabe2e242a2bc3d4909a89c370c07,2024-05,Durham Constabulary,Durham Constabulary,-1.582865,54.777020,On or near New Street,E01020703,County Durham 030A,Violence and sexual offences,Unable to prosecute suspect,
e27270b165b21679fff61c9c59acb2378905e660494ed19cc570a90a66c0100b,2024-05,Durham Constabulary,Durham Constabulary,-1.578779,54.776736,On or near Parking Area,E01020703,County Durham 030A,Violence and sexual offences,Unable to prosecute suspect,
7a43dff05b11fc07389b2843947d3256b373d663b8b8d266e4ff5e99e1f67919,2024-05,Durham Constabulary,Durham Constabulary,-1.578779,54.776736,On or near Parking Area,E01020703,County Durham 030A,Violence and sexual offences,Unable to prosecute suspect,
a830bd238659ee3389a68657119627bb0448575aa3246d3865f888a8293aee26,2024-05,Durham Constabulary,Durham Constabulary,-1.584283,54.778139,On or near Lambton Street,E01020703,County Durham 030A,Violence and sexual offences,Unable to prosecute suspect,
b768fd75b25fa1b188eeb6ebcdd6b0e11efd74df611fd5ab27fb7091a62112be,2024-05,Durham Constabulary,Durham Constabulary,-1.578366,54.776088,On or near Framwelgate Bridge,E01020703,County Durham 030A,Violence and sexual offences,Investigation complete; no suspect identified,
16baa1c329b8deafc2342b5fbb5218fc312a9d54946ae2e8407a8777992317e4,2024-05,Durham Constabulary,Durham Constabulary,-1.580644,54.776815,On or near Nightclub,E01020703,County Durham 030A,Violence and sexual offences,Under investigation,
dd427d378ebbcf8467eaf7da526419da2a29a70b72bc64579860c8604cb5fa41,2024-05,Durham Constabulary,Durham Constabulary,-1.582865,54.777020,On or near New Street,E01020703,County Durham 030A,Violence and sexual offences,Investigation complete; no suspect identified,
dc66fba2bac3fb4ed7ac435de53fb7098aa0f15298be0d39db417eebf3d8eef8,2024-05,Durham Constabulary,Durham Constabulary,-1.582865,54.777020,On or near New Street,E01020703,County Durham 030A,Violence and sexual offences,Unable to prosecute suspect,
d73c69a9ea27b108c0425b9d111a5de12e0f5830e98917b026c789a58621129e,2024-05,Durham Constabulary,Durham Constabulary,-1.578366,54.776088,On or near Framwelgate Bridge,E01020703,County Durham 030A,Violence and sexual offences,Unable to prosecute suspect,
7f1a9f8dcd9aa8bdeefb37dc4135444dcc352445589fa2d1ffe1da7f6d7fde66,2024-05,Durham Constabulary,Durham Constabulary,-1.580644,54.776815,On or near Nightclub,E01020703,County Durham 030A,Violence and sexual offences,Investigation complete; no suspect identified,
758f2e5b41af1c97f6247da9bf8ddb8ff999582f0b2a63ac206b878d0905d9b4,2024-05,Durham Constabulary,Durham Constabulary,-1.578779,54.776736,On or near Parking Area,E01020703,County Durham 030A,Violence and sexual offences,Investigation complete; no suspect identified,
5b98446e345b04382cc34271fa486cdd8d4bc850c000537fdff314d79c44d9ad,2024-05,Durham Constabulary,Durham Constabulary,-1.584283,54.778139,On or near Lambton Street,E01020703,County Durham 030A,Violence and sexual offences,Unable to prosecute suspect,
482093af32ca1f495485dc19bf5f244ff52d1613c2a5ea4d8b273fde62d1b5fc,2024-05,Durham Constabulary,Durham Constabulary,-1.578366,54.776088,On or near Framwelgate Bridge,E01020703,County Durham 030A,Violence and sexual offences,Investigation complete; no suspect identified,
33b8a1a0a81bae32100141733b3f33b66b880ee3b8af219c8f00d1cf40c50ff2,2024-05,Durham Constabulary,Durham Constabulary,-1.583624,54.774264,On or near Priory Orchard,E01020703,County Durham 030A,Violence and sexual offences,Action to be taken by another organisation,
12fa42c7125fef210e725150f82cefcebe28ff7fa084894df3d3004bc0c6f021,2024-05,Durham Constabulary,Durham Constabulary,-1.581303,54.771632,On or near Pimlico,E01020703,County Durham 030A,Violence and sexual offences,Investigation complete; no suspect identified,
dd1be903d92afeeb7b116b22e8a7e84b5e3e326d9fb2534e35045fc02e83c9fd,2024-05,Durham Constabulary,Durham Constabulary,-1.584283,54.778139,On or near Lambton Street,E01020703,County Durham 030A,Violence and sexual offences,Investigation complete; no suspect identified,
5abac533c20ed3b22eb2f7daaed6625931312020978fcb2cc108073eaad96836,2024-05,Durham Constabulary,Durham Constabulary,-1.578779,54.776736,On or near Parking Area,E01020703,County Durham 030A,Violence and sexual offences,Unable to prosecute suspect,
fdab105451b1607ba46f5ce2b7554cf43c831569f66eea3833923a1287dcb20e,2024-05,Durham Constabulary,Durham Constabulary,-1.578779,54.776736,On or near Parking Area,E01020703,County Durham 030A,Violence and sexual offences,Investigation complete; no suspect identified,
b730cf14309e129959af03e7126d70ad4422e2721f1b34db79953380d2053731,2024-05,Durham Constabulary,Durham Constabulary,-1.580644,54.776815,On or near Nightclub,E01020703,County Durham 030A,Violence and sexual offences,Investigation complete; no suspect identified,
ec4da1650e38b8c5dd2d79d0c2356039b82ec681e9f422ca81173b51e95766dd,2024-05,Durham Constabulary,Durham Constabulary,-1.578366,54.776088,On or near Framwelgate Bridge,E01020703,County Durham 030A,Violence and sexual offences,Investigation complete; no suspect identified,
4fc60ac26209d17f631416691721ee3755e9d124954e52e36fbd692138db7124,2024-05,Durham Constabulary,Durham Constabulary,-1.578366,54.776088,On or near Framwelgate Bridge,E01020703,County Durham 030A,Violence and sexual offences,Under investigation,
dd350ccc9fbd08e88d15a8377f2a5577b87ed63ac3106e6cf6167d7f706890eb,2024-05,Durham Constabulary,Durham Constabulary,-1.578779,54.776736,On or near Parking Area,E01020703,County Durham 030A,Violence and sexual offences,Investigation complete; no suspect identified,
a72541b6299c322827b19bc0e286ae531a0d95aed57c1a14dc9386a5deda9418,2024-05,Durham Constabulary,Durham Constabulary,-1.581774,54.775785,On or near Crossgate,E01020703,County Durham 030A,Violence and sexual offences,Under investigation,
dade41a2aa46597f2bba2b7bd21e48233608cc3b961632ac3e3916e10f0ba947,2024-05,Durham Constabulary,Durham Constabulary,-1.580644,54.776815,On or near Nightclub,E01020703,County Durham 030A,Other crime,Investigation complete; no suspect identified,
a947dfda1c8d5f434f6b63f68ea5d51edd0125bc85869df0a26bb2653ee4366a,2024-05,Durham Constabulary,Durham Constabulary,-1.562327,54.779958,On or near A690,E01033195,County Durham 030E,Bicycle theft,Investigation complete; no suspect identified,
9bc5cc3a11d6641d9dcd387672ea29b8e2870f0735a533bc593d2af02fa516e6,2024-05,Durham Constabulary,Durham Constabulary,-1.567818,54.781227,On or near Ferens Close,E01033195,County Durham 030E,Bicycle theft,Investigation complete; no suspect identified,
1ef79f6107d8616f257cd612f25b1b8a6e92bcff3f53d827dc4c861b47f2ab7c,2024-05,Durham Constabulary,Durham Constabulary,-1.569968,54.780794,On or near Wearside Drive,E01033195,County Durham 030E,Burglary,Under investigation,
e7e4af3d077f560ecae57177d421eb67d3f1f427c3c65e078951a2ba9842a070,2024-05,Durham Constabulary,Durham Constabulary,-1.562626,54.777466,On or near Further/Higher Educational Building,E01033195,County Durham 030E,Criminal damage and arson,Investigation complete; no suspect identified,
ffda87bddb7dc52b4fac7e25cbbff1263f01d424f3abf37b116dbbade22ce88d,2024-05,Durham Constabulary,Durham Constabulary,-1.569968,54.780794,On or near Wearside Drive,E01033195,County Durham 030E,Criminal damage and arson,Investigation complete; no suspect identified,
f71e3e2995ae75fbebc8f2ee5826df43910985d96d041b3f56180a778582a383,2024-05,Durham Constabulary,Durham Constabulary,-1.569968,54.780794,On or near Wearside Drive,E01033195,County Durham 030E,Violence and sexual offences,Under investigation,
,2024-05,Durham Constabulary,Durham Constabulary,-1.570605,54.776402,On or near Elvet Waterside,E01033197,County Durham 030F,Anti-social behaviour,,
,2024-05,Durham Constabulary,Durham Constabulary,-1.564225,54.775063,On or near Sports/Recreation Area,E01033197,County Durham 030F,Anti-social behaviour,,
,2024-05,Durham Constabulary,Durham Constabulary,-1.570666,54.772089,On or near High Yard,E01033197,County Durham 030F,Anti-social behaviour,,
,2024-05,Durham Constabulary,Durham Constabulary,-1.570666,54.772089,On or near High Yard,E01033197,County Durham 030F,Anti-social behaviour,,
,2024-05,Durham Constabulary,Durham Constabulary,-1.567657,54.771494,On or near The Hallgarth,E01033197,County Durham 030F,Anti-social behaviour,,
,2024-05,Durham Constabulary,Durham Constabulary,-1.567657,54.771494,On or near The Hallgarth,E01033197,County Durham 030F,Anti-social behaviour,,
b33ffd12942a4618ac13abf5082e40db627e7dd71e3d9221c1caf695fd8e5e45,2024-05,Durham Constabulary,Durham Constabulary,-1.565244,54.773283,On or near Further/Higher Educational Building,E01033197,County Durham 030F,Other theft,Investigation complete; no suspect identified,
729eb5e9f672f45caab6f5c7db7d4632f9f2e95a667e1b8e59d44e56f48b95c0,2024-05,Durham Constabulary,Durham Constabulary,-1.564225,54.775063,On or near Sports/Recreation Area,E01033197,County Durham 030F,Public order,Investigation complete; no suspect identified,
e8b50e0928e54803200937d63b0dcc63117286099642d41c28f9afcdeb273d3f,2024-05,Durham Constabulary,Durham Constabulary,-1.566953,54.773370,On or near Prison,E01033197,County Durham 030F,Public order,Further investigation is not in the public interest,
e7d2196bfd11cdc21deeb7a15318740330f777c7218613d5aa09da65bca29fd5,2024-05,Durham Constabulary,Durham Constabulary,-1.566953,54.773370,On or near Prison,E01033197,County Durham 030F,Public order,Further investigation is not in the public interest,
5db561b8db52b1ef117abf32e9c347e3d4343880a337f62793c49226825e0e54,2024-05,Durham Constabulary,Durham Constabulary,-1.563094,54.773688,On or near Green Lane,E01033197,County Durham 030F,Vehicle crime,Investigation complete; no suspect identified,
a16a901250d320f0640dfbab31e352b22efb080a5849563dbfecff690c7a9325,2024-05,Durham Constabulary,Durham Constabulary,-1.570206,54.775942,On or near Territorial Lane,E01033197,County Durham 030F,Vehicle crime,Investigation complete; no suspect identified,
45977da799e4a006dc2ab8880687cdb8c95c56b85342e8dbc3530780622745de,2024-05,Durham Constabulary,Durham Constabulary,-1.566953,54.773370,On or near Prison,E01033197,County Durham 030F,Violence and sexual offences,Unable to prosecute suspect,
ff3895a57639dfacea40e5a95830dfe57ee4afd2f42eec0bc1153bce9fd60cac,2024-05,Durham Constabulary,Durham Constabulary,-1.566953,54.773370,On or near Prison,E01033197,County Durham 030F,Violence and sexual offences,Unable to prosecute suspect,
feae4ed6829c3f4d55d8e5e9be58fde24db54787dc23f716bdadc5b3c3847e1b,2024-05,Durham Constabulary,Durham Constabulary,-1.566953,54.773370,On or near Prison,E01033197,County Durham 030F,Violence and sexual offences,Action to be taken by another organisation,
0760dc96dc7e8004ae480c45a5ee39840876e6f6718a48a53c214bc2ab5a7ec6,2024-05,Durham Constabulary,Durham Constabulary,-1.566953,54.773370,On or near Prison,E01033197,County Durham 030F,Violence and sexual offences,Under investigation,
860ac9f8f6432be78326cd070bf5e7aa8705ba500c7f9943cdd38c0f71907b3c,2024-05,Durham Constabulary,Durham Constabulary,-1.570605,54.776402,On or near Elvet Waterside,E01033197,County Durham 030F,Violence and sexual offences,Unable to prosecute suspect,
756e9cc81a10773ddd7b996c6c8bae2fdf82587050d05946d746a888b05c7d29,2024-05,Durham Constabulary,Durham Constabulary,-1.566953,54.773370,On or near Prison,E01033197,County Durham 030F,Violence and sexual offences,Unable to prosecute suspect,
30a2a7be0296ee04fb08e2a88b0ea5507c08bb4446f035bc22f3b24fdd4199b3,2024-05,Durham Constabulary,Durham Constabulary,-1.566953,54.773370,On or near Prison,E01033197,County Durham 030F,Violence and sexual offences,Unable to prosecute suspect,
228fa771492776c3e5da22559034db83d77424c70136a60437a051e0864a890f,2024-05,Durham Constabulary,Durham Constabulary,-1.566953,54.773370,On or near Prison,E01033197,County Durham 030F,Violence and sexual offences,Unable to prosecute suspect,
5cc3f59265cbd8a41c434861e502111d56a0a5f75b3e8c939673a2ece5a24644,2024-05,Durham Constabulary,Durham Constabulary,-1.566953,54.773370,On or near Prison,E01033197,County Durham 030F,Violence and sexual offences,Unable to prosecute suspect,
53a5a96039fb8198679514645b1180c9acc48a4d547c5a9ddced60d8d9079af6,2024-05,Durham Constabulary,Durham Constabulary,-1.566953,54.773370,On or near Prison,E01033197,County Durham 030F,Violence and sexual offences,Action to be taken by another organisation,
b51f90182465da02144648de32a101bb747cc12047109f7239482c9bdfbeb092,2024-05,Durham Constabulary,Durham Constabulary,-1.566953,54.773370,On or near Prison,E01033197,County Durham 030F,Violence and sexual offences,Under investigation,
a3fc276c5e20fb761a55c5f2480a4af942627435fc890f6ef50823fc66049178,2024-05,Durham Constabulary,Durham Constabulary,-1.566953,54.773370,On or near Prison,E01033197,County Durham 030F,Violence and sexual offences,Awaiting court outcome,
,2024-05,Durham Constabulary,Durham Constabulary,-1.571943,54.774870,On or near New Elvet,E01034493,County Durham 030H,Anti-social behaviour,,
,2024-05,Durham Constabulary,Durham Constabulary,-1.576898,54.776739,On or near Theatre/Concert Hall,E01034493,County Durham 030H,Anti-social behaviour,,
,2024-05,Durham Constabulary,Durham Constabulary,-1.574649,54.773151,On or near Further/Higher Educational Building,E01034493,County Durham 030H,Anti-social behaviour,,
,2024-05,Durham Constabulary,Durham Constabulary,-1.572009,54.771572,On or near Church Street,E01034493,County Durham 030H,Anti-social behaviour,,
,2024-05,Durham Constabulary,Durham Constabulary,-1.575473,54.777695,On or near Walkergate,E01034493,County Durham 030H,Anti-social behaviour,,
,2024-05,Durham Constabulary,Durham Constabulary,-1.576898,54.776739,On or near Theatre/Concert Hall,E01034493,County Durham 030H,Anti-social behaviour,,
,2024-05,Durham Constabulary,Durham Constabulary,-1.572229,54.769803,On or near Boyd Street,E01034493,County Durham 030H,Anti-social behaviour,,
,2024-05,Durham Constabulary,Durham Constabulary,-1.575034,54.775070,On or near Owengate,E01034493,County Durham 030H,Anti-social behaviour,,
,2024-05,Durham Constabulary,Durham Constabulary,-1.575045,54.778082,On or near Theatre/Concert Hall,E01034493,County Durham 030H,Anti-social behaviour,,
,2024-05,Durham Constabulary,Durham Constabulary,-1.575045,54.778082,On or near Theatre/Concert Hall,E01034493,County Durham 030H,Anti-social behaviour,,
,2024-05,Durham Constabulary,Durham Constabulary,-1.576020,54.777392,On or near Shopping Area,E01034493,County Durham 030H,Anti-social behaviour,,
,2024-05,Durham Constabulary,Durham Constabulary,-1.575473,54.777695,On or near Walkergate,E01034493,County Durham 030H,Anti-social behaviour,,
,2024-05,Durham Constabulary,Durham Constabulary,-1.576020,54.777392,On or near Shopping Area,E01034493,County Durham 030H,Anti-social behaviour,,
,2024-05,Durham Constabulary,Durham Constabulary,-1.570679,54.770912,On or near Oswald Court,E01034493,County Durham 030H,Anti-social behaviour,,
,2024-05,Durham Constabulary,Durham Constabulary,-1.575372,54.776976,On or near Market Place,E01034493,County Durham 030H,Anti-social behaviour,,
,2024-05,Durham Constabulary,Durham Constabulary,-1.572280,54.778295,On or near Claypath,E01034493,County Durham 030H,Anti-social behaviour,,
,2024-05,Durham Constabulary,Durham Constabulary,-1.574137,54.776082,On or near Nightclub,E01034493,County Durham 030H,Anti-social behaviour,,
,2024-05,Durham Constabulary,Durham Constabulary,-1.576834,54.775418,On or near Further/Higher Educational Building,E01034493,County Durham 030H,Anti-social behaviour,,
,2024-05,Durham Constabulary,Durham Constabulary,-1.572280,54.778295,On or near Claypath,E01034493,County Durham 030H,Anti-social behaviour,,
,2024-05,Durham Constabulary,Durham Constabulary,-1.574137,54.776082,On or near Nightclub,E01034493,County Durham 030H,Anti-social behaviour,,
,2024-05,Durham Constabulary,Durham Constabulary,-1.576898,54.776739,On or near Theatre/Concert Hall,E01034493,County Durham 030H,Anti-social behaviour,,
,2024-05,Durham Constabulary,Durham Constabulary,-1.570679,54.770912,On or near Oswald Court,E01034493,County Durham 030H,Anti-social behaviour,,
27194dccdb30aa7786e507edad49e47f77c51bd3ad67d451947a42827d22f7b5,2024-05,Durham Constabulary,Durham Constabulary,-1.581303,54.759617,On or near Further/Higher Educational Building,E01034493,County Durham 030H,Bicycle theft,Investigation complete; no suspect identified,
58ad9eb6830d0d9c8a52165555fba2b8684510193e387cfefbcbf8243ddfbe7e,2024-05,Durham Constabulary,Durham Constabulary,-1.571835,54.768840,On or near Stockton Road,E01034493,County Durham 030H,Bicycle theft,Investigation complete; no suspect identified,
76275a1ce7007eec34b8fc02db2da3e5074583d27a0ee43579a676b99e50fa43,2024-05,Durham Constabulary,Durham Constabulary,-1.576834,54.775418,On or near Further/Higher Educational Building,E01034493,County Durham 030H,Bicycle theft,Investigation complete; no suspect identified,
49a849ae3052543ace134746288e5ac3aa224de2a540c8597358233522215a1b,2024-05,Durham Constabulary,Durham Constabulary,-1.569329,54.775059,On or near Old Elvet,E01034493,County Durham 030H,Bicycle theft,Investigation complete; no suspect identified,
498fdb631da9052fe1c2d274f3acfad099213a21f3b1e90facd4825345ce6fa9,2024-05,Durham Constabulary,Durham Constabulary,-1.571835,54.768840,On or near Stockton Road,E01034493,County Durham 030H,Bicycle theft,Investigation complete; no suspect identified,
230e3f973b90c5e54a6c93a581009fe59316707aaf5ed75a20a1b563573bc48e,2024-05,Durham Constabulary,Durham Constabulary,-1.575153,54.774136,On or near Theatre/Concert Hall,E01034493,County Durham 030H,Bicycle theft,Investigation complete; no suspect identified,
dfa0bde29aa22dd99fef80df6939136db16c6bf523497e5fdf210ef534cb2acd,2024-05,Durham Constabulary,Durham Constabulary,-1.575307,54.778719,On or near Parking Area,E01034493,County Durham 030H,Bicycle theft,Investigation complete; no suspect identified,
7022b107446c6f5c1cf50e54d95d03405a386e9f7b0dbe9ded0620afe35b0416,2024-05,Durham Constabulary,Durham Constabulary,-1.571835,54.768840,On or near Stockton Road,E01034493,County Durham 030H,Bicycle theft,Investigation complete; no suspect identified,
2cfbb7b91f6159eb65683add1036dcadbccce807ae2c4d6abe701f6288f84ae6,2024-05,Durham Constabulary,Durham Constabulary,-1.574406,54.774142,On or near Further/Higher Educational Building,E01034493,County Durham 030H,Burglary,Investigation complete; no suspect identified,
86780d082b847cdb2c99c92043ec847edf3614efc76a1829c8020cd0bd985e3b,2024-05,Durham Constabulary,Durham Constabulary,-1.576796,54.762603,On or near Further/Higher Educational Building,E01034493,County Durham 030H,Burglary,Investigation complete; no suspect identified,
e09ee4f05c3791a86d792beb6075c099dd02420de9a526208d95bd10b14da045,2024-05,Durham Constabulary,Durham Constabulary,-1.569329,54.775059,On or near Old Elvet,E01034493,County Durham 030H,Criminal damage and arson,Local resolution,
b76184a892182f0086c18e639a18272ed0d0cf452aa47857ca22704f1dafead1,2024-05,Durham Constabulary,Durham Constabulary,-1.572280,54.778295,On or near Claypath,E01034493,County Durham 030H,Criminal damage and arson,Investigation complete; no suspect identified,
eb59ffb8bfeafafd0c06ac0960427c4b8d301ed54578087701d089cebc8520bb,2024-05,Durham Constabulary,Durham Constabulary,-1.575034,54.775070,On or near Owengate,E01034493,County Durham 030H,Criminal damage and arson,Investigation complete; no suspect identified,
555a69436315e9346480a8464492fb0718746116a23acca63fa73d460e351dfd,2024-05,Durham Constabulary,Durham Constabulary,-1.570618,54.778137,On or near Leazes Place,E01034493,County Durham 030H,Criminal damage and arson,Investigation complete; no suspect identified,
24ca6e21fd4c21e522185066fbebd493286dad79a508bbaf009e53e081e5b91a,2024-05,Durham Constabulary,Durham Constabulary,-1.576020,54.777392,On or near Shopping Area,E01034493,County Durham 030H,Criminal damage and arson,Investigation complete; no suspect identified,
fcd6a4ccfe1bf5b6238091636f45dd24079db77dce59ebe5886e9960c407d272,2024-05,Durham Constabulary,Durham Constabulary,-1.577498,54.765382,On or near Further/Higher Educational Building,E01034493,County Durham 030H,Criminal damage and arson,Investigation complete; no suspect identified,
a8ef9124a1937437f67f08c32c99960a136d1eb0e678c279bcca9cb6ff339249,2024-05,Durham Constabulary,Durham Constabulary,-1.569329,54.775059,On or near Old Elvet,E01034493,County Durham 030H,Criminal damage and arson,Local resolution,
68b128f6a56bb8c938e85b6d376333c61c6eef918706b6d4a26219d9d292387d,2024-05,Durham Constabulary,Durham Constabulary,-1.578125,54.770884,On or near South Bailey,E01034493,County Durham 030H,Drugs,Further investigation is not in the public interest,
52975513a1b1a80b440f298f6e7f52e416797e78ae82419af536a6637bd2b7a3,2024-05,Durham Constabulary,Durham Constabulary,-1.570952,54.774498,On or near Police Station,E01034493,County Durham 030H,Drugs,Further investigation is not in the public interest,
e9e7abc56e581a413653aa2bb36a21759840f0c229a027968232bef29e64c2fd,2024-05,Durham Constabulary,Durham Constabulary,-1.570952,54.774498,On or near Police Station,E01034493,County Durham 030H,Drugs,Local resolution,
36c5837af8ba81373d10d7fe17f7981542c51bdcd36708ab634d212a22a251a3,2024-05,Durham Constabulary,Durham Constabulary,-1.572009,54.771572,On or near Church Street,E01034493,County Durham 030H,Other theft,Unable to prosecute suspect,
bbd01171ce239ced0e27c107e0e846fd521ae305e33e6d94e748654a77230b6b,2024-05,Durham Constabulary,Durham Constabulary,-1.561523,54.765483,On or near Further/Higher Educational Building,E01034493,County Durham 030H,Other theft,Investigation complete; no suspect identified,
05e927eb011e39ffc1c4db70edade481d2c16f0ad777197d6c1b4cb678b735f9,2024-05,Durham Constabulary,Durham Constabulary,-1.577498,54.765382,On or near Further/Higher Educational Building,E01034493,County Durham 030H,Other theft,Investigation complete; no suspect identified,
b04d51254b761f5c17f9585ecc60a4d67fbb8844972d4a47d03ebe958dd3d7dc,2024-05,Durham Constabulary,Durham Constabulary,-1.574137,54.776082,On or near Nightclub,E01034493,County Durham 030H,Other theft,Unable to prosecute suspect,
fecca1d554a673ccb5c3489a8fd9732818419935f7c2da163e80f1ebeae837cd,2024-05,Durham Constabulary,Durham Constabulary,-1.576898,54.776739,On or near Theatre/Concert Hall,E01034493,County Durham 030H,Other theft,Investigation complete; no suspect identified,
df9b977777732d179afdfbf508a27bf9c1f484336080c8498d694545f4db95dd,2024-05,Durham Constabulary,Durham Constabulary,-1.581438,54.763059,On or near Further/Higher Educational Building,E01034493,County Durham 030H,Other theft,Investigation complete; no suspect identified,
792ad50c1d4ac8d3f582d4efe87853a43502653f16d5feff9c46ac78f8e44ea8,2024-05,Durham Constabulary,Durham Constabulary,-1.574137,54.776082,On or near Nightclub,E01034493,County Durham 030H,Public order,Investigation complete; no suspect identified,
04ef1a5cb0dda10963f08fa54935133ea897a27d0e8054967805c2f669738ae1,2024-05,Durham Constabulary,Durham Constabulary,-1.575045,54.778082,On or near Theatre/Concert Hall,E01034493,County Durham 030H,Public order,Unable to prosecute suspect,
53a6d9b9cb485cd2e3c6f172509276edec8bfdcdd3e1368a83eee17976f7d41c,2024-05,Durham Constabulary,Durham Constabulary,-1.575473,54.777695,On or near Walkergate,E01034493,County Durham 030H,Public order,Under investigation,
d831f2e346f159bf3f66b05c559eb6571b65dcee84a8b465e99c51544fe0264e,2024-05,Durham Constabulary,Durham Constabulary,-1.573492,54.776826,On or near Shopping Area,E01034493,County Durham 030H,Public order,Investigation complete; no suspect identified,
b46633ee40f7865670fdc66839ea3b906aee513a81ea65ba2d64c5bb800ad96b,2024-05,Durham Constabulary,Durham Constabulary,-1.573492,54.776826,On or near Shopping Area,E01034493,County Durham 030H,Public order,Investigation complete; no suspect identified,
371a7080df1372f8a5fba5f16c0ae86ef8e41840b0c83a6b88a12c21247803f3,2024-05,Durham Constabulary,Durham Constabulary,-1.575372,54.776976,On or near Market Place,E01034493,County Durham 030H,Public order,Unable to prosecute suspect,
d97120379d18c61cd4adbd50187fa6d8fdb7baaa7995e7008ded03252b1648d6,2024-05,Durham Constabulary,Durham Constabulary,-1.575045,54.778082,On or near Theatre/Concert Hall,E01034493,County Durham 030H,Public order,Awaiting court outcome,
bd152ae8a48bb68d3bfcc292bd8db620ccce9138089453fdec8a171e688a54f0,2024-05,Durham Constabulary,Durham Constabulary,-1.575045,54.778082,On or near Theatre/Concert Hall,E01034493,County Durham 030H,Public order,Under investigation,
b31d1013a47f07b5f4461bbc14c85850b843088768b31f5b768354f7f3c79d39,2024-05,Durham Constabulary,Durham Constabulary,-1.576796,54.762603,On or near Further/Higher Educational Building,E01034493,County Durham 030H,Public order,Investigation complete; no suspect identified,
f01a32a91c870c10c61c2880e666d644d2f02a11f6e9a32ca14bc97279e1071e,2024-05,Durham Constabulary,Durham Constabulary,-1.575034,54.775070,On or near Owengate,E01034493,County Durham 030H,Public order,Under investigation,
c7b7ad1130f76fcb209ffc0a0477e6adb50a9361a3cab67a8c34f358c8346bd0,2024-05,Durham Constabulary,Durham Constabulary,-1.575372,54.776976,On or near Market Place,E01034493,County Durham 030H,Shoplifting,Awaiting court outcome,
c32603af201b0834892ce9cb31dc4da9544a834a0d659507604e2788b5960607,2024-05,Durham Constabulary,Durham Constabulary,-1.575473,54.777695,On or near Walkergate,E01034493,County Durham 030H,Shoplifting,Awaiting court outcome,
c90a7aae38ba8da11abe0b6953480f80679505847c87e8f95f19f45c6c595a20,2024-05,Durham Constabulary,Durham Constabulary,-1.576898,54.776739,On or near Theatre/Concert Hall,E01034493,County Durham 030H,Shoplifting,Unable to prosecute suspect,
6429bf455f0b13516187d573d284dac7ff7915400389c632a7d9c542a40a34a9,2024-05,Durham Constabulary,Durham Constabulary,-1.575372,54.776976,On or near Market Place,E01034493,County Durham 030H,Shoplifting,Local resolution,
3d1a55c014738427a490525bf48a58f821825dc8f9849d79ec27a9e03aef1fcc,2024-05,Durham Constabulary,Durham Constabulary,-1.573492,54.776826,On or near Shopping Area,E01034493,County Durham 030H,Shoplifting,Under investigation,
5e9dff302b33186ca1ee4647b4a0a67d9d35610514072c701e098247b78837de,2024-05,Durham Constabulary,Durham Constabulary,-1.575372,54.776976,On or near Market Place,E01034493,County Durham 030H,Shoplifting,Unable to prosecute suspect,
90fa81d364aab662b79fb28dd623bea11097b8da57f9943216924bc1b0935940,2024-05,Durham Constabulary,Durham Constabulary,-1.576898,54.776739,On or near Theatre/Concert Hall,E01034493,County Durham 030H,Shoplifting,Investigation complete; no suspect identified,
ad2594218692267943718226c555a94257eda85532611ac8fe004cf13fe1dbd5,2024-05,Durham Constabulary,Durham Constabulary,-1.574406,54.774142,On or near Further/Higher Educational Building,E01034493,County Durham 030H,Vehicle crime,Investigation complete; no suspect identified,
21db6d7a25b55ffbe61775027c2f972f3121fe2a6d356f84eb97f43f2824c48c,2024-05,Durham Constabulary,Durham Constabulary,-1.561523,54.765483,On or near Further/Higher Educational Building,E01034493,County Durham 030H,Vehicle crime,Investigation complete; no suspect identified,
4f6aa2b265d892386842399990bf82107f67be987330e2c0491730fceddd60bc,2024-05,Durham Constabulary,Durham Constabulary,-1.575045,54.778082,On or near Theatre/Concert Hall,E01034493,County Durham 030H,Violence and sexual offences,Unable to prosecute suspect,
b2df8aae2b875a889f30c24e0a27b66669aa9421df6b62168f3629a8e3308030,2024-05,Durham Constabulary,Durham Constabulary,-1.571943,54.774870,On or near New Elvet,E01034493,County Durham 030H,Violence and sexual offences,Investigation complete; no suspect identified,
0873b85dc511ed7faef3ddfc7f5f51ab5dc229111c914f437058ba60dffb705a,2024-05,Durham Constabulary,Durham Constabulary,-1.573492,54.776826,On or near Shopping Area,E01034493,County Durham 030H,Violence and sexual offences,Unable to prosecute suspect,
8f50de1e21f7d32558e8b6290d163a6521826cf25661aef1db5f83822735959b,2024-05,Durham Constabulary,Durham Constabulary,-1.577498,54.765382,On or near Further/Higher Educational Building,E01034493,County Durham 030H,Violence and sexual offences,Investigation complete; no suspect identified,
1ea4131e2caef6168e2c57e9734f5d815ced1fa1fff740e880139002287d6af5,2024-05,Durham Constabulary,Durham Constabulary,-1.575034,54.775070,On or near Owengate,E01034493,County Durham 030H,Violence and sexual offences,Unable to prosecute suspect,
a365c93d2390fa65a0e86d8bf6143c67cc6a34537529f10da480b2a83e22235f,2024-05,Durham Constabulary,Durham Constabulary,-1.575307,54.778719,On or near Parking Area,E01034493,County Durham 030H,Violence and sexual offences,Investigation complete; no suspect identified,
c94b6d0868c1f6c044053f0ca4d2655e1f2e96df683a3623f7c7265d1e2d8fc3,2024-05,Durham Constabulary,Durham Constabulary,-1.575307,54.778719,On or near Parking Area,E01034493,County Durham 030H,Violence and sexual offences,Unable to prosecute suspect,
fd5805168636019fe53c5550cafd9ef882d3abb96490a8c1b0ff4e0868e1dd1b,2024-05,Durham Constabulary,Durham Constabulary,-1.571835,54.768840,On or near Stockton Road,E01034493,County Durham 030H,Violence and sexual offences,Unable to prosecute suspect,
7d2792f1d7f59cffc65d023615b952996f03e5b2397aa6ef634270631f530325,2024-05,Durham Constabulary,Durham Constabulary,-1.575473,54.777695,On or near Walkergate,E01034493,County Durham 030H,Violence and sexual offences,Investigation complete; no suspect identified,
999edb1891e5c4c0259e383f0004fadf9aa1a069a0ae7a5f187008bfaed91848,2024-05,Durham Constabulary,Durham Constabulary,-1.574137,54.776082,On or near Nightclub,E01034493,County Durham 030H,Violence and sexual offences,Unable to prosecute suspect,
bc0fc521d5e2c88a30a9f84a8165cb8d2abe30bbc9b7ffe0cc379cebb6fd7e6c,2024-05,Durham Constabulary,Durham Constabulary,-1.570679,54.770912,On or near Oswald Court,E01034493,County Durham 030H,Violence and sexual offences,Unable to prosecute suspect,
f1a620582f4d02b6d18bfab82271cc1820f75203e33099da36aebf91646fd19b,2024-05,Durham Constabulary,Durham Constabulary,-1.561523,54.765483,On or near Further/Higher Educational Building,E01034493,County Durham 030H,Violence and sexual offences,Investigation complete; no suspect identified,
c8520d8f8ecd2e93226e3fef34b38646959eea274e34e25c1514acc333ed9060,2024-05,Durham Constabulary,Durham Constabulary,-1.575307,54.778719,On or near Parking Area,E01034493,County Durham 030H,Violence and sexual offences,Under investigation,
005b5975fc2511fc0a08e930ff6270c4b8d1cf43b8d16c95f7c327eb60ca3aa0,2024-05,Durham Constabulary,Durham Constabulary,-1.569329,54.775059,On or near Old Elvet,E01034493,County Durham 030H,Violence and sexual offences,Unable to prosecute suspect,
5cbfc111677c381628dd1633d2840074a73be6bfb2e11f1c1e6e8b99f7fd2e8b,2024-05,Durham Constabulary,Durham Constabulary,-1.574137,54.776082,On or near Nightclub,E01034493,County Durham 030H,Violence and sexual offences,Investigation complete; no suspect identified,
d2494170eaa249b3883f16372f08c67d194c819898f83086e70dc1ef8bf78b02,2024-05,Durham Constabulary,Durham Constabulary,-1.575153,54.774136,On or near Theatre/Concert Hall,E01034493,County Durham 030H,Violence and sexual offences,Under investigation,
e99447379bdb570e4bf659c3aba812b973a6160e4b3c36a985e084ab7520a47c,2024-05,Durham Constabulary,Durham Constabulary,-1.581990,54.760832,On or near South Road,E01034493,County Durham 030H,Violence and sexual offences,Unable to prosecute suspect,
c655fbf8a34ef3dced2f0181dc53fc7e829045a74d86fc169423dad449304486,2024-05,Durham Constabulary,Durham Constabulary,-1.575372,54.776976,On or near Market Place,E01034493,County Durham 030H,Violence and sexual offences,Investigation complete; no suspect identified,
8fa556e4cad7e19f17afadb0721366461a90689eeb8eb720b620bd41619bb00d,2024-05,Durham Constabulary,Durham Constabulary,-1.574137,54.776082,On or near Nightclub,E01034493,County Durham 030H,Violence and sexual offences,Unable to prosecute suspect,
1b578c9257d25e14d3dd15b4b280ae744d9b15710dc1fadd0c2beea0559ce577,2024-05,Durham Constabulary,Durham Constabulary,-1.576020,54.777392,On or near Shopping Area,E01034493,County Durham 030H,Violence and sexual offences,Investigation complete; no suspect identified,
a306bd74c7fafd7df9138e1be8e63a328b20d57f1ba02deaafcda299fce7be31,2024-05,Durham Constabulary,Durham Constabulary,-1.574137,54.776082,On or near Nightclub,E01034493,County Durham 030H,Violence and sexual offences,Under investigation,
9da42e032a56ede0e0c832fe02fa4ebf7cdc4606e547a3b829fea77439ebc548,2024-05,Durham Constabulary,Durham Constabulary,-1.578125,54.770884,On or near South Bailey,E01034493,County Durham 030H,Violence and sexual offences,Unable to prosecute suspect,
a8b20ed203b20ea588f73c9566a407860c5dbb25f46934602a87d8348087284b,2024-05,Durham Constabulary,Durham Constabulary,-1.577498,54.765382,On or near Further/Higher Educational Building,E01034493,County Durham 030H,Violence and sexual offences,Unable to prosecute suspect,
104ad7970ae3c9d29eb087ade69e137461211629dadbcf852f977014bd11bcba,2024-05,Durham Constabulary,Durham Constabulary,-1.575153,54.774136,On or near Theatre/Concert Hall,E01034493,County Durham 030H,Violence and sexual offences,Under investigation,
b0f8c892b350f7e29a3b21ab353b5d49e57afaa7fd2323cf14e11c6d74452f3a,2024-05,Durham Constabulary,Durham Constabulary,-1.569329,54.775059,On or near Old Elvet,E01034493,County Durham 030H,Violence and sexual offences,Local resolution,
bb596909104d551c2610cc6dc0e5080d1859f535f765f7a5131fb0f37cafb0ba,2024-05,Durham Constabulary,Durham Constabulary,-1.581438,54.763059,On or near Further/Higher Educational Building,E01034493,County Durham 030H,Violence and sexual offences,Unable to prosecute suspect,
2dd2ff6a0bfb80f4ec4340dd8db92cf684c523d5cd21dc737d1d3b50de76aedd,2024-05,Durham Constabulary,Durham Constabulary,-1.574137,54.776082,On or near Nightclub,E01034493,County Durham 030H,Violence and sexual offences,Investigation complete; no suspect identified,
9f87e310dfa96825c943d5950190c84328afbac8ad58d2c927072d5f724f351a,2024-05,Durham Constabulary,Durham Constabulary,-1.575045,54.778082,On or near Theatre/Concert Hall,E01034493,County Durham 030H,Violence and sexual offences,Unable to prosecute suspect,
8bb53093b8f3d826b2f14d27717fdaaaa50a3894375baae56066bd9fbdca29cd,2024-05,Durham Constabulary,Durham Constabulary,-1.575307,54.778719,On or near Parking Area,E01034493,County Durham 030H,Violence and sexual offences,Unable to prosecute suspect,
e00dfe326a5645d2683bdeeb0842e4eec8f8cab92b9443a267db8774bf4a4135,2024-05,Durham Constabulary,Durham Constabulary,-1.574137,54.776082,On or near Nightclub,E01034493,County Durham 030H,Other crime,Awaiting court outcome,
,2024-05,Durham Constabulary,Durham Constabulary,-1.705498,54.772140,On or near Wood View,E01020705,County Durham 031A,Anti-social behaviour,,
,2024-05,Durham Constabulary,Durham Constabulary,-1.705775,54.770362,On or near Westlea Court,E01020705,County Durham 031A,Anti-social behaviour,,
,2024-05,Durham Constabulary,Durham Constabulary,-1.711210,54.768874,On or near The Larches,E01020705,County Durham 031A,Anti-social behaviour,,
daaa57a4bd9e1122ba9caa6f6deb3d53fb251491e3a71bb303a6f275c54361a2,2024-05,Durham Constabulary,Durham Constabulary,-1.711900,54.772353,On or near Dene Park,E01020705,County Durham 031A,Bicycle theft,Investigation complete; no suspect identified,
c5abeb105805be8e3460a3afee4927a52742c0dbbef210c99055231a7e999320,2024-05,Durham Constabulary,Durham Constabulary,-1.711389,54.767715,On or near Redwood,E01020705,County Durham 031A,Criminal damage and arson,Further action is not in the public interest,
70a65ea2802da50339679219acd49eed81cfbb5f40c6f32e4eebe52dcba2a3cf,2024-05,Durham Constabulary,Durham Constabulary,-1.711210,54.768874,On or near The Larches,E01020705,County Durham 031A,Other theft,Investigation complete; no suspect identified,
331827b04a4fe9029e17b1191eab4332e203e11369bbf1c2f5bb71c0b24af790,2024-05,Durham Constabulary,Durham Constabulary,-1.711210,54.768874,On or near The Larches,E01020705,County Durham 031A,Public order,Unable to prosecute suspect,
dbe62a078f3a21cf715ba274bc58a9d2621bb82d92ef99272c2a88eb380410f2,2024-05,Durham Constabulary,Durham Constabulary,-1.711210,54.768874,On or near The Larches,E01020705,County Durham 031A,Public order,Unable to prosecute suspect,
a16d195d40a6fea0222a2c1d091c9321a01d20be65d702b2e7995b8b086f9071,2024-05,Durham Constabulary,Durham Constabulary,-1.706957,54.768118,On or near Carmarthen Mews,E01020705,County Durham 031A,Violence and sexual offences,Local resolution,
2047dd4866299fc7206916f675be4a1df580facb77defbd624924898ebf00d42,2024-05,Durham Constabulary,Durham Constabulary,-1.706957,54.768118,On or near Carmarthen Mews,E01020705,County Durham 031A,Violence and sexual offences,Local resolution,
468f74508ceb071892ba31f1e49a1273b53f0fb8642b9cefb293471e7d094604,2024-05,Durham Constabulary,Durham Constabulary,-1.707423,54.771505,On or near Sports/Recreation Area,E01020705,County Durham 031A,Violence and sexual offences,Investigation complete; no suspect identified,
59f96e7b714f57f5625e466e56af3f7c01b559ee2b62e9785d4d334d4bde84fe,2024-05,Durham Constabulary,Durham Constabulary,-1.712730,54.767197,On or near Hamilton Close,E01020705,County Durham 031A,Violence and sexual offences,Unable to prosecute suspect,
06413c0ca6b923493d6e7ff1fcdfa7277aca80760d0c8fb8a4454c23fad58efd,2024-05,Durham Constabulary,Durham Constabulary,-1.711210,54.768874,On or near The Larches,E01020705,County Durham 031A,Violence and sexual offences,Local resolution,
35a04b23b9d70b19755e6f547ab053d24bd17d89d92e80f44837bc950f6e8538,2024-05,Durham Constabulary,Durham Constabulary,-1.711389,54.767715,On or near Redwood,E01020705,County Durham 031A,Violence and sexual offences,Further action is not in the public interest,
7fa0e14327718e3b817eae589701852d12e4360fb7dfc62303a92c08b63bb8ad,2024-05,Durham Constabulary,Durham Constabulary,-1.707423,54.771505,On or near Sports/Recreation Area,E01020705,County Durham 031A,Violence and sexual offences,Unable to prosecute suspect,
ad80f13396b403a0f7c2157b30ee962e2da6d9fea894f3dcf8d934ee0a87f01b,2024-05,Durham Constabulary,Durham Constabulary,-1.703115,54.772665,On or near Fair View,E01020705,County Durham 031A,Violence and sexual offences,Unable to prosecute suspect,
,2024-05,Durham Constabulary,Durham Constabulary,-1.702748,54.767676,On or near Woodlands Place,E01020706,County Durham 031B,Anti-social behaviour,,
,2024-05,Durham Constabulary,Durham Constabulary,-1.696834,54.770798,On or near Pine View Villas,E01020706,County Durham 031B,Anti-social behaviour,,
,2024-05,Durham Constabulary,Durham Constabulary,-1.704798,54.769982,On or near Supermarket,E01020706,County Durham 031B,Anti-social behaviour,,
,2024-05,Durham Constabulary,Durham Constabulary,-1.696834,54.770798,On or near Pine View Villas,E01020706,County Durham 031B,Anti-social behaviour,,
4cfdce98131873b1abde038c02c886da7847bb62798586064ed13d93389c2ff1,2024-05,Durham Constabulary,Durham Constabulary,-1.717851,54.761628,On or near Station Street,E01020706,County Durham 031B,Criminal damage and arson,Investigation complete; no suspect identified,
c8d2d3fa64c6fe54efb52bd2f5031d02e28e9ba01fd25661d1c9feff1f78ea2c,2024-05,Durham Constabulary,Durham Constabulary,-1.703712,54.769728,On or near Edward Street,E01020706,County Durham 031B,Criminal damage and arson,Unable to prosecute suspect,
1d1c45f53c4583ff735559caecd56744afdd3ba01d9dcfaaa950aee9c38c8ca5,2024-05,Durham Constabulary,Durham Constabulary,-1.699151,54.770642,On or near Acton Road,E01020706,County Durham 031B,Criminal damage and arson,Local resolution,
7baf118d1c4174ef49cdb545df03cccfac80e8edd1da0ada0b8d3749890040c8,2024-05,Durham Constabulary,Durham Constabulary,-1.699533,54.771596,On or near Brandon Road,E01020706,County Durham 031B,Other theft,Offender given a caution,
e3bbe1e4db9f9ca4e7ae9b629954ca54b368b2212ec8402220343df8b620c37e,2024-05,Durham Constabulary,Durham Constabulary,-1.701839,54.770819,On or near The Bungalows,E01020706,County Durham 031B,Vehicle crime,Unable to prosecute suspect,
7d0f59d79ac0ee942fbccbdf28f9ee616227d7fc0ab238967f329e1417e32d28,2024-05,Durham Constabulary,Durham Constabulary,-1.704798,54.769982,On or near Supermarket,E01020706,County Durham 031B,Violence and sexual offences,Local resolution,
520a6b18872b9630e174339b01bf868b64505eeca38c8d99f5e37eb9d0e7e157,2024-05,Durham Constabulary,Durham Constabulary,-1.699533,54.771596,On or near Brandon Road,E01020706,County Durham 031B,Violence and sexual offences,Unable to prosecute suspect,
e3adf75415b13d1d2c81b3a8120094d9230e415157e0c06196956dbf6fae0c2b,2024-05,Durham Constabulary,Durham Constabulary,-1.703712,54.769728,On or near Edward Street,E01020706,County Durham 031B,Violence and sexual offences,Unable to prosecute suspect,
3982f1d82e971d046a4ae35788c8a36eecca59f85f8ffed88022eaefdbb1e010,2024-05,Durham Constabulary,Durham Constabulary,-1.713446,54.767046,On or near Laurel Court,E01020706,County Durham 031B,Violence and sexual offences,Unable to prosecute suspect,
,2024-05,Durham Constabulary,Durham Constabulary,-1.648785,54.780158,On or near Welby Drive,E01034494,County Durham 031D,Anti-social behaviour,,
,2024-05,Durham Constabulary,Durham Constabulary,-1.648785,54.780158,On or near Welby Drive,E01034494,County Durham 031D,Anti-social behaviour,,
,2024-05,Durham Constabulary,Durham Constabulary,-1.648785,54.780158,On or near Welby Drive,E01034494,County Durham 031D,Anti-social behaviour,,
,2024-05,Durham Constabulary,Durham Constabulary,-1.647015,54.781582,On or near Lindsay Road,E01034494,County Durham 031D,Anti-social behaviour,,
9111031d63c634985ace0b8e7469fbf8cd655c1195f350d8d74af5ddb0645c7e,2024-05,Durham Constabulary,Durham Constabulary,-1.651902,54.779278,On or near St Lukes Mews,E01034494,County Durham 031D,Criminal damage and arson,Investigation complete; no suspect identified,
559a576c8a5d58a8be34801cec9e0812385778f69a0ca14ccf514c771ba6e31a,2024-05,Durham Constabulary,Durham Constabulary,-1.649402,54.778821,On or near Scholars Court,E01034494,County Durham 031D,Other theft,Investigation complete; no suspect identified,
a3777ca5df656d8d75a29539b7dc49b7710cb5841d8e6ff4a2ed878a1cd1a3ae,2024-05,Durham Constabulary,Durham Constabulary,-1.644393,54.777464,On or near Supermarket,E01034494,County Durham 031D,Shoplifting,Awaiting court outcome,
37fbe96f7b6ea341bf4d30287a5ae3011304f8c4f93ebdda745960a52fb04746,2024-05,Durham Constabulary,Durham Constabulary,-1.644393,54.777464,On or near Supermarket,E01034494,County Durham 031D,Shoplifting,Awaiting court outcome,
29357c52a5e11dc1052c5c2d8a71d8625bf388961ced534fc98f4a74556f5f5b,2024-05,Durham Constabulary,Durham Constabulary,-1.644393,54.777464,On or near Supermarket,E01034494,County Durham 031D,Shoplifting,Formal action is not in the public interest,
a65c466c5de0e8154b0620bbe0e68e4da0dfa4083df3f7fc7800f8d56e376e3d,2024-05,Durham Constabulary,Durham Constabulary,-1.644393,54.777464,On or near Supermarket,E01034494,County Durham 031D,Violence and sexual offences,Unable to prosecute suspect,
,2024-05,Durham Constabulary,Durham Constabulary,-1.679642,54.778707,On or near Flasshall Lane,E01034495,County Durham 031E,Anti-social behaviour,,
,2024-05,Durham Constabulary,Durham Constabulary,-1.679642,54.778707,On or near Flasshall Lane,E01034495,County Durham 031E,Anti-social behaviour,,
,2024-05,Durham Constabulary,Durham Constabulary,-1.651297,54.768177,On or near Jubilee Close,E01034495,County Durham 031E,Anti-social behaviour,,
88e4dc3a9b37d7bcf3619545b26a205608f26633d724d2b60f139e9d3aed627b,2024-05,Durham Constabulary,Durham Constabulary,-1.648045,54.766793,On or near Doric Road,E01034495,County Durham 031E,Other theft,Unable to prosecute suspect,
5b774b7a06d4282bac8bc9e834e10ae9c0a731572f9f67a46079dd7cfbf97e27,2024-05,Durham Constabulary,Durham Constabulary,-1.651110,54.766470,On or near Pringle Place,E01034495,County Durham 031E,Public order,Under investigation,
fafc3f6b4923922d0c5f4d633ea2530d3fa9d20e63ba013d947b2b2307a8e4b1,2024-05,Durham Constabulary,Durham Constabulary,-1.652302,54.765206,On or near Pringle Close,E01034495,County Durham 031E,Violence and sexual offences,Unable to prosecute suspect,
9a8ee7e122f765711e49aa5837aab001d876d95b3ec61d2acda607c4ec20e32b,2024-05,Durham Constabulary,Durham Constabulary,-1.652030,54.767982,On or near Tuscan Close,E01034495,County Durham 031E,Violence and sexual offences,Investigation complete; no suspect identified,
ba3f03736cd81b07badab1aa4d23793e874d8e173db8e0dbf1844ef97a6ab316,2024-05,Durham Constabulary,Durham Constabulary,-1.654109,54.768419,On or near Swallowtail Meadows,E01034495,County Durham 031E,Violence and sexual offences,Unable to prosecute suspect,
a3e55309242ebc25cfac04cb6461e4ec077504babc66c39495e5336acac1eb0d,2024-05,Durham Constabulary,Durham Constabulary,-1.654109,54.768419,On or near Swallowtail Meadows,E01034495,County Durham 031E,Violence and sexual offences,Under investigation,
3a19e8d9a9419e1ddcecb812c04d91f945ecf8d04900d58449f076e82632372c,2024-05,Durham Constabulary,Durham Constabulary,-1.654109,54.768419,On or near Swallowtail Meadows,E01034495,County Durham 031E,Violence and sexual offences,Unable to prosecute suspect,
cc33f68babb2c28a82b0fd02715a4f63fa786155fe70adebd998ec0f09c5cfb6,2024-05,Durham Constabulary,Durham Constabulary,-1.651297,54.768177,On or near Jubilee Close,E01034495,County Durham 031E,Violence and sexual offences,Unable to prosecute suspect,
ede90740d229ab09fb2ea0953fba91551da9b5cd615538e796459081eee80f61,2024-05,Durham Constabulary,Durham Constabulary,-1.651110,54.766470,On or near Pringle Place,E01034495,County Durham 031E,Violence and sexual offences,Local resolution,
,2024-05,Durham Constabulary,Durham Constabulary,-1.318781,54.760560,On or near Supermarket,E01020745,County Durham 032A,Anti-social behaviour,,
,2024-05,Durham Constabulary,Durham Constabulary,-1.328489,54.756738,On or near Hovingham Close,E01020745,County Durham 032A,Anti-social behaviour,,
,2024-05,Durham Constabulary,Durham Constabulary,-1.326914,54.759874,On or near Grisedale Road,E01020745,County Durham 032A,Anti-social behaviour,,
,2024-05,Durham Constabulary,Durham Constabulary,-1.324387,54.758584,On or near Braithwaite Road,E01020745,County Durham 032A,Anti-social behaviour,,
,2024-05,Durham Constabulary,Durham Constabulary,-1.330195,54.758787,On or near Petrol Station,E01020745,County Durham 032A,Anti-social behaviour,,
dd7718d8f0bca44d2e0ba55f3569c55a710d0ff48754dd665ba21d75c3e13c7a,2024-05,Durham Constabulary,Durham Constabulary,-1.328255,54.761481,On or near Kirkstone Avenue,E01020745,County Durham 032A,Criminal damage and arson,Unable to prosecute suspect,
aa5e8914ae71249fab41fa69e8f9edb81574d97adf1cb7ce28c6a4e55d9dc402,2024-05,Durham Constabulary,Durham Constabulary,-1.330195,54.758787,On or near Petrol Station,E01020745,County Durham 032A,Criminal damage and arson,Offender given a caution,
c64d0ccec6e2152ee21f123a051472a00354b88b2384a244c2530f7c0736a3c8,2024-05,Durham Constabulary,Durham Constabulary,-1.330195,54.758787,On or near Petrol Station,E01020745,County Durham 032A,Drugs,Awaiting court outcome,
5ca055ba6db7cd14e31dd2b9488fd4ef244913ad3a5587559b33f3ff72d20b64,2024-05,Durham Constabulary,Durham Constabulary,-1.325296,54.760935,On or near Chapel Hill Road,E01020745,County Durham 032A,Other theft,Unable to prosecute suspect,
05ccf45e3c57600245e7a75b8ad6660136ebee8b93f7227a6bb2a556dcfe0737,2024-05,Durham Constabulary,Durham Constabulary,-1.328961,54.759185,On or near Eskdale Walk,E01020745,County Durham 032A,Other theft,Investigation complete; no suspect identified,
9218fea10e7da6e5823bdde2d9ed22e657022cb4f953a28100c6c2c9ee75fffd,2024-05,Durham Constabulary,Durham Constabulary,-1.318781,54.760560,On or near Supermarket,E01020745,County Durham 032A,Public order,Unable to prosecute suspect,
f91e5d67c4726435d241599dda1d91108f0825754879786dd8170ec127234285,2024-05,Durham Constabulary,Durham Constabulary,-1.324280,54.759419,On or near Matterdale Road,E01020745,County Durham 032A,Public order,Unable to prosecute suspect,
86f8660d77ace7a0f70f56a3b59a7fc7f90897393c27a1f16ecd39681a02486f,2024-05,Durham Constabulary,Durham Constabulary,-1.330195,54.758787,On or near Petrol Station,E01020745,County Durham 032A,Shoplifting,Awaiting court outcome,
2552cbaaf6c3530b806cf1eda8881db93c9e1d2372d06a4d2cd36623bed2a6b3,2024-05,Durham Constabulary,Durham Constabulary,-1.330195,54.758787,On or near Petrol Station,E01020745,County Durham 032A,Shoplifting,Awaiting court outcome,
2019285607344a99905bb9285a6a435f76a5f70d20fc8a44e2a39ecf4aa93d15,2024-05,Durham Constabulary,Durham Constabulary,-1.330195,54.758787,On or near Petrol Station,E01020745,County Durham 032A,Shoplifting,Investigation complete; no suspect identified,
e70d26d896a0e6f1e22886615edb2076ffbace4066deaacbae7ef4f766875bb7,2024-05,Durham Constabulary,Durham Constabulary,-1.329226,54.759105,On or near Langdale Place,E01020745,County Durham 032A,Vehicle crime,Under investigation,
69bfff0fd040878238b17becd823c0b4d7a64728bf8a64fa8e2adb5b4f0f1c6f,2024-05,Durham Constabulary,Durham Constabulary,-1.318781,54.760560,On or near Supermarket,E01020745,County Durham 032A,Violence and sexual offences,Offender given a caution,
a3644567c15305bef0356b96ac8160a41c7b76bf703234f5854b0adeecf26bbb,2024-05,Durham Constabulary,Durham Constabulary,-1.327028,54.758590,On or near Duddon Close,E01020745,County Durham 032A,Violence and sexual offences,Awaiting court outcome,
9274f41bbf1edba9669b95e8f36df9a14d4ffcf8307142c0619b55fb51f90c1e,2024-05,Durham Constabulary,Durham Constabulary,-1.327092,54.760379,On or near Scarfell Close,E01020745,County Durham 032A,Violence and sexual offences,Further investigation is not in the public interest,
ac989a164139f71866d330ba40b99799445ee1aa11a65a7b758a0b819a5f1d1f,2024-05,Durham Constabulary,Durham Constabulary,-1.327147,54.757054,On or near Harrison Close,E01020745,County Durham 032A,Violence and sexual offences,Unable to prosecute suspect,
351571013835e9f8067627ed0263ea40648a83e9e06c922bad749af7a73b14f6,2024-05,Durham Constabulary,Durham Constabulary,-1.324280,54.759419,On or near Matterdale Road,E01020745,County Durham 032A,Violence and sexual offences,Unable to prosecute suspect,
7a5cd9b4f8a532afcb997b247950c94d6a62faf10fa79ba625086c838f89b656,2024-05,Durham Constabulary,Durham Constabulary,-1.330195,54.758787,On or near Petrol Station,E01020745,County Durham 032A,Violence and sexual offences,Awaiting court outcome,
e4e8f36c1772d389de56edf8aff3d57049a001a1c4d20b469e1e84e07b5d4efb,2024-05,Durham Constabulary,Durham Constabulary,-1.330195,54.758787,On or near Petrol Station,E01020745,County Durham 032A,Violence and sexual offences,Awaiting court outcome,
ecf7f66b7af5b9e981cf35b14bd9bba4734f8a8edecf7e945525613a536378c5,2024-05,Durham Constabulary,Durham Constabulary,-1.327028,54.758590,On or near Duddon Close,E01020745,County Durham 032A,Violence and sexual offences,Under investigation,
2b62dc921ad56993ce5ad93f961dc5249108507ee5e554e50b917f8af133877d,2024-05,Durham Constabulary,Durham Constabulary,-1.324387,54.758584,On or near Braithwaite Road,E01020745,County Durham 032A,Violence and sexual offences,Unable to prosecute suspect,
5255897e08bf39ec7570aa240a1faa2e9635ebd58a3c86bf3caf666ebcd7d55b,2024-05,Durham Constabulary,Durham Constabulary,-1.324280,54.759419,On or near Matterdale Road,E01020745,County Durham 032A,Violence and sexual offences,Under investigation,
57324e5e719d2d93cefcbd5786044e251286439cf1da2819c303b3764550a206,2024-05,Durham Constabulary,Durham Constabulary,-1.327092,54.760379,On or near Scarfell Close,E01020745,County Durham 032A,Violence and sexual offences,Offender given a caution,
228b9aaa7dd7b48e9c45ed762fdd0eb4fabac39d0b5a4d4a7eecad4c1f2dc914,2024-05,Durham Constabulary,Durham Constabulary,-1.324387,54.758584,On or near Braithwaite Road,E01020745,County Durham 032A,Violence and sexual offences,Investigation complete; no suspect identified,
31c242f3884c69138d55d8761dd0efb20ea040cf79ccd06477c65809ca839bcb,2024-05,Durham Constabulary,Durham Constabulary,-1.328874,54.757872,On or near Burdon Place,E01020745,County Durham 032A,Violence and sexual offences,Unable to prosecute suspect,
9f374cbd7dd0cab5f01130394e2907cbf76733a10a931b378fc472da3a8832e9,2024-05,Durham Constabulary,Durham Constabulary,-1.328489,54.756738,On or near Hovingham Close,E01020745,County Durham 032A,Violence and sexual offences,Unable to prosecute suspect,
a9238141fc4e8ba8803bba8059a497e1a199bb611c68288b3b2f4b40e91ee80d,2024-05,Durham Constabulary,Durham Constabulary,-1.328815,54.760523,On or near Staveley Road,E01020745,County Durham 032A,Violence and sexual offences,Investigation complete; no suspect identified,
2276d5640ff0018a6ada4c12970e4fb23d2bdec0328ab371870003e87b52d712,2024-05,Durham Constabulary,Durham Constabulary,-1.327028,54.758590,On or near Duddon Close,E01020745,County Durham 032A,Violence and sexual offences,Investigation complete; no suspect identified,
52fa9d0f9a693bdd653a68b62f201835eb2a599d9e1208358cffab4f7fe0927f,2024-05,Durham Constabulary,Durham Constabulary,-1.328874,54.757872,On or near Burdon Place,E01020745,County Durham 032A,Other crime,Further investigation is not in the public interest,
2e73f407262d35832540e098d9da5dc01a24213c1a106523cbc844bf26150e72,2024-05,Durham Constabulary,Durham Constabulary,-1.325296,54.760935,On or near Chapel Hill Road,E01020745,County Durham 032A,Other crime,Unable to prosecute suspect,
,2024-05,Durham Constabulary,Durham Constabulary,-1.336694,54.787086,On or near Rydal Mount,E01020753,County Durham 032B,Anti-social behaviour,,
,2024-05,Durham Constabulary,Durham Constabulary,-1.330494,54.785911,On or near Briardene Way,E01020753,County Durham 032B,Anti-social behaviour,,
,2024-05,Durham Constabulary,Durham Constabulary,-1.330494,54.785911,On or near Briardene Way,E01020753,County Durham 032B,Anti-social behaviour,,
,2024-05,Durham Constabulary,Durham Constabulary,-1.335952,54.785914,On or near Glenhurst Road,E01020753,County Durham 032B,Anti-social behaviour,,
2c5949431c2cd7e931a8eb5281cd074dc5126f892647dedf25cf754b91b1a549,2024-05,Durham Constabulary,Durham Constabulary,-1.334689,54.786087,On or near Paradise Crescent,E01020753,County Durham 032B,Burglary,Investigation complete; no suspect identified,
cd2819ba9c348b067caa3be1a08c68010d257a6b4c1d70cd16f819a5b9fac9ad,2024-05,Durham Constabulary,Durham Constabulary,-1.333163,54.789062,On or near Stewart Street,E01020753,County Durham 032B,Criminal damage and arson,Investigation complete; no suspect identified,
08a737458d7bbc3ebdc76ff33cf7b966a50aa6720c85e0d4de30503fc35a0a0c,2024-05,Durham Constabulary,Durham Constabulary,-1.338923,54.785840,On or near Manisty Terrace,E01020753,County Durham 032B,Criminal damage and arson,Local resolution,
d29fc3238ef3987eeef9d1810e02d30a002a6bf79a13b4e54b8207d7cd66a74f,2024-05,Durham Constabulary,Durham Constabulary,-1.332889,54.786796,On or near The Coppice,E01020753,County Durham 032B,Criminal damage and arson,Investigation complete; no suspect identified,
144124652166517faee655f8f2b77fff5574dd37ce091da9935c6679e8c827a9,2024-05,Durham Constabulary,Durham Constabulary,-1.330494,54.785911,On or near Briardene Way,E01020753,County Durham 032B,Criminal damage and arson,Investigation complete; no suspect identified,
1597faaf01b3c7d5316397ab7f942313bdb16cf74d39374d2e8d5270b66a1fbe,2024-05,Durham Constabulary,Durham Constabulary,-1.332889,54.786796,On or near The Coppice,E01020753,County Durham 032B,Criminal damage and arson,Investigation complete; no suspect identified,
22547871c4ea115461e27f5c59dc0b279c2d8b63e8aa69446632cdb327e03333,2024-05,Durham Constabulary,Durham Constabulary,-1.332889,54.786796,On or near The Coppice,E01020753,County Durham 032B,Other theft,Investigation complete; no suspect identified,
ebb7564b2ec2af32ec063d026425b863dd738bdb8658939878d2c146371e4af5,2024-05,Durham Constabulary,Durham Constabulary,-1.332889,54.786796,On or near The Coppice,E01020753,County Durham 032B,Other theft,Investigation complete; no suspect identified,
e18de27c3ac282f23587af19daabee2dd1ff3f28ad1ceaa256a49f8a4d8b9a13,2024-05,Durham Constabulary,Durham Constabulary,-1.333163,54.789062,On or near Stewart Street,E01020753,County Durham 032B,Other theft,Investigation complete; no suspect identified,
a6de06647e64bb26b87096e3959991d8bf3d2100e5172edf59206ed752fc1707,2024-05,Durham Constabulary,Durham Constabulary,-1.332889,54.786796,On or near The Coppice,E01020753,County Durham 032B,Other theft,Investigation complete; no suspect identified,
59864e82ada18f2c5d36858daed2d603adf410354a049d320995d371fdda6e91,2024-05,Durham Constabulary,Durham Constabulary,-1.336981,54.784787,On or near Davis Terrace,E01020753,County Durham 032B,Possession of weapons,Further investigation is not in the public interest,
b65645b82d03564a8cf6ebd843ffe2ffddb387bb6e84a9470631c5ae32447200,2024-05,Durham Constabulary,Durham Constabulary,-1.338574,54.785326,On or near Moncrieff Terrace,E01020753,County Durham 032B,Shoplifting,Investigation complete; no suspect identified,
7cc55097ce4d0e5728743a1ae1b715684fda6201108fead5451c09aae833d56f,2024-05,Durham Constabulary,Durham Constabulary,-1.338574,54.785326,On or near Moncrieff Terrace,E01020753,County Durham 032B,Violence and sexual offences,Local resolution,
948d7c2af13e01c4f3fee7bc4dcaa9ae04767d3b3fed450f61e7b5b27a44729a,2024-05,Durham Constabulary,Durham Constabulary,-1.332889,54.786796,On or near The Coppice,E01020753,County Durham 032B,Violence and sexual offences,Under investigation,
35a2669c45fdcb52b467418ac2972263c6f7bc63662dfd202d82fd037678b3e5,2024-05,Durham Constabulary,Durham Constabulary,-1.329085,54.785337,On or near Sports/Recreation Area,E01020753,County Durham 032B,Violence and sexual offences,Unable to prosecute suspect,
a2a85efbee7795d2c11c011d797f59b526cbfdfe5a62a51f2503eb0ded56a89d,2024-05,Durham Constabulary,Durham Constabulary,-1.336981,54.784787,On or near Davis Terrace,E01020753,County Durham 032B,Violence and sexual offences,Unable to prosecute suspect,
3d3ce739260fbfaaae1fcb530a3053dcf8b5d06df002adeb4c67894cce154715,2024-05,Durham Constabulary,Durham Constabulary,-1.336981,54.784787,On or near Davis Terrace,E01020753,County Durham 032B,Violence and sexual offences,Unable to prosecute suspect,
88c59047f7835774d8dd0eefe99dd6688e5f54ceb1080643bf71fc3057730467,2024-05,Durham Constabulary,Durham Constabulary,-1.329473,54.787460,On or near Welfare Close,E01020753,County Durham 032B,Violence and sexual offences,Investigation complete; no suspect identified,
65b2135c30f8d92c8d5a296800b95e6cc3c05c5adfcfdb2328af7d847506fc85,2024-05,Durham Constabulary,Durham Constabulary,-1.338574,54.785326,On or near Moncrieff Terrace,E01020753,County Durham 032B,Violence and sexual offences,Unable to prosecute suspect,
6d73d8a288962f1a65ccad6099d3ada75ab6123ee3e5a4e66a36da16502c1638,2024-05,Durham Constabulary,Durham Constabulary,-1.338574,54.785326,On or near Moncrieff Terrace,E01020753,County Durham 032B,Violence and sexual offences,Investigation complete; no suspect identified,
5f74a559726bfe8c5853e7ebebdee97f3ae4d32ce137c4730b0986afaf9833ff,2024-05,Durham Constabulary,Durham Constabulary,-1.329473,54.787460,On or near Welfare Close,E01020753,County Durham 032B,Violence and sexual offences,Unable to prosecute suspect,
8a0829a4847969eb521e60c808b0b8358d9a3a116c2518d7ddac9f51eee91a50,2024-05,Durham Constabulary,Durham Constabulary,-1.329473,54.787460,On or near Welfare Close,E01020753,County Durham 032B,Other crime,Unable to prosecute suspect,
edd798ae1bf1c575c9f7099205716263b1190a1a0baa1fa7ac321f64cfe78b5e,2024-05,Durham Constabulary,Durham Constabulary,-1.338574,54.785326,On or near Moncrieff Terrace,E01020753,County Durham 032B,Other crime,Unable to prosecute suspect,
,2024-05,Durham Constabulary,Durham Constabulary,-1.334761,54.761823,On or near Brandlings Way,E01020757,County Durham 032C,Anti-social behaviour,,
,2024-05,Durham Constabulary,Durham Constabulary,-1.334761,54.761823,On or near Brandlings Way,E01020757,County Durham 032C,Anti-social behaviour,,
,2024-05,Durham Constabulary,Durham Constabulary,-1.338176,54.764915,On or near Westcott Road,E01020757,County Durham 032C,Anti-social behaviour,,
,2024-05,Durham Constabulary,Durham Constabulary,-1.339053,54.764470,On or near Dunn Road,E01020757,County Durham 032C,Anti-social behaviour,,
,2024-05,Durham Constabulary,Durham Constabulary,-1.334761,54.761823,On or near Brandlings Way,E01020757,County Durham 032C,Anti-social behaviour,,
4cc6547406689a049f95c965c017130396b109f666b2dc48b25fafb41b03c771,2024-05,Durham Constabulary,Durham Constabulary,-1.335335,54.764720,On or near Adfrid Place,E01020757,County Durham 032C,Burglary,Unable to prosecute suspect,
32fee25fa738b787870578bf4d1c46d98f0f7e3f19a982b7dc2ef0aa447d46fd,2024-05,Durham Constabulary,Durham Constabulary,-1.339053,54.764470,On or near Dunn Road,E01020757,County Durham 032C,Burglary,Investigation complete; no suspect identified,
331a281deb64b12530b35fd67700292d01b2d0682da5d94b5b0631c8f98535ac,2024-05,Durham Constabulary,Durham Constabulary,-1.337110,54.762600,On or near Lowther Close,E01020757,County Durham 032C,Criminal damage and arson,Investigation complete; no suspect identified,
c4d83da9ef32acd78f169ecbfab0c1dbc7b1cd1c1a9d30b4afe4ad073e5b3745,2024-05,Durham Constabulary,Durham Constabulary,-1.334761,54.761823,On or near Brandlings Way,E01020757,County Durham 032C,Criminal damage and arson,Investigation complete; no suspect identified,
f1a84661e396ca3dd86a9af161a40e73f818fc8b4517fa288366918deb2177fb,2024-05,Durham Constabulary,Durham Constabulary,-1.334761,54.761823,On or near Brandlings Way,E01020757,County Durham 032C,Criminal damage and arson,Investigation complete; no suspect identified,
ed0e04655436c3686d0e6c8a25bc3a4d0f604ecbe83768c0f6d3c0a875482fb7,2024-05,Durham Constabulary,Durham Constabulary,-1.337110,54.762600,On or near Lowther Close,E01020757,County Durham 032C,Criminal damage and arson,Investigation complete; no suspect identified,
f0c8425a8393f44df0009947e32654f718ec413a5a154ffca136f0964d4cd239,2024-05,Durham Constabulary,Durham Constabulary,-1.335484,54.764181,On or near Harvey Close,E01020757,County Durham 032C,Other theft,Awaiting court outcome,
964211658b6491abd33fbe4ae33eb937885336f5c5d4ed23aa7b9ac710aa2665,2024-05,Durham Constabulary,Durham Constabulary,-1.339053,54.764470,On or near Dunn Road,E01020757,County Durham 032C,Other theft,Investigation complete; no suspect identified,
3a949bf5229d39ef7ec49729015d9fc3e8c40fa82c679ff14dbeab32e39cf97e,2024-05,Durham Constabulary,Durham Constabulary,-1.335484,54.764181,On or near Harvey Close,E01020757,County Durham 032C,Possession of weapons,Awaiting court outcome,
5bf5c428bafb678dfbe13bfe2461fcd38e003af9cd9f01d3a877ff7d04eb0da1,2024-05,Durham Constabulary,Durham Constabulary,-1.339991,54.765123,On or near Dunelm Walk,E01020757,County Durham 032C,Public order,Unable to prosecute suspect,
80b50e2ebd06f468930fb5b9ad35a0805a88a704bae1008460a5c69d69b71dec,2024-05,Durham Constabulary,Durham Constabulary,-1.334761,54.761823,On or near Brandlings Way,E01020757,County Durham 032C,Public order,Investigation complete; no suspect identified,
570d1428a91f0d6b8c7c3e9097e65bfa5441060b54693c8c2a0b7d79e19dc50b,2024-05,Durham Constabulary,Durham Constabulary,-1.335886,54.764291,On or near Elliott Road,E01020757,County Durham 032C,Violence and sexual offences,Under investigation,
e4da386fae700cae81c84bdf1a9b1776f7af5a6151ce017ec5d3205f8b83dff8,2024-05,Durham Constabulary,Durham Constabulary,-1.339053,54.764470,On or near Dunn Road,E01020757,County Durham 032C,Violence and sexual offences,Unable to prosecute suspect,
b329fdf9bf1a16c1cd2c1575be82285ee22eb8d50549adc91e24c9b2d1681e41,2024-05,Durham Constabulary,Durham Constabulary,-1.338176,54.764915,On or near Westcott Road,E01020757,County Durham 032C,Violence and sexual offences,Unable to prosecute suspect,
a4473900e4f78278c9409e29a4ab96e3cb4116c6b46928e402d60fb81ffbaa31,2024-05,Durham Constabulary,Durham Constabulary,-1.336782,54.764629,On or near Hallam Road,E01020757,County Durham 032C,Violence and sexual offences,Under investigation,
ed8ad074baf29cf37eaae436bb6fd30f482dfc2ef350379aed393ddc412dbb4b,2024-05,Durham Constabulary,Durham Constabulary,-1.335335,54.764720,On or near Adfrid Place,E01020757,County Durham 032C,Violence and sexual offences,Investigation complete; no suspect identified,
996f86157ac8e4ffc85759c23b968e031df896f5cbea718bd29edcbada322f35,2024-05,Durham Constabulary,Durham Constabulary,-1.339053,54.764470,On or near Dunn Road,E01020757,County Durham 032C,Violence and sexual offences,Unable to prosecute suspect,
d9118e1f1d09e55da8ed12ffb300eefcb92843d8b5e8a6a09c1d6d3c67954abd,2024-05,Durham Constabulary,Durham Constabulary,-1.339053,54.764470,On or near Dunn Road,E01020757,County Durham 032C,Violence and sexual offences,Unable to prosecute suspect,
a2255f58c933b61fd0803781da490e2f13d575efd0d5794a4bb2b31c92e44086,2024-05,Durham Constabulary,Durham Constabulary,-1.337110,54.762600,On or near Lowther Close,E01020757,County Durham 032C,Violence and sexual offences,Unable to prosecute suspect,
20f7008893e199debca56f3be09c2fab241682693c6abddc272c1e455e9bbd33,2024-05,Durham Constabulary,Durham Constabulary,-1.335335,54.764720,On or near Adfrid Place,E01020757,County Durham 032C,Violence and sexual offences,Under investigation,
8cb342ae8ea3a32ca6ac3f307e3849ecf1e6e5077d3f0de9d6266a80cf31c34f,2024-05,Durham Constabulary,Durham Constabulary,-1.334761,54.761823,On or near Brandlings Way,E01020757,County Durham 032C,Violence and sexual offences,Under investigation,
ab3d40e3ab66ac25ed96fc220d25a73766b7855b320e340360e659e5d8389659,2024-05,Durham Constabulary,Durham Constabulary,-1.334761,54.761823,On or near Brandlings Way,E01020757,County Durham 032C,Violence and sexual offences,Under investigation,
5aa04525ff39bcaebbfe0997812f5c8f57c1adc3e5603571d201160f8e0e5c3b,2024-05,Durham Constabulary,Durham Constabulary,-1.332869,54.764392,On or near Galloway Road,E01020757,County Durham 032C,Violence and sexual offences,Unable to prosecute suspect,
feb5adc23b45a8675a526460300795e473ec4f057cbd5c6b3e356c116aef9a31,2024-05,Durham Constabulary,Durham Constabulary,-1.334761,54.761823,On or near Brandlings Way,E01020757,County Durham 032C,Violence and sexual offences,Under investigation,
46e4508ce0699f64a54e9c25167b720b77b776052ec85af8f561aa299c6e7ae4,2024-05,Durham Constabulary,Durham Constabulary,-1.335886,54.764291,On or near Elliott Road,E01020757,County Durham 032C,Violence and sexual offences,Under investigation,
e7b2f1be27f09507516937320e80360440cb6f3e5e3f7541edf924565932114f,2024-05,Durham Constabulary,Durham Constabulary,-1.335886,54.764291,On or near Elliott Road,E01020757,County Durham 032C,Violence and sexual offences,Unable to prosecute suspect,
,2024-05,Durham Constabulary,Durham Constabulary,-1.328185,54.763809,On or near Ellison Road,E01020758,County Durham 032D,Anti-social behaviour,,
,2024-05,Durham Constabulary,Durham Constabulary,-1.332695,54.760787,On or near Surtees Road,E01020758,County Durham 032D,Anti-social behaviour,,
99b4e39b920b95eec551fdb2f3dc0a8737607912b77442be424693f59190add9,2024-05,Durham Constabulary,Durham Constabulary,-1.321955,54.763702,On or near Ellison Meadow,E01020758,County Durham 032D,Burglary,Investigation complete; no suspect identified,
d5d3d50daafabac48ba86f9c430ddb09394e28138a3d521ad01970a5595b6786,2024-05,Durham Constabulary,Durham Constabulary,-1.328185,54.763809,On or near Ellison Road,E01020758,County Durham 032D,Burglary,Investigation complete; no suspect identified,
d5eb4e9bb20efa7dff099491835434368d9655ae1aa88f59dd05c373e0d5c265,2024-05,Durham Constabulary,Durham Constabulary,-1.331690,54.763298,On or near Edenhill Road,E01020758,County Durham 032D,Burglary,Investigation complete; no suspect identified,
44d6e6a2f604def7571d1d07bd2e9c9315d394633630ad1538286ff0c1fd26d1,2024-05,Durham Constabulary,Durham Constabulary,-1.326786,54.761950,On or near Rydal Crescent,E01020758,County Durham 032D,Criminal damage and arson,Investigation complete; no suspect identified,
a29244fb042ceb0ee925e98142031924a850d3327a3a9d07b1e8eac9029f779e,2024-05,Durham Constabulary,Durham Constabulary,-1.329653,54.762442,On or near Thirlmere Road,E01020758,County Durham 032D,Criminal damage and arson,Awaiting court outcome,
f7d4feb8917de77a15ac73f2c289b33c7cfae5529d04b44ac1704b512485a94d,2024-05,Durham Constabulary,Durham Constabulary,-1.329357,54.764399,On or near Troutbeck Way,E01020758,County Durham 032D,Criminal damage and arson,Investigation complete; no suspect identified,
7e3f5998b4f113a2aa47998a3c912f676703ee109caa08ba72462666afcbca02,2024-05,Durham Constabulary,Durham Constabulary,-1.327706,54.762728,On or near Keswick Road,E01020758,County Durham 032D,Other theft,Investigation complete; no suspect identified,
46202bd6ba394aa31aa83fd878dd2a25c36693c45023cdfb361c315e29501b27,2024-05,Durham Constabulary,Durham Constabulary,-1.332695,54.760787,On or near Surtees Road,E01020758,County Durham 032D,Other theft,Formal action is not in the public interest,
06de83ca3efbc48806c9d1aa673d486adce608448b1e2ce3d938aa6880b5ba87,2024-05,Durham Constabulary,Durham Constabulary,-1.330810,54.764830,On or near Pickard Close,E01020758,County Durham 032D,Other theft,Unable to prosecute suspect,
510ea9f16a58dd700fa5e99998429aa1e5b2332210d6d08ef838e16c9edadd2b,2024-05,Durham Constabulary,Durham Constabulary,-1.330304,54.764431,On or near Ashton Rise,E01020758,County Durham 032D,Other theft,Unable to prosecute suspect,
eb0152b33664c117762561e7071a21dbeee2177a9d98d0670939a69edb60c2b1,2024-05,Durham Constabulary,Durham Constabulary,-1.331690,54.763298,On or near Edenhill Road,E01020758,County Durham 032D,Other theft,Unable to prosecute suspect,
d607df45fbecc84a45aa418e9a2652ab3b54ffb1ad481c8ba696fff3d808d257,2024-05,Durham Constabulary,Durham Constabulary,-1.329653,54.762442,On or near Thirlmere Road,E01020758,County Durham 032D,Public order,Further investigation is not in the public interest,
a21469623e258c2d120f43b0ed47649167c4238dd9e107f691fd1a14b8a3364d,2024-05,Durham Constabulary,Durham Constabulary,-1.332695,54.760787,On or near Surtees Road,E01020758,County Durham 032D,Shoplifting,Unable to prosecute suspect,
f6cae8344d2b321fbfc9da4ede5a115f7cabfbdeb2bf501c5ac8b29565a25cb3,2024-05,Durham Constabulary,Durham Constabulary,-1.332695,54.760787,On or near Surtees Road,E01020758,County Durham 032D,Shoplifting,Awaiting court outcome,
3a078ec0e57bd8bfb7ce151d98b1a16c093440d9b84b5575b27660450dd00136,2024-05,Durham Constabulary,Durham Constabulary,-1.332695,54.760787,On or near Surtees Road,E01020758,County Durham 032D,Shoplifting,Investigation complete; no suspect identified,
a913b1c9b331deeffa46bd2ee2bf93999adf8fd30106a274e59a586969b70e51,2024-05,Durham Constabulary,Durham Constabulary,-1.332695,54.760787,On or near Surtees Road,E01020758,County Durham 032D,Shoplifting,Under investigation,
d059bfa39ade1a80f970414333454c77d7aca68448556b6c8dbfae2c0cb21a18,2024-05,Durham Constabulary,Durham Constabulary,-1.332695,54.760787,On or near Surtees Road,E01020758,County Durham 032D,Shoplifting,Investigation complete; no suspect identified,
fb4d33c9051ccb89bf27760af95f5ef33960ab83ce3fba2f19d6618b5cbc1e28,2024-05,Durham Constabulary,Durham Constabulary,-1.332695,54.760787,On or near Surtees Road,E01020758,County Durham 032D,Shoplifting,Investigation complete; no suspect identified,
68b89d82bfa55ee8be6fc5bc73e14369940e1c535a97793d5146606cbba86970,2024-05,Durham Constabulary,Durham Constabulary,-1.332695,54.760787,On or near Surtees Road,E01020758,County Durham 032D,Shoplifting,Investigation complete; no suspect identified,
c54b428b9a3b1d74fbf01b36917a8e3533a6906cd23ee155d34151474d871ff1,2024-05,Durham Constabulary,Durham Constabulary,-1.332695,54.760787,On or near Surtees Road,E01020758,County Durham 032D,Vehicle crime,Investigation complete; no suspect identified,
3cc565ab38998960377d2dc6325616a523059514450c54181835241905ae9764,2024-05,Durham Constabulary,Durham Constabulary,-1.326652,54.762515,On or near Grasmere Road,E01020758,County Durham 032D,Violence and sexual offences,Unable to prosecute suspect,
4f850e203f2bc45b2e3d8e2d80241358edb2357a6989c7c931d91bf5577c1d61,2024-05,Durham Constabulary,Durham Constabulary,-1.332695,54.760787,On or near Surtees Road,E01020758,County Durham 032D,Violence and sexual offences,Investigation complete; no suspect identified,
7e3ee680fa96e7ac04824fb224f81789cbec2aada8989390820e49fa359284d0,2024-05,Durham Constabulary,Durham Constabulary,-1.325096,54.763585,On or near Shotton Road,E01020758,County Durham 032D,Violence and sexual offences,Unable to prosecute suspect,
ebf4f618679969b4ad41f281480744377cc9f808c203e0eb1c32c0580ed0810c,2024-05,Durham Constabulary,Durham Constabulary,-1.331690,54.763298,On or near Edenhill Road,E01020758,County Durham 032D,Violence and sexual offences,Investigation complete; no suspect identified,
b1c229e9f199042eda8fab9a8936af1756c039aefb5b0459bc899638ccf003dd,2024-05,Durham Constabulary,Durham Constabulary,-1.328185,54.763809,On or near Ellison Road,E01020758,County Durham 032D,Violence and sexual offences,Action to be taken by another organisation,
5cfce0f7a9112b399e3dd50affd3984da67cc8fa2b21b337f7b67b5f68d23c44,2024-05,Durham Constabulary,Durham Constabulary,-1.329653,54.762442,On or near Thirlmere Road,E01020758,County Durham 032D,Violence and sexual offences,Awaiting court outcome,
fca955509df202f6def51fea5250fe525fe7a9c96114737fc55d68fe0239b0f6,2024-05,Durham Constabulary,Durham Constabulary,-1.329653,54.762442,On or near Thirlmere Road,E01020758,County Durham 032D,Violence and sexual offences,Unable to prosecute suspect,
403778d3800b01d0588245c82270231ef7c3f09c90a46b839c5877af2ae43e9d,2024-05,Durham Constabulary,Durham Constabulary,-1.329653,54.762442,On or near Thirlmere Road,E01020758,County Durham 032D,Violence and sexual offences,Awaiting court outcome,
28e9590a41604fb00ee1c7c7274d8c7075525a8ebdae6538946ea3e1b3fc25d5,2024-05,Durham Constabulary,Durham Constabulary,-1.332695,54.760787,On or near Surtees Road,E01020758,County Durham 032D,Violence and sexual offences,Unable to prosecute suspect,
b722f9cd8814f35fc48bb9f337b34ef33d9c78619e76579d2f121980d79362e8,2024-05,Durham Constabulary,Durham Constabulary,-1.329653,54.762442,On or near Thirlmere Road,E01020758,County Durham 032D,Violence and sexual offences,Awaiting court outcome,
8e5096407426359746af4b2c5c9382790ecb15858e31374f1b2cd8c130670237,2024-05,Durham Constabulary,Durham Constabulary,-1.330304,54.764431,On or near Ashton Rise,E01020758,County Durham 032D,Violence and sexual offences,Awaiting court outcome,
2b9564c1033fd7d908c0bbe9f3849cca0d85ae18ff961ed5858ff69a9fcb071a,2024-05,Durham Constabulary,Durham Constabulary,-1.329422,54.760418,On or near Tarn Close,E01020758,County Durham 032D,Violence and sexual offences,Unable to prosecute suspect,
3ce9b28a936942e6c4e43547e2c3f8aed6a9e9907d1cb473401ed8c3a1dd4f50,2024-05,Durham Constabulary,Durham Constabulary,-1.332695,54.760787,On or near Surtees Road,E01020758,County Durham 032D,Other crime,Unable to prosecute suspect,
,2024-05,Durham Constabulary,Durham Constabulary,-1.335242,54.767550,On or near Fynes Close,E01020759,County Durham 032E,Anti-social behaviour,,
,2024-05,Durham Constabulary,Durham Constabulary,-1.342605,54.770673,On or near Shinwell Drive,E01020759,County Durham 032E,Anti-social behaviour,,
,2024-05,Durham Constabulary,Durham Constabulary,-1.342068,54.768306,On or near Bruce Place,E01020759,County Durham 032E,Anti-social behaviour,,
,2024-05,Durham Constabulary,Durham Constabulary,-1.342605,54.770673,On or near Shinwell Drive,E01020759,County Durham 032E,Anti-social behaviour,,
,2024-05,Durham Constabulary,Durham Constabulary,-1.337823,54.770323,On or near Buddle Close,E01020759,County Durham 032E,Anti-social behaviour,,
39bd6e556e27cf3cbc905aea057a565038f46cf3efe5a94002ee1e2209819b2f,2024-05,Durham Constabulary,Durham Constabulary,-1.339428,54.768211,On or near Johnson Close,E01020759,County Durham 032E,Burglary,Investigation complete; no suspect identified,
c8798a522d6c76734118cf9ab934c5bed7f823c021a160ac435b843ae086c679,2024-05,Durham Constabulary,Durham Constabulary,-1.339428,54.768211,On or near Johnson Close,E01020759,County Durham 032E,Criminal damage and arson,Further investigation is not in the public interest,
f79b4757c66f08b0f8d32c4f4c8c77ef9bcce7ccda799589c1c90f307ad78e38,2024-05,Durham Constabulary,Durham Constabulary,-1.338460,54.769419,On or near Ramsey Close,E01020759,County Durham 032E,Public order,Further investigation is not in the public interest,
017d6db1e4a46460a3d95c2ea684fddc992cad1e5d650c10ad7859d08445d60f,2024-05,Durham Constabulary,Durham Constabulary,-1.336585,54.766173,On or near Yoden Road,E01020759,County Durham 032E,Vehicle crime,Investigation complete; no suspect identified,
5f792cfbde04d930ca7042dce34b03f48a44a1ba02999d63bf7cd1676496bf40,2024-05,Durham Constabulary,Durham Constabulary,-1.336327,54.766747,On or near Wilson Place,E01020759,County Durham 032E,Violence and sexual offences,Action to be taken by another organisation,
8b3820e66d80d2056759dea4954cccf2d7eb9de1bdbf766dff1c8c71603fae34,2024-05,Durham Constabulary,Durham Constabulary,-1.338030,54.767170,On or near Crawford Avenue,E01020759,County Durham 032E,Violence and sexual offences,Under investigation,
cdbe315ab69bef0404949404a3583fc1ed50e68d921f2da6edf109352bac0d42,2024-05,Durham Constabulary,Durham Constabulary,-1.336585,54.766173,On or near Yoden Road,E01020759,County Durham 032E,Violence and sexual offences,Investigation complete; no suspect identified,
d291bea0f0cf7a70ab101b4f9cec9520de4308edd5f7d9e8de38822b22b163bd,2024-05,Durham Constabulary,Durham Constabulary,-1.338030,54.767170,On or near Crawford Avenue,E01020759,County Durham 032E,Violence and sexual offences,Local resolution,
290f7a924970f26a156f60e7512ffd8bded40c9c49221d5b6a84cbf5822906ed,2024-05,Durham Constabulary,Durham Constabulary,-1.339428,54.768211,On or near Johnson Close,E01020759,County Durham 032E,Violence and sexual offences,Investigation complete; no suspect identified,
e1a32b51060fd602fc536669e542a825f8983d311164c1bc0ffbe627cda836f6,2024-05,Durham Constabulary,Durham Constabulary,-1.335242,54.767550,On or near Fynes Close,E01020759,County Durham 032E,Violence and sexual offences,Unable to prosecute suspect,
,2024-05,Durham Constabulary,Durham Constabulary,-1.327165,54.773805,On or near Thorpe Road,E01020765,County Durham 032F,Anti-social behaviour,,
1a85a03302a63aa5a0059feb00b0fbc02e94d229e9281639587163102bf9f2e0,2024-05,Durham Constabulary,Durham Constabulary,-1.314781,54.776234,On or near Parking Area,E01020765,County Durham 032F,Burglary,Investigation complete; no suspect identified,
18701f8e4e3f245c1bd48ea5e0de55bc162f3e71739e96fa19a4c160eece2822,2024-05,Durham Constabulary,Durham Constabulary,-1.314781,54.776234,On or near Parking Area,E01020765,County Durham 032F,Burglary,Investigation complete; no suspect identified,
28f30ebb30dc48585f43bf4f4f3ca9298bcba463762eb5d394e88e149a092626,2024-05,Durham Constabulary,Durham Constabulary,-1.318615,54.781207,On or near Sunderland Road,E01020765,County Durham 032F,Criminal damage and arson,Investigation complete; no suspect identified,
12987f315a79097bfa2254f932f7d8f381823e832fbf18b386a4b74ae8f1c563,2024-05,Durham Constabulary,Durham Constabulary,-1.322357,54.769384,On or near Warkworth Avenue,E01020765,County Durham 032F,Public order,Unable to prosecute suspect,
6110ef5219dbf0c428681e302e5d05d92e000b6fbf0edc6c5e90f0125b81bf86,2024-05,Durham Constabulary,Durham Constabulary,-1.327601,54.772792,On or near Wilkinson Road,E01020765,County Durham 032F,Shoplifting,Investigation complete; no suspect identified,
a93fb4b8fc3ccfdfa4e63eb4333c589b4539bd33bcf64ec4b62ff8a248ccadff,2024-05,Durham Constabulary,Durham Constabulary,-1.318615,54.781207,On or near Sunderland Road,E01020765,County Durham 032F,Violence and sexual offences,Action to be taken by another organisation,
83951709d7982de5ff62dda71f0be49ca54bd10c9d002463037e326fdef53a23,2024-05,Durham Constabulary,Durham Constabulary,-1.314781,54.776234,On or near Parking Area,E01020765,County Durham 032F,Violence and sexual offences,Investigation complete; no suspect identified,
58097c59bbc65b8753aad3c6e4db3146ec6ecbee0406e6c8f7de6d9b6af9870f,2024-05,Durham Constabulary,Durham Constabulary,-1.327165,54.773805,On or near Thorpe Road,E01020765,County Durham 032F,Violence and sexual offences,Unable to prosecute suspect,
,2024-05,Durham Constabulary,Durham Constabulary,-1.592273,54.789148,On or near Hospital,E01020702,County Durham 033B,Anti-social behaviour,,
,2024-05,Durham Constabulary,Durham Constabulary,-1.591166,54.783204,On or near Fieldhouse Lane,E01020702,County Durham 033B,Anti-social behaviour,,
,2024-05,Durham Constabulary,Durham Constabulary,-1.581286,54.777805,On or near Station Bank,E01020702,County Durham 033B,Anti-social behaviour,,
,2024-05,Durham Constabulary,Durham Constabulary,-1.581286,54.777805,On or near Station Bank,E01020702,County Durham 033B,Anti-social behaviour,,
,2024-05,Durham Constabulary,Durham Constabulary,-1.581286,54.777805,On or near Station Bank,E01020702,County Durham 033B,Anti-social behaviour,,
,2024-05,Durham Constabulary,Durham Constabulary,-1.583129,54.790627,On or near Porter Close,E01020702,County Durham 033B,Anti-social behaviour,,
,2024-05,Durham Constabulary,Durham Constabulary,-1.581286,54.777805,On or near Station Bank,E01020702,County Durham 033B,Anti-social behaviour,,
,2024-05,Durham Constabulary,Durham Constabulary,-1.587098,54.778041,On or near Ainsley Street,E01020702,County Durham 033B,Anti-social behaviour,,
,2024-05,Durham Constabulary,Durham Constabulary,-1.581757,54.778850,On or near Parking Area,E01020702,County Durham 033B,Anti-social behaviour,,
,2024-05,Durham Constabulary,Durham Constabulary,-1.583187,54.780400,On or near Parking Area,E01020702,County Durham 033B,Anti-social behaviour,,
,2024-05,Durham Constabulary,Durham Constabulary,-1.581286,54.777805,On or near Station Bank,E01020702,County Durham 033B,Anti-social behaviour,,
,2024-05,Durham Constabulary,Durham Constabulary,-1.592273,54.789148,On or near Hospital,E01020702,County Durham 033B,Anti-social behaviour,,
,2024-05,Durham Constabulary,Durham Constabulary,-1.577396,54.781135,On or near Sidegate,E01020702,County Durham 033B,Anti-social behaviour,,
,2024-05,Durham Constabulary,Durham Constabulary,-1.581286,54.777805,On or near Station Bank,E01020702,County Durham 033B,Anti-social behaviour,,
,2024-05,Durham Constabulary,Durham Constabulary,-1.581286,54.777805,On or near Station Bank,E01020702,County Durham 033B,Anti-social behaviour,,
5587b403e94172ce6263ac6c4156dcd8c2034e811d0db5f3fee4764b4fbe7fc2,2024-05,Durham Constabulary,Durham Constabulary,-1.579484,54.779210,On or near Framwelgate,E01020702,County Durham 033B,Bicycle theft,Investigation complete; no suspect identified,
d06e92b510d375484c8c21114ba5a15d5b426c0b426bfd63085c348ffaf16096,2024-05,Durham Constabulary,Durham Constabulary,-1.579484,54.779210,On or near Framwelgate,E01020702,County Durham 033B,Bicycle theft,Investigation complete; no suspect identified,
ed252abacca9953aa417a8207e55c6734d372e1b876d01bfb579755e9973e968,2024-05,Durham Constabulary,Durham Constabulary,-1.577352,54.779365,On or near Framwelgate Waterside,E01020702,County Durham 033B,Criminal damage and arson,Unable to prosecute suspect,
74ac739b3de62eb3b7b12af44da0da9cdd702f2f0c1c0b1d6554141d8fab0ed9,2024-05,Durham Constabulary,Durham Constabulary,-1.581286,54.777805,On or near Station Bank,E01020702,County Durham 033B,Criminal damage and arson,Investigation complete; no suspect identified,
9217e6b91a7baaf885984e7926970d0889934d8be30b7a3c4ef6834529f68aa6,2024-05,Durham Constabulary,Durham Constabulary,-1.592273,54.789148,On or near Hospital,E01020702,County Durham 033B,Criminal damage and arson,Awaiting court outcome,
934f27eee48877831a4d77c32fd8ff3a730aabf5a33285090112e646bd899b38,2024-05,Durham Constabulary,Durham Constabulary,-1.592273,54.789148,On or near Hospital,E01020702,County Durham 033B,Drugs,Formal action is not in the public interest,
bc93e14909cd06dc037828c34c907a691ad31d3206a5e3687629b5cdcc77d420,2024-05,Durham Constabulary,Durham Constabulary,-1.595096,54.786749,On or near Aykley Green,E01020702,County Durham 033B,Other theft,Investigation complete; no suspect identified,
2245b770914229f41fe7df527500e5ddedb3541c275139441eaabb37328d2178,2024-05,Durham Constabulary,Durham Constabulary,-1.592273,54.789148,On or near Hospital,E01020702,County Durham 033B,Other theft,Investigation complete; no suspect identified,
2cc0d6a908bac60fa0d957cb8cbfdb9d197f5c15d1f763bb55461c37d7cf2b64,2024-05,Durham Constabulary,Durham Constabulary,-1.581286,54.777805,On or near Station Bank,E01020702,County Durham 033B,Other theft,Investigation complete; no suspect identified,
6fb72638f0872c6e8bdefbce9f6b8d8facd754d681ce55b72ab234daac05cdae,2024-05,Durham Constabulary,Durham Constabulary,-1.588331,54.783689,On or near The Crescent,E01020702,County Durham 033B,Public order,Unable to prosecute suspect,
b465964a90023a7e4da00cd387a0ec832f2b552a6f11d7eedcc738c791b0ab46,2024-05,Durham Constabulary,Durham Constabulary,-1.592273,54.789148,On or near Hospital,E01020702,County Durham 033B,Public order,Unable to prosecute suspect,
b6fca4748626ef0cdbaf21ac0004942d219a57356e3a35b2cf6fa5d349bfa722,2024-05,Durham Constabulary,Durham Constabulary,-1.592273,54.789148,On or near Hospital,E01020702,County Durham 033B,Public order,Unable to prosecute suspect,
d04b0af0ee663b64b50073728cec87a511f364f56df64f0446d7ac19a2f780ab,2024-05,Durham Constabulary,Durham Constabulary,-1.579795,54.779157,On or near Highgate,E01020702,County Durham 033B,Public order,Unable to prosecute suspect,
1943646b3b5f3fe03c6e6088d53dd9848e7911337ee16db1ff576c95d9d71f07,2024-05,Durham Constabulary,Durham Constabulary,-1.592273,54.789148,On or near Hospital,E01020702,County Durham 033B,Public order,Investigation complete; no suspect identified,
eab80e8c9e657cd09359ab53e3c32adeca15698ec7a4c32f43bd4715644ec457,2024-05,Durham Constabulary,Durham Constabulary,-1.592273,54.789148,On or near Hospital,E01020702,County Durham 033B,Public order,Awaiting court outcome,
0df04e4b46cfb9d268f5cd0eefa573b1383e1bbe6eb9205b1f78ab1abd72dfee,2024-05,Durham Constabulary,Durham Constabulary,-1.581286,54.777805,On or near Station Bank,E01020702,County Durham 033B,Public order,Investigation complete; no suspect identified,
7dadb14dc4fd30a0afabc0089da37fcfa7bb12088a9e54191b73693307aae715,2024-05,Durham Constabulary,Durham Constabulary,-1.592273,54.789148,On or near Hospital,E01020702,County Durham 033B,Public order,Investigation complete; no suspect identified,
717249fa49af8e73c061ded125a99ee3549093bdf8a7c23ca1e7977de726ddff,2024-05,Durham Constabulary,Durham Constabulary,-1.592273,54.789148,On or near Hospital,E01020702,County Durham 033B,Public order,Awaiting court outcome,
cab1e6d48aae6bc8026614c0504b3d92e2ce488fbac5de1007e027dc27b78287,2024-05,Durham Constabulary,Durham Constabulary,-1.581286,54.777805,On or near Station Bank,E01020702,County Durham 033B,Robbery,Investigation complete; no suspect identified,
959ef0157fccf87766a07059ebc43cdafdf74fe749d77e716d20de20de756d53,2024-05,Durham Constabulary,Durham Constabulary,-1.574885,54.781899,On or near Parking Area,E01020702,County Durham 033B,Violence and sexual offences,Unable to prosecute suspect,
21fe7c1eccd8d71f5c71c21a8efe46a0c600fd733b5a128966080bc03b6a3a10,2024-05,Durham Constabulary,Durham Constabulary,-1.588331,54.783689,On or near The Crescent,E01020702,County Durham 033B,Violence and sexual offences,Action to be taken by another organisation,
dda1560fcd5bc2977a60eb6612c05774472a561b65e91663e9b156ae9153e903,2024-05,Durham Constabulary,Durham Constabulary,-1.592273,54.789148,On or near Hospital,E01020702,County Durham 033B,Violence and sexual offences,Awaiting court outcome,
eb75b81220270afa53b62db4c5c89c22369ec46a455dc2005fe86ed0444d0cf9,2024-05,Durham Constabulary,Durham Constabulary,-1.592273,54.789148,On or near Hospital,E01020702,County Durham 033B,Violence and sexual offences,Investigation complete; no suspect identified,
672c93183f7282abab532420accc0adc8009ae6320d48c6b66ac91ff803af290,2024-05,Durham Constabulary,Durham Constabulary,-1.581757,54.778850,On or near Parking Area,E01020702,County Durham 033B,Violence and sexual offences,Unable to prosecute suspect,
07862bb7be2f431a0efb6904c6f8018902f2419409071a05c3a8c4408730340b,2024-05,Durham Constabulary,Durham Constabulary,-1.583187,54.780400,On or near Parking Area,E01020702,County Durham 033B,Violence and sexual offences,Investigation complete; no suspect identified,
62bcfa4179d8c2c1bcbbdb5ed10ebfdf079e91dd61c530725e3ed67c8dbbb947,2024-05,Durham Constabulary,Durham Constabulary,-1.580988,54.778101,On or near Castle Chare,E01020702,County Durham 033B,Violence and sexual offences,Unable to prosecute suspect,
b46b8d9ad3d7593e634c512815eb07f0a531e43ef12acbbfcfc7754ba6c82280,2024-05,Durham Constabulary,Durham Constabulary,-1.581073,54.790943,On or near Little Court,E01020702,County Durham 033B,Violence and sexual offences,Unable to prosecute suspect,
abc7c006425f6d166cda765bb9aa24718a48691eaf944936c5bc141ed857312f,2024-05,Durham Constabulary,Durham Constabulary,-1.581073,54.790943,On or near Little Court,E01020702,County Durham 033B,Violence and sexual offences,Unable to prosecute suspect,
c6edf3df26d713782f90359c3293da469d4c747441f1393f20e48f51d777ffaf,2024-05,Durham Constabulary,Durham Constabulary,-1.581286,54.777805,On or near Station Bank,E01020702,County Durham 033B,Violence and sexual offences,Further investigation is not in the public interest,
a69d8076c217980d4c2b682a9a6eb3cdd67321a20a4c511d596a3ffecc0b4c43,2024-05,Durham Constabulary,Durham Constabulary,-1.581286,54.777805,On or near Station Bank,E01020702,County Durham 033B,Violence and sexual offences,Awaiting court outcome,
582dbdf661d0eba493de586c44c632f1d923b3f2eb73eefee4424f6d25efefaf,2024-05,Durham Constabulary,Durham Constabulary,-1.577352,54.779365,On or near Framwelgate Waterside,E01020702,County Durham 033B,Violence and sexual offences,Investigation complete; no suspect identified,
cea674d852c335a03fe9882e14078222735e687a33a5b80535daba26ad517ee6,2024-05,Durham Constabulary,Durham Constabulary,-1.577396,54.781135,On or near Sidegate,E01020702,County Durham 033B,Violence and sexual offences,Investigation complete; no suspect identified,
1969e2cf02427ed65a96aace76ab5cde7ac68b74e355f5b3f84bb5a16b9448dc,2024-05,Durham Constabulary,Durham Constabulary,-1.581286,54.777805,On or near Station Bank,E01020702,County Durham 033B,Violence and sexual offences,Investigation complete; no suspect identified,
f0d0871590b33a777d154342acddc7c031ab4384b65c1152b8a2328d6c7e2d16,2024-05,Durham Constabulary,Durham Constabulary,-1.592273,54.789148,On or near Hospital,E01020702,County Durham 033B,Violence and sexual offences,Unable to prosecute suspect,
3e2a2acb2222d16ee87cf625f1aaec4492debbd686c5f46948e89be7b3f3f362,2024-05,Durham Constabulary,Durham Constabulary,-1.592273,54.789148,On or near Hospital,E01020702,County Durham 033B,Violence and sexual offences,Investigation complete; no suspect identified,
4f340508a41c7f4dbb707571fa37fcad98d2b6b6404734fc9d16e966f02deffc,2024-05,Durham Constabulary,Durham Constabulary,-1.583187,54.780400,On or near Parking Area,E01020702,County Durham 033B,Violence and sexual offences,Awaiting court outcome,
d8295c61257262ee1b0f041305d166a3713abaf2e63841e62a2e4c7b5d98f4dc,2024-05,Durham Constabulary,Durham Constabulary,-1.592273,54.789148,On or near Hospital,E01020702,County Durham 033B,Violence and sexual offences,Unable to prosecute suspect,
088f411753be2a36392c578a0bd2a0f796c26dd7aa0d7c8bc6405f909aa2e07b,2024-05,Durham Constabulary,Durham Constabulary,-1.583187,54.780400,On or near Parking Area,E01020702,County Durham 033B,Violence and sexual offences,Awaiting court outcome,
5277c22506a958fda56e1f530f31cae28b3fbf27b2b62188a34832cf51c34bad,2024-05,Durham Constabulary,Durham Constabulary,-1.583187,54.780400,On or near Parking Area,E01020702,County Durham 033B,Violence and sexual offences,Awaiting court outcome,
8b653419aa4cc8a623ed60d1251a0092f2d4433aa4e45d7192ef9bc935ca62d3,2024-05,Durham Constabulary,Durham Constabulary,-1.581286,54.777805,On or near Station Bank,E01020702,County Durham 033B,Violence and sexual offences,Awaiting court outcome,
d5725856c0df3f7205b06c436f6bcb11a49fdd7351d819dbfcb576e74774b66d,2024-05,Durham Constabulary,Durham Constabulary,-1.592273,54.789148,On or near Hospital,E01020702,County Durham 033B,Violence and sexual offences,Awaiting court outcome,
5566eb20418c7c2cd5a0d496f43811a6996e624f40c991c5ab0c12521533ee70,2024-05,Durham Constabulary,Durham Constabulary,-1.581286,54.777805,On or near Station Bank,E01020702,County Durham 033B,Violence and sexual offences,Under investigation,
fbc0f260e0c7053bb8d7d7d75a15bee5cbfa1023fcefb0ac254eb1d9e3271899,2024-05,Durham Constabulary,Durham Constabulary,-1.592273,54.789148,On or near Hospital,E01020702,County Durham 033B,Violence and sexual offences,Awaiting court outcome,
3c4f164ed84f0e70633e1727b6cc711502ecdc97a5466f38ec89d86b2a4d3a76,2024-05,Durham Constabulary,Durham Constabulary,-1.581286,54.777805,On or near Station Bank,E01020702,County Durham 033B,Violence and sexual offences,Awaiting court outcome,
afce48384acce9bec887e8fd552b92c343f65821c6e691966a69b8dc3553efd0,2024-05,Durham Constabulary,Durham Constabulary,-1.592273,54.789148,On or near Hospital,E01020702,County Durham 033B,Violence and sexual offences,Unable to prosecute suspect,
1629c5b86262594f9d89038ac951e1a4c0b9592c883ea836f47aa12d239747c9,2024-05,Durham Constabulary,Durham Constabulary,-1.583139,54.789629,On or near Straughan Crescent,E01020702,County Durham 033B,Violence and sexual offences,Under investigation,
42ab1ae66e246d2b09562ff91d0e3a9708927adbcf8679004ec0d04c45de45cd,2024-05,Durham Constabulary,Durham Constabulary,-1.592273,54.789148,On or near Hospital,E01020702,County Durham 033B,Violence and sexual offences,Unable to prosecute suspect,
a221f70fb2cf37229d7fd702e96ef5d850c97379a52b9c69aedd6788f36ec667,2024-05,Durham Constabulary,Durham Constabulary,-1.594836,54.784672,On or near Springwell Road,E01020702,County Durham 033B,Violence and sexual offences,Under investigation,
f142d7caa5a593b41392cea78e323b39771152d666678f6a2b1d08c0936cf2a6,2024-05,Durham Constabulary,Durham Constabulary,-1.592273,54.789148,On or near Hospital,E01020702,County Durham 033B,Other crime,Awaiting court outcome,
,2024-05,Durham Constabulary,Durham Constabulary,-1.588459,54.774128,On or near May Street,E01020704,County Durham 033C,Anti-social behaviour,,
,2024-05,Durham Constabulary,Durham Constabulary,-1.586847,54.775245,On or near Hawthorn Terrace,E01020704,County Durham 033C,Anti-social behaviour,,
,2024-05,Durham Constabulary,Durham Constabulary,-1.581824,54.772361,On or near Grove Street,E01020704,County Durham 033C,Anti-social behaviour,,
,2024-05,Durham Constabulary,Durham Constabulary,-1.587841,54.773820,On or near The Avenue,E01020704,County Durham 033C,Anti-social behaviour,,
,2024-05,Durham Constabulary,Durham Constabulary,-1.584320,54.774518,On or near Palatine View,E01020704,County Durham 033C,Anti-social behaviour,,
,2024-05,Durham Constabulary,Durham Constabulary,-1.588459,54.774128,On or near May Street,E01020704,County Durham 033C,Anti-social behaviour,,
455b6abdae7ea5e06eeca5a954039d239441bc22e873188008da2bcefe8948a8,2024-05,Durham Constabulary,Durham Constabulary,-1.581824,54.772361,On or near Grove Street,E01020704,County Durham 033C,Criminal damage and arson,Investigation complete; no suspect identified,
3930d269652a358311174266f769ff087d6ab48084f82ed4f5df48bb1a0d4602,2024-05,Durham Constabulary,Durham Constabulary,-1.588459,54.774128,On or near May Street,E01020704,County Durham 033C,Criminal damage and arson,Unable to prosecute suspect,
e41565161a80028e32741a3232f42ced9ce4053fe1dc9b54a5a94b8fd4afc9cf,2024-05,Durham Constabulary,Durham Constabulary,-1.592561,54.774411,On or near Farnley Ridge,E01020704,County Durham 033C,Vehicle crime,Investigation complete; no suspect identified,
027030ee3085062fe79a37b3544ac8f69f2766a7c48bb7ec25bed467d576d2b9,2024-05,Durham Constabulary,Durham Constabulary,-1.588459,54.774128,On or near May Street,E01020704,County Durham 033C,Violence and sexual offences,Unable to prosecute suspect,
62a48695e3378c4b091ead9a418dcfa337b0d226ed2a5d5ddfed1725c01a6a95,2024-05,Durham Constabulary,Durham Constabulary,-1.588459,54.774128,On or near May Street,E01020704,County Durham 033C,Violence and sexual offences,Unable to prosecute suspect,
0fe9d09ea9cb454787400c3299e457ce2b3b45c38c3651ec121480bff79aeb8c,2024-05,Durham Constabulary,Durham Constabulary,-1.597421,54.781239,On or near Crossgate Moor Gardens,E01020712,County Durham 033D,Criminal damage and arson,Investigation complete; no suspect identified,
be81bd0badaa4824ccc9bef877b6ff81e2253827e106262e351053181931561f,2024-05,Durham Constabulary,Durham Constabulary,-1.597327,54.776557,On or near Lyndhurst Drive,E01020712,County Durham 033D,Shoplifting,Investigation complete; no suspect identified,
7edfb9975f396d62bdc2f929a54bd46ddf978ae78c3e45e79cf020e2c634c418,2024-05,Durham Constabulary,Durham Constabulary,-1.597327,54.776557,On or near Lyndhurst Drive,E01020712,County Durham 033D,Shoplifting,Investigation complete; no suspect identified,
1abe3798ff3113ef6c088db474b418b52c01828e179cd9ef766c64ac6a8251ad,2024-05,Durham Constabulary,Durham Constabulary,-1.597327,54.776557,On or near Lyndhurst Drive,E01020712,County Durham 033D,Shoplifting,Investigation complete; no suspect identified,
968d3418caa5128f50686eb7a09c406d175548285903437e8764cfbcfab99894,2024-05,Durham Constabulary,Durham Constabulary,-1.597221,54.766860,On or near Kipling Terrace,E01020712,County Durham 033D,Violence and sexual offences,Unable to prosecute suspect,
7056922b050e6c0cd7065fb82f12dcb391370991ccffae3dfc31d6bd80fc8717,2024-05,Durham Constabulary,Durham Constabulary,-1.595948,54.771475,On or near Relly Path,E01020712,County Durham 033D,Violence and sexual offences,Unable to prosecute suspect,
3ee4e843af730ee43bacb4fd0e73e653e0f44880c60947c39768883ab6f6819c,2024-05,Durham Constabulary,Durham Constabulary,-1.596584,54.774694,On or near Newcastle Road,E01020712,County Durham 033D,Other crime,Further investigation is not in the public interest,
,2024-05,Durham Constabulary,Durham Constabulary,-1.592498,54.768300,On or near Dalton Crescent,E01034496,County Durham 033F,Anti-social behaviour,,
73188a8d868ecf8c4edca5d098baa057b064f42356d4b18b920b545defdcb4bd,2024-05,Durham Constabulary,Durham Constabulary,-1.592983,54.763242,On or near Kings Grove,E01034496,County Durham 033F,Criminal damage and arson,Investigation complete; no suspect identified,
285893cf5d3c9c833bf0a8db48e8e1df030205dd6cf3734b2ac333c8ebf5e8a6,2024-05,Durham Constabulary,Durham Constabulary,-1.593419,54.763244,On or near Rokeby Square,E01034496,County Durham 033F,Drugs,Local resolution,
ff4cc0cf3189ad4115d3a963961039077ac5a032ecfdbe0f077ed640838df09f,2024-05,Durham Constabulary,Durham Constabulary,-1.590623,54.769219,On or near Kirkwood Drive,E01034496,County Durham 033F,Violence and sexual offences,Unable to prosecute suspect,
,2024-05,Durham Constabulary,Durham Constabulary,-1.603641,54.765218,On or near Petrol Station,E01034497,County Durham 033G,Anti-social behaviour,,
b5abf17723657baba4294f7c881686667a55caf68d9695d46a50b60fa77c7fee,2024-05,Durham Constabulary,Durham Constabulary,-1.603641,54.765218,On or near Petrol Station,E01034497,County Durham 033G,Other theft,Further investigation is not in the public interest,
4a81662e59651e881776423bf76561a4eee264f6a50c96de83b16c01f6124020,2024-05,Durham Constabulary,Durham Constabulary,-1.603641,54.765218,On or near Petrol Station,E01034497,County Durham 033G,Other theft,Investigation complete; no suspect identified,
5236fb70061ac49b9f3f44dcd76da7053e2565ae956b35ab4ff79a7f03643943,2024-05,Durham Constabulary,Durham Constabulary,-1.603641,54.765218,On or near Petrol Station,E01034497,County Durham 033G,Other theft,Further investigation is not in the public interest,
10532506a25f1daff317e447f1abd79b0476d97ab19ca61b75828bae5a7945d9,2024-05,Durham Constabulary,Durham Constabulary,-1.603641,54.765218,On or near Petrol Station,E01034497,County Durham 033G,Other theft,Investigation complete; no suspect identified,
e328333d5f13189190882abc667f0e15725c6dcc889f067b62aa38e5bed4f144,2024-05,Durham Constabulary,Durham Constabulary,-1.610677,54.757594,On or near High Street,E01034497,County Durham 033G,Public order,Unable to prosecute suspect,
0ee73617af2c25f17394c091d644eb4b57d2ec2ab56685c83739eb281edb2316,2024-05,Durham Constabulary,Durham Constabulary,-1.610305,54.757440,On or near High Street South Back,E01034497,County Durham 033G,Public order,Unable to prosecute suspect,
11b61d9adff92db4a70b5ee9d060c1a0d7dcc11e21f0269dea7f22d33b7f6727,2024-05,Durham Constabulary,Durham Constabulary,-1.613368,54.755598,On or near High Street North,E01034497,County Durham 033G,Violence and sexual offences,Unable to prosecute suspect,
1e731684ce97172518937e88074dc0a3c057ea58ff93778bbd04ed7cdafe637f,2024-05,Durham Constabulary,Durham Constabulary,-1.615060,54.754184,On or near Lobley Hill Road,E01034497,County Durham 033G,Violence and sexual offences,Awaiting court outcome,
7a462bbd650e16a2009bfbb6f6c51070ce4afa0f16e34f0f7fa5dcea09d0e01e,2024-05,Durham Constabulary,Durham Constabulary,-1.614137,54.759752,On or near Woodburn Grove,E01034497,County Durham 033G,Violence and sexual offences,Unable to prosecute suspect,
5d399714a383b91dd36b0bbd9d18ff96a0d900f5156ce7f1395a4edff2d97ea8,2024-05,Durham Constabulary,Durham Constabulary,-1.610305,54.757440,On or near High Street South Back,E01034497,County Durham 033G,Violence and sexual offences,Unable to prosecute suspect,
f4055bd8c55403766011aca9cbf23ce1b50388d23e501ce2882985a95d5cc5a6,2024-05,Durham Constabulary,Durham Constabulary,-1.610305,54.757440,On or near High Street South Back,E01034497,County Durham 033G,Violence and sexual offences,Unable to prosecute suspect,
592fb6907e57743464a4713ba4d0a2aa018d551b7f9e04bd1b9eb182919bf1d7,2024-05,Durham Constabulary,Durham Constabulary,-1.615060,54.754184,On or near Lobley Hill Road,E01034497,County Durham 033G,Violence and sexual offences,Unable to prosecute suspect,
260f3877c4d9bc25eff5706038cb10bc69befec26b93b9906806413418c67713,2024-05,Durham Constabulary,Durham Constabulary,-1.587851,54.762066,On or near St Georges Way,E01034498,County Durham 033H,Criminal damage and arson,Investigation complete; no suspect identified,
143baf75dd99738de7214d1dbdb48985cf71cb8fa26d628f6fd309b6b3b657c0,2024-05,Durham Constabulary,Durham Constabulary,-1.589067,54.755581,On or near Cedar Drive,E01034498,County Durham 033H,Public order,Investigation complete; no suspect identified,
c04b9986c448dfe96425f48c12b7710be7df1e0e30366f9413a764cd54a6f759,2024-05,Durham Constabulary,Durham Constabulary,-1.590553,54.762281,On or near Gleneagles Way,E01034498,County Durham 033H,Violence and sexual offences,Under investigation,
a597761b0221d2c8f8b09e1494c18db91b71079ddb6fed05eb1ebe1b6ed328a7,2024-05,Durham Constabulary,Durham Constabulary,-1.585837,54.766049,On or near Chevallier Court,E01034498,County Durham 033H,Violence and sexual offences,Unable to prosecute suspect,
6b76257e609719d605ac84546ebb48374b16cfe5056ae142ffba58c18e7f40d9,2024-05,Durham Constabulary,Durham Constabulary,-1.589876,54.753904,On or near Roundhaven,E01034498,County Durham 033H,Violence and sexual offences,Unable to prosecute suspect,
,2024-05,Durham Constabulary,Durham Constabulary,-1.617487,54.752151,On or near John Street South,E01034499,County Durham 033I,Anti-social behaviour,,
,2024-05,Durham Constabulary,Durham Constabulary,-1.618595,54.746682,On or near Browney Lane,E01034499,County Durham 033I,Anti-social behaviour,,
,2024-05,Durham Constabulary,Durham Constabulary,-1.617487,54.752151,On or near John Street South,E01034499,County Durham 033I,Anti-social behaviour,,
2a132d21e1623ea5d5179906ee27600403a8351b7239b1a7829c58eaf152d5ff,2024-05,Durham Constabulary,Durham Constabulary,-1.623936,54.749370,On or near Petrol Station,E01034499,County Durham 033I,Criminal damage and arson,Investigation complete; no suspect identified,
450e2d34dee9a172776b51a5af62c50241e63b6fc2942017c20482e427729414,2024-05,Durham Constabulary,Durham Constabulary,-1.623936,54.749370,On or near Petrol Station,E01034499,County Durham 033I,Criminal damage and arson,Investigation complete; no suspect identified,
f344eb552f04bb5176ccf50b08a2b1cb47b27396be58cdc1237735120724237e,2024-05,Durham Constabulary,Durham Constabulary,-1.608190,54.757676,On or near Keller Court,E01034499,County Durham 033I,Other theft,Local resolution,
5844b793b7c41a5eee7673dab434e27681e4c51ab58353ab4c2644c13c1c7765,2024-05,Durham Constabulary,Durham Constabulary,-1.623936,54.749370,On or near Petrol Station,E01034499,County Durham 033I,Other theft,Investigation complete; no suspect identified,
2d2080bb5f759ef39de125bf8e49c8a9da27f090b985e092f5a3458a7c5d5897,2024-05,Durham Constabulary,Durham Constabulary,-1.608190,54.757676,On or near Keller Court,E01034499,County Durham 033I,Possession of weapons,Unable to prosecute suspect,
fb062c15e20cefdd2b1086a61cb1b4f99e7caee2e7cb29911cc9f740c01a5be8,2024-05,Durham Constabulary,Durham Constabulary,-1.607502,54.756460,On or near Holliday Close,E01034499,County Durham 033I,Public order,Unable to prosecute suspect,
cb219fe74c376a4fd3303c059e00c7f80488568327eeeacf8154c256ae62f6ce,2024-05,Durham Constabulary,Durham Constabulary,-1.617020,54.744053,On or near Springwood Close,E01034499,County Durham 033I,Public order,Awaiting court outcome,
0eb944b67c51a4392f756cf4cf19cd9495f175a2578b6444afa1763330b25353,2024-05,Durham Constabulary,Durham Constabulary,-1.616887,54.745005,On or near Holby Garth,E01034499,County Durham 033I,Vehicle crime,Unable to prosecute suspect,
c6316dcd3b028d80d620a61055a86e4d5f82ab2122478b689dae1fc7d03b0c48,2024-05,Durham Constabulary,Durham Constabulary,-1.623936,54.749370,On or near Petrol Station,E01034499,County Durham 033I,Violence and sexual offences,Unable to prosecute suspect,
83672cf017d88c44d8360bab565e6ce5f102d942f1a623c57173f7023e0e71ff,2024-05,Durham Constabulary,Durham Constabulary,-1.620575,54.745897,On or near Littlewood Close,E01034499,County Durham 033I,Violence and sexual offences,Unable to prosecute suspect,
991c416cf0fd7eb8aa3ccf122db794d296aec3d3d01a52b02bf80e5e40e9d3c3,2024-05,Durham Constabulary,Durham Constabulary,-1.617020,54.744053,On or near Springwood Close,E01034499,County Durham 033I,Violence and sexual offences,Unable to prosecute suspect,
1245a84ad9ece87ceba0eaf23bbaec5553f83d91dbf60e30046b235082f705ba,2024-05,Durham Constabulary,Durham Constabulary,-1.617487,54.752151,On or near John Street South,E01034499,County Durham 033I,Violence and sexual offences,Under investigation,
,2024-05,Durham Constabulary,Durham Constabulary,-1.392751,54.764391,On or near Station Road,E01020760,County Durham 034A,Anti-social behaviour,,
,2024-05,Durham Constabulary,Durham Constabulary,-1.396642,54.765031,On or near Waverley Close,E01020760,County Durham 034A,Anti-social behaviour,,
,2024-05,Durham Constabulary,Durham Constabulary,-1.396642,54.765031,On or near Waverley Close,E01020760,County Durham 034A,Anti-social behaviour,,
,2024-05,Durham Constabulary,Durham Constabulary,-1.396642,54.765031,On or near Waverley Close,E01020760,County Durham 034A,Anti-social behaviour,,
,2024-05,Durham Constabulary,Durham Constabulary,-1.396642,54.765031,On or near Waverley Close,E01020760,County Durham 034A,Anti-social behaviour,,
,2024-05,Durham Constabulary,Durham Constabulary,-1.396642,54.765031,On or near Waverley Close,E01020760,County Durham 034A,Anti-social behaviour,,
,2024-05,Durham Constabulary,Durham Constabulary,-1.396642,54.765031,On or near Waverley Close,E01020760,County Durham 034A,Anti-social behaviour,,
,2024-05,Durham Constabulary,Durham Constabulary,-1.397823,54.766088,On or near Sorrell Close,E01020760,County Durham 034A,Anti-social behaviour,,
,2024-05,Durham Constabulary,Durham Constabulary,-1.397823,54.766088,On or near Sorrell Close,E01020760,County Durham 034A,Anti-social behaviour,,
,2024-05,Durham Constabulary,Durham Constabulary,-1.396642,54.765031,On or near Waverley Close,E01020760,County Durham 034A,Anti-social behaviour,,
5ab0a2d84557407a3c75f1d72fe524ab9d8117a1f8e6c2bb6e5c7c007314cb8f,2024-05,Durham Constabulary,Durham Constabulary,-1.393221,54.762030,On or near Whinfield Avenue,E01020760,County Durham 034A,Violence and sexual offences,Further action is not in the public interest,
,2024-05,Durham Constabulary,Durham Constabulary,-1.385081,54.758763,On or near Byron Terrace,E01020761,County Durham 034B,Anti-social behaviour,,
,2024-05,Durham Constabulary,Durham Constabulary,-1.384517,54.761124,On or near East Green,E01020761,County Durham 034B,Anti-social behaviour,,
,2024-05,Durham Constabulary,Durham Constabulary,-1.386837,54.759761,On or near Friar Street,E01020761,County Durham 034B,Anti-social behaviour,,
,2024-05,Durham Constabulary,Durham Constabulary,-1.386837,54.759761,On or near Friar Street,E01020761,County Durham 034B,Anti-social behaviour,,
,2024-05,Durham Constabulary,Durham Constabulary,-1.367326,54.762294,On or near Shotton Road,E01020761,County Durham 034B,Anti-social behaviour,,
,2024-05,Durham Constabulary,Durham Constabulary,-1.386583,54.762177,On or near Dunelm Place,E01020761,County Durham 034B,Anti-social behaviour,,
,2024-05,Durham Constabulary,Durham Constabulary,-1.384517,54.761124,On or near East Green,E01020761,County Durham 034B,Anti-social behaviour,,
,2024-05,Durham Constabulary,Durham Constabulary,-1.384517,54.761124,On or near East Green,E01020761,County Durham 034B,Anti-social behaviour,,
206e4a0f582193b33978a0f2e702da30c5b0e8f295c5f7ae40452dc91679e567,2024-05,Durham Constabulary,Durham Constabulary,-1.385081,54.758763,On or near Byron Terrace,E01020761,County Durham 034B,Burglary,Under investigation,
c40ea08e638a5baa41b68237008798c3696ee4aed1841573119da8b2f9996340,2024-05,Durham Constabulary,Durham Constabulary,-1.380385,54.760986,On or near Brackenridge,E01020761,County Durham 034B,Burglary,Investigation complete; no suspect identified,
98f6b89ff1844773a111d07c5c0cc7684c0ee6e69a53d148422b4f9212f85df1,2024-05,Durham Constabulary,Durham Constabulary,-1.364372,54.767374,On or near Pease Road,E01020761,County Durham 034B,Burglary,Investigation complete; no suspect identified,
62c21b03719e8bbf06c97a0a5da42da7b4691b5da40d386b434cf9cf8bd25a0b,2024-05,Durham Constabulary,Durham Constabulary,-1.373067,54.756850,On or near Shotton Lane,E01020761,County Durham 034B,Burglary,Investigation complete; no suspect identified,
326e217d5dfb2360e21ad92283100acb74056892c16c6868d4a25ea005e1f9d8,2024-05,Durham Constabulary,Durham Constabulary,-1.373067,54.756850,On or near Shotton Lane,E01020761,County Durham 034B,Burglary,Investigation complete; no suspect identified,
cd61ee94c92c94f3d61cb023236953f6f634a35adf269d5f79ce6ed555d3b2bc,2024-05,Durham Constabulary,Durham Constabulary,-1.385435,54.760023,On or near Victoria Street,E01020761,County Durham 034B,Criminal damage and arson,Investigation complete; no suspect identified,
743454059f1695c80ce260c0d57cdf38b1acfadc860628b05bb1d6c3217660dd,2024-05,Durham Constabulary,Durham Constabulary,-1.369974,54.761939,On or near Whitehouse Crescent,E01020761,County Durham 034B,Criminal damage and arson,Investigation complete; no suspect identified,
b736b32b16f0a5ce4f80ea73c9855969c3e5c2563e6178fcfc0f3a44a89713bf,2024-05,Durham Constabulary,Durham Constabulary,-1.385081,54.758763,On or near Byron Terrace,E01020761,County Durham 034B,Criminal damage and arson,Investigation complete; no suspect identified,
0253b85c6d9d33ab8d9309408d7c2b19d308828820b21a10e6c82f472ccb8714,2024-05,Durham Constabulary,Durham Constabulary,-1.378950,54.758283,On or near Maurice Cullen Close,E01020761,County Durham 034B,Criminal damage and arson,Investigation complete; no suspect identified,
eb7698a85a7175b5e426a862b53753a8b108b2e1fea38785930f62f350c32c60,2024-05,Durham Constabulary,Durham Constabulary,-1.364372,54.767374,On or near Pease Road,E01020761,County Durham 034B,Drugs,Awaiting court outcome,
b414292781fb6c89dfa7d56b206663b87d1e32c81290438c631ee6e3a9726314,2024-05,Durham Constabulary,Durham Constabulary,-1.364372,54.767374,On or near Pease Road,E01020761,County Durham 034B,Drugs,Under investigation,
0c6b98a57acafe9f1905e212b3065b964b023bf84962b4243ceaef3597a77425,2024-05,Durham Constabulary,Durham Constabulary,-1.364372,54.767374,On or near Pease Road,E01020761,County Durham 034B,Other theft,Investigation complete; no suspect identified,
c0851c2a756a8be58c149249295905fb0ac050442c6186c499e5c37a41d1354b,2024-05,Durham Constabulary,Durham Constabulary,-1.369974,54.761939,On or near Whitehouse Crescent,E01020761,County Durham 034B,Other theft,Investigation complete; no suspect identified,
a8d3491695aa4e3e2ce72cec88dfea2036321757b71a2ef7afc2ed15b170e68e,2024-05,Durham Constabulary,Durham Constabulary,-1.385435,54.760023,On or near Victoria Street,E01020761,County Durham 034B,Public order,Unable to prosecute suspect,
459e75ad75a5b206e43f76a183e190a397cf95b25ad6bbf4eeb94b1e39c7b221,2024-05,Durham Constabulary,Durham Constabulary,-1.388247,54.760064,On or near Hamilton Court,E01020761,County Durham 034B,Shoplifting,Investigation complete; no suspect identified,
a6be7ad13913581fb8868ef5514b4a83bf76b30095f59ad86bcdcde67c5b5db8,2024-05,Durham Constabulary,Durham Constabulary,-1.388247,54.760064,On or near Hamilton Court,E01020761,County Durham 034B,Shoplifting,Investigation complete; no suspect identified,
d16d2153ba8a25209644640ff98b8fe295bd714951dd625e60e4d1c161a1bcb9,2024-05,Durham Constabulary,Durham Constabulary,-1.383726,54.763061,On or near Front Street,E01020761,County Durham 034B,Vehicle crime,Under investigation,
ce6d057ed0f1214abb629bdeb800f7321299e11c41d92f2df05a096f866b4233,2024-05,Durham Constabulary,Durham Constabulary,-1.383726,54.763061,On or near Front Street,E01020761,County Durham 034B,Vehicle crime,Under investigation,
cd8f3c4919053743d009bd850ee657a8e95826654e44f9fd0e89dc654b0e9402,2024-05,Durham Constabulary,Durham Constabulary,-1.378950,54.758283,On or near Maurice Cullen Close,E01020761,County Durham 034B,Violence and sexual offences,Unable to prosecute suspect,
8d3d18a6d7aecf36a5876a40967e8a7c7b4cc1189ff3d3ff421ec146b8287cf6,2024-05,Durham Constabulary,Durham Constabulary,-1.383726,54.763061,On or near Front Street,E01020761,County Durham 034B,Violence and sexual offences,Unable to prosecute suspect,
0729c8576401c0b3365506e442fb111e31480df2ee992cf367ef680bc7dc53cb,2024-05,Durham Constabulary,Durham Constabulary,-1.378950,54.758283,On or near Maurice Cullen Close,E01020761,County Durham 034B,Violence and sexual offences,Local resolution,
145012e4b690603ba0f1fe59fc6adc6478fa170abac9a877ee2a6d6e7d1465be,2024-05,Durham Constabulary,Durham Constabulary,-1.383620,54.760805,On or near King Street,E01020761,County Durham 034B,Violence and sexual offences,Unable to prosecute suspect,
4b7ec9ed335a657fa3145abdb02dfd4369d1f7f1fe6899acd267e96ecfcd07bc,2024-05,Durham Constabulary,Durham Constabulary,-1.385435,54.760023,On or near Victoria Street,E01020761,County Durham 034B,Violence and sexual offences,Unable to prosecute suspect,
7b72936944954ad9aae248ade6c135505b3abb707552b9a3910996adbc0247d7,2024-05,Durham Constabulary,Durham Constabulary,-1.383726,54.763061,On or near Front Street,E01020761,County Durham 034B,Violence and sexual offences,Awaiting court outcome,
bfd959e243bae532a04b3dbc436dc4295b59623d3a92d0c8c12ae09cc74c9447,2024-05,Durham Constabulary,Durham Constabulary,-1.386583,54.762177,On or near Dunelm Place,E01020761,County Durham 034B,Violence and sexual offences,Unable to prosecute suspect,
9de7dfbffa7d0a71bca3505bcb537f2d1f146dc49aba3ddf11b86433a8bf03b8,2024-05,Durham Constabulary,Durham Constabulary,-1.381874,54.761155,On or near Eden View,E01020761,County Durham 034B,Violence and sexual offences,Unable to prosecute suspect,
a0684832fece8ab6d3f5f9c39750eb19ec9bb8b058e84d3cfdea858d0b5eeb2a,2024-05,Durham Constabulary,Durham Constabulary,-1.378950,54.758283,On or near Maurice Cullen Close,E01020761,County Durham 034B,Other crime,Investigation complete; no suspect identified,
27576825e9a07651b746320a86d5da34f559d1b9c1d8512b2b60f51779d1461f,2024-05,Durham Constabulary,Durham Constabulary,-1.365541,54.768162,On or near Davy Drive,E01020761,County Durham 034B,Other crime,Local resolution,
a6fc5824ab6887dd9cc61accc4224915a4fc0e9ac42c8ba56dcc9839b02b0beb,2024-05,Durham Constabulary,Durham Constabulary,-1.390897,54.754353,On or near Dixon Estate,E01020762,County Durham 034C,Burglary,Investigation complete; no suspect identified,
ab165e3340b946fb3d27c6901c145fab5f3292849f6df1d8c9223329cca780c7,2024-05,Durham Constabulary,Durham Constabulary,-1.387802,54.757600,On or near Bridge Road,E01020762,County Durham 034C,Criminal damage and arson,Investigation complete; no suspect identified,
aa618951e5520d22b03dd751fba86f45cb373b9dd11923a5da720d136581fb8c,2024-05,Durham Constabulary,Durham Constabulary,-1.387978,54.761402,On or near Supermarket,E01020762,County Durham 034C,Criminal damage and arson,Investigation complete; no suspect identified,
03053f7680399316d796481688fcb83bbf900e33e4c6defe1db6fbf5d5012f56,2024-05,Durham Constabulary,Durham Constabulary,-1.390897,54.754353,On or near Dixon Estate,E01020762,County Durham 034C,Other theft,Unable to prosecute suspect,
2d19835becbcf947c9f257443c51bfd60ac0c421e554f09bb978f31682bea4f5,2024-05,Durham Constabulary,Durham Constabulary,-1.390897,54.754353,On or near Dixon Estate,E01020762,County Durham 034C,Possession of weapons,Local resolution,
5c5c817649ff3c1bbd77bd66617b0d4b79c8a42fac14b80ab61ebe746e7c5fd1,2024-05,Durham Constabulary,Durham Constabulary,-1.387978,54.761402,On or near Supermarket,E01020762,County Durham 034C,Shoplifting,Investigation complete; no suspect identified,
f542ee1388d414b1bd1af122a66b83c357b5b765a51dc5f749e4c9548819e44b,2024-05,Durham Constabulary,Durham Constabulary,-1.387978,54.761402,On or near Supermarket,E01020762,County Durham 034C,Shoplifting,Investigation complete; no suspect identified,
ea84e3409d2407210b7e2474f5d5953118a6709b557b19092b396b042834e45a,2024-05,Durham Constabulary,Durham Constabulary,-1.387978,54.761402,On or near Supermarket,E01020762,County Durham 034C,Shoplifting,Investigation complete; no suspect identified,
2fa6793830cee07af01a651792472096b34ee11715f35a09e74d7edcbff911cd,2024-05,Durham Constabulary,Durham Constabulary,-1.387802,54.757600,On or near Bridge Road,E01020762,County Durham 034C,Violence and sexual offences,Unable to prosecute suspect,
02356ae8aade7ccd89e25e42ec100dde669036a0059b58dee1a1b17707cd0a2a,2024-05,Durham Constabulary,Durham Constabulary,-1.392473,54.757003,On or near Grove Court,E01020762,County Durham 034C,Violence and sexual offences,Unable to prosecute suspect,
1ffdcd1bb0f4548fb2ff13b7d42f4eefd0de49543a3c42c10e606c266a59fa0d,2024-05,Durham Constabulary,Durham Constabulary,-1.387802,54.757600,On or near Bridge Road,E01020762,County Durham 034C,Violence and sexual offences,Awaiting court outcome,
a961999a14a0991f073af841809f2ff7f55d76b4ffe812d3728872a0bab65d11,2024-05,Durham Constabulary,Durham Constabulary,-1.392473,54.757003,On or near Grove Court,E01020762,County Durham 034C,Violence and sexual offences,Local resolution,
083ed79012a345f3f0e01e86fc2934b39b93c5b46b682219232b89d261255770,2024-05,Durham Constabulary,Durham Constabulary,-1.387802,54.757600,On or near Bridge Road,E01020762,County Durham 034C,Violence and sexual offences,Awaiting court outcome,
02d8c937600b9d70b7b6da102275e6fed9d27c64fb613f515eac4a9682d3e022,2024-05,Durham Constabulary,Durham Constabulary,-1.386588,54.761862,On or near Cowley Street,E01020762,County Durham 034C,Violence and sexual offences,Investigation complete; no suspect identified,
6783dc3f1f591e998b15cf77a94a6c2f261ff2240ba745ac7501d887a2e8b3b1,2024-05,Durham Constabulary,Durham Constabulary,-1.390897,54.754353,On or near Dixon Estate,E01020762,County Durham 034C,Violence and sexual offences,Under investigation,
a710b0ca4bff0811fe1e552471920302f7292745267b385dc7f0cb6cebbdd22a,2024-05,Durham Constabulary,Durham Constabulary,-1.387802,54.757600,On or near Bridge Road,E01020762,County Durham 034C,Violence and sexual offences,Investigation complete; no suspect identified,
,2024-05,Durham Constabulary,Durham Constabulary,-1.417279,54.782530,On or near Salter'S Lane,E01020763,County Durham 034D,Anti-social behaviour,,
c3198a174e74739d0fe4b8f7aae4900969f52f9502a61ac469507099e81d4c61,2024-05,Durham Constabulary,Durham Constabulary,-1.421125,54.774541,On or near Parking Area,E01020763,County Durham 034D,Criminal damage and arson,Awaiting court outcome,
b3e617feb5abe84fd50ac8a50540ea9ac18f5140b4bc6820672cc3c7ecac6a8a,2024-05,Durham Constabulary,Durham Constabulary,-1.418429,54.788017,On or near Parking Area,E01020763,County Durham 034D,Other theft,Investigation complete; no suspect identified,
45b47288102561a09812cf4cb1b443775e512380a26ef90060ab997d64a9233f,2024-05,Durham Constabulary,Durham Constabulary,-1.421749,54.775443,On or near Mazine Terrace,E01020763,County Durham 034D,Other theft,Investigation complete; no suspect identified,
be022e10c86c5b12d03de4f3358c34355d4301b3d8d7901ff5eeb4e7ce6ed1f0,2024-05,Durham Constabulary,Durham Constabulary,-1.416136,54.780970,On or near Hall Lane,E01020763,County Durham 034D,Other theft,Local resolution,
0e999c8ac47b681b89ab0de8b6e70f18a55a4863ad171230822d66fc8efa3f2b,2024-05,Durham Constabulary,Durham Constabulary,-1.420760,54.781585,On or near Church Street,E01020763,County Durham 034D,Public order,Investigation complete; no suspect identified,
43276ec6ba089f4e3317cb962efe3cd734c8e8c70574fa0eea2d22e3741f3a14,2024-05,Durham Constabulary,Durham Constabulary,-1.411613,54.784066,On or near Acer Drive,E01020763,County Durham 034D,Violence and sexual offences,Under investigation,
94806f0e02aeb95f2eac9e8e52f69ae541e454f76755673d3950bd4fbd19f69b,2024-05,Durham Constabulary,Durham Constabulary,-1.416688,54.783641,On or near George Street,E01020763,County Durham 034D,Violence and sexual offences,Investigation complete; no suspect identified,
2ccb6eaa9d2b6153ad0f2c6709ecefc9c3c52d9120984e3db99597b3e25d708c,2024-05,Durham Constabulary,Durham Constabulary,-1.421749,54.775443,On or near Mazine Terrace,E01020763,County Durham 034D,Violence and sexual offences,Unable to prosecute suspect,
99e58cbf201b04f317d25ef9361d92c6418e1017402151fac85548273080e957,2024-05,Durham Constabulary,Durham Constabulary,-1.405119,54.769926,On or near Salter'S Lane,E01020763,County Durham 034D,Violence and sexual offences,Awaiting court outcome,
1affc7ca56ec2e622976e29305431d4983e594ff6b9d1e3a666395366b7da302,2024-05,Durham Constabulary,Durham Constabulary,-1.418429,54.788017,On or near Parking Area,E01020763,County Durham 034D,Violence and sexual offences,Action to be taken by another organisation,
,2024-05,Durham Constabulary,Durham Constabulary,-1.341952,54.764944,On or near Basingstoke Road,E01020733,County Durham 035A,Anti-social behaviour,,
,2024-05,Durham Constabulary,Durham Constabulary,-1.352216,54.766518,On or near Warwick Place,E01020733,County Durham 035A,Anti-social behaviour,,
,2024-05,Durham Constabulary,Durham Constabulary,-1.344408,54.765910,On or near Morton Square,E01020733,County Durham 035A,Anti-social behaviour,,
,2024-05,Durham Constabulary,Durham Constabulary,-1.352216,54.766518,On or near Warwick Place,E01020733,County Durham 035A,Anti-social behaviour,,
,2024-05,Durham Constabulary,Durham Constabulary,-1.341952,54.764944,On or near Basingstoke Road,E01020733,County Durham 035A,Anti-social behaviour,,
,2024-05,Durham Constabulary,Durham Constabulary,-1.352216,54.766518,On or near Warwick Place,E01020733,County Durham 035A,Anti-social behaviour,,
,2024-05,Durham Constabulary,Durham Constabulary,-1.347318,54.765656,On or near Layburn Place,E01020733,County Durham 035A,Anti-social behaviour,,
,2024-05,Durham Constabulary,Durham Constabulary,-1.347388,54.767086,On or near Acre Rigg Road,E01020733,County Durham 035A,Anti-social behaviour,,
06bf451e44576964da2a9e3c95e17a81b4f15bb760396e8bc15e1ef96fab0185,2024-05,Durham Constabulary,Durham Constabulary,-1.347388,54.767086,On or near Acre Rigg Road,E01020733,County Durham 035A,Burglary,Investigation complete; no suspect identified,
858e9b8df4eb500cfe42a2dec5a3d50a79959831b9eac7fd110e1afed5d1fb44,2024-05,Durham Constabulary,Durham Constabulary,-1.346387,54.765535,On or near Franklyn Road,E01020733,County Durham 035A,Criminal damage and arson,Investigation complete; no suspect identified,
873cb37beaab0b18db0d017a6cc7d48d09ea953cd3821d3864ed965b7bcac77a,2024-05,Durham Constabulary,Durham Constabulary,-1.345384,54.764145,On or near Beverley Way,E01020733,County Durham 035A,Public order,Investigation complete; no suspect identified,
a950f115cf17b4a92fd4267fe0d4555a0836cb45f6d23c3f2ebaa4122863bbae,2024-05,Durham Constabulary,Durham Constabulary,-1.347318,54.765656,On or near Layburn Place,E01020733,County Durham 035A,Public order,Unable to prosecute suspect,
e1110a95d5b78c813636dab0102fb9c1d586d648a5bc1310db77bf2fdc7123e1,2024-05,Durham Constabulary,Durham Constabulary,-1.347388,54.767086,On or near Acre Rigg Road,E01020733,County Durham 035A,Vehicle crime,Investigation complete; no suspect identified,
c86c668ad7fdbf66a2e2a1ad317bc3c59949a4107b32fed009dbd582b9f5307e,2024-05,Durham Constabulary,Durham Constabulary,-1.352216,54.766518,On or near Warwick Place,E01020733,County Durham 035A,Violence and sexual offences,Under investigation,
5c997adca4f66056a177f8da15830fc106cc9917791a59016225f8df97edbfc6,2024-05,Durham Constabulary,Durham Constabulary,-1.344408,54.765910,On or near Morton Square,E01020733,County Durham 035A,Violence and sexual offences,Unable to prosecute suspect,
794fbb5ca77bd9c9ec0fde0ff31ac0f2d97ce0c8c80d151a0eedd9f69e9c29a7,2024-05,Durham Constabulary,Durham Constabulary,-1.347388,54.767086,On or near Acre Rigg Road,E01020733,County Durham 035A,Violence and sexual offences,Unable to prosecute suspect,
9d09080bcdca085b5838c371185cb4e90e6cdbf80d2293569ac0382f26b55ad7,2024-05,Durham Constabulary,Durham Constabulary,-1.341952,54.764944,On or near Basingstoke Road,E01020733,County Durham 035A,Violence and sexual offences,Unable to prosecute suspect,
,2024-05,Durham Constabulary,Durham Constabulary,-1.352658,54.765092,On or near Gloucester Place,E01020734,County Durham 035B,Anti-social behaviour,,
,2024-05,Durham Constabulary,Durham Constabulary,-1.355000,54.764421,On or near Stafford Place,E01020734,County Durham 035B,Anti-social behaviour,,
d92f16189b76e7fdceb8b48d60b5b5b1845a2919d4cdb3f887e24b95e013d87a,2024-05,Durham Constabulary,Durham Constabulary,-1.354754,54.766181,On or near Chester Place,E01020734,County Durham 035B,Criminal damage and arson,Investigation complete; no suspect identified,
374f94412f2d94d1fb2f57380dd5631cabed87d28458e7f28aa0f42cdde2b612,2024-05,Durham Constabulary,Durham Constabulary,-1.355000,54.764421,On or near Stafford Place,E01020734,County Durham 035B,Violence and sexual offences,Unable to prosecute suspect,
f571f72831a12715e31a31d32f4a4466bc715fcb8a6fa8d48220ea1e9574489c,2024-05,Durham Constabulary,Durham Constabulary,-1.355000,54.764421,On or near Stafford Place,E01020734,County Durham 035B,Violence and sexual offences,Unable to prosecute suspect,
f55e62b6a0556f48f980054187b3faf0acac710829a7b0cfff58385f2ba6339e,2024-05,Durham Constabulary,Durham Constabulary,-1.349971,54.771357,On or near Sports/Recreation Area,E01020734,County Durham 035B,Violence and sexual offences,Under investigation,
,2024-05,Durham Constabulary,Durham Constabulary,-1.352416,54.769548,On or near Garside Grove,E01020735,County Durham 035C,Anti-social behaviour,,
,2024-05,Durham Constabulary,Durham Constabulary,-1.351350,54.769138,On or near Liddle Close,E01020735,County Durham 035C,Anti-social behaviour,,
,2024-05,Durham Constabulary,Durham Constabulary,-1.349809,54.770235,On or near Nottingham Place,E01020735,County Durham 035C,Anti-social behaviour,,
ca77b3aceb3bfc4af12208e35285c7b2d91e7d7fcfefcbe13ab40609663cffb9,2024-05,Durham Constabulary,Durham Constabulary,-1.349513,54.769299,On or near Oxford Close,E01020735,County Durham 035C,Criminal damage and arson,Investigation complete; no suspect identified,
6e15f309a709eae90d1697b60916fc0576d099738700823fe2d6038c9fb5aae2,2024-05,Durham Constabulary,Durham Constabulary,-1.345162,54.768296,On or near Cambridge Road,E01020735,County Durham 035C,Other theft,Investigation complete; no suspect identified,
a80ef236c6c5b841f63fb3db06c108aa6b313be5b7cb2da076b4e7de556264aa,2024-05,Durham Constabulary,Durham Constabulary,-1.344088,54.768389,On or near Essex Place,E01020735,County Durham 035C,Vehicle crime,Investigation complete; no suspect identified,
6dfac3160dcf84bf5538f2f96e6b2d469e3932daa6aae51872864aadbd410d31,2024-05,Durham Constabulary,Durham Constabulary,-1.349513,54.769299,On or near Oxford Close,E01020735,County Durham 035C,Vehicle crime,Investigation complete; no suspect identified,
a5de6dd94dcac3c6ec8603939b7fbf65a780975b2d3c2f54fbe927ff0bbd957d,2024-05,Durham Constabulary,Durham Constabulary,-1.349513,54.769299,On or near Oxford Close,E01020735,County Durham 035C,Violence and sexual offences,Unable to prosecute suspect,
ba8b5141124272731a62b8fff65215d2a8c2e14b1bab71883507fc5f4dd0c3ff,2024-05,Durham Constabulary,Durham Constabulary,-1.351350,54.769138,On or near Liddle Close,E01020735,County Durham 035C,Other crime,Unable to prosecute suspect,
,2024-05,Durham Constabulary,Durham Constabulary,-1.350810,54.757237,On or near Balliol Close,E01020770,County Durham 035D,Anti-social behaviour,,
fc512d08aeb998a45c72914469e629766871210863b97d6fd950ba654c01701f,2024-05,Durham Constabulary,Durham Constabulary,-1.350502,54.755096,On or near Cherwell Road,E01020770,County Durham 035D,Burglary,Unable to prosecute suspect,
908003d34a5f645d97abbe765b06701b85f4d2b9fec058cebbc89204f0fd7e22,2024-05,Durham Constabulary,Durham Constabulary,-1.350502,54.755096,On or near Cherwell Road,E01020770,County Durham 035D,Burglary,Awaiting court outcome,
3a09406afca23661320084d8a1d57fea4985296aa5ffb2ec093296b12a97f3d9,2024-05,Durham Constabulary,Durham Constabulary,-1.350810,54.757237,On or near Balliol Close,E01020770,County Durham 035D,Criminal damage and arson,Unable to prosecute suspect,
567b0555fdac52331a5714858af43e516a5c0dd6514acc2a5248adc7afefa671,2024-05,Durham Constabulary,Durham Constabulary,-1.348706,54.755689,On or near Clare Road,E01020770,County Durham 035D,Vehicle crime,Investigation complete; no suspect identified,
af074887888e2351dc4dd7cd83dfc16d26efe96fa1385664ca47103f35294534,2024-05,Durham Constabulary,Durham Constabulary,-1.350502,54.755096,On or near Cherwell Road,E01020770,County Durham 035D,Violence and sexual offences,Unable to prosecute suspect,
f30388c05087b16f166d7c41348f8bd7de3c8c29d702e4e561b67b6890300768,2024-05,Durham Constabulary,Durham Constabulary,-1.346844,54.756460,On or near Hulme Court,E01020770,County Durham 035D,Violence and sexual offences,Action to be taken by another organisation,
0a49ff7804fa2f2b58aa828266a5d29f9392741099c99284edefb2882fe253c1,2024-05,Durham Constabulary,Durham Constabulary,-1.353013,54.755514,On or near Shrewsbury Close,E01020770,County Durham 035D,Violence and sexual offences,Unable to prosecute suspect,
18e2b875d6f86b32697b34a787f3b27d28838cb7931912964a45b78e2bbbb088,2024-05,Durham Constabulary,Durham Constabulary,-1.346844,54.756460,On or near Hulme Court,E01020770,County Durham 035D,Violence and sexual offences,Awaiting court outcome,
113da893bd17d81cbbb544d4b4b4b6c6d089530738cc1211b3219765d0591af7,2024-05,Durham Constabulary,Durham Constabulary,-1.346844,54.756460,On or near Hulme Court,E01020770,County Durham 035D,Violence and sexual offences,Unable to prosecute suspect,
b492676987411f758b28c3a6ced93d17b80eba0edd5d2a4d6a3cfe65e4f82f40,2024-05,Durham Constabulary,Durham Constabulary,-1.350502,54.755096,On or near Cherwell Road,E01020770,County Durham 035D,Violence and sexual offences,Investigation complete; no suspect identified,
bb0cfd5d69082945c73b566c7e3443c574b658bdc5d78b9af021204bfba4beb5,2024-05,Durham Constabulary,Durham Constabulary,-1.346844,54.756460,On or near Hulme Court,E01020770,County Durham 035D,Violence and sexual offences,Unable to prosecute suspect,
bc7b60770eed971ebd44c028d5d1a90a211b755b67eafbce3bedcde2e4d28d5e,2024-05,Durham Constabulary,Durham Constabulary,-1.346844,54.756460,On or near Hulme Court,E01020770,County Durham 035D,Violence and sexual offences,Action to be taken by another organisation,
57dfa8e5503ccbb5c95b489fb7d53959a191c823af58019b675a6b6d5a5425db,2024-05,Durham Constabulary,Durham Constabulary,-1.346558,54.755893,On or near Isis Road,E01020770,County Durham 035D,Violence and sexual offences,Unable to prosecute suspect,
b490dc2b28bf151f3148aee6c8fe2589cba0cc519df0ead27b311bbadac1f39a,2024-05,Durham Constabulary,Durham Constabulary,-1.346844,54.756460,On or near Hulme Court,E01020770,County Durham 035D,Violence and sexual offences,Action to be taken by another organisation,
f07e7fd847971233f238180a5efe616fc3ac2fa78e82abdcbe946b8dc9ab8d88,2024-05,Durham Constabulary,Durham Constabulary,-1.356379,54.756862,On or near Blackdown Close,E01020771,County Durham 035E,Criminal damage and arson,Offender given a caution,
fde8747360c285207534d48a95819f598a27bf0f3a47d47f504b7e594fbb726b,2024-05,Durham Constabulary,Durham Constabulary,-1.353501,54.762877,On or near Brendon Place,E01020771,County Durham 035E,Criminal damage and arson,Investigation complete; no suspect identified,
8c4766f2de1bc5102c03d379f4cf357a6711ec1319c7bdd0206bccfd57494500,2024-05,Durham Constabulary,Durham Constabulary,-1.356200,54.758308,On or near Quantock Place,E01020771,County Durham 035E,Other theft,Unable to prosecute suspect,
d83f4333f86d010fdbae92e16ed78d362bfe4da97b35b6ca5515475124940e93,2024-05,Durham Constabulary,Durham Constabulary,-1.353501,54.762877,On or near Brendon Place,E01020771,County Durham 035E,Public order,Under investigation,
c977fccb5b0fad9025726476be8d46b123dce4e56140522c6d39a0307caef6df,2024-05,Durham Constabulary,Durham Constabulary,-1.355205,54.757413,On or near Malvern Close,E01020771,County Durham 035E,Shoplifting,Awaiting court outcome,
dba61c7603fa503291c486d675ee84878dfb1e05d0957f444e68de9fe0ad9a55,2024-05,Durham Constabulary,Durham Constabulary,-1.355205,54.757413,On or near Malvern Close,E01020771,County Durham 035E,Shoplifting,Investigation complete; no suspect identified,
ad9ae45939fe1b670875178a8a152dbd557cea299829a1cad69e88871ddd0e4a,2024-05,Durham Constabulary,Durham Constabulary,-1.355205,54.757413,On or near Malvern Close,E01020771,County Durham 035E,Shoplifting,Awaiting court outcome,
2333c3498a227bd1d65d4a527d4156e202fdbda7ae15890b3f3037374ec30c79,2024-05,Durham Constabulary,Durham Constabulary,-1.355205,54.757413,On or near Malvern Close,E01020771,County Durham 035E,Shoplifting,Awaiting court outcome,
6c0d2d3316044e13292ee9f6296ca3daa45e7f07ee087768b365efafdb373774,2024-05,Durham Constabulary,Durham Constabulary,-1.355205,54.757413,On or near Malvern Close,E01020771,County Durham 035E,Shoplifting,Awaiting court outcome,
de86e669b92422d90621a34ecb5cf8b0be878ab4baa074023c326a26dac3c307,2024-05,Durham Constabulary,Durham Constabulary,-1.355205,54.757413,On or near Malvern Close,E01020771,County Durham 035E,Shoplifting,Unable to prosecute suspect,
1af7b5cb2bd028d5a0982f398b5b511e929111d41fe43c04356dbeae03b0ae9a,2024-05,Durham Constabulary,Durham Constabulary,-1.355205,54.757413,On or near Malvern Close,E01020771,County Durham 035E,Shoplifting,Awaiting court outcome,
7c7aa20d15c02c46fde7624358f5df52714f9a1ce91ead73dd928fdafa57ce1a,2024-05,Durham Constabulary,Durham Constabulary,-1.355205,54.757413,On or near Malvern Close,E01020771,County Durham 035E,Shoplifting,Local resolution,
4be1a38806ec009fb3c3cf41261738bd3cddc31848340df36503c0a425cef03d,2024-05,Durham Constabulary,Durham Constabulary,-1.355205,54.757413,On or near Malvern Close,E01020771,County Durham 035E,Shoplifting,Local resolution,
975421183b319cd365f73db9b66fab782c8ec91ded44448aac09185ae803bf9d,2024-05,Durham Constabulary,Durham Constabulary,-1.355205,54.757413,On or near Malvern Close,E01020771,County Durham 035E,Shoplifting,Investigation complete; no suspect identified,
d04d44fe49ea8f0516ddb0db9069a29171d84b9f8f5a574d4c9774d5c2838892,2024-05,Durham Constabulary,Durham Constabulary,-1.355205,54.757413,On or near Malvern Close,E01020771,County Durham 035E,Shoplifting,Awaiting court outcome,
b546a64eea0ef39ae32584b25c99ccecc85b7649f2330115e454c2d96dbf95d3,2024-05,Durham Constabulary,Durham Constabulary,-1.355205,54.757413,On or near Malvern Close,E01020771,County Durham 035E,Shoplifting,Awaiting court outcome,
11c9c4aebcc53239b957cdf676ce8d2082af7f06f8dc39c3669af1d74b8b03ad,2024-05,Durham Constabulary,Durham Constabulary,-1.355205,54.757413,On or near Malvern Close,E01020771,County Durham 035E,Shoplifting,Awaiting court outcome,
867b8d6058da5cef531a6f0d065ceed2f7e19d54e6053d0a0df47cda1108488e,2024-05,Durham Constabulary,Durham Constabulary,-1.355205,54.757413,On or near Malvern Close,E01020771,County Durham 035E,Shoplifting,Awaiting court outcome,
e4d43efa3ef6670920d284fd85f2d81a39fc6812d9e904ef7929e021fa1bd9bb,2024-05,Durham Constabulary,Durham Constabulary,-1.355205,54.757413,On or near Malvern Close,E01020771,County Durham 035E,Shoplifting,Awaiting court outcome,
685c9499a324be7c53e5d9a9580160dca0854a497c3ddd333c791c92a5b64489,2024-05,Durham Constabulary,Durham Constabulary,-1.355205,54.757413,On or near Malvern Close,E01020771,County Durham 035E,Shoplifting,Investigation complete; no suspect identified,
7e90cdfb45bc1f56eb2c9a6493d50996e2448daaf44c611d3b8eed254c2ce427,2024-05,Durham Constabulary,Durham Constabulary,-1.355205,54.757413,On or near Malvern Close,E01020771,County Durham 035E,Shoplifting,Further investigation is not in the public interest,
a82c9ed19ca6c5cc10e956ea813dedab109030e64d2e6dc8bd020651e602c534,2024-05,Durham Constabulary,Durham Constabulary,-1.355205,54.757413,On or near Malvern Close,E01020771,County Durham 035E,Shoplifting,Awaiting court outcome,
02e7d3c264529fad3dbd156b07e93d70dc81f8c4f778acecffcb2b85acac3512,2024-05,Durham Constabulary,Durham Constabulary,-1.353735,54.761871,On or near Cheviot Place,E01020771,County Durham 035E,Vehicle crime,Investigation complete; no suspect identified,
5b54506b706e0a1365f2a4191c2b6c5adff92567a3e163866a79f74f02f24cec,2024-05,Durham Constabulary,Durham Constabulary,-1.355205,54.757413,On or near Malvern Close,E01020771,County Durham 035E,Vehicle crime,Investigation complete; no suspect identified,
3b5940a1a8e3fb804ea6d492ac21b51e4c73005230cf1976a38f6d3d132db187,2024-05,Durham Constabulary,Durham Constabulary,-1.355373,54.758537,On or near Mendip Close,E01020771,County Durham 035E,Violence and sexual offences,Unable to prosecute suspect,
,2024-05,Durham Constabulary,Durham Constabulary,-1.340383,54.759158,On or near Burnside,E01020780,County Durham 035F,Anti-social behaviour,,
,2024-05,Durham Constabulary,Durham Constabulary,-1.339547,54.761822,On or near Supermarket,E01020780,County Durham 035F,Anti-social behaviour,,
,2024-05,Durham Constabulary,Durham Constabulary,-1.340383,54.759158,On or near Burnside,E01020780,County Durham 035F,Anti-social behaviour,,
fe5953a6d8a41e9de75dde34161776303837f96e7d075c487e9c896269136bf1,2024-05,Durham Constabulary,Durham Constabulary,-1.342674,54.762594,On or near Herton Close,E01020780,County Durham 035F,Criminal damage and arson,Investigation complete; no suspect identified,
e99bfae0d94554d465b09a989410356e0b0ae80a0ef31e7fe2f495135d303789,2024-05,Durham Constabulary,Durham Constabulary,-1.340383,54.759158,On or near Burnside,E01020780,County Durham 035F,Criminal damage and arson,Unable to prosecute suspect,
3be4e5069e5e2418e9677d9aa350e43f43a8a99b2c3f82f1423718aeb69e9387,2024-05,Durham Constabulary,Durham Constabulary,-1.340383,54.759158,On or near Burnside,E01020780,County Durham 035F,Criminal damage and arson,Unable to prosecute suspect,
79b653fa2cd1bd96fe9d9c6e8658f2b0b33f2a1d0d4bf3b53dd3418aea6fc520,2024-05,Durham Constabulary,Durham Constabulary,-1.340383,54.759158,On or near Burnside,E01020780,County Durham 035F,Public order,Unable to prosecute suspect,
85874d58c111aea7635d754b0a6bd2622ac92dfcde037d65fc976453146dac80,2024-05,Durham Constabulary,Durham Constabulary,-1.342806,54.760186,On or near Woodfield,E01020780,County Durham 035F,Vehicle crime,Investigation complete; no suspect identified,
0ee5a027f1333b35dacfabb5aa207cc86dc4bc6094f0d5eae491616d66515b3f,2024-05,Durham Constabulary,Durham Constabulary,-1.341032,54.763196,On or near Kemp Road,E01020780,County Durham 035F,Violence and sexual offences,Unable to prosecute suspect,
5cdea825482d8140e2243a39de8c28f4e05b909382bec8f22e2b652e6ec21ab3,2024-05,Durham Constabulary,Durham Constabulary,-1.348644,54.761853,On or near Further/Higher Educational Building,E01020780,County Durham 035F,Violence and sexual offences,Investigation complete; no suspect identified,
324b823b6c41200dd3d746da78a27176b106bd02fd3e01792b29bb6782ffdcc7,2024-05,Durham Constabulary,Durham Constabulary,-1.340383,54.759158,On or near Burnside,E01020780,County Durham 035F,Violence and sexual offences,Offender given a caution,
f44daaddd678b1e5d8db6613a54b029a4520a1f944a16d6c30536aae48a3d3e1,2024-05,Durham Constabulary,Durham Constabulary,-1.340383,54.759158,On or near Burnside,E01020780,County Durham 035F,Violence and sexual offences,Unable to prosecute suspect,
c0e7dd0917d20953f58ca1579e6554f88f7f87bc0afb58cf1344941f9d7a3c92,2024-05,Durham Constabulary,Durham Constabulary,-1.340383,54.759158,On or near Burnside,E01020780,County Durham 035F,Violence and sexual offences,Offender given a caution,
,2024-05,Durham Constabulary,Durham Constabulary,-1.316881,54.762308,On or near Warren Street,E01020764,County Durham 036A,Anti-social behaviour,,
,2024-05,Durham Constabulary,Durham Constabulary,-1.317721,54.763148,On or near Eleventh Street,E01020764,County Durham 036A,Anti-social behaviour,,
,2024-05,Durham Constabulary,Durham Constabulary,-1.321765,54.770396,On or near Bamburgh Avenue,E01020764,County Durham 036A,Anti-social behaviour,,
,2024-05,Durham Constabulary,Durham Constabulary,-1.316813,54.763556,On or near Tees Street,E01020764,County Durham 036A,Anti-social behaviour,,
5f0a31d9f4a84b4259bc1069c67c8b9e7cde8072f768d49f3d3ce0ea8263522b,2024-05,Durham Constabulary,Durham Constabulary,-1.316885,54.762991,On or near Tenth Street,E01020764,County Durham 036A,Burglary,Investigation complete; no suspect identified,
4e06fe05e21b2603a0d6787dd93012ff2ed014719948287364ce51afbaba74ed,2024-05,Durham Constabulary,Durham Constabulary,-1.319653,54.769378,On or near Newcastle Avenue,E01020764,County Durham 036A,Burglary,Under investigation,
2587d5cbc13d47634f64f8c0d6db0a57fd9369631fd919bc559dbf9041b39653,2024-05,Durham Constabulary,Durham Constabulary,-1.318061,54.762377,On or near Twelfth Street,E01020764,County Durham 036A,Criminal damage and arson,Investigation complete; no suspect identified,
f23d34a50b3d783b5b207cbbae27d94b0891bafeb2ad9bdac321f092ee637222,2024-05,Durham Constabulary,Durham Constabulary,-1.315347,54.762937,On or near Eighth Street,E01020764,County Durham 036A,Criminal damage and arson,Unable to prosecute suspect,
34e87dd521ce58019a8dcb1839f3385ff218be7dd2162f843bb1498b71982281,2024-05,Durham Constabulary,Durham Constabulary,-1.319653,54.769378,On or near Newcastle Avenue,E01020764,County Durham 036A,Criminal damage and arson,Investigation complete; no suspect identified,
b1be0b709c333715375e4fbd6ca5f36e74509eb302ea09999d93a6f92c2e207f,2024-05,Durham Constabulary,Durham Constabulary,-1.317721,54.763148,On or near Eleventh Street,E01020764,County Durham 036A,Criminal damage and arson,Unable to prosecute suspect,
fc83bdaa78bd61ecddbd6da99f5cdfb897f0d4d2aed2164e2acbba81b3bccf49,2024-05,Durham Constabulary,Durham Constabulary,-1.318976,54.763380,On or near Thirteenth Street,E01020764,County Durham 036A,Criminal damage and arson,Unable to prosecute suspect,
1260766d9309a15106a159e9025c1be67a5b635c84700bd12575688d3039d500,2024-05,Durham Constabulary,Durham Constabulary,-1.316881,54.762308,On or near Warren Street,E01020764,County Durham 036A,Criminal damage and arson,Unable to prosecute suspect,
bc76303a3def3635734b1b6a6b37c78558d3899cee24918be5ce5d756657c9b7,2024-05,Durham Constabulary,Durham Constabulary,-1.316304,54.763320,On or near Ninth Street,E01020764,County Durham 036A,Criminal damage and arson,Unable to prosecute suspect,
b577866c1cc92fbe4da1c0ad119320da65c3d82dac8db480e30f3628163da872,2024-05,Durham Constabulary,Durham Constabulary,-1.319653,54.769378,On or near Newcastle Avenue,E01020764,County Durham 036A,Criminal damage and arson,Investigation complete; no suspect identified,
27de6a40c8991e7c8e3d0b4a1b6be95807e0f5a8e254e488785729bcf46fc189,2024-05,Durham Constabulary,Durham Constabulary,-1.316813,54.763556,On or near Tees Street,E01020764,County Durham 036A,Criminal damage and arson,Investigation complete; no suspect identified,
d128b7a6275378a00365b061cd366b2e9ea9da324d5e8a7e253c49c8d4c3821a,2024-05,Durham Constabulary,Durham Constabulary,-1.316881,54.762308,On or near Warren Street,E01020764,County Durham 036A,Other theft,Investigation complete; no suspect identified,
d1ac9d0594ed08acb70d89d021a52e803286fd253f04dd3cef37790173d6f23c,2024-05,Durham Constabulary,Durham Constabulary,-1.321703,54.770396,On or near Rothley Avenue,E01020764,County Durham 036A,Other theft,Unable to prosecute suspect,
e611d26749b3107b29f6b123d57b522b601c2c491509ca569b8cdd430663f4ec,2024-05,Durham Constabulary,Durham Constabulary,-1.318976,54.763380,On or near Thirteenth Street,E01020764,County Durham 036A,Other theft,Unable to prosecute suspect,
d28fcb6b38690879a358cac15c382fb0f5556ce577cb4c14fb001a520d6cf84d,2024-05,Durham Constabulary,Durham Constabulary,-1.318976,54.763380,On or near Thirteenth Street,E01020764,County Durham 036A,Other theft,Investigation complete; no suspect identified,
fc1858117abdcdc823522090658db4762f5fa60e8a689ca8c149f5f76347832a,2024-05,Durham Constabulary,Durham Constabulary,-1.319555,54.764093,On or near Cowell Street,E01020764,County Durham 036A,Public order,Investigation complete; no suspect identified,
6bf8eb01955551358f2bd4b7c32ec8fb5b0dc7225157a82ce7006e46bed23bd2,2024-05,Durham Constabulary,Durham Constabulary,-1.318061,54.762377,On or near Twelfth Street,E01020764,County Durham 036A,Public order,Unable to prosecute suspect,
923a7e1f646a7b845ec8c939b0d4dc252a3b605a531405d2fd765265e846f783,2024-05,Durham Constabulary,Durham Constabulary,-1.315347,54.762937,On or near Eighth Street,E01020764,County Durham 036A,Violence and sexual offences,Unable to prosecute suspect,
884d10867daacf8e33b5e2b5743ebfdc79ae6e7124d1daf626d3b18bddaffd27,2024-05,Durham Constabulary,Durham Constabulary,-1.315347,54.762937,On or near Eighth Street,E01020764,County Durham 036A,Violence and sexual offences,Awaiting court outcome,
267e4bed45f31a92bc1eba5bc7712a5bd805a82a73c728e42fe966093945ddfd,2024-05,Durham Constabulary,Durham Constabulary,-1.318061,54.762377,On or near Twelfth Street,E01020764,County Durham 036A,Violence and sexual offences,Unable to prosecute suspect,
185f8e129b2b80e00d0136b8f70231877e478ff2397a03e6457edf9602e91f5d,2024-05,Durham Constabulary,Durham Constabulary,-1.319575,54.766618,On or near Park Road,E01020764,County Durham 036A,Violence and sexual offences,Unable to prosecute suspect,
eea176087278ecd47baf2c13f1cf8895eb4d131b3c2f33e1fc0b5369f0c93648,2024-05,Durham Constabulary,Durham Constabulary,-1.318061,54.762377,On or near Twelfth Street,E01020764,County Durham 036A,Violence and sexual offences,Unable to prosecute suspect,
37cd03140fff5c07f343496472ae17928ffb01da4d9107e39e7eac891c75db4d,2024-05,Durham Constabulary,Durham Constabulary,-1.318061,54.762377,On or near Twelfth Street,E01020764,County Durham 036A,Violence and sexual offences,Unable to prosecute suspect,
27f5826d59861b27289b5593165640d852eadd58d4b9fb9899cfcb87af11dcc2,2024-05,Durham Constabulary,Durham Constabulary,-1.315347,54.762937,On or near Eighth Street,E01020764,County Durham 036A,Violence and sexual offences,Under investigation,
d74eafbc27b8fdabb13b5cc3effc5d7e2d0efaee51678149aaa96b3fe14e936a,2024-05,Durham Constabulary,Durham Constabulary,-1.318061,54.762377,On or near Twelfth Street,E01020764,County Durham 036A,Violence and sexual offences,Local resolution,
fca5e20049b90d0522dd3960eaf448c2aa403b455ded8850cc21cb24147018a7,2024-05,Durham Constabulary,Durham Constabulary,-1.320194,54.764896,On or near Handley Street,E01020764,County Durham 036A,Violence and sexual offences,Unable to prosecute suspect,
e5b05bbe863f7ee1cee807752c1f218f37bcd56a4729088b20919f507c8c50ea,2024-05,Durham Constabulary,Durham Constabulary,-1.315347,54.762937,On or near Eighth Street,E01020764,County Durham 036A,Violence and sexual offences,Awaiting court outcome,
f8cb8197a4ad3dcff6d44e0de9e2adbf244645571fab07a2469add1520a46f6b,2024-05,Durham Constabulary,Durham Constabulary,-1.316881,54.762308,On or near Warren Street,E01020764,County Durham 036A,Other crime,Unable to prosecute suspect,
95d9c2bb6b2e98948a29f522dd2ce832b9e800f601f82f66c602f6f373cae974,2024-05,Durham Constabulary,Durham Constabulary,-1.316885,54.762991,On or near Tenth Street,E01020764,County Durham 036A,Other crime,Unable to prosecute suspect,
0f30cff604704cb33f6084b77bc55c1a936796ed9bb468a0967b1ea1ca2c908e,2024-05,Durham Constabulary,Durham Constabulary,-1.321080,54.764892,On or near Ashwood Meadow,E01020766,County Durham 036B,Criminal damage and arson,Investigation complete; no suspect identified,
86e1c33d2572d99dc2582dcfa215ac88a0ae7d31328cc815f96d5ec4a8545dd1,2024-05,Durham Constabulary,Durham Constabulary,-1.321080,54.764892,On or near Ashwood Meadow,E01020766,County Durham 036B,Criminal damage and arson,Local resolution,
ca2c1b34742116d9f962bb4f4eac714820fa435d2e274af66001b2257198c692,2024-05,Durham Constabulary,Durham Constabulary,-1.321080,54.764892,On or near Ashwood Meadow,E01020766,County Durham 036B,Criminal damage and arson,Investigation complete; no suspect identified,
d2acc68c9e033926b296982b7146984e64e4cadc0503f912c2f91075cfd3ee39,2024-05,Durham Constabulary,Durham Constabulary,-1.321886,54.762255,On or near Rosedale Terrace,E01020766,County Durham 036B,Public order,Investigation complete; no suspect identified,
ab6b826e3f63d4fdfa5b43ca93d488deae34135286a3cfb0a8118ee0082b464e,2024-05,Durham Constabulary,Durham Constabulary,-1.321886,54.762255,On or near Rosedale Terrace,E01020766,County Durham 036B,Public order,Unable to prosecute suspect,
373a02a8f7e5b2db4b9c6f672659c6a8331f8f61223abcd2d553da13cb2c835c,2024-05,Durham Constabulary,Durham Constabulary,-1.321080,54.764892,On or near Ashwood Meadow,E01020766,County Durham 036B,Violence and sexual offences,Under investigation,
750924e5b86aa15925e3f72a6c21724e368d071ee13d4e92f60c34b5d05f6a39,2024-05,Durham Constabulary,Durham Constabulary,-1.323123,54.767258,On or near Woodbine Avenue,E01020766,County Durham 036B,Violence and sexual offences,Investigation complete; no suspect identified,
86c22d263daf07cdd11c5be6f161050bac27ecb292f8ca7c00d0d48cd5d86208,2024-05,Durham Constabulary,Durham Constabulary,-1.320230,54.764627,On or near Douglas Avenue,E01020766,County Durham 036B,Violence and sexual offences,Unable to prosecute suspect,
d7b66f81726f3888612e9cb078db5f25e3ef8370a59af52e0dece99472256cd9,2024-05,Durham Constabulary,Durham Constabulary,-1.320230,54.764627,On or near Douglas Avenue,E01020766,County Durham 036B,Violence and sexual offences,Unable to prosecute suspect,
115cb8795b2b314fc0eea2fdb842736ccf6a82d89caba4e4900b9e4a21853d25,2024-05,Durham Constabulary,Durham Constabulary,-1.320643,54.764099,On or near Gordon Avenue,E01020766,County Durham 036B,Other crime,Unable to prosecute suspect,
,2024-05,Durham Constabulary,Durham Constabulary,-1.314136,54.765626,On or near Thorpe Street,E01020767,County Durham 036C,Anti-social behaviour,,
,2024-05,Durham Constabulary,Durham Constabulary,-1.311956,54.759476,On or near Hawthorne Crescent,E01020767,County Durham 036C,Anti-social behaviour,,
,2024-05,Durham Constabulary,Durham Constabulary,-1.316858,54.760861,On or near Burden Court,E01020767,County Durham 036C,Anti-social behaviour,,
,2024-05,Durham Constabulary,Durham Constabulary,-1.309948,54.760588,On or near Seymour Street,E01020767,County Durham 036C,Anti-social behaviour,,
,2024-05,Durham Constabulary,Durham Constabulary,-1.314136,54.765626,On or near Thorpe Street,E01020767,County Durham 036C,Anti-social behaviour,,
,2024-05,Durham Constabulary,Durham Constabulary,-1.314136,54.765626,On or near Thorpe Street,E01020767,County Durham 036C,Anti-social behaviour,,
,2024-05,Durham Constabulary,Durham Constabulary,-1.313680,54.765031,On or near Eden Street,E01020767,County Durham 036C,Anti-social behaviour,,
,2024-05,Durham Constabulary,Durham Constabulary,-1.312926,54.765476,On or near Parking Area,E01020767,County Durham 036C,Anti-social behaviour,,
,2024-05,Durham Constabulary,Durham Constabulary,-1.311956,54.759476,On or near Hawthorne Crescent,E01020767,County Durham 036C,Anti-social behaviour,,
,2024-05,Durham Constabulary,Durham Constabulary,-1.315249,54.761409,On or near Hardwick Street,E01020767,County Durham 036C,Anti-social behaviour,,
,2024-05,Durham Constabulary,Durham Constabulary,-1.311956,54.759476,On or near Hawthorne Crescent,E01020767,County Durham 036C,Anti-social behaviour,,
,2024-05,Durham Constabulary,Durham Constabulary,-1.315249,54.761409,On or near Hardwick Street,E01020767,County Durham 036C,Anti-social behaviour,,
babd3cec4785e31c999a733260b9172fa5c17787d895958de2f86acb274b8cf4,2024-05,Durham Constabulary,Durham Constabulary,-1.314090,54.763766,On or near St Marys Court,E01020767,County Durham 036C,Burglary,Investigation complete; no suspect identified,
9a377cfc88ca0d8a333ff64532cc4750a1803729bb1d617caa9a9ffc011a4a50,2024-05,Durham Constabulary,Durham Constabulary,-1.309948,54.760588,On or near Seymour Street,E01020767,County Durham 036C,Burglary,Unable to prosecute suspect,
89e9f14787859e8facca187f38014f956c5b5239c1b95168e5654c4a87fc618e,2024-05,Durham Constabulary,Durham Constabulary,-1.313832,54.766128,On or near Grant Street,E01020767,County Durham 036C,Criminal damage and arson,Investigation complete; no suspect identified,
c0859b44271a0b010abf1a6eba230f6141234aa7756768abf50abd8b419f76a1,2024-05,Durham Constabulary,Durham Constabulary,-1.313296,54.761991,On or near Sixth Street,E01020767,County Durham 036C,Drugs,Awaiting court outcome,
46809b02be48180d421a4fd86b9e73e0377c1f00fb1eea6c93fb96e498778e7e,2024-05,Durham Constabulary,Durham Constabulary,-1.315581,54.764763,On or near Eden Court,E01020767,County Durham 036C,Other theft,Unable to prosecute suspect,
5023837e8a7085c9d587cbd134e698b63c5e46a46b5079bff4a4a6f37eb1bc19,2024-05,Durham Constabulary,Durham Constabulary,-1.315249,54.761409,On or near Hardwick Street,E01020767,County Durham 036C,Other theft,Under investigation,
697feb99dda7fc1ee5109c426f9f8879c413588c54c9fb68fcbfccd948789d8a,2024-05,Durham Constabulary,Durham Constabulary,-1.312926,54.765476,On or near Parking Area,E01020767,County Durham 036C,Other theft,Investigation complete; no suspect identified,
ede94d5eb60e87e2f02bab9b00b18ce92b6990814eeef11ac114939b4cfa1d06,2024-05,Durham Constabulary,Durham Constabulary,-1.311220,54.760712,On or near Rogers Close,E01020767,County Durham 036C,Public order,Unable to prosecute suspect,
f2c6e447ece8aa85af90ea7cf5eb9ead1641e8192d5c5e326e577c0afa2dff9e,2024-05,Durham Constabulary,Durham Constabulary,-1.315249,54.761409,On or near Hardwick Street,E01020767,County Durham 036C,Shoplifting,Awaiting court outcome,
d70991fc0375e97d2b72fccfa0e0606fa1f5c7523da14f9d36e35b3c21cad12f,2024-05,Durham Constabulary,Durham Constabulary,-1.315249,54.761409,On or near Hardwick Street,E01020767,County Durham 036C,Shoplifting,Awaiting court outcome,
8bcce36d48869bd841e12e172033fe4d3dbb4c1e6d379f9f48575a123498ba57,2024-05,Durham Constabulary,Durham Constabulary,-1.315249,54.761409,On or near Hardwick Street,E01020767,County Durham 036C,Shoplifting,Formal action is not in the public interest,
bf3c5ec312e55979ec100b26bcb3e74f7c929954368b981b67bab0b3e24c7958,2024-05,Durham Constabulary,Durham Constabulary,-1.315249,54.761409,On or near Hardwick Street,E01020767,County Durham 036C,Shoplifting,Awaiting court outcome,
865c940b0cc8a85fb3e18c7430cb4306c27e5ab2ed107f1994630bb36d805c2d,2024-05,Durham Constabulary,Durham Constabulary,-1.315249,54.761409,On or near Hardwick Street,E01020767,County Durham 036C,Shoplifting,Awaiting court outcome,
50d8909e233b876139cd7da5a7c2d3b696c21f7c5882ad88a049bbbd373fa948,2024-05,Durham Constabulary,Durham Constabulary,-1.315249,54.761409,On or near Hardwick Street,E01020767,County Durham 036C,Shoplifting,Unable to prosecute suspect,
3b99633b8f4b711165b50a8f2617754c0b1b1d9a83d07c5e967d47291900bcdf,2024-05,Durham Constabulary,Durham Constabulary,-1.315249,54.761409,On or near Hardwick Street,E01020767,County Durham 036C,Shoplifting,Investigation complete; no suspect identified,
0d6a3ffcb66f5d93af780d5d0d247c6bbb04a3d71bac237dadd0183622abd0bf,2024-05,Durham Constabulary,Durham Constabulary,-1.315249,54.761409,On or near Hardwick Street,E01020767,County Durham 036C,Shoplifting,Awaiting court outcome,
3f9c8302c778bede1bd0f3505748f341295de40c84dd799d00617d97061ecbd2,2024-05,Durham Constabulary,Durham Constabulary,-1.315249,54.761409,On or near Hardwick Street,E01020767,County Durham 036C,Shoplifting,Investigation complete; no suspect identified,
3078a08512ccc86da890d5943b219411663f833134314a8e484402ec3ca8718d,2024-05,Durham Constabulary,Durham Constabulary,-1.315249,54.761409,On or near Hardwick Street,E01020767,County Durham 036C,Shoplifting,Investigation complete; no suspect identified,
2ec983df565f96e184ebb1b4dd14e4ed42955b72d61dfd4d00eb81ebe3d08b8c,2024-05,Durham Constabulary,Durham Constabulary,-1.315249,54.761409,On or near Hardwick Street,E01020767,County Durham 036C,Shoplifting,Under investigation,
a5baf73ce58c57247e70d9e43744c3ff9852af2b2ed1d8979975a803783a7f62,2024-05,Durham Constabulary,Durham Constabulary,-1.315249,54.761409,On or near Hardwick Street,E01020767,County Durham 036C,Shoplifting,Investigation complete; no suspect identified,
9b03887c2158b7bed670d443f61d9d0bf68d3aebda94f153ec0235dc5daf0e8e,2024-05,Durham Constabulary,Durham Constabulary,-1.313141,54.763832,On or near Claxton Street,E01020767,County Durham 036C,Shoplifting,Investigation complete; no suspect identified,
36f3015f811a263f4655d74cd939fe60d3de834ded7cdc5eb57cf14c84bac3dc,2024-05,Durham Constabulary,Durham Constabulary,-1.315249,54.761409,On or near Hardwick Street,E01020767,County Durham 036C,Shoplifting,Investigation complete; no suspect identified,
526a5abe3f8117c6897f33e188f782965f8b24caa0d907ad396c84d15bb9b254,2024-05,Durham Constabulary,Durham Constabulary,-1.315249,54.761409,On or near Hardwick Street,E01020767,County Durham 036C,Shoplifting,Formal action is not in the public interest,
ac42e3a15d9e0fdfc9be55f21c1b1740e9d8d9d9999e0e19c8fa6a53043b358a,2024-05,Durham Constabulary,Durham Constabulary,-1.315249,54.761409,On or near Hardwick Street,E01020767,County Durham 036C,Shoplifting,Investigation complete; no suspect identified,
405829b92d8b423fe5cad0df7ec95846f4faf855313cb58b29f0595f894dbe51,2024-05,Durham Constabulary,Durham Constabulary,-1.315249,54.761409,On or near Hardwick Street,E01020767,County Durham 036C,Vehicle crime,Investigation complete; no suspect identified,
35066f40afcb483b4a64d633593f44c557f1d3466fae055b04247133b02ef429,2024-05,Durham Constabulary,Durham Constabulary,-1.315249,54.761409,On or near Hardwick Street,E01020767,County Durham 036C,Violence and sexual offences,Unable to prosecute suspect,
a4b9e8f8a81dd19cfe67962d85df3567a1750c6792b0965c64e230faa9fab81b,2024-05,Durham Constabulary,Durham Constabulary,-1.312513,54.763298,On or near Dene Street,E01020767,County Durham 036C,Violence and sexual offences,Unable to prosecute suspect,
ef14cb8dc0e67bb28f973334428c7c4793b193d2fad494e1115e0b2f271a9104,2024-05,Durham Constabulary,Durham Constabulary,-1.311956,54.759476,On or near Hawthorne Crescent,E01020767,County Durham 036C,Violence and sexual offences,Under investigation,
857461736aeec480459a3035d2df7761ab57bcd49f632b134369a3f22b6c9d83,2024-05,Durham Constabulary,Durham Constabulary,-1.313577,54.760069,On or near Beech Terrace,E01020767,County Durham 036C,Violence and sexual offences,Unable to prosecute suspect,
17c5efa45746077159334f8014f3fbd1b1807717a28b463deb176ff735ec0534,2024-05,Durham Constabulary,Durham Constabulary,-1.313296,54.761991,On or near Sixth Street,E01020767,County Durham 036C,Violence and sexual offences,Awaiting court outcome,
069304fb26861212d7a6f11e1ceb3b951ba9d4811ceb344b73694ca08b863532,2024-05,Durham Constabulary,Durham Constabulary,-1.311762,54.764507,On or near John Wilson Court,E01020767,County Durham 036C,Violence and sexual offences,Unable to prosecute suspect,
bc5b3ef5803f6899abb50824d232f8e902f46daeb7265643dfbe37f429b36f25,2024-05,Durham Constabulary,Durham Constabulary,-1.311220,54.760712,On or near Rogers Close,E01020767,County Durham 036C,Violence and sexual offences,Unable to prosecute suspect,
814cd3bb8802bf6963602406127b72a3c092ac219b7d488655230a788fc45b3d,2024-05,Durham Constabulary,Durham Constabulary,-1.313577,54.760069,On or near Beech Terrace,E01020767,County Durham 036C,Violence and sexual offences,Unable to prosecute suspect,
95e38ffdf0e2db13a2898a85973bada258e55ec42eea8333152defc11963f614,2024-05,Durham Constabulary,Durham Constabulary,-1.315249,54.761409,On or near Hardwick Street,E01020767,County Durham 036C,Violence and sexual offences,Unable to prosecute suspect,
753f940cedd5b6169458273e2731586802b0b45f6698c6b4259f6117e4d58ab2,2024-05,Durham Constabulary,Durham Constabulary,-1.310320,54.763340,On or near Ocean View,E01020767,County Durham 036C,Violence and sexual offences,Investigation complete; no suspect identified,
25b89311c1e01e9a4ab07930ee0f7aca8354f4ab5294704b8b230e3b532e2209,2024-05,Durham Constabulary,Durham Constabulary,-1.315249,54.761409,On or near Hardwick Street,E01020767,County Durham 036C,Violence and sexual offences,Awaiting court outcome,
67f25ed8887fcba649247ecba5b7a5ba6e4b0df4c593fe7ccc7e57a888605231,2024-05,Durham Constabulary,Durham Constabulary,-1.314136,54.765626,On or near Thorpe Street,E01020767,County Durham 036C,Other crime,Unable to prosecute suspect,
,2024-05,Durham Constabulary,Durham Constabulary,-1.304161,54.760923,On or near Cherry Avenue,E01020768,County Durham 036D,Anti-social behaviour,,
,2024-05,Durham Constabulary,Durham Constabulary,-1.308465,54.760948,On or near Cotsford Lane,E01020768,County Durham 036D,Anti-social behaviour,,
,2024-05,Durham Constabulary,Durham Constabulary,-1.302297,54.758145,On or near Stapylton Drive,E01020768,County Durham 036D,Anti-social behaviour,,
2ab4ed4e4fb36b3db13da9f10485325b03129de7d7164c0c21e52d1b9d219c9e,2024-05,Durham Constabulary,Durham Constabulary,-1.307028,54.761371,On or near Cedar Street,E01020768,County Durham 036D,Criminal damage and arson,Investigation complete; no suspect identified,
338825d1952ff95d02b538cf3a2799ce66d185dd3507671bc21bc1941cfad11b,2024-05,Durham Constabulary,Durham Constabulary,-1.303828,54.758585,On or near Dixon Rise,E01020768,County Durham 036D,Drugs,Unable to prosecute suspect,
5e57e8b4b1ce99101010f86bcd18d5065e15f2ef49a85310b1c1a1f39edcb752,2024-05,Durham Constabulary,Durham Constabulary,-1.307668,54.757600,On or near Willow Grove,E01020768,County Durham 036D,Other theft,Investigation complete; no suspect identified,
880096ec27c86630e0c2fc5192271496c2d3f53bbbc31e293069572ea433da9c,2024-05,Durham Constabulary,Durham Constabulary,-1.309506,54.761906,On or near Beach Grove,E01020768,County Durham 036D,Other theft,Unable to prosecute suspect,
12547644d5628ebc8063364d55072843024e5dbba51860ab4d3b8c49ffb92209,2024-05,Durham Constabulary,Durham Constabulary,-1.303230,54.759031,On or near Reynolds Court,E01020768,County Durham 036D,Other theft,Unable to prosecute suspect,
39cf26ff58e8053dac68e32218c8411e8382268ac55ea051e2a7d8e7062c4abf,2024-05,Durham Constabulary,Durham Constabulary,-1.303230,54.759031,On or near Reynolds Court,E01020768,County Durham 036D,Violence and sexual offences,Local resolution,
ae5b12572bbbc760544cbb8dcc4384efa6e5a12a64d921a81aca13643da556fb,2024-05,Durham Constabulary,Durham Constabulary,-1.305583,54.760482,On or near Sandringham Crescent,E01020768,County Durham 036D,Violence and sexual offences,Unable to prosecute suspect,
fcd56a99b2421c382eb6b276e89c5d8d4110d59f704b569c95102341bafffe1c,2024-05,Durham Constabulary,Durham Constabulary,-1.303828,54.758585,On or near Dixon Rise,E01020768,County Durham 036D,Violence and sexual offences,Unable to prosecute suspect,
721aebfa79e29a6c2e4c0228a2e1e5cf8f8efab1168504b93a985a8372640505,2024-05,Durham Constabulary,Durham Constabulary,-1.309506,54.761906,On or near Beach Grove,E01020768,County Durham 036D,Violence and sexual offences,Unable to prosecute suspect,
4e03840e5aece5d1f15b2c4ac0ac9cc2089b3b6cca1698fbd4b0d06caaf6ef99,2024-05,Durham Constabulary,Durham Constabulary,-1.305636,54.760096,On or near Cotsford Lane,E01020768,County Durham 036D,Violence and sexual offences,Investigation complete; no suspect identified,
8e02e838037663eda887c3d856a0e57a7c14fe83a5e7efa8579468c806df31d3,2024-05,Durham Constabulary,Durham Constabulary,-1.305914,54.761095,On or near Acacia Avenue,E01020768,County Durham 036D,Violence and sexual offences,Unable to prosecute suspect,
,2024-05,Durham Constabulary,Durham Constabulary,-1.332395,54.760147,On or near Parking Area,E01020746,County Durham 037A,Anti-social behaviour,,
,2024-05,Durham Constabulary,Durham Constabulary,-1.333420,54.759209,On or near Shopping Area,E01020746,County Durham 037A,Anti-social behaviour,,
,2024-05,Durham Constabulary,Durham Constabulary,-1.333411,54.759211,On or near Shopping Area,E01020746,County Durham 037A,Anti-social behaviour,,
,2024-05,Durham Constabulary,Durham Constabulary,-1.333411,54.759211,On or near Shopping Area,E01020746,County Durham 037A,Anti-social behaviour,,
,2024-05,Durham Constabulary,Durham Constabulary,-1.333420,54.759209,On or near Shopping Area,E01020746,County Durham 037A,Anti-social behaviour,,
,2024-05,Durham Constabulary,Durham Constabulary,-1.332395,54.760147,On or near Parking Area,E01020746,County Durham 037A,Anti-social behaviour,,
,2024-05,Durham Constabulary,Durham Constabulary,-1.331901,54.757107,On or near Church Close,E01020746,County Durham 037A,Anti-social behaviour,,
,2024-05,Durham Constabulary,Durham Constabulary,-1.332395,54.760147,On or near Parking Area,E01020746,County Durham 037A,Anti-social behaviour,,
,2024-05,Durham Constabulary,Durham Constabulary,-1.329117,54.754441,On or near Bede Way,E01020746,County Durham 037A,Anti-social behaviour,,
,2024-05,Durham Constabulary,Durham Constabulary,-1.333420,54.759209,On or near Shopping Area,E01020746,County Durham 037A,Anti-social behaviour,,
cc70f8efa361a4314a6015958da7be9ebd1ec43c4259dc4b2c9e9f75aecb63c9,2024-05,Durham Constabulary,Durham Constabulary,-1.334275,54.756374,On or near Quinn Close,E01020746,County Durham 037A,Burglary,Investigation complete; no suspect identified,
f64c296553a51ace650fedbb5e6286e6945146dbb93f1ee3ccc04278f3d82d26,2024-05,Durham Constabulary,Durham Constabulary,-1.333411,54.759211,On or near Shopping Area,E01020746,County Durham 037A,Burglary,Awaiting court outcome,
a622a30b9fe4b4aa96efcdaa39e8d1e9a4a8a81d160faef7bd28f13ce4fd9051,2024-05,Durham Constabulary,Durham Constabulary,-1.333420,54.759209,On or near Shopping Area,E01020746,County Durham 037A,Criminal damage and arson,Unable to prosecute suspect,
6ee6da3943a184fd334a2724d5d07b838598a4d48f6bad2110c834f8514bfdb9,2024-05,Durham Constabulary,Durham Constabulary,-1.332395,54.760147,On or near Parking Area,E01020746,County Durham 037A,Criminal damage and arson,Investigation complete; no suspect identified,
f67a2b5b48187ae09ef85fda63bce7dc36d95d79662a0880868d5354f1546315,2024-05,Durham Constabulary,Durham Constabulary,-1.334439,54.755836,On or near Hilton Drive,E01020746,County Durham 037A,Criminal damage and arson,Awaiting court outcome,
0a699bb57ec9507efb7b2398972312816c3f81cbd470c63013fe38ada9f8f072,2024-05,Durham Constabulary,Durham Constabulary,-1.333420,54.759209,On or near Shopping Area,E01020746,County Durham 037A,Criminal damage and arson,Investigation complete; no suspect identified,
6f16292833f9bd04a508a022738ef08bfece7e1cbe9295a9c77b0b200f11f9e9,2024-05,Durham Constabulary,Durham Constabulary,-1.334439,54.755836,On or near Hilton Drive,E01020746,County Durham 037A,Criminal damage and arson,Awaiting court outcome,
bd70e401fc7afe2d6400c3b15d1cea3438a542f523678bcb3705d1ae396dd23d,2024-05,Durham Constabulary,Durham Constabulary,-1.327552,54.755124,On or near Manor Way,E01020746,County Durham 037A,Criminal damage and arson,Investigation complete; no suspect identified,
88a930ca60c6f70652c89bcfaa7d6db7e7f8f9c723e5b5ff72f0f6f1a8aa4b45,2024-05,Durham Constabulary,Durham Constabulary,-1.333420,54.759209,On or near Shopping Area,E01020746,County Durham 037A,Criminal damage and arson,Investigation complete; no suspect identified,
5370b2771fa33a49d8305a562fbec7a52d4b2d0029b5b114fbcad9fd49af17f8,2024-05,Durham Constabulary,Durham Constabulary,-1.334439,54.755836,On or near Hilton Drive,E01020746,County Durham 037A,Criminal damage and arson,Awaiting court outcome,
8f5b0d37af6c67c353329b6a896a33dec503df4827d71699237daa1c057aabf7,2024-05,Durham Constabulary,Durham Constabulary,-1.334439,54.755836,On or near Hilton Drive,E01020746,County Durham 037A,Criminal damage and arson,Local resolution,
75d278ea0745587db97a57273950520d2be53a0e9fc45b13411bb59e55330f10,2024-05,Durham Constabulary,Durham Constabulary,-1.334439,54.755836,On or near Hilton Drive,E01020746,County Durham 037A,Criminal damage and arson,Awaiting court outcome,
dd92c58aebf7b7d77062cb91483f6c28be4d1867812e3c717dd1ec68dde21094,2024-05,Durham Constabulary,Durham Constabulary,-1.334439,54.755836,On or near Hilton Drive,E01020746,County Durham 037A,Drugs,Offender given a caution,
be10265f6dc11f42ab695266cc3b99b2c00965f1ee596004e14bc3b40d6c8c0e,2024-05,Durham Constabulary,Durham Constabulary,-1.333420,54.759209,On or near Shopping Area,E01020746,County Durham 037A,Other theft,Investigation complete; no suspect identified,
64ca3ced43ccf4ca30cea3d74bbca936a245fe37a34e789e506685305bff7eb6,2024-05,Durham Constabulary,Durham Constabulary,-1.333420,54.759209,On or near Shopping Area,E01020746,County Durham 037A,Other theft,Investigation complete; no suspect identified,
99ae1d230f5dc24f650865ebfdb6a0b4a9b13342d8f5f2ea6add9e6a7e57d450,2024-05,Durham Constabulary,Durham Constabulary,-1.334275,54.756374,On or near Quinn Close,E01020746,County Durham 037A,Other theft,Under investigation,
ca8d6b00fb31c0f5a28871aecbb5986bd089c820bd7bc8589e485c4aa81614c0,2024-05,Durham Constabulary,Durham Constabulary,-1.334439,54.755836,On or near Hilton Drive,E01020746,County Durham 037A,Public order,Awaiting court outcome,
d99e6b48297badc344296b3c3d37afbb7b6d505c84e82bfa14069f1818d86da4,2024-05,Durham Constabulary,Durham Constabulary,-1.333420,54.759209,On or near Shopping Area,E01020746,County Durham 037A,Shoplifting,Awaiting court outcome,
30960fb31dbdefdee9e2ca1b67e88f486bd0a8875c744eb33502224382f2a963,2024-05,Durham Constabulary,Durham Constabulary,-1.333420,54.759209,On or near Shopping Area,E01020746,County Durham 037A,Shoplifting,Unable to prosecute suspect,
d67b7c9439b34e4170ac2bfafa469657b5d1113b0a46fb433fc1b781c9b4a1d4,2024-05,Durham Constabulary,Durham Constabulary,-1.333411,54.759211,On or near Shopping Area,E01020746,County Durham 037A,Vehicle crime,Investigation complete; no suspect identified,
4ceaa543698cd582711ad9aac2619013eba7eac2ec3f6ec830a4e04afdf0fc5a,2024-05,Durham Constabulary,Durham Constabulary,-1.332395,54.760147,On or near Parking Area,E01020746,County Durham 037A,Vehicle crime,Awaiting court outcome,
c715088028b3736c255dd984b0da2abdf36877bae076767e95d0a40ee4691223,2024-05,Durham Constabulary,Durham Constabulary,-1.334439,54.755836,On or near Hilton Drive,E01020746,County Durham 037A,Violence and sexual offences,Awaiting court outcome,
81bdb26c26c15300759dfc49b09da5df5f841f59f85ef9fdcabcfcbc32d73736,2024-05,Durham Constabulary,Durham Constabulary,-1.333411,54.759211,On or near Shopping Area,E01020746,County Durham 037A,Violence and sexual offences,Unable to prosecute suspect,
ad9f5936b6e0efa3beeffa78bd93f87c008aaaa1e17b94732c7fed83f775d1e6,2024-05,Durham Constabulary,Durham Constabulary,-1.334439,54.755836,On or near Hilton Drive,E01020746,County Durham 037A,Violence and sexual offences,Awaiting court outcome,
b489ddc5713a879bf65771aea44b41a9179d455a4a9596668844833342eb40d3,2024-05,Durham Constabulary,Durham Constabulary,-1.333420,54.759209,On or near Shopping Area,E01020746,County Durham 037A,Violence and sexual offences,Investigation complete; no suspect identified,
63cf41b4ef2bb2d71b29bd8a667670b958caad0c7ba1dbbd51358c63f6a714ad,2024-05,Durham Constabulary,Durham Constabulary,-1.332395,54.760147,On or near Parking Area,E01020746,County Durham 037A,Violence and sexual offences,Investigation complete; no suspect identified,
0e35a2e5254c42700af44f9d7869869efb265314f30cf7c0ae32605e0b537c4f,2024-05,Durham Constabulary,Durham Constabulary,-1.332395,54.760147,On or near Parking Area,E01020746,County Durham 037A,Violence and sexual offences,Offender given a caution,
acf537ed71ffe07b722a65b1962937943a47e386c17f148863d26f1cddb14298,2024-05,Durham Constabulary,Durham Constabulary,-1.329780,54.754786,On or near Adrian Place,E01020746,County Durham 037A,Violence and sexual offences,Investigation complete; no suspect identified,
8381e189a06df1eb7b6fd0b3997bf3bfe3adfc60fb167c70b43ee730ed9ed6e0,2024-05,Durham Constabulary,Durham Constabulary,-1.334439,54.755836,On or near Hilton Drive,E01020746,County Durham 037A,Violence and sexual offences,Awaiting court outcome,
a80f34b564976c765d374f51c8a7956fd55370d93905103cf483bd291e751916,2024-05,Durham Constabulary,Durham Constabulary,-1.334439,54.755836,On or near Hilton Drive,E01020746,County Durham 037A,Violence and sexual offences,Awaiting court outcome,
cf62fc8555f75d9561628f1477a1483bb4e641554e3dc7f240f8ef799475c3a6,2024-05,Durham Constabulary,Durham Constabulary,-1.333420,54.759209,On or near Shopping Area,E01020746,County Durham 037A,Violence and sexual offences,Unable to prosecute suspect,
5ea9110d4047a1046a43aba3b2f3f7fac690540771b40843fbddb1f083868275,2024-05,Durham Constabulary,Durham Constabulary,-1.333039,54.754067,On or near Hospital,E01020746,County Durham 037A,Violence and sexual offences,Unable to prosecute suspect,
7f795ee83bcacafc81b08fc1cc77e3422a3e700d620072f647a5ec99307e2b51,2024-05,Durham Constabulary,Durham Constabulary,-1.329117,54.754441,On or near Bede Way,E01020746,County Durham 037A,Violence and sexual offences,Unable to prosecute suspect,
cdebe5048a27a35180b45d9b12123d1aafdb98ef005f2cbc9d904c87972f5310,2024-05,Durham Constabulary,Durham Constabulary,-1.332395,54.760147,On or near Parking Area,E01020746,County Durham 037A,Violence and sexual offences,Investigation complete; no suspect identified,
,2024-05,Durham Constabulary,Durham Constabulary,-1.357822,54.754003,On or near Pentland Close,E01020769,County Durham 037B,Anti-social behaviour,,
d6309504ff0abe3809175d7118dfc45d5aef4e1ce2d9ffe8a7a4cdc593125c33,2024-05,Durham Constabulary,Durham Constabulary,-1.353365,54.753889,On or near Girton Close,E01020769,County Durham 037B,Public order,Awaiting court outcome,
ad6e80c55380af08d553eb47c513a305491b057fc77cd735cb4f79ed1c0f4143,2024-05,Durham Constabulary,Durham Constabulary,-1.353365,54.753889,On or near Girton Close,E01020769,County Durham 037B,Public order,Investigation complete; no suspect identified,
31034c902f8ab0a067d9759a523de02a350690fe889145b592b3e80915730768,2024-05,Durham Constabulary,Durham Constabulary,-1.353365,54.753889,On or near Girton Close,E01020769,County Durham 037B,Violence and sexual offences,Local resolution,
786c4ad5516b24a7d7f40dee586c0f1ead3236f31c6f1797e99a0c5590898039,2024-05,Durham Constabulary,Durham Constabulary,-1.353365,54.753889,On or near Girton Close,E01020769,County Durham 037B,Violence and sexual offences,Unable to prosecute suspect,
,2024-05,Durham Constabulary,Durham Constabulary,-1.345156,54.752255,On or near Medway Close,E01020777,County Durham 037C,Anti-social behaviour,,
,2024-05,Durham Constabulary,Durham Constabulary,-1.345414,54.750728,On or near Oakerside Drive,E01020777,County Durham 037C,Anti-social behaviour,,
,2024-05,Durham Constabulary,Durham Constabulary,-1.341498,54.753646,On or near Teign Close,E01020777,County Durham 037C,Anti-social behaviour,,
,2024-05,Durham Constabulary,Durham Constabulary,-1.345414,54.750728,On or near Oakerside Drive,E01020777,County Durham 037C,Anti-social behaviour,,
4862ef235eefcd17d401498da1fb093534bef4c8c4afdb5fd8ca2e57ea1937c4,2024-05,Durham Constabulary,Durham Constabulary,-1.345156,54.752255,On or near Medway Close,E01020777,County Durham 037C,Criminal damage and arson,Investigation complete; no suspect identified,
2d29b3fc6246cf6a337f46eb673bbe7c62eca11a0c51300ce7cfe1ea3ce410b5,2024-05,Durham Constabulary,Durham Constabulary,-1.345156,54.752255,On or near Medway Close,E01020777,County Durham 037C,Criminal damage and arson,Investigation complete; no suspect identified,
63e6f2af011a7c20f0ed569f750b14e54bfb2d147bd13ab2eef8d196014bda81,2024-05,Durham Constabulary,Durham Constabulary,-1.345156,54.752255,On or near Medway Close,E01020777,County Durham 037C,Shoplifting,Investigation complete; no suspect identified,
9e05c645e4ef3b7daeff028314d44729ae74633be6d7d0bfc7cd87040e5031ce,2024-05,Durham Constabulary,Durham Constabulary,-1.345156,54.752255,On or near Medway Close,E01020777,County Durham 037C,Shoplifting,Offender given a caution,
46e9a807a2f61546d82712570f448b4554261f8fdb30d79af947f5246c49c7d6,2024-05,Durham Constabulary,Durham Constabulary,-1.345156,54.752255,On or near Medway Close,E01020777,County Durham 037C,Shoplifting,Investigation complete; no suspect identified,
3e31212276c07b179f80de6203cac9101bcc1cd9340a9f27e6bd549e0b5c2e29,2024-05,Durham Constabulary,Durham Constabulary,-1.346683,54.752011,On or near Tees Close,E01020777,County Durham 037C,Vehicle crime,Investigation complete; no suspect identified,
3bf5f591eef6febc6b2e866904f3cfa8906c62ce7e4033ead887d2575c1fd9a3,2024-05,Durham Constabulary,Durham Constabulary,-1.341715,54.754644,On or near Thames Road,E01020777,County Durham 037C,Violence and sexual offences,Unable to prosecute suspect,
85c8beaf6648c5b4499633a1ab4159cba2576ab08ff698321d0f82bb7d48528f,2024-05,Durham Constabulary,Durham Constabulary,-1.345414,54.750728,On or near Oakerside Drive,E01020777,County Durham 037C,Violence and sexual offences,Unable to prosecute suspect,
f71e42d7ea5cd3db50f68ad4ba9221a7d016abf452e2c3317cd986b18dc3b1f5,2024-05,Durham Constabulary,Durham Constabulary,-1.347934,54.749592,On or near Severn Close,E01020777,County Durham 037C,Violence and sexual offences,Unable to prosecute suspect,
fecd0f8c69e249c2e1004fe98efd416c6affe35b111a27a5d24d61129a9a4884,2024-05,Durham Constabulary,Durham Constabulary,-1.345156,54.752255,On or near Medway Close,E01020777,County Durham 037C,Violence and sexual offences,Awaiting court outcome,
6b5f6bd7870ac51960f8724468781a5bcce9781b7fdfa35f50860ad934867967,2024-05,Durham Constabulary,Durham Constabulary,-1.347285,54.753192,On or near Welland Close,E01020777,County Durham 037C,Violence and sexual offences,Unable to prosecute suspect,
8e43f154b572b7aa0f168883635e9aa5c2fef9eea2555fe8634b0111757cb53f,2024-05,Durham Constabulary,Durham Constabulary,-1.343605,54.754062,On or near Lakemore,E01020777,County Durham 037C,Violence and sexual offences,Under investigation,
0c8abd250384062cf315b42d7d27b2752e8e5dcceb7ae44dfe57921eea7afc97,2024-05,Durham Constabulary,Durham Constabulary,-1.341498,54.753646,On or near Teign Close,E01020777,County Durham 037C,Violence and sexual offences,Unable to prosecute suspect,
,2024-05,Durham Constabulary,Durham Constabulary,-1.340414,54.748661,On or near Lindisfarne,E01020778,County Durham 037D,Anti-social behaviour,,
,2024-05,Durham Constabulary,Durham Constabulary,-1.347505,54.745356,On or near Witton Garth,E01020778,County Durham 037D,Anti-social behaviour,,
44a3b7c4f36cb0b3c08219690178553fe48370515c00879be7a175c991bf0d71,2024-05,Durham Constabulary,Durham Constabulary,-1.340414,54.748661,On or near Lindisfarne,E01020778,County Durham 037D,Criminal damage and arson,Investigation complete; no suspect identified,
9d0566fe470aa80d29f5cb849a51b588861256478c92099ba83c99ba8adcc58e,2024-05,Durham Constabulary,Durham Constabulary,-1.342228,54.747898,On or near Oakerside Park,E01020778,County Durham 037D,Shoplifting,Under investigation,
f4a9c7226eb5ecbb0b0855c5a63ce19264060cf66e00ac4933e1905d3883fd0a,2024-05,Durham Constabulary,Durham Constabulary,-1.340414,54.748661,On or near Lindisfarne,E01020778,County Durham 037D,Violence and sexual offences,Under investigation,
e1dc9d25c5476958900b16757ef297f459812124dfac0bd8fc160f8fd1bbaaf2,2024-05,Durham Constabulary,Durham Constabulary,-1.346305,54.746509,On or near Elsdon Close,E01020778,County Durham 037D,Violence and sexual offences,Unable to prosecute suspect,
8a26e1fa7af022ad684edaf0f37fc3dcc93b6ea812d13f07c381396fbd8ada5b,2024-05,Durham Constabulary,Durham Constabulary,-1.359552,54.748764,On or near Donerston Grove,E01020779,County Durham 037E,Violence and sexual offences,Local resolution,
,2024-05,Durham Constabulary,Durham Constabulary,-1.674260,54.744157,On or near Wolsingham Road,E01020685,County Durham 038A,Anti-social behaviour,,
,2024-05,Durham Constabulary,Durham Constabulary,-1.626903,54.748685,On or near Leesfield Drive,E01020685,County Durham 038A,Anti-social behaviour,,
6452efafee60137d084998aef7daaa20ff5a29820ac2a9e73b479e2ea84a0445,2024-05,Durham Constabulary,Durham Constabulary,-1.622645,54.750559,On or near Stanhope Close,E01020685,County Durham 038A,Criminal damage and arson,Investigation complete; no suspect identified,
969b920ff1cdfd20b9450d439544eaa95486bb1511aed95197abd352ea5b3e31,2024-05,Durham Constabulary,Durham Constabulary,-1.622645,54.750559,On or near Stanhope Close,E01020685,County Durham 038A,Violence and sexual offences,Unable to prosecute suspect,
a37205e30d2b6f6c22e16e0daed4ed6ae4a147e19b23d7a4a1b14f94ab0092b2,2024-05,Durham Constabulary,Durham Constabulary,-1.623829,54.750212,On or near Alston Way,E01020685,County Durham 038A,Violence and sexual offences,Investigation complete; no suspect identified,
5a420eaa655c22bb10d9d8b70ef94834995c4f6ae46aa503b66aeebf7cff175d,2024-05,Durham Constabulary,Durham Constabulary,-1.622645,54.750559,On or near Stanhope Close,E01020685,County Durham 038A,Violence and sexual offences,Further investigation is not in the public interest,
d306a491128a6d600663d420e5fd9ad05e392846a008818bbd676a556c2da372,2024-05,Durham Constabulary,Durham Constabulary,-1.622645,54.750559,On or near Stanhope Close,E01020685,County Durham 038A,Violence and sexual offences,Unable to prosecute suspect,
24b376b2b471262e1f72f0a5744d10d0dba1b07cec353bc7932bf536c22e1827,2024-05,Durham Constabulary,Durham Constabulary,-1.628140,54.747664,On or near West View,E01020685,County Durham 038A,Violence and sexual offences,Under investigation,
376148d5fbe009f898b9ba902e3d20f670c712c009f87818a8a76a3de8114c0f,2024-05,Durham Constabulary,Durham Constabulary,-1.622645,54.750559,On or near Stanhope Close,E01020685,County Durham 038A,Violence and sexual offences,Unable to prosecute suspect,
3bcd8609b841f22160f9e5773eceacc485b9600d39bf56ef79fe9965bbc54a3a,2024-05,Durham Constabulary,Durham Constabulary,-1.624625,54.748103,On or near Central Avenue,E01020685,County Durham 038A,Violence and sexual offences,Investigation complete; no suspect identified,
,2024-05,Durham Constabulary,Durham Constabulary,-1.634567,54.748187,On or near Grove Road,E01020686,County Durham 038B,Anti-social behaviour,,
,2024-05,Durham Constabulary,Durham Constabulary,-1.629107,54.752313,On or near Oak Tree Mews,E01020686,County Durham 038B,Anti-social behaviour,,
3eb293845bbfd40d7c2175dfd740a7b12106fe9075d1304dcca6a798af1a51bb,2024-05,Durham Constabulary,Durham Constabulary,-1.628811,54.752420,On or near Carr Avenue,E01020686,County Durham 038B,Other theft,Investigation complete; no suspect identified,
b137b34e071d13e86a48ddea5a7033362435a2ae5d8b4953bc8d475dfe4014eb,2024-05,Durham Constabulary,Durham Constabulary,-1.628811,54.752420,On or near Carr Avenue,E01020686,County Durham 038B,Violence and sexual offences,Under investigation,
1dafd5d3cedde5ad3c60ab82d13c26d318805727368d6e935cb859b69f40f873,2024-05,Durham Constabulary,Durham Constabulary,-1.635738,54.752693,On or near Redwood,E01020686,County Durham 038B,Violence and sexual offences,Unable to prosecute suspect,
aa24c131d2eafac411285864aee488b14dd0fd28c3189437f03880f732d3c353,2024-05,Durham Constabulary,Durham Constabulary,-1.631361,54.748797,On or near Moor Edge,E01020686,County Durham 038B,Violence and sexual offences,Unable to prosecute suspect,
7adad8c6b9b2df119203b97160479bf2340eb6bb03253751678267d4aacf582d,2024-05,Durham Constabulary,Durham Constabulary,-1.631361,54.748797,On or near Moor Edge,E01020686,County Durham 038B,Violence and sexual offences,Unable to prosecute suspect,
5a01e2f45a7e8541041b1cf86b69200f3740f5f5f5a65d23212967b5a0c04ca1,2024-05,Durham Constabulary,Durham Constabulary,-1.634567,54.748187,On or near Grove Road,E01020686,County Durham 038B,Violence and sexual offences,Under investigation,
5d0e7efecd16fe64154f1f6a074ae5507fa86d5673befec643dbdc08d12dcbb7,2024-05,Durham Constabulary,Durham Constabulary,-1.634141,54.747161,On or near Dominion Road,E01020686,County Durham 038B,Other crime,Awaiting court outcome,
,2024-05,Durham Constabulary,Durham Constabulary,-1.646369,54.746937,On or near Forest View,E01020687,County Durham 038C,Anti-social behaviour,,
054490aca92f8107d068661efb60dad33d34fbd232d34bdf701898d986520c0b,2024-05,Durham Constabulary,Durham Constabulary,-1.639070,54.748425,On or near Black Thorn Close,E01020687,County Durham 038C,Criminal damage and arson,Investigation complete; no suspect identified,
0c5ecbf7193a4612dfb98637f7698722cac8a715fb47b2b845f2913e52122113,2024-05,Durham Constabulary,Durham Constabulary,-1.636698,54.749550,On or near White Cedars,E01020687,County Durham 038C,Public order,Unable to prosecute suspect,
b89f1440d97b647750c1a566d0ff9e992cf65d842da937f9ed34fc6612ebfa23,2024-05,Durham Constabulary,Durham Constabulary,-1.644240,54.747003,On or near Ashbrook Close,E01020687,County Durham 038C,Violence and sexual offences,Unable to prosecute suspect,
,2024-05,Durham Constabulary,Durham Constabulary,-1.638419,54.751721,On or near Dove Close,E01020688,County Durham 038D,Anti-social behaviour,,
02681dd3217ad0f782923e8a29ecdbcb47049688aae539ad312f20638b5d17d4,2024-05,Durham Constabulary,Durham Constabulary,-1.638355,54.753653,On or near Pear Lea,E01020688,County Durham 038D,Burglary,Investigation complete; no suspect identified,
5e8c8e11cb2aa6ebbf3e2554d390071eed70ebb68010316d2b3f39f0c9d85c86,2024-05,Durham Constabulary,Durham Constabulary,-1.638355,54.753653,On or near Pear Lea,E01020688,County Durham 038D,Burglary,Investigation complete; no suspect identified,
2808b6462f8f4c753867bd900c776db2dfab9052eaf4c32f5eed1b4557844085,2024-05,Durham Constabulary,Durham Constabulary,-1.638419,54.751721,On or near Dove Close,E01020688,County Durham 038D,Burglary,Investigation complete; no suspect identified,
1a9e37d2d1cf76a50f909fc1a319d7886d4df671fb22207d2144cacfbad86d2d,2024-05,Durham Constabulary,Durham Constabulary,-1.638355,54.753653,On or near Pear Lea,E01020688,County Durham 038D,Burglary,Investigation complete; no suspect identified,
f0f53c8166c4863a337a332be41888ef9eaa4cd57cc7c4c98a0b33c4dba5588b,2024-05,Durham Constabulary,Durham Constabulary,-1.637058,54.752814,On or near Poplar Lea,E01020688,County Durham 038D,Criminal damage and arson,Unable to prosecute suspect,
644fa692e1c7096f72648ec0f12f26760a436831d1e32b6d19138aaa9b4b4284,2024-05,Durham Constabulary,Durham Constabulary,-1.637058,54.752814,On or near Poplar Lea,E01020688,County Durham 038D,Violence and sexual offences,Further investigation is not in the public interest,
28c941762215fe7e97c2a1e4a2e57bcf53f6a50d792e6f9e4f82188704466e23,2024-05,Durham Constabulary,Durham Constabulary,-1.637058,54.752814,On or near Poplar Lea,E01020688,County Durham 038D,Other crime,Unable to prosecute suspect,
f2a1bd6f2ba37488d7c149efc42d5d0b0f9881b562523cdbc82dc44870fe8094,2024-05,Durham Constabulary,Durham Constabulary,-1.634686,54.755619,On or near Deerness Heights,E01020688,County Durham 038D,Other crime,Under investigation,
537ae459e3bbc1979c5e104855cb59f15662848394624976e233bdf9d7252096,2024-05,Durham Constabulary,Durham Constabulary,-1.625922,54.755745,On or near Church Square,E01020689,County Durham 038E,Public order,Further investigation is not in the public interest,
718ac7f8ce3be74fdf95e4105291d8a47700a9fdafdc261eb39aae41f26f9961,2024-05,Durham Constabulary,Durham Constabulary,-1.624985,54.752840,On or near Station Avenue,E01020689,County Durham 038E,Vehicle crime,Awaiting court outcome,
13b169d411c74eea071a223ee0343016e42b113313b0dec4b6d02f04e032ebf9,2024-05,Durham Constabulary,Durham Constabulary,-1.622402,54.758287,On or near High Shaws,E01020689,County Durham 038E,Vehicle crime,Under investigation,
cc3c774dd4770519d701565c5eb6dac58331fa1134bca46d91f2fb0d50d8998c,2024-05,Durham Constabulary,Durham Constabulary,-1.626124,54.757409,On or near St Agathas Close,E01020689,County Durham 038E,Violence and sexual offences,Under investigation,
467f1ccfc9b39749505fd8c6a37596ccfa57a60a893d454422011cca9f49a6e7,2024-05,Durham Constabulary,Durham Constabulary,-1.628025,54.755132,On or near Commercial Street,E01020689,County Durham 038E,Violence and sexual offences,Investigation complete; no suspect identified,
b8c34b25daef67667e6139beb178e6cb24f1abebc84cfe243838b4b94141478b,2024-05,Durham Constabulary,Durham Constabulary,-1.622402,54.758287,On or near High Shaws,E01020689,County Durham 038E,Violence and sexual offences,Unable to prosecute suspect,
1c53fa830e0ae2cdc645e6d679e7021138485ae26d2179e09a030e314c404687,2024-05,Durham Constabulary,Durham Constabulary,-1.629624,54.753609,On or near Hawthorn Park,E01020689,County Durham 038E,Violence and sexual offences,Investigation complete; no suspect identified,
0facbd39ebd34ad1385c326f52a848848588dd3a1cd6413108a6aa1390e2734a,2024-05,Durham Constabulary,Durham Constabulary,-1.626124,54.757409,On or near St Agathas Close,E01020689,County Durham 038E,Violence and sexual offences,Unable to prosecute suspect,
e0d06a9fa91195ed23117ead044bd2447957a6298100137014ca7bc302c4348d,2024-05,Durham Constabulary,Durham Constabulary,-1.621886,54.756964,On or near Hemmel Courts,E01020689,County Durham 038E,Violence and sexual offences,Unable to prosecute suspect,
200af5427c7c29da68de23274bd2f2aaede13f8b3a9ba7b723ddc6b57de25d5c,2024-05,Durham Constabulary,Durham Constabulary,-1.632267,54.753374,On or near Lime Park,E01020689,County Durham 038E,Violence and sexual offences,Action to be taken by another organisation,
b72bf6ee5be931b98dbfa1a877576d605704e794b6d7629b25dcd6eb8631ed0f,2024-05,Durham Constabulary,Durham Constabulary,-1.294616,54.746777,On or near Whindyke,E01020737,County Durham 039B,Other theft,Investigation complete; no suspect identified,
0827862589a215b10451fb40229e4ffe9d8ad94cc84f84be3166dea70a723881,2024-05,Durham Constabulary,Durham Constabulary,-1.293341,54.751353,On or near Shaftesbury Avenue,E01020737,County Durham 039B,Other theft,Unable to prosecute suspect,
9a9f7981d9a3d471aeb47cd047515bf1ff2cba6f1c391e72c962a24e9bb33180,2024-05,Durham Constabulary,Durham Constabulary,-1.297320,54.750416,On or near Sports/Recreation Area,E01020737,County Durham 039B,Public order,Unable to prosecute suspect,
103e5788ccd21850e935cd0acef5c1493108a2f3521c3768608620f469fef9ea,2024-05,Durham Constabulary,Durham Constabulary,-1.293353,54.745278,On or near Keating Close,E01020737,County Durham 039B,Vehicle crime,Investigation complete; no suspect identified,
f51b855aa31680279985decf97e10dc6047a6db6980fd9e1c67cedc4015fecfc,2024-05,Durham Constabulary,Durham Constabulary,-1.294397,54.745113,On or near Halls Close,E01020737,County Durham 039B,Vehicle crime,Investigation complete; no suspect identified,
ba8378756aae4ca5a86299e4e074a234f0fd7638455e890a1f43cdcff58b7dda,2024-05,Durham Constabulary,Durham Constabulary,-1.294397,54.745113,On or near Halls Close,E01020737,County Durham 039B,Violence and sexual offences,Local resolution,
9a98b098cb747a8e410fa07f4c197abe3fda73dc40d9f59d5bbb28685ba8ea10,2024-05,Durham Constabulary,Durham Constabulary,-1.296620,54.748613,On or near Hardwick Street,E01020737,County Durham 039B,Violence and sexual offences,Unable to prosecute suspect,
6be22c4afb924f6ed803c1b7e8fee60f964166f3bac309b8a6f26614b3aef414,2024-05,Durham Constabulary,Durham Constabulary,-1.297690,54.753202,On or near Shaftesbury Road,E01020737,County Durham 039B,Violence and sexual offences,Unable to prosecute suspect,
,2024-05,Durham Constabulary,Durham Constabulary,-1.291502,54.747208,On or near The Crescent,E01020739,County Durham 039D,Anti-social behaviour,,
,2024-05,Durham Constabulary,Durham Constabulary,-1.293344,54.749376,On or near Ninth Street,E01020739,County Durham 039D,Anti-social behaviour,,
,2024-05,Durham Constabulary,Durham Constabulary,-1.291469,54.749958,On or near Eighth Street,E01020739,County Durham 039D,Anti-social behaviour,,
,2024-05,Durham Constabulary,Durham Constabulary,-1.289315,54.747905,On or near Third Street,E01020739,County Durham 039D,Anti-social behaviour,,
,2024-05,Durham Constabulary,Durham Constabulary,-1.291811,54.749061,On or near Parking Area,E01020739,County Durham 039D,Anti-social behaviour,,
,2024-05,Durham Constabulary,Durham Constabulary,-1.287944,54.748140,On or near Second Street,E01020739,County Durham 039D,Anti-social behaviour,,
49d89d2a2ba9fdbb01e5d603ffc4d39380205c4b6af9d52465af60e6ed2bb356,2024-05,Durham Constabulary,Durham Constabulary,-1.293678,54.749809,On or near Tenth Street,E01020739,County Durham 039D,Criminal damage and arson,Unable to prosecute suspect,
2e236eabfb4aa456c2126a8b2c1139a9cb610a0c58c7d66af735cd1cc05986d8,2024-05,Durham Constabulary,Durham Constabulary,-1.290644,54.748291,On or near A1086,E01020739,County Durham 039D,Criminal damage and arson,Unable to prosecute suspect,
f25972e3352e03796551dd6c9b02348fa67c857e9c92d0f5c65c75c48e8be765,2024-05,Durham Constabulary,Durham Constabulary,-1.291469,54.749958,On or near Eighth Street,E01020739,County Durham 039D,Criminal damage and arson,Investigation complete; no suspect identified,
065d66abeb8cdd0ee376a4237f0f677820ebef954053c5e7586a3ebab09e3eb9,2024-05,Durham Constabulary,Durham Constabulary,-1.291811,54.749061,On or near Parking Area,E01020739,County Durham 039D,Criminal damage and arson,Investigation complete; no suspect identified,
7020f754d43cfa8894f39687be8ce66c119dc13dc6aa72b62c2fc8253ec6b61a,2024-05,Durham Constabulary,Durham Constabulary,-1.291469,54.749958,On or near Eighth Street,E01020739,County Durham 039D,Other theft,Investigation complete; no suspect identified,
fe9751a07e8495edc669cd15aa0e9e21ae3a74911f9b165cf7f04c5a819bd6c4,2024-05,Durham Constabulary,Durham Constabulary,-1.293678,54.749809,On or near Tenth Street,E01020739,County Durham 039D,Other theft,Investigation complete; no suspect identified,
52cf361ddc6373e29cb469f4bf97af0c77ddf6e7d66d199db4399e08ca459070,2024-05,Durham Constabulary,Durham Constabulary,-1.291469,54.749958,On or near Eighth Street,E01020739,County Durham 039D,Other theft,Unable to prosecute suspect,
77da1aeee2350ae14871dd11b56c0de7bb5696d81f92f5f4a97688baf128d044,2024-05,Durham Constabulary,Durham Constabulary,-1.290644,54.748291,On or near A1086,E01020739,County Durham 039D,Other theft,Unable to prosecute suspect,
9671fc79cf8ce3b94b19113e8ce8caff53e14ea0e349994ad9c0c1056ab1d17b,2024-05,Durham Constabulary,Durham Constabulary,-1.290644,54.748291,On or near A1086,E01020739,County Durham 039D,Public order,Investigation complete; no suspect identified,
65d3ab8b7dbd3df858755bb1ad90291c0b9dd4d17e33a416da297c55619286c1,2024-05,Durham Constabulary,Durham Constabulary,-1.289000,54.747256,On or near Supermarket,E01020739,County Durham 039D,Public order,Unable to prosecute suspect,
b3cba42311fd7f4650eade578ad44d3d87b1c278a6bc2ccd0306868ff3341adf,2024-05,Durham Constabulary,Durham Constabulary,-1.291691,54.748854,On or near Middle Street,E01020739,County Durham 039D,Shoplifting,Investigation complete; no suspect identified,
7ef184a7c05ef9a4264acbca46f9a2f5e8076f12a41f992465b0e361ada97567,2024-05,Durham Constabulary,Durham Constabulary,-1.290644,54.748291,On or near A1086,E01020739,County Durham 039D,Shoplifting,Formal action is not in the public interest,
f30680e55b6a40e189101ce51fc3281046cef5701f3548bf50d3ccc2ff52d2d8,2024-05,Durham Constabulary,Durham Constabulary,-1.291691,54.748854,On or near Middle Street,E01020739,County Durham 039D,Shoplifting,Investigation complete; no suspect identified,
ef6eb4104167f8a5c6165a64544f97c4d42520e664cc78e81b186a8d18b7e85f,2024-05,Durham Constabulary,Durham Constabulary,-1.289000,54.747256,On or near Supermarket,E01020739,County Durham 039D,Shoplifting,Investigation complete; no suspect identified,
f988d71edf0827c0e3e9920174956a919683c92229f578e2d885d94b9aa976bc,2024-05,Durham Constabulary,Durham Constabulary,-1.290644,54.748291,On or near A1086,E01020739,County Durham 039D,Shoplifting,Awaiting court outcome,
f07c6997bdd0539ba11d00cc2a5d0ab306337214af01dc360a5a1c6e5e9ffd33,2024-05,Durham Constabulary,Durham Constabulary,-1.290644,54.748291,On or near A1086,E01020739,County Durham 039D,Vehicle crime,Investigation complete; no suspect identified,
193ac62aa47c8a45b9107234be93adf937bf0adb2f2f25731a276837bd163a37,2024-05,Durham Constabulary,Durham Constabulary,-1.291691,54.748854,On or near Middle Street,E01020739,County Durham 039D,Vehicle crime,Investigation complete; no suspect identified,
59db893030faeaae9cd44d4e328d1cf9d200e6d225072b9f8e2ac690a3b90aaf,2024-05,Durham Constabulary,Durham Constabulary,-1.287944,54.748140,On or near Second Street,E01020739,County Durham 039D,Vehicle crime,Investigation complete; no suspect identified,
5c40335f7e1bdaf48760622797194ab588f838096b45da36cb39f0349cdeb616,2024-05,Durham Constabulary,Durham Constabulary,-1.291502,54.747208,On or near The Crescent,E01020739,County Durham 039D,Violence and sexual offences,Under investigation,
3eb53b5b500cdaedd0c366fe84dc624d9ad8ec089d0bd338b911335214ebb346,2024-05,Durham Constabulary,Durham Constabulary,-1.293678,54.749809,On or near Tenth Street,E01020739,County Durham 039D,Violence and sexual offences,Unable to prosecute suspect,
2dee91de61d6e52d47ee7e1f68378119ec3ad34b76c70e6bc9998828c844e457,2024-05,Durham Constabulary,Durham Constabulary,-1.289634,54.748312,On or near Fourth Street,E01020739,County Durham 039D,Violence and sexual offences,Under investigation,
21a93833aeabfca4dd96f50a9e649e7d1d81a38d82c6e83115d13615d8550804,2024-05,Durham Constabulary,Durham Constabulary,-1.293344,54.749376,On or near Ninth Street,E01020739,County Durham 039D,Violence and sexual offences,Unable to prosecute suspect,
298abe701984bb4e352373faf64c9e8c54b089096e7a12a22cf2689bb39a705f,2024-05,Durham Constabulary,Durham Constabulary,-1.291811,54.749061,On or near Parking Area,E01020739,County Durham 039D,Violence and sexual offences,Unable to prosecute suspect,
57b86381aa71e7f6d99aa52ad6c7d7ed5136b032680af486c4ee279a1695352a,2024-05,Durham Constabulary,Durham Constabulary,-1.290044,54.746166,On or near Daffodil Close,E01020739,County Durham 039D,Violence and sexual offences,Unable to prosecute suspect,
4c1f860ab19e149df0249c600af3d0736bd8ae4094983de9feff0c77af5f9eb3,2024-05,Durham Constabulary,Durham Constabulary,-1.291811,54.749061,On or near Parking Area,E01020739,County Durham 039D,Violence and sexual offences,Unable to prosecute suspect,
4a1f19c85c661213013523bc1cca68532b4499938b897b3e538d1ba75c07db78,2024-05,Durham Constabulary,Durham Constabulary,-1.289315,54.747905,On or near Third Street,E01020739,County Durham 039D,Violence and sexual offences,Unable to prosecute suspect,
07dfb44472256796c31e041381518db7a6b69cc692f2d2f3641a1c8f2bb5fc6d,2024-05,Durham Constabulary,Durham Constabulary,-1.290044,54.746166,On or near Daffodil Close,E01020739,County Durham 039D,Violence and sexual offences,Unable to prosecute suspect,
2932a922477aecb8c7be5ba5f0380acf3d8bad92ec9a5cfc02ebd79176bfaa91,2024-05,Durham Constabulary,Durham Constabulary,-1.289315,54.747905,On or near Third Street,E01020739,County Durham 039D,Violence and sexual offences,Unable to prosecute suspect,
96c1101a91dddeddcf73b7b4da2064bd225cc41361dab2a63a2dba3545c10393,2024-05,Durham Constabulary,Durham Constabulary,-1.317839,54.756175,On or near Eastfield,E01020744,County Durham 039E,Other theft,Investigation complete; no suspect identified,
6d0dc29e5c9cbdd9918e7f5c554ac150406efc94d7060bf1770c2906a9ae4eb9,2024-05,Durham Constabulary,Durham Constabulary,-1.323276,54.756259,On or near Dean Close,E01020744,County Durham 039E,Public order,Further investigation is not in the public interest,
5e3efd78ddd1b1bbea180c732f724d39b158ca8514dcc74bf878da06fee7572f,2024-05,Durham Constabulary,Durham Constabulary,-1.323276,54.756259,On or near Dean Close,E01020744,County Durham 039E,Public order,Unable to prosecute suspect,
6d7421eb46880a9ecb3ac951e4b318ac8c5ee631301fd3e4d482e5c65947518f,2024-05,Durham Constabulary,Durham Constabulary,-1.323276,54.756259,On or near Dean Close,E01020744,County Durham 039E,Shoplifting,Awaiting court outcome,
de602ff4057d0290e71a61c6635831124f196c3ee8e1c29a425f2ab28edfe3c5,2024-05,Durham Constabulary,Durham Constabulary,-1.323276,54.756259,On or near Dean Close,E01020744,County Durham 039E,Shoplifting,Awaiting court outcome,
185cb56711f655dc31c4e641f6bc3004df5f86cfe9eec736a71f87afc27e3f13,2024-05,Durham Constabulary,Durham Constabulary,-1.323276,54.756259,On or near Dean Close,E01020744,County Durham 039E,Shoplifting,Awaiting court outcome,
c546728538648aa4dddfe14f2c5c9580f1b843cca539a907e832b2007e556377,2024-05,Durham Constabulary,Durham Constabulary,-1.323276,54.756259,On or near Dean Close,E01020744,County Durham 039E,Shoplifting,Awaiting court outcome,
dcfd6072460efb591a8e306e7c3b5e63b200b0e80313d583117841dfb7e5ce44,2024-05,Durham Constabulary,Durham Constabulary,-1.323276,54.756259,On or near Dean Close,E01020744,County Durham 039E,Shoplifting,Awaiting court outcome,
d60295f9bc13f74a50f228b975048b7075c465a5e0dfd3042af770d76acb2658,2024-05,Durham Constabulary,Durham Constabulary,-1.317839,54.756175,On or near Eastfield,E01020744,County Durham 039E,Violence and sexual offences,Unable to prosecute suspect,
ef9c1940333d0d9031f4763420f7b6b68faeef59640493ab35d97e6d97df5185,2024-05,Durham Constabulary,Durham Constabulary,-1.317839,54.756175,On or near Eastfield,E01020744,County Durham 039E,Violence and sexual offences,Action to be taken by another organisation,
f35733555029c9eda4607139e2a605464ce820f83e5be9a142f132d9fcf50de3,2024-05,Durham Constabulary,Durham Constabulary,-1.323245,54.757194,On or near Granville Road,E01020744,County Durham 039E,Violence and sexual offences,Investigation complete; no suspect identified,
c94f0501bfbac875ba463fd1891d87c9d3095345f9db3f97a984a98e0d907f3a,2024-05,Durham Constabulary,Durham Constabulary,-1.323276,54.756259,On or near Dean Close,E01020744,County Durham 039E,Violence and sexual offences,Investigation complete; no suspect identified,
,2024-05,Durham Constabulary,Durham Constabulary,-1.278121,54.742267,On or near Lilac Avenue,E01034500,County Durham 039F,Anti-social behaviour,,
,2024-05,Durham Constabulary,Durham Constabulary,-1.252132,54.727183,On or near Parking Area,E01034500,County Durham 039F,Anti-social behaviour,,
,2024-05,Durham Constabulary,Durham Constabulary,-1.284472,54.745891,On or near Enid Gardens,E01034500,County Durham 039F,Anti-social behaviour,,
,2024-05,Durham Constabulary,Durham Constabulary,-1.252132,54.727183,On or near Parking Area,E01034500,County Durham 039F,Anti-social behaviour,,
a8049be2450519a9232e3ec132cd34e4ffd7fa124e9a01e57f9711e7f3ef49ff,2024-05,Durham Constabulary,Durham Constabulary,-1.252132,54.727183,On or near Parking Area,E01034500,County Durham 039F,Criminal damage and arson,Investigation complete; no suspect identified,
4b9f6bad1cd0669cdb1dd07efd0d90274f6f95729b757186a6bcd4560c0abeea,2024-05,Durham Constabulary,Durham Constabulary,-1.283617,54.744169,On or near Meadow Avenue,E01034500,County Durham 039F,Criminal damage and arson,Investigation complete; no suspect identified,
d416696abb9846e6658f905620c03c05e30730912eadd54ddbadb266a2c5e355,2024-05,Durham Constabulary,Durham Constabulary,-1.283759,54.744925,On or near Petrol Station,E01034500,County Durham 039F,Other theft,Investigation complete; no suspect identified,
d05cd462d7d06e9d6ed8a06d951e894bc8db0a93509e5ffa294fe06a0b172a53,2024-05,Durham Constabulary,Durham Constabulary,-1.284472,54.745891,On or near Enid Gardens,E01034500,County Durham 039F,Other theft,Investigation complete; no suspect identified,
743e899b842145aec57d0b9b6f2f75210fbfb7b511079408cc91b9df6eee56dc,2024-05,Durham Constabulary,Durham Constabulary,-1.271969,54.745789,On or near Parking Area,E01034500,County Durham 039F,Other theft,Investigation complete; no suspect identified,
22fc4b7ffa8a4dbe5f8f1f5c0493f6535d0be405841cf8d12f53bfaf95c2b994,2024-05,Durham Constabulary,Durham Constabulary,-1.252132,54.727183,On or near Parking Area,E01034500,County Durham 039F,Other theft,Investigation complete; no suspect identified,
b0af035b78756e748dc4f3d7e42e10e26b955aa7a2c72cdaeed21f048878842f,2024-05,Durham Constabulary,Durham Constabulary,-1.288253,54.747315,On or near First Street,E01034500,County Durham 039F,Public order,Unable to prosecute suspect,
5acedf3460ce2e8ba5b69072cd2bfa2a3a5b09c47cfe2e7640003408f833975a,2024-05,Durham Constabulary,Durham Constabulary,-1.277126,54.740536,On or near Sea View,E01034500,County Durham 039F,Shoplifting,Investigation complete; no suspect identified,
d45f1b2232990932336e977954b0440c16cc0ad5188e445a2e913931185c654e,2024-05,Durham Constabulary,Durham Constabulary,-1.288253,54.747315,On or near First Street,E01034500,County Durham 039F,Violence and sexual offences,Unable to prosecute suspect,
49f8571cdd683580ec85105bdf34a14aeba866e2f536cfb445fe0490ec43a40f,2024-05,Durham Constabulary,Durham Constabulary,-1.273369,54.740469,On or near The Sidings,E01034500,County Durham 039F,Violence and sexual offences,Under investigation,
4288ffbb31887e6f786d349bd171edfca7aaf9cf6fa2d505ee7c4a7b697a5144,2024-05,Durham Constabulary,Durham Constabulary,-1.288253,54.747315,On or near First Street,E01034500,County Durham 039F,Violence and sexual offences,Investigation complete; no suspect identified,
6ffc7f2c0d53d0e4e446c0e4dd55e3d3a1869d561b8b168d2ad80887efbe3063,2024-05,Durham Constabulary,Durham Constabulary,-1.278935,54.740160,On or near Ocean View,E01034500,County Durham 039F,Violence and sexual offences,Further action is not in the public interest,
4395ae6d1d464e8011f14cbd508562eab206dfa810657ea8beecffe9bedec330,2024-05,Durham Constabulary,Durham Constabulary,-1.252132,54.727183,On or near Parking Area,E01034500,County Durham 039F,Violence and sexual offences,Investigation complete; no suspect identified,
8830d4a157caaa3f9d7c46b34e112e3375b3978160782971d2b6e7ec08073c36,2024-05,Durham Constabulary,Durham Constabulary,-1.275540,54.739763,On or near Bevin Grove,E01034500,County Durham 039F,Violence and sexual offences,Unable to prosecute suspect,
,2024-05,Durham Constabulary,Durham Constabulary,-1.408307,54.748445,On or near Greenwood Close,E01020788,County Durham 040A,Anti-social behaviour,,
,2024-05,Durham Constabulary,Durham Constabulary,-1.411649,54.747302,On or near Church Park,E01020788,County Durham 040A,Anti-social behaviour,,
,2024-05,Durham Constabulary,Durham Constabulary,-1.415814,54.746073,On or near Percy Street,E01020788,County Durham 040A,Anti-social behaviour,,
,2024-05,Durham Constabulary,Durham Constabulary,-1.408202,54.747142,On or near Patton Walk,E01020788,County Durham 040A,Anti-social behaviour,,
,2024-05,Durham Constabulary,Durham Constabulary,-1.418086,54.741501,On or near Shakespeare Street,E01020788,County Durham 040A,Anti-social behaviour,,
,2024-05,Durham Constabulary,Durham Constabulary,-1.418421,54.746301,On or near Meadow View,E01020788,County Durham 040A,Anti-social behaviour,,
93cdcee8a9569ae1d181ddf227d50aa1c2b60acff99f4e1e410933aaf3883601,2024-05,Durham Constabulary,Durham Constabulary,-1.415814,54.746073,On or near Percy Street,E01020788,County Durham 040A,Criminal damage and arson,Unable to prosecute suspect,
4d52548bf4b851181262f4d3c0e0119ff745951aa635e19a12eaddaa318c3f5a,2024-05,Durham Constabulary,Durham Constabulary,-1.408307,54.748445,On or near Greenwood Close,E01020788,County Durham 040A,Criminal damage and arson,Investigation complete; no suspect identified,
1dcc79991b98e5dacb2ed6d05d4130f3d1ea86bbc1f8ad638d9b313a1d0eb6f8,2024-05,Durham Constabulary,Durham Constabulary,-1.421699,54.746227,On or near B1279,E01020788,County Durham 040A,Criminal damage and arson,Investigation complete; no suspect identified,
3431fa00c07e6d1cba242d1adef9ee95a5be47a8a75283e56743c9d134c0a96a,2024-05,Durham Constabulary,Durham Constabulary,-1.416426,54.741331,On or near Cemetery Road,E01020788,County Durham 040A,Criminal damage and arson,Investigation complete; no suspect identified,
8ee608da09284cfe3a4bf0ee4603689b34dd69e7bdccc6939454640e1ac6e95b,2024-05,Durham Constabulary,Durham Constabulary,-1.421699,54.746227,On or near B1279,E01020788,County Durham 040A,Criminal damage and arson,Investigation complete; no suspect identified,
741bdf3ac3564bd622c322aa3095825e3f995d8c07eb58fef8b630be2465b3a8,2024-05,Durham Constabulary,Durham Constabulary,-1.407312,54.747461,On or near Dodds Close,E01020788,County Durham 040A,Criminal damage and arson,Investigation complete; no suspect identified,
21d528e663c1e93508105f478219b942d45523ffc5398740118e8237476222b8,2024-05,Durham Constabulary,Durham Constabulary,-1.421145,54.745919,On or near Parking Area,E01020788,County Durham 040A,Criminal damage and arson,Investigation complete; no suspect identified,
0274d4cd9129137801680afce6e2c562657d154c5109f34bd38f6003700c7a2b,2024-05,Durham Constabulary,Durham Constabulary,-1.418086,54.741501,On or near Shakespeare Street,E01020788,County Durham 040A,Criminal damage and arson,Investigation complete; no suspect identified,
be097a16b98aeb9f215362d7dd60582f1341ebf14c0b173dd79b750e6828616e,2024-05,Durham Constabulary,Durham Constabulary,-1.408202,54.747142,On or near Patton Walk,E01020788,County Durham 040A,Criminal damage and arson,Investigation complete; no suspect identified,
b23670d6d9c4726cbeb74024bc66aa45d5b3cf4b6222ee555338919375c16205,2024-05,Durham Constabulary,Durham Constabulary,-1.415268,54.746241,On or near Dennis Street,E01020788,County Durham 040A,Other theft,Investigation complete; no suspect identified,
1b7756bf19b48588f8b08a22870d1c43d7eb1c2f9f30bc08475f6b8789c60a29,2024-05,Durham Constabulary,Durham Constabulary,-1.418086,54.741501,On or near Shakespeare Street,E01020788,County Durham 040A,Violence and sexual offences,Unable to prosecute suspect,
333d6b0da0817576878ceed4e29219656de280a71f879cd32b9e2e5a675d5193,2024-05,Durham Constabulary,Durham Constabulary,-1.415814,54.746073,On or near Percy Street,E01020788,County Durham 040A,Violence and sexual offences,Unable to prosecute suspect,
766be178590c0afc7c3502d436b54c3657dc68e09a51fe573ba6b4b08ac414cb,2024-05,Durham Constabulary,Durham Constabulary,-1.415814,54.746073,On or near Percy Street,E01020788,County Durham 040A,Violence and sexual offences,Investigation complete; no suspect identified,
46fd99cdf7d7635811f0e192ba9d9c6c9ab925c42a96495c22e8434b9bf219b0,2024-05,Durham Constabulary,Durham Constabulary,-1.415268,54.746241,On or near Dennis Street,E01020788,County Durham 040A,Violence and sexual offences,Under investigation,
1cc20c22a8506668538e1b1e6e831408199ea034c1de6f2dedbbde901e054227,2024-05,Durham Constabulary,Durham Constabulary,-1.415268,54.746241,On or near Dennis Street,E01020788,County Durham 040A,Violence and sexual offences,Under investigation,
5ca41a9de4b2cb179017f7f0641affd0a2f7fe7ac610b003c6d650a5cd7850d4,2024-05,Durham Constabulary,Durham Constabulary,-1.415814,54.746073,On or near Percy Street,E01020788,County Durham 040A,Violence and sexual offences,Unable to prosecute suspect,
6fd9cbfcc74572d7ccacef9cc53fa838a64e206065aa2bc136367807cf0b37f8,2024-05,Durham Constabulary,Durham Constabulary,-1.417866,54.740574,On or near Byron Street,E01020788,County Durham 040A,Other crime,Unable to prosecute suspect,
,2024-05,Durham Constabulary,Durham Constabulary,-1.428464,54.750123,On or near Arran Grove,E01020789,County Durham 040B,Anti-social behaviour,,
,2024-05,Durham Constabulary,Durham Constabulary,-1.444577,54.749965,On or near Ellerby Mews,E01020789,County Durham 040B,Anti-social behaviour,,
,2024-05,Durham Constabulary,Durham Constabulary,-1.437707,54.749070,On or near Ashwood Grange,E01020789,County Durham 040B,Anti-social behaviour,,
ba7d9e2247ef46baa9f152eb93421e112e5fc6d8c0c725d89c6cb0abbd3ee87a,2024-05,Durham Constabulary,Durham Constabulary,-1.426392,54.738449,On or near Marley Fields,E01020789,County Durham 040B,Burglary,Under investigation,
cfbeccc534025856da7706337f58def86ba3581f7a6609d69370d90080e02cee,2024-05,Durham Constabulary,Durham Constabulary,-1.426540,54.751040,On or near Asquith Street,E01020789,County Durham 040B,Criminal damage and arson,Investigation complete; no suspect identified,
f35a082f353e3cc2754d863cdd8fd8e45905965b6872fcc3749a2e451ed7cf17,2024-05,Durham Constabulary,Durham Constabulary,-1.429690,54.750273,On or near Albert Street,E01020789,County Durham 040B,Public order,Investigation complete; no suspect identified,
a1a949542db7daad12e96b51af10d53dc3de76697d1ce73ce327b77afad06b60,2024-05,Durham Constabulary,Durham Constabulary,-1.441655,54.747803,On or near St Bede Crescent,E01020789,County Durham 040B,Violence and sexual offences,Unable to prosecute suspect,
,2024-05,Durham Constabulary,Durham Constabulary,-1.421213,54.744382,On or near Quilstyle Road,E01020790,County Durham 040C,Anti-social behaviour,,
,2024-05,Durham Constabulary,Durham Constabulary,-1.424130,54.741332,On or near Quetlaw Road,E01020790,County Durham 040C,Anti-social behaviour,,
cff611ab200c4371902c38f0ffd6ae9236f2c24fb9e31c1093b27d166b15dcbb,2024-05,Durham Constabulary,Durham Constabulary,-1.424130,54.741332,On or near Quetlaw Road,E01020790,County Durham 040C,Criminal damage and arson,Investigation complete; no suspect identified,
08c162f461740cfd0a0619541730c83e1df1a745a24b1e7bef3bcecc052e6c6d,2024-05,Durham Constabulary,Durham Constabulary,-1.424130,54.741332,On or near Quetlaw Road,E01020790,County Durham 040C,Criminal damage and arson,Investigation complete; no suspect identified,
7e2f4103aa289f647a8c158e1614bdb08b3a67aadf29a2cd84cf537a0cbe5ba3,2024-05,Durham Constabulary,Durham Constabulary,-1.424130,54.741332,On or near Quetlaw Road,E01020790,County Durham 040C,Criminal damage and arson,Investigation complete; no suspect identified,
ec36910d84cf4d6fbed4b33c1c6b68352d97743ef7445e9b1faa76c41a658f86,2024-05,Durham Constabulary,Durham Constabulary,-1.424130,54.741332,On or near Quetlaw Road,E01020790,County Durham 040C,Criminal damage and arson,Unable to prosecute suspect,
47547037e74de12e894b24ffcce3090eb8fb17caf286d4552e1a58125920abc6,2024-05,Durham Constabulary,Durham Constabulary,-1.424130,54.741332,On or near Quetlaw Road,E01020790,County Durham 040C,Criminal damage and arson,Investigation complete; no suspect identified,
9ce7c041b0291ecf2d71644abec3b0d84e85af19d50aab3db65703878ac62e96,2024-05,Durham Constabulary,Durham Constabulary,-1.414794,54.738356,On or near Petrol Station,E01020790,County Durham 040C,Other theft,Investigation complete; no suspect identified,
31153f53ea90b7911891b0eed6ea4b8a36aeb8af9727b9486496e0ed23a2c317,2024-05,Durham Constabulary,Durham Constabulary,-1.421213,54.744382,On or near Quilstyle Road,E01020790,County Durham 040C,Public order,Investigation complete; no suspect identified,
79a3f759c21d5682e74138ed200bc553499c1bc52ab9a363887c6bd571513b43,2024-05,Durham Constabulary,Durham Constabulary,-1.417962,54.743585,On or near Wordsworth Avenue,E01020790,County Durham 040C,Public order,Investigation complete; no suspect identified,
ce03a552b3f5dd9c51cb2881e8a653024c2a4ef5aad4b17dec8883d13e6c5653,2024-05,Durham Constabulary,Durham Constabulary,-1.421213,54.744382,On or near Quilstyle Road,E01020790,County Durham 040C,Shoplifting,Awaiting court outcome,
dad80c920c693d3cc6f5aa5dd053764a9a0c9fd03d6465886af3c41580005701,2024-05,Durham Constabulary,Durham Constabulary,-1.421213,54.744382,On or near Quilstyle Road,E01020790,County Durham 040C,Shoplifting,Awaiting court outcome,
d34e542d550cb37e4b715e445647d7d60feb3668c51dc9f9ad9fbc699625230e,2024-05,Durham Constabulary,Durham Constabulary,-1.421213,54.744382,On or near Quilstyle Road,E01020790,County Durham 040C,Shoplifting,Investigation complete; no suspect identified,
cecf923d3e238cf3f05bb6d972fd391a8ce57439b08f8a4f4a018517c38e7230,2024-05,Durham Constabulary,Durham Constabulary,-1.421213,54.744382,On or near Quilstyle Road,E01020790,County Durham 040C,Shoplifting,Investigation complete; no suspect identified,
a08761e2e17dd04eb9abf974a5bfe825bdd722c8802c451ea7df79c5d875520a,2024-05,Durham Constabulary,Durham Constabulary,-1.421213,54.744382,On or near Quilstyle Road,E01020790,County Durham 040C,Shoplifting,Investigation complete; no suspect identified,
059b421f303109a74d8c1c42b482afc99006e089375a5aafef322fb0765120e5,2024-05,Durham Constabulary,Durham Constabulary,-1.421213,54.744382,On or near Quilstyle Road,E01020790,County Durham 040C,Shoplifting,Awaiting court outcome,
cb1dbcaeee5353f7859057d108888669d7d25b1a4fe54d455e9596a6748d9ff6,2024-05,Durham Constabulary,Durham Constabulary,-1.418793,54.745110,On or near Supermarket,E01020790,County Durham 040C,Shoplifting,Formal action is not in the public interest,
6931768dfa3e9c44f9ffe0f51769d7a18eef8c735a9322e9db7586ff50402863,2024-05,Durham Constabulary,Durham Constabulary,-1.421213,54.744382,On or near Quilstyle Road,E01020790,County Durham 040C,Shoplifting,Formal action is not in the public interest,
46e4a849c9f397737135d278d360dfc4ef09aee8bb438fb93ee5f5ee6d222bd5,2024-05,Durham Constabulary,Durham Constabulary,-1.421213,54.744382,On or near Quilstyle Road,E01020790,County Durham 040C,Shoplifting,Awaiting court outcome,
f721093c6f39b07be203d567f4c24f7b1c2d56b79e5c7034dc8fe8e31ac756fc,2024-05,Durham Constabulary,Durham Constabulary,-1.421213,54.744382,On or near Quilstyle Road,E01020790,County Durham 040C,Shoplifting,Formal action is not in the public interest,
40d6392f4b31654e4ccfe5a827d1a876c97fce6d7bac33a2ede40deb9b844f31,2024-05,Durham Constabulary,Durham Constabulary,-1.421213,54.744382,On or near Quilstyle Road,E01020790,County Durham 040C,Shoplifting,Formal action is not in the public interest,
f0d870030d67b01e18b6ffe4ad59fd121e4e99b15d0c4cb073750c15f71e1c36,2024-05,Durham Constabulary,Durham Constabulary,-1.421213,54.744382,On or near Quilstyle Road,E01020790,County Durham 040C,Shoplifting,Investigation complete; no suspect identified,
ce15bc03f46ae6118268a92e9d11e554da5d412431b3557861d4203ff6d9a45c,2024-05,Durham Constabulary,Durham Constabulary,-1.421213,54.744382,On or near Quilstyle Road,E01020790,County Durham 040C,Shoplifting,Awaiting court outcome,
a890346baef4bccbb1437a7bfdf570a922e665b5167470f167f25aeb0c551035,2024-05,Durham Constabulary,Durham Constabulary,-1.421213,54.744382,On or near Quilstyle Road,E01020790,County Durham 040C,Shoplifting,Awaiting court outcome,
c62752bd9a049e3a3e40d5fb9cd6c4ad190f93b2775df7fd74ba18909830572b,2024-05,Durham Constabulary,Durham Constabulary,-1.421213,54.744382,On or near Quilstyle Road,E01020790,County Durham 040C,Shoplifting,Investigation complete; no suspect identified,
0bd84e5a4cfaccb63a61acc82056f42566064e3de038de16836e4e206bfe4bfc,2024-05,Durham Constabulary,Durham Constabulary,-1.421213,54.744382,On or near Quilstyle Road,E01020790,County Durham 040C,Shoplifting,Formal action is not in the public interest,
2c32a96bfed135b0a771d23ca8c8b164093aeb37d614505495af4950ec88d014,2024-05,Durham Constabulary,Durham Constabulary,-1.421213,54.744382,On or near Quilstyle Road,E01020790,County Durham 040C,Shoplifting,Unable to prosecute suspect,
0039a9737e523707466e2bfaad604f5b69aef47f90f581b5d6ebbbf0ffb6401e,2024-05,Durham Constabulary,Durham Constabulary,-1.421213,54.744382,On or near Quilstyle Road,E01020790,County Durham 040C,Shoplifting,Investigation complete; no suspect identified,
4673acc95876c8a8460241139dd017e88d5c3127356b2458fc61534bc11c11a3,2024-05,Durham Constabulary,Durham Constabulary,-1.421213,54.744382,On or near Quilstyle Road,E01020790,County Durham 040C,Shoplifting,Awaiting court outcome,
67ab00ed1bd95d1061375ed38d39d002fc70a523748aa31e1f9b5f2c11b575a4,2024-05,Durham Constabulary,Durham Constabulary,-1.418793,54.745110,On or near Supermarket,E01020790,County Durham 040C,Shoplifting,Awaiting court outcome,
7575241569a5a1083fe4a94b85b8a10fa950e4b7df9034a7c987e73b8545ea39,2024-05,Durham Constabulary,Durham Constabulary,-1.421213,54.744382,On or near Quilstyle Road,E01020790,County Durham 040C,Shoplifting,Investigation complete; no suspect identified,
2d19ee811dc37f42c102f5a9e2952247c0b503db6a66dc5d2e3c7ceaad9d1751,2024-05,Durham Constabulary,Durham Constabulary,-1.421213,54.744382,On or near Quilstyle Road,E01020790,County Durham 040C,Shoplifting,Awaiting court outcome,
7fb7599fdca5ac4b86dcfae358d87c379efe40092bbdbe43e03fc41c008dc22b,2024-05,Durham Constabulary,Durham Constabulary,-1.421213,54.744382,On or near Quilstyle Road,E01020790,County Durham 040C,Shoplifting,Formal action is not in the public interest,
2f90b72fcbdc039210ec21a9e1c663b2ef73ee62b1e238963e80bcb6921df52a,2024-05,Durham Constabulary,Durham Constabulary,-1.421213,54.744382,On or near Quilstyle Road,E01020790,County Durham 040C,Shoplifting,Awaiting court outcome,
eb78332b833e87cb2f13d8a45c168f622cbd736f6c81faa333456965f6cd32c5,2024-05,Durham Constabulary,Durham Constabulary,-1.421213,54.744382,On or near Quilstyle Road,E01020790,County Durham 040C,Shoplifting,Awaiting court outcome,
14488cd35dcb139325ef079397ee0172067f4b31b503ab39663c796649181be3,2024-05,Durham Constabulary,Durham Constabulary,-1.421213,54.744382,On or near Quilstyle Road,E01020790,County Durham 040C,Shoplifting,Awaiting court outcome,
fad3a1fe8b5f059eee38610a4811f3f15e32753bcbf4762f23773b170d19e9cf,2024-05,Durham Constabulary,Durham Constabulary,-1.421213,54.744382,On or near Quilstyle Road,E01020790,County Durham 040C,Shoplifting,Awaiting court outcome,
407d4d16c1d631b805c40255f6ccaad7074dc06959360cf14820023ff227d003,2024-05,Durham Constabulary,Durham Constabulary,-1.418793,54.745110,On or near Supermarket,E01020790,County Durham 040C,Shoplifting,Awaiting court outcome,
2e83ecdb604551e87128262107ca44109467ca1608e9df9c75a02a5e2196ce1f,2024-05,Durham Constabulary,Durham Constabulary,-1.418793,54.745110,On or near Supermarket,E01020790,County Durham 040C,Shoplifting,Investigation complete; no suspect identified,
1beef9cae4a442c4f3b1a16f4d0395cdd5bd5b1a5968fe2b558d28e78e738858,2024-05,Durham Constabulary,Durham Constabulary,-1.421213,54.744382,On or near Quilstyle Road,E01020790,County Durham 040C,Shoplifting,Investigation complete; no suspect identified,
c6dd620250064d4443fce6e1f3ca1d39599b4dba1b7877e2955abb3a1876e57d,2024-05,Durham Constabulary,Durham Constabulary,-1.418793,54.745110,On or near Supermarket,E01020790,County Durham 040C,Shoplifting,Awaiting court outcome,
ba0c4d1fb1cd6d8bacd039529c1428b32f37b27095f00d08d32e30249a120809,2024-05,Durham Constabulary,Durham Constabulary,-1.423742,54.739164,On or near Wingate Lane,E01020790,County Durham 040C,Violence and sexual offences,Offender given a caution,
6fdf7741acb6dfc4cf812c7b369e839d18ec7425160837cc16d739cc994b5964,2024-05,Durham Constabulary,Durham Constabulary,-1.421213,54.744382,On or near Quilstyle Road,E01020790,County Durham 040C,Violence and sexual offences,Unable to prosecute suspect,
ad2339758f34b1f48cf677426564bff127783a25052faa78b96a123fe51fa1e6,2024-05,Durham Constabulary,Durham Constabulary,-1.417962,54.743585,On or near Wordsworth Avenue,E01020790,County Durham 040C,Violence and sexual offences,Investigation complete; no suspect identified,
f4e6a93302588491f86d38d30956123acc1cb188ec8db9c08c55664d5b8bafd7,2024-05,Durham Constabulary,Durham Constabulary,-1.423742,54.739164,On or near Wingate Lane,E01020790,County Durham 040C,Violence and sexual offences,Unable to prosecute suspect,
010167e6084ed8f78bf54718a6cdb13a9b2a078676b3c01ca955ba40e52a1c3b,2024-05,Durham Constabulary,Durham Constabulary,-1.417962,54.743585,On or near Wordsworth Avenue,E01020790,County Durham 040C,Violence and sexual offences,Unable to prosecute suspect,
a4d4075628cca0a08c3f7c6e531f9286863134783cb5de5a48c35bcf81011d4e,2024-05,Durham Constabulary,Durham Constabulary,-1.422762,54.738162,On or near Bevan Crescent,E01020790,County Durham 040C,Violence and sexual offences,Unable to prosecute suspect,
3097e6ee51a1f097b6f379997e015fbf011898ea898aece49b69c894286f7a4d,2024-05,Durham Constabulary,Durham Constabulary,-1.424130,54.741332,On or near Quetlaw Road,E01020790,County Durham 040C,Violence and sexual offences,Unable to prosecute suspect,
2f02be3e64f26c538ba63d4585ec03858729e00b86d31421aaa70dd5770aa4c6,2024-05,Durham Constabulary,Durham Constabulary,-1.418793,54.745110,On or near Supermarket,E01020790,County Durham 040C,Violence and sexual offences,Unable to prosecute suspect,
49ecc780839bb554670e6611b1cf94c2be139f40abea6f7eba18f3c510b040e3,2024-05,Durham Constabulary,Durham Constabulary,-1.417962,54.743585,On or near Wordsworth Avenue,E01020790,County Durham 040C,Other crime,Unable to prosecute suspect,
e4cc2f242a00060a3bb012ae1cc070bca5c63cb3827b1b1c70a35507a55f001d,2024-05,Durham Constabulary,Durham Constabulary,-1.436706,54.749614,On or near High Street,E01020791,County Durham 040D,Other theft,Investigation complete; no suspect identified,
99de5e629d3b18dee4b7c985ba5341938c2d6f2228d51514ddfaee601c42f320,2024-05,Durham Constabulary,Durham Constabulary,-1.436706,54.749614,On or near High Street,E01020791,County Durham 040D,Public order,Unable to prosecute suspect,
9927122ecfbf272abf78325fffd3adea70a81095adb4426b75d3c179516910ce,2024-05,Durham Constabulary,Durham Constabulary,-1.436706,54.749614,On or near High Street,E01020791,County Durham 040D,Violence and sexual offences,Unable to prosecute suspect,
3432eb6b80be2684eb5423563a287cc75f811e5b8fc1ef684c1c00c836b49415,2024-05,Durham Constabulary,Durham Constabulary,-1.434247,54.753224,On or near School Green,E01020791,County Durham 040D,Violence and sexual offences,Unable to prosecute suspect,
b7681f4f17712169fb9a43256e3e7582b22922e17a12ba539ab94282e4a97643,2024-05,Durham Constabulary,Durham Constabulary,-1.434247,54.753224,On or near School Green,E01020791,County Durham 040D,Violence and sexual offences,Unable to prosecute suspect,
,2024-05,Durham Constabulary,Durham Constabulary,-1.400545,54.719641,On or near Laburnum Square,E01020792,County Durham 040E,Anti-social behaviour,,
,2024-05,Durham Constabulary,Durham Constabulary,-1.411551,54.722939,On or near Wingate Road,E01020792,County Durham 040E,Anti-social behaviour,,
,2024-05,Durham Constabulary,Durham Constabulary,-1.417529,54.718600,On or near Premier Court,E01020792,County Durham 040E,Anti-social behaviour,,
2d8b6ab8fd9d055b0991b24b4d3233a7fd53e5f0ee7935e505191791545dec0b,2024-05,Durham Constabulary,Durham Constabulary,-1.417529,54.718600,On or near Premier Court,E01020792,County Durham 040E,Burglary,Investigation complete; no suspect identified,
b62afe0cc437c859b31d16fc5ae24aad8ec119f5f482eec6ca3cb3457b679168,2024-05,Durham Constabulary,Durham Constabulary,-1.412539,54.723303,On or near Fairlawns Close,E01020792,County Durham 040E,Criminal damage and arson,Investigation complete; no suspect identified,
1df5bc03c8c3b3859f7d1bb650d74f58cffcfbc4be27498cc62183abedacbe15,2024-05,Durham Constabulary,Durham Constabulary,-1.400545,54.719641,On or near Laburnum Square,E01020792,County Durham 040E,Criminal damage and arson,Unable to prosecute suspect,
169bf018d034c9779114e0f6daf730b73b2aa2df68d8c0af23ee00414dd37f0f,2024-05,Durham Constabulary,Durham Constabulary,-1.411551,54.722939,On or near Wingate Road,E01020792,County Durham 040E,Criminal damage and arson,Unable to prosecute suspect,
902017bb26a2a3fc04a7c9405ce1a574955e9d49ad88b78015829e50d6b2f00a,2024-05,Durham Constabulary,Durham Constabulary,-1.412539,54.723303,On or near Fairlawns Close,E01020792,County Durham 040E,Criminal damage and arson,Investigation complete; no suspect identified,
3fa0ea49072fcf4160946d3c051792e97468feaeab41a997231d68549024e7e8,2024-05,Durham Constabulary,Durham Constabulary,-1.401190,54.719096,On or near Springdale Avenue,E01020792,County Durham 040E,Criminal damage and arson,Investigation complete; no suspect identified,
2b71326fcfc58f935b8836023126435352febadb6cdd10d8f72fafd93d65d697,2024-05,Durham Constabulary,Durham Constabulary,-1.412524,54.718971,On or near Windsor Street,E01020792,County Durham 040E,Drugs,Formal action is not in the public interest,
22abab53da4f5a7d5956edb94b09f850259932dd8ce662bb1d9f5135be98c359,2024-05,Durham Constabulary,Durham Constabulary,-1.400545,54.719641,On or near Laburnum Square,E01020792,County Durham 040E,Other theft,Unable to prosecute suspect,
9a9a5a3f994d5cd049120285ef8fbad85d09bcb56366ce1d773004e242d9bfee,2024-05,Durham Constabulary,Durham Constabulary,-1.401190,54.719096,On or near Springdale Avenue,E01020792,County Durham 040E,Other theft,Investigation complete; no suspect identified,
b7cfdab1a3e4d671cd1f13937e1ddee2ca9a42ec79ca567879fa54725f1463f6,2024-05,Durham Constabulary,Durham Constabulary,-1.403712,54.719692,On or near Wingate Road,E01020792,County Durham 040E,Public order,Unable to prosecute suspect,
b965d899b4b0bec0b701aa8b3e67b9701f96a43a78d01fe33f7f2f9cba866d71,2024-05,Durham Constabulary,Durham Constabulary,-1.411551,54.722939,On or near Wingate Road,E01020792,County Durham 040E,Theft from the person,Awaiting court outcome,
99293afb843bf75592e514c6535554e7d889dab242409d1cfc623d3eaa0e34f9,2024-05,Durham Constabulary,Durham Constabulary,-1.403712,54.719692,On or near Wingate Road,E01020792,County Durham 040E,Vehicle crime,Under investigation,
fcff17c6d4e56efa1f51297606a6908610e9a794e06dd32023893cdf667592b2,2024-05,Durham Constabulary,Durham Constabulary,-1.400545,54.719641,On or near Laburnum Square,E01020792,County Durham 040E,Violence and sexual offences,Unable to prosecute suspect,
a88a13b6ef29ec5af1af9b2c4922da73ef2968f683e2f4534720f491a97283a3,2024-05,Durham Constabulary,Durham Constabulary,-1.401190,54.719096,On or near Springdale Avenue,E01020792,County Durham 040E,Violence and sexual offences,Unable to prosecute suspect,
23e2d0a0d070f643463e7ea3f47f0591eb31c3d935de5558be2f549e9e27bb9f,2024-05,Durham Constabulary,Durham Constabulary,-1.400545,54.719641,On or near Laburnum Square,E01020792,County Durham 040E,Violence and sexual offences,Unable to prosecute suspect,
56f3c3fb2167cb545f093ec539bf8a31530221f097ea60b344c509d01883e51e,2024-05,Durham Constabulary,Durham Constabulary,-1.400545,54.719641,On or near Laburnum Square,E01020792,County Durham 040E,Violence and sexual offences,Unable to prosecute suspect,
2e59dd790643620d4b7cb1aac1cf0a60f41d2e814950f985bf9d706f9fbc5dbd,2024-05,Durham Constabulary,Durham Constabulary,-1.415513,54.718393,On or near Luke Street,E01020792,County Durham 040E,Violence and sexual offences,Unable to prosecute suspect,
30cb1c6ea67157c92fb99b278a44cc2e2a8fd8d97ee6ec70c53a472f460eab90,2024-05,Durham Constabulary,Durham Constabulary,-1.408415,54.719697,On or near Cinnamon Drive,E01020792,County Durham 040E,Violence and sexual offences,Unable to prosecute suspect,
c5b960c3ee46fe9cae66b8cdf51c494f7d7ce1404cfd5bd7c64e20d5953bfada,2024-05,Durham Constabulary,Durham Constabulary,-1.408415,54.719697,On or near Cinnamon Drive,E01020792,County Durham 040E,Violence and sexual offences,Unable to prosecute suspect,
,2024-05,Durham Constabulary,Durham Constabulary,-1.523749,54.739355,On or near Tunstall Avenue,E01020694,County Durham 041A,Anti-social behaviour,,
,2024-05,Durham Constabulary,Durham Constabulary,-1.524589,54.737885,On or near Surtees Avenue,E01020694,County Durham 041A,Anti-social behaviour,,
,2024-05,Durham Constabulary,Durham Constabulary,-1.523749,54.739355,On or near Tunstall Avenue,E01020694,County Durham 041A,Anti-social behaviour,,
,2024-05,Durham Constabulary,Durham Constabulary,-1.525824,54.739858,On or near Margaret Court,E01020694,County Durham 041A,Anti-social behaviour,,
,2024-05,Durham Constabulary,Durham Constabulary,-1.523749,54.739355,On or near Tunstall Avenue,E01020694,County Durham 041A,Anti-social behaviour,,
ec52e6d4f13bfb21a211662b8103d400904d84a19d58938745993ae03aec2d6e,2024-05,Durham Constabulary,Durham Constabulary,-1.524589,54.737885,On or near Surtees Avenue,E01020694,County Durham 041A,Criminal damage and arson,Unable to prosecute suspect,
a3313b969a9b7c449885c85107fb355baeb66c0c1e118d265616c8fa2883ae99,2024-05,Durham Constabulary,Durham Constabulary,-1.530011,54.743136,On or near Dallymore Drive,E01020694,County Durham 041A,Other theft,Suspect charged as part of another case,
fd427a20291c93a767d8948cea8c5b95e29be1abd9deb833d15422a32059af6e,2024-05,Durham Constabulary,Durham Constabulary,-1.530011,54.743136,On or near Dallymore Drive,E01020694,County Durham 041A,Other theft,Investigation complete; no suspect identified,
7365134788c43633e9bf4e125ac4d1866cc4d29fc5e9ca017788ccb98064f487,2024-05,Durham Constabulary,Durham Constabulary,-1.523749,54.739355,On or near Tunstall Avenue,E01020694,County Durham 041A,Public order,Unable to prosecute suspect,
a912abb878d45e5a767afcf2917b003e230862b5e93d69a583b944a9fa30f70c,2024-05,Durham Constabulary,Durham Constabulary,-1.523749,54.739355,On or near Tunstall Avenue,E01020694,County Durham 041A,Shoplifting,Investigation complete; no suspect identified,
f6db0f2b581a1d28b0d629c7562f2e38f703dd8044b2183780dca1b46f9bd2dd,2024-05,Durham Constabulary,Durham Constabulary,-1.523749,54.739355,On or near Tunstall Avenue,E01020694,County Durham 041A,Shoplifting,Unable to prosecute suspect,
072ef16491b006f26e123e59d96701e66179142de93266a687be86182b64b597,2024-05,Durham Constabulary,Durham Constabulary,-1.523749,54.739355,On or near Tunstall Avenue,E01020694,County Durham 041A,Shoplifting,Unable to prosecute suspect,
cc4dbc4ce06a9ac790235b80ef3e203094dcdfadd69123890a8dae7ce9d97e47,2024-05,Durham Constabulary,Durham Constabulary,-1.523749,54.739355,On or near Tunstall Avenue,E01020694,County Durham 041A,Shoplifting,Investigation complete; no suspect identified,
dc761178beb87b98be983324af903c5148a6da2c4751941f46d06ca246cf1796,2024-05,Durham Constabulary,Durham Constabulary,-1.523419,54.738321,On or near Edward Avenue,E01020694,County Durham 041A,Vehicle crime,Investigation complete; no suspect identified,
1fd51201bab7acfaa0763a1964155897e45dbc307717fd94ac6edeb8968a1559,2024-05,Durham Constabulary,Durham Constabulary,-1.525659,54.742059,On or near Victoria Square,E01020694,County Durham 041A,Vehicle crime,Investigation complete; no suspect identified,
3705baa1fea9c2a1df760543906e91b2e5004967f96f8ba1722be987b391d230,2024-05,Durham Constabulary,Durham Constabulary,-1.523749,54.739355,On or near Tunstall Avenue,E01020694,County Durham 041A,Violence and sexual offences,Unable to prosecute suspect,
1ff107c4aa9bc535930eda5974b6f1301f962b9ec45cc1e70966f96dd22b2a80,2024-05,Durham Constabulary,Durham Constabulary,-1.525824,54.739858,On or near Margaret Court,E01020694,County Durham 041A,Violence and sexual offences,Under investigation,
b443bcec35e84c676f2c77fd7959aa7502302dc9d3873b0f92775fb5ec200304,2024-05,Durham Constabulary,Durham Constabulary,-1.524589,54.737885,On or near Surtees Avenue,E01020694,County Durham 041A,Violence and sexual offences,Unable to prosecute suspect,
99c6a9fb508546fb58e0669d50bc52f4bd99a752d4b61f2d187b8485c04f4266,2024-05,Durham Constabulary,Durham Constabulary,-1.523749,54.739355,On or near Tunstall Avenue,E01020694,County Durham 041A,Violence and sexual offences,Unable to prosecute suspect,
37529add72f4e2c64e6761905672fc6d9cfa5e7b22afff3aca325d2ddf545298,2024-05,Durham Constabulary,Durham Constabulary,-1.523749,54.739355,On or near Tunstall Avenue,E01020694,County Durham 041A,Violence and sexual offences,Unable to prosecute suspect,
e989804c4d5f0e6aac56ebc8dbfacc4def2236b5f55a45413d5f88f4ebea787b,2024-05,Durham Constabulary,Durham Constabulary,-1.525824,54.739858,On or near Margaret Court,E01020694,County Durham 041A,Violence and sexual offences,Unable to prosecute suspect,
,2024-05,Durham Constabulary,Durham Constabulary,-1.587539,54.725462,On or near Front Street,E01020696,County Durham 041B,Anti-social behaviour,,
,2024-05,Durham Constabulary,Durham Constabulary,-1.523301,54.728588,On or near Durham Service Area,E01020696,County Durham 041B,Anti-social behaviour,,
79bf61d1cacc23409abeae33faae7a767a504103baae652f4b2f8016f40caefa,2024-05,Durham Constabulary,Durham Constabulary,-1.584355,54.733162,On or near Hett Lane,E01020696,County Durham 041B,Burglary,Awaiting court outcome,
b633c902e164679e74536f695fc08a3c1bf9d7a44f61a2091a85fbb9f9e1cd2d,2024-05,Durham Constabulary,Durham Constabulary,-1.587539,54.725462,On or near Front Street,E01020696,County Durham 041B,Criminal damage and arson,Unable to prosecute suspect,
6b8cc73b31c6c5ae51e2d951b7aabb5f1c51e45b4f729b26bb7e105a7268128d,2024-05,Durham Constabulary,Durham Constabulary,-1.587539,54.725462,On or near Front Street,E01020696,County Durham 041B,Criminal damage and arson,Investigation complete; no suspect identified,
f69b0687d4deb761b6a5b93745d559407b185910bdd19d090188604035787bf1,2024-05,Durham Constabulary,Durham Constabulary,-1.587539,54.725462,On or near Front Street,E01020696,County Durham 041B,Criminal damage and arson,Investigation complete; no suspect identified,
f81aaa192f1e02dbb8bcd5e13257ed2128f2cf1024c0d1915baf6bf3640c035a,2024-05,Durham Constabulary,Durham Constabulary,-1.587539,54.725462,On or near Front Street,E01020696,County Durham 041B,Other theft,Unable to prosecute suspect,
1c2f2d9e26f803a73e3fd4e430f50161b8efa4eeb39654f59ff3679ca6526fb6,2024-05,Durham Constabulary,Durham Constabulary,-1.523301,54.728588,On or near Durham Service Area,E01020696,County Durham 041B,Shoplifting,Investigation complete; no suspect identified,
852a45a5262fdb2946b956397722be85e265df89195bb70242249afa5dc74fca,2024-05,Durham Constabulary,Durham Constabulary,-1.584355,54.733162,On or near Hett Lane,E01020696,County Durham 041B,Vehicle crime,Awaiting court outcome,
a07218cf01080b7dd4c387150b9d103a08c2ea32b382e0b2ff07284645bd6683,2024-05,Durham Constabulary,Durham Constabulary,-1.523301,54.728588,On or near Durham Service Area,E01020696,County Durham 041B,Violence and sexual offences,Unable to prosecute suspect,
b436482769c88ec8203b037892e9b14f8bde266e1717f64495edb496967e86db,2024-05,Durham Constabulary,Durham Constabulary,-1.587539,54.725462,On or near Front Street,E01020696,County Durham 041B,Violence and sexual offences,Investigation complete; no suspect identified,
6c6d3d46db8f18e41d5df6b56f95dbf8ab761bfe6d4c14cbfff02bb82a418f4b,2024-05,Durham Constabulary,Durham Constabulary,-1.584355,54.733162,On or near Hett Lane,E01020696,County Durham 041B,Violence and sexual offences,Further investigation is not in the public interest,
90697354f3d20eccd548848a0bd0110c3fa1777c366be6de5795e1136ceacd38,2024-05,Durham Constabulary,Durham Constabulary,-1.530091,54.716069,On or near School Street,E01020696,County Durham 041B,Violence and sexual offences,Unable to prosecute suspect,
6ebfb22a8a99ea54f0728c5cb4b990b43032a7747c4e9adb7eaa38f102fea396,2024-05,Durham Constabulary,Durham Constabulary,-1.584510,54.727159,On or near Wayside,E01020696,County Durham 041B,Violence and sexual offences,Investigation complete; no suspect identified,
9e60280147b4bdcef240e4d2bde800100273423d7928ac2bd317dce1869973de,2024-05,Durham Constabulary,Durham Constabulary,-1.587539,54.725462,On or near Front Street,E01020696,County Durham 041B,Other crime,Unable to prosecute suspect,
,2024-05,Durham Constabulary,Durham Constabulary,-1.526925,54.736052,On or near Bow Street,E01020697,County Durham 041C,Anti-social behaviour,,
,2024-05,Durham Constabulary,Durham Constabulary,-1.526116,54.734781,On or near Durham Road,E01020697,County Durham 041C,Anti-social behaviour,,
a6d8cbdc71cb0e51853bf30adb3a1700c032110823f96c640a11b69f41cbc134,2024-05,Durham Constabulary,Durham Constabulary,-1.527775,54.737718,On or near New Burn Avenue,E01020697,County Durham 041C,Criminal damage and arson,Investigation complete; no suspect identified,
dbb0b1466baf03d1e29b54027ac18c0944f662138f2fedf56e25516a5a9cdd27,2024-05,Durham Constabulary,Durham Constabulary,-1.522435,54.733518,On or near Clarence Street,E01020697,County Durham 041C,Criminal damage and arson,Unable to prosecute suspect,
41ead33117905b042efe7bedace0dd7903cec7a0f33e2551c514cccf18187ded,2024-05,Durham Constabulary,Durham Constabulary,-1.521919,54.733839,On or near Wylam Street,E01020697,County Durham 041C,Criminal damage and arson,Investigation complete; no suspect identified,
19001072b33a29a2a0e308c0300eda0fadd249f45d8d507240d599b7d72a01f7,2024-05,Durham Constabulary,Durham Constabulary,-1.522435,54.733518,On or near Clarence Street,E01020697,County Durham 041C,Criminal damage and arson,Under investigation,
abb794e280b599681f6fcd11f520da1d8f7e71456391d2b28b4b014bd0744078,2024-05,Durham Constabulary,Durham Constabulary,-1.522435,54.733518,On or near Clarence Street,E01020697,County Durham 041C,Public order,Unable to prosecute suspect,
74e6ef89f9bc5b85c503ca9cbcd180a8cfbc6dc65b353aeb47b65ca435422010,2024-05,Durham Constabulary,Durham Constabulary,-1.523357,54.733000,On or near Supermarket,E01020697,County Durham 041C,Public order,Investigation complete; no suspect identified,
2c5a0484ae52c09140ca7db27b92639a104de3e72190faa3bc09bc192ee7691b,2024-05,Durham Constabulary,Durham Constabulary,-1.523357,54.733000,On or near Supermarket,E01020697,County Durham 041C,Shoplifting,Investigation complete; no suspect identified,
63647d20d2bbf1cc743e9b5373722edb8a57f740e258a11ad157dc492ca8caa2,2024-05,Durham Constabulary,Durham Constabulary,-1.523357,54.733000,On or near Supermarket,E01020697,County Durham 041C,Shoplifting,Unable to prosecute suspect,
3a7d34ab05b29f37e72ad4e747408d7913d1e24d06a004aa081a7ed1b6ffa29b,2024-05,Durham Constabulary,Durham Constabulary,-1.523357,54.733000,On or near Supermarket,E01020697,County Durham 041C,Shoplifting,Investigation complete; no suspect identified,
daf920a4258bc8d332c1561772fb99e0da00ca3c51c981b7abb519e84a2ae58e,2024-05,Durham Constabulary,Durham Constabulary,-1.523357,54.733000,On or near Supermarket,E01020697,County Durham 041C,Shoplifting,Investigation complete; no suspect identified,
a9e11ffa537287c20c8692f4cf4668ccc62e6aa3cdafa1397199a862246ff144,2024-05,Durham Constabulary,Durham Constabulary,-1.523357,54.733000,On or near Supermarket,E01020697,County Durham 041C,Shoplifting,Investigation complete; no suspect identified,
81baaa1854b9a4fae94abd2742ad5c2b5e9c4c564b9c8603820fe14c4a18d694,2024-05,Durham Constabulary,Durham Constabulary,-1.523357,54.733000,On or near Supermarket,E01020697,County Durham 041C,Shoplifting,Investigation complete; no suspect identified,
bc4ed318c5ac35e9985e54c161971e61b517ab09b81973e0c663552440da3dc5,2024-05,Durham Constabulary,Durham Constabulary,-1.528087,54.737638,On or near St John'S Crescent,E01020697,County Durham 041C,Violence and sexual offences,Unable to prosecute suspect,
e25cebc7fae4516553c71da310af031f3686b65e43a491b48c784a1fc59e385b,2024-05,Durham Constabulary,Durham Constabulary,-1.523357,54.733000,On or near Supermarket,E01020697,County Durham 041C,Violence and sexual offences,Investigation complete; no suspect identified,
7a77d33d8588652a91b53929a5d595665db59814dddfcc4b8aa91abfe35d1e21,2024-05,Durham Constabulary,Durham Constabulary,-1.524627,54.734641,On or near Steavenson Street,E01020697,County Durham 041C,Violence and sexual offences,Unable to prosecute suspect,
1d6f360624e90e647f04bf2c95535e9fbeb4a217efbae1b2927fbb793894236d,2024-05,Durham Constabulary,Durham Constabulary,-1.522435,54.733518,On or near Clarence Street,E01020697,County Durham 041C,Violence and sexual offences,Unable to prosecute suspect,
1d15d63694f9d66841726380513ab75a55cf030987bc15064eaa69c7faff2f47,2024-05,Durham Constabulary,Durham Constabulary,-1.522435,54.733518,On or near Clarence Street,E01020697,County Durham 041C,Violence and sexual offences,Unable to prosecute suspect,
bcfdd230f61157be25e070b2587b3dce6881a7552bbb537fd5898525282ca54e,2024-05,Durham Constabulary,Durham Constabulary,-1.522435,54.733518,On or near Clarence Street,E01020697,County Durham 041C,Violence and sexual offences,Under investigation,
c8e8a713db723836721d8f7fc900193722dab3bb5491ab739a5bd8dec9bc47fc,2024-05,Durham Constabulary,Durham Constabulary,-1.518317,54.736404,On or near Broadmeadows,E01020697,County Durham 041C,Violence and sexual offences,Unable to prosecute suspect,
4b363f9de506cd6943aa9eb0876d7654d555e065be2a3fd1036d9894b1830865,2024-05,Durham Constabulary,Durham Constabulary,-1.522435,54.733518,On or near Clarence Street,E01020697,County Durham 041C,Other crime,Further investigation is not in the public interest,
,2024-05,Durham Constabulary,Durham Constabulary,-1.551682,54.759807,On or near Wood View,E01020732,County Durham 041D,Anti-social behaviour,,
,2024-05,Durham Constabulary,Durham Constabulary,-1.530621,54.742797,On or near Robert Moore Close,E01020732,County Durham 041D,Anti-social behaviour,,
,2024-05,Durham Constabulary,Durham Constabulary,-1.530621,54.742797,On or near Robert Moore Close,E01020732,County Durham 041D,Anti-social behaviour,,
,2024-05,Durham Constabulary,Durham Constabulary,-1.532461,54.740836,On or near Grange Way,E01020732,County Durham 041D,Anti-social behaviour,,
,2024-05,Durham Constabulary,Durham Constabulary,-1.530621,54.742797,On or near Robert Moore Close,E01020732,County Durham 041D,Anti-social behaviour,,
,2024-05,Durham Constabulary,Durham Constabulary,-1.530621,54.742797,On or near Robert Moore Close,E01020732,County Durham 041D,Anti-social behaviour,,
0780f8e0f0bfc749417df1d259d533bdc915ff7606400678cf5ba76f9abe29b1,2024-05,Durham Constabulary,Durham Constabulary,-1.532461,54.740836,On or near Grange Way,E01020732,County Durham 041D,Public order,Unable to prosecute suspect,
cfd5471252829c62bdee4f184cb6f7923658c6544ac910ded1086a0b0b618cbe,2024-05,Durham Constabulary,Durham Constabulary,-1.535275,54.740586,On or near Cranson Close,E01020732,County Durham 041D,Violence and sexual offences,Investigation complete; no suspect identified,
84f375b65247a105f79559616eca15732921661ee89ad27a706bae7633f040ce,2024-05,Durham Constabulary,Durham Constabulary,-1.535275,54.740586,On or near Cranson Close,E01020732,County Durham 041D,Violence and sexual offences,Investigation complete; no suspect identified,
0daa5127d686b03c91558f2a00c456c4dc5b99b1edf31b07df52dff5f4b03696,2024-05,Durham Constabulary,Durham Constabulary,-1.535275,54.740586,On or near Cranson Close,E01020732,County Durham 041D,Violence and sexual offences,Under investigation,
3d5407bd66a8a8396474b265f468306cd95cdb4f7cb873d1ffa54607b24b7f34,2024-05,Durham Constabulary,Durham Constabulary,-1.535275,54.740586,On or near Cranson Close,E01020732,County Durham 041D,Violence and sexual offences,Investigation complete; no suspect identified,
f626d9a3d5a56d500e90484ef5f243faad6521421f49034af54138022f1f6dc3,2024-05,Durham Constabulary,Durham Constabulary,-1.523888,54.767259,On or near Shincliffe Lane,E01020732,County Durham 041D,Violence and sexual offences,Awaiting court outcome,
08f16ac63bb85f335f8e683e649aa167fd450faa973e442a7fa097bbda0c9803,2024-05,Durham Constabulary,Durham Constabulary,-1.523888,54.767259,On or near Shincliffe Lane,E01020732,County Durham 041D,Violence and sexual offences,Unable to prosecute suspect,
ab0705d40e0cd4a86ef2eef29beeac8970bb719ec4c0b74518218e867af4a862,2024-05,Durham Constabulary,Durham Constabulary,-1.535275,54.740586,On or near Cranson Close,E01020732,County Durham 041D,Violence and sexual offences,Investigation complete; no suspect identified,
b79b5d0cc0dddd26f4de0da2460f4670601b2399ea11249f819c692ef24611c3,2024-05,Durham Constabulary,Durham Constabulary,-1.523888,54.767259,On or near Shincliffe Lane,E01020732,County Durham 041D,Other crime,Awaiting court outcome,
5a3ab415b33f3744896a3bfee4471faa1fb012f08c87fad5e89d27ae87185043,2024-05,Durham Constabulary,Durham Constabulary,-1.535275,54.740586,On or near Cranson Close,E01020732,County Durham 041D,Other crime,Further investigation is not in the public interest,
,2024-05,Durham Constabulary,Durham Constabulary,-2.144772,54.735404,On or near Crosslet Lane,E01020889,County Durham 042A,Anti-social behaviour,,
572b701b327c62785ac1a85e12901cc4ea9e8f281ee539cb64d10fc1ddf48fe6,2024-05,Durham Constabulary,Durham Constabulary,-2.145512,54.738243,On or near Bullfield,E01020889,County Durham 042A,Criminal damage and arson,Investigation complete; no suspect identified,
bd3d64c0236ebaee2902b7280633eb9347764ab594465e0f7c6b610e1f20aa73,2024-05,Durham Constabulary,Durham Constabulary,-2.189798,54.739655,On or near Parking Area,E01020889,County Durham 042A,Vehicle crime,Investigation complete; no suspect identified,
79d4118738e116328ae45d3a97ea20135d861d1f5d31ff38301094d9b50b8d6a,2024-05,Durham Constabulary,Durham Constabulary,-2.189798,54.739655,On or near Parking Area,E01020889,County Durham 042A,Violence and sexual offences,Offender given a caution,
e34c39621b3ee8b14d75ffefa5e3c543ef1c22645ed4f95a207448e4ab323b74,2024-05,Durham Constabulary,Durham Constabulary,-2.141522,54.738598,On or near St Andrew'S Place,E01020889,County Durham 042A,Violence and sexual offences,Under investigation,
04385c98bcd653dcd1d51a4f7a5037f6a4df054e4c2a8876079104ae1fca434c,2024-05,Durham Constabulary,Durham Constabulary,-2.184589,54.738378,On or near Longdale Grove,E01020889,County Durham 042A,Violence and sexual offences,Unable to prosecute suspect,
496d051892ea4d385bfd162e935edff92a5e2a33e7281aaa22db9a13b323d890,2024-05,Durham Constabulary,Durham Constabulary,-2.184945,54.738045,On or near Hood Street,E01020889,County Durham 042A,Other crime,Unable to prosecute suspect,
,2024-05,Durham Constabulary,Durham Constabulary,-1.960917,54.727792,On or near Supermarket,E01020890,County Durham 042B,Anti-social behaviour,,
,2024-05,Durham Constabulary,Durham Constabulary,-1.955360,54.726343,On or near Mill Lane,E01020890,County Durham 042B,Anti-social behaviour,,
749265c0a507b6381917f790d21c47648474afde7649cf41ee718728c288edaa,2024-05,Durham Constabulary,Durham Constabulary,-2.015410,54.748547,On or near Waterside Court,E01020890,County Durham 042B,Criminal damage and arson,Investigation complete; no suspect identified,
435473eda0d3b52f82483fe3458acd06bac0b6f2ba2b91a9757ae79147c21bb6,2024-05,Durham Constabulary,Durham Constabulary,-2.004007,54.746832,On or near Graham Street,E01020890,County Durham 042B,Shoplifting,Local resolution,
9de4dd250f06f0726ff5e07796d9edf74f38ac6020fd31e055e8753443d0df1a,2024-05,Durham Constabulary,Durham Constabulary,-1.979057,54.718837,On or near Parking Area,E01020890,County Durham 042B,Violence and sexual offences,Investigation complete; no suspect identified,
e9e13768ea5eacfa0672de46948c91a4caeaaec86f5c8f8159fd9210f22a2b54,2024-05,Durham Constabulary,Durham Constabulary,-2.013096,54.750057,On or near Westcroft,E01020890,County Durham 042B,Violence and sexual offences,Unable to prosecute suspect,
d5c51d1f25b69249518b0c341bd01a1c96b9d5907f10c7c1c13cf911d7d983e1,2024-05,Durham Constabulary,Durham Constabulary,-1.979057,54.718837,On or near Parking Area,E01020890,County Durham 042B,Violence and sexual offences,Unable to prosecute suspect,
,2024-05,Durham Constabulary,Durham Constabulary,-2.096252,54.779576,On or near Boltsburn Crescent,E01020891,County Durham 042C,Anti-social behaviour,,
b84aeeb5b5a86e54c849830d24dd35398971a46a0935c9dfe6f8788a1c2d14be,2024-05,Durham Constabulary,Durham Constabulary,-2.025835,54.759851,On or near Park/Open Space,E01020891,County Durham 042C,Criminal damage and arson,Unable to prosecute suspect,
c61ebeb50ca7585c94d292998ea0bebae00a21c9b5140f5e8dafca764585f1b1,2024-05,Durham Constabulary,Durham Constabulary,-2.096252,54.779576,On or near Boltsburn Crescent,E01020891,County Durham 042C,Drugs,Further action is not in the public interest,
b0f344e509fee75f712f5a6032eaede8ef32832c3a50855c28953c7e181a0c8e,2024-05,Durham Constabulary,Durham Constabulary,-2.096252,54.779576,On or near Boltsburn Crescent,E01020891,County Durham 042C,Violence and sexual offences,Unable to prosecute suspect,
3b8699e29b298b1e9e374272c5dc8a0ef10282be1ff2058f51798ba928d06b5c,2024-05,Durham Constabulary,Durham Constabulary,-2.025835,54.759851,On or near Park/Open Space,E01020891,County Durham 042C,Violence and sexual offences,Unable to prosecute suspect,
50e454736328edacd7ce2cf5a88e879a4a10ac0ff1970985fedff211364ac233,2024-05,Durham Constabulary,Durham Constabulary,-2.083603,54.770712,On or near Park/Open Space,E01020891,County Durham 042C,Other crime,Unable to prosecute suspect,
604eecd4badbaafb6e7db22b74b1b8f5e3b1f2e8a1910adf9eeb1cb7df5c8d93,2024-05,Durham Constabulary,Durham Constabulary,-1.875367,54.731266,On or near Ferndale,E01020905,County Durham 042D,Burglary,Investigation complete; no suspect identified,
0cfdcd07912eb17e237ee5406ccd7b525beef511d600047886ccec11d5d9dc8e,2024-05,Durham Constabulary,Durham Constabulary,-1.873772,54.729620,On or near Attwood Terrace,E01020905,County Durham 042D,Violence and sexual offences,Local resolution,
38e89e87190db90fe9a6908741c9d9ac371bce9992a802d35af455fac7b27051,2024-05,Durham Constabulary,Durham Constabulary,-1.883377,54.732146,On or near St Annes Drive,E01020905,County Durham 042D,Violence and sexual offences,Unable to prosecute suspect,
c37b882d7b811a36da254fdcb7e24c7623ce3fcb04dc9cf8f54bf140fe4394f2,2024-05,Durham Constabulary,Durham Constabulary,-1.877951,54.734081,On or near Greenways,E01020905,County Durham 042D,Violence and sexual offences,Unable to prosecute suspect,
64dc836845b956c05c038c42eaee59967e39de70acb1ef55e63623bf394b990a,2024-05,Durham Constabulary,Durham Constabulary,-1.879649,54.732385,On or near Lydgate Avenue,E01020905,County Durham 042D,Violence and sexual offences,Unable to prosecute suspect,
a4af5bd2b66d7f020fea4fdb4e080a62053023c2f410af8d4ed46acb207f2d22,2024-05,Durham Constabulary,Durham Constabulary,-1.901803,54.767003,On or near Parking Area,E01020906,County Durham 042E,Criminal damage and arson,Investigation complete; no suspect identified,
b4675364021811cebaad46487493f0f1042c5af9f4703fd92ff318ad89d82b3c,2024-05,Durham Constabulary,Durham Constabulary,-1.773282,54.678286,On or near St James Gardens,E01020906,County Durham 042E,Public order,Unable to prosecute suspect,
9df9f6720dfd363ebec4114ce2b1a24a209dfd01413d8a724431428b13b27728,2024-05,Durham Constabulary,Durham Constabulary,-1.933480,54.727915,On or near Parking Area,E01020906,County Durham 042E,Violence and sexual offences,Unable to prosecute suspect,
57ec47ff87960a3b610435eb3191c6f32cc39ace3d784dc176639e554f84dcbf,2024-05,Durham Constabulary,Durham Constabulary,-1.764108,54.676992,On or near Low Lane,E01020906,County Durham 042E,Violence and sexual offences,Unable to prosecute suspect,
417c2723bed1f7cfa447ce30cb5dca0f07b7a3f630aaf97a592c459709dbc366,2024-05,Durham Constabulary,Durham Constabulary,-1.781908,54.680450,On or near Parking Area,E01020906,County Durham 042E,Violence and sexual offences,Under investigation,
aeeeb549ef0045c9f44f2983f324c1c8b82629943c93babb6388c63f4807c6c3,2024-05,Durham Constabulary,Durham Constabulary,-1.777895,54.677019,On or near Witton Tower Gardens,E01020906,County Durham 042E,Violence and sexual offences,Unable to prosecute suspect,
,2024-05,Durham Constabulary,Durham Constabulary,-1.342213,54.731587,On or near St James' Fields,E01020772,County Durham 043A,Anti-social behaviour,,
,2024-05,Durham Constabulary,Durham Constabulary,-1.319196,54.737338,On or near Sycamore Drive,E01020772,County Durham 043A,Anti-social behaviour,,
,2024-05,Durham Constabulary,Durham Constabulary,-1.314012,54.735268,On or near East Terrace,E01020772,County Durham 043A,Anti-social behaviour,,
3345104fac02aed303241c8011de4722f41057581ed70c25821adc8ae6eed161,2024-05,Durham Constabulary,Durham Constabulary,-1.341992,54.718402,On or near Hutton Crescent,E01020772,County Durham 043A,Criminal damage and arson,Unable to prosecute suspect,
60b55587e952cf14fd5464a08990a15221c6d2578fa85b4d019b981ce6b0092c,2024-05,Durham Constabulary,Durham Constabulary,-1.317731,54.737644,On or near Hazel Drive,E01020772,County Durham 043A,Criminal damage and arson,Investigation complete; no suspect identified,
140739f18306cc2b1a7324341341aa85347467f6aa34ecab207ed60ac14f783d,2024-05,Durham Constabulary,Durham Constabulary,-1.337748,54.743524,On or near Castle Bank,E01020772,County Durham 043A,Other theft,Unable to prosecute suspect,
62df884f10a8c24f89f57013ddabbdef47f0532cf31eb83ff4ecbac88d687838,2024-05,Durham Constabulary,Durham Constabulary,-1.351908,54.737094,On or near South View,E01020772,County Durham 043A,Public order,Unable to prosecute suspect,
7cc88f9dc07526a4949a0e3e3ccdd76d3e4c7f65d752cf6b945f7c93a7253cab,2024-05,Durham Constabulary,Durham Constabulary,-1.318136,54.735714,On or near Hillcrest Place,E01020772,County Durham 043A,Vehicle crime,Investigation complete; no suspect identified,
85f0aef397cdf79f1319e1a79b750c97a371e19b39a696945e83f01e9f6c7c10,2024-05,Durham Constabulary,Durham Constabulary,-1.359189,54.736315,On or near Rowland Crescent,E01020772,County Durham 043A,Violence and sexual offences,Unable to prosecute suspect,
b2b3118cc583387d82fc9af206d2753769a1c9d0c9bd070e5bca6d3a2b14a222,2024-05,Durham Constabulary,Durham Constabulary,-1.357441,54.736890,On or near Beechwood,E01020772,County Durham 043A,Violence and sexual offences,Unable to prosecute suspect,
f76d1cda726f6696aab8fa293e4c62138181b5f42f7999085c90f3c4bac497b8,2024-05,Durham Constabulary,Durham Constabulary,-1.314118,54.737273,On or near Hesleden Road,E01020772,County Durham 043A,Violence and sexual offences,Investigation complete; no suspect identified,
b1a88ace0bdae2fc2e6880ee420716d93c4cec04e0e72ffea6a67cc332a31178,2024-05,Durham Constabulary,Durham Constabulary,-1.342213,54.731587,On or near St James' Fields,E01020772,County Durham 043A,Violence and sexual offences,Awaiting court outcome,
5ea73ceb7e30b556dbb1e32535dc953f5cb5871ff3ba2edbe22459d633fbbae5,2024-05,Durham Constabulary,Durham Constabulary,-1.357441,54.736890,On or near Beechwood,E01020772,County Durham 043A,Violence and sexual offences,Unable to prosecute suspect,
be3e8bb37d791bf9808c85dd43539a1513e977918c951b4171bdd685ca3f6cc3,2024-05,Durham Constabulary,Durham Constabulary,-1.317731,54.737644,On or near Hazel Drive,E01020772,County Durham 043A,Other crime,Unable to prosecute suspect,
,2024-05,Durham Constabulary,Durham Constabulary,-1.380349,54.732839,On or near New Cross Road,E01020793,County Durham 043B,Anti-social behaviour,,
,2024-05,Durham Constabulary,Durham Constabulary,-1.382805,54.734739,On or near Coronation Road,E01020793,County Durham 043B,Anti-social behaviour,,
,2024-05,Durham Constabulary,Durham Constabulary,-1.382519,54.734118,On or near Nattress Terrace,E01020793,County Durham 043B,Anti-social behaviour,,
,2024-05,Durham Constabulary,Durham Constabulary,-1.382805,54.734739,On or near Coronation Road,E01020793,County Durham 043B,Anti-social behaviour,,
,2024-05,Durham Constabulary,Durham Constabulary,-1.382544,54.731449,On or near Woodland View,E01020793,County Durham 043B,Anti-social behaviour,,
d65f50d065b521810ed51c01c207f47ba982b08b3d1630153f150f40297e4618,2024-05,Durham Constabulary,Durham Constabulary,-1.384536,54.735260,On or near King'S Road,E01020793,County Durham 043B,Criminal damage and arson,Investigation complete; no suspect identified,
7b4a92cbb8ecd20cd357187f694fa58c274c3c605b9450bfdb4bced7e9e1b93b,2024-05,Durham Constabulary,Durham Constabulary,-1.378891,54.732733,On or near North Road,E01020793,County Durham 043B,Criminal damage and arson,Awaiting court outcome,
0f3f6ffb93b767c13d12123fca8c79914eb2f3e0e885047d25e07176cc71b493,2024-05,Durham Constabulary,Durham Constabulary,-1.382805,54.734739,On or near Coronation Road,E01020793,County Durham 043B,Other theft,Unable to prosecute suspect,
b30c3cd3090b962f4b452b741e9b99d50c7cfab1514e1873bdd26294ec784f0f,2024-05,Durham Constabulary,Durham Constabulary,-1.384536,54.735260,On or near King'S Road,E01020793,County Durham 043B,Public order,Unable to prosecute suspect,
c1b1e0e1f78b5151b37ea82f32629e75765b54d55e94c9aec2a9b158e273ae17,2024-05,Durham Constabulary,Durham Constabulary,-1.383273,54.732531,On or near Queen'S Road,E01020793,County Durham 043B,Vehicle crime,Investigation complete; no suspect identified,
32f437d9b91391fcdc5fc52619334c1ee97bfa054fdbef91f9dd900468ef0303,2024-05,Durham Constabulary,Durham Constabulary,-1.378891,54.732733,On or near North Road,E01020793,County Durham 043B,Violence and sexual offences,Action to be taken by another organisation,
94445ac14cb8ddb9d5d21b9646d9df0f67e4554f0664de32f9b84e329b736ee2,2024-05,Durham Constabulary,Durham Constabulary,-1.382805,54.734739,On or near Coronation Road,E01020793,County Durham 043B,Violence and sexual offences,Under investigation,
255b723301ec286a54e92d9a40f24524d06636a118023a29fa4867a98256459a,2024-05,Durham Constabulary,Durham Constabulary,-1.384536,54.735260,On or near King'S Road,E01020793,County Durham 043B,Violence and sexual offences,Under investigation,
,2024-05,Durham Constabulary,Durham Constabulary,-1.370554,54.736563,On or near High Grange Way,E01020794,County Durham 043C,Anti-social behaviour,,
,2024-05,Durham Constabulary,Durham Constabulary,-1.370554,54.736563,On or near High Grange Way,E01020794,County Durham 043C,Anti-social behaviour,,
,2024-05,Durham Constabulary,Durham Constabulary,-1.370554,54.736563,On or near High Grange Way,E01020794,County Durham 043C,Anti-social behaviour,,
,2024-05,Durham Constabulary,Durham Constabulary,-1.372532,54.736232,On or near Edderacres Walk,E01020794,County Durham 043C,Anti-social behaviour,,
,2024-05,Durham Constabulary,Durham Constabulary,-1.372532,54.736232,On or near Edderacres Walk,E01020794,County Durham 043C,Anti-social behaviour,,
15e22649c9275b10c75716c3524a171811c245db08630f3944e98fad37db5e59,2024-05,Durham Constabulary,Durham Constabulary,-1.372532,54.736232,On or near Edderacres Walk,E01020794,County Durham 043C,Criminal damage and arson,Investigation complete; no suspect identified,
fff32017e81afa65854f55aca55c7070ad4fe7a9e9c54b271a298ea3ed6a59b8,2024-05,Durham Constabulary,Durham Constabulary,-1.377727,54.728584,On or near Winford Grove,E01020794,County Durham 043C,Violence and sexual offences,Unable to prosecute suspect,
,2024-05,Durham Constabulary,Durham Constabulary,-1.374952,54.724274,On or near Station Road,E01020795,County Durham 043D,Anti-social behaviour,,
71c4b4c22fb589d3e2b36a7f4c3899284ca1893a7865c710dbb92b8c1e3d8c10,2024-05,Durham Constabulary,Durham Constabulary,-1.372153,54.723532,On or near Rodridge Park,E01020795,County Durham 043D,Burglary,Investigation complete; no suspect identified,
4b0c01d87ec9ee2b8017472cfa66ad634585da0005d2fc871d26d84d4b7945b5,2024-05,Durham Constabulary,Durham Constabulary,-1.378046,54.727040,On or near Chillerton Way,E01020795,County Durham 043D,Criminal damage and arson,Investigation complete; no suspect identified,
1c03b3088514fe4e4a9f81c8945c26273a1e468e080ca9a0212c41dcdb51dc2d,2024-05,Durham Constabulary,Durham Constabulary,-1.374092,54.723659,On or near Station Road,E01020795,County Durham 043D,Criminal damage and arson,Unable to prosecute suspect,
2947371758fb36609602f21a97ef69c6b01011d005b82a2563e0b3e56e8d3735,2024-05,Durham Constabulary,Durham Constabulary,-1.367648,54.720714,On or near Dormand Court,E01020795,County Durham 043D,Criminal damage and arson,Unable to prosecute suspect,
f49e6ee4550cd49d6a67cae39f5aa9fbe01be83e0a8e7b76ec2e2d2c79078531,2024-05,Durham Constabulary,Durham Constabulary,-1.367242,54.719858,On or near Brackendale Court,E01020795,County Durham 043D,Other theft,Investigation complete; no suspect identified,
2b85f8e3bbe4561d99ae2eb13bb31c137a3c154617db93b86810e566bfe2eb41,2024-05,Durham Constabulary,Durham Constabulary,-1.380457,54.725731,On or near Pickering Street,E01020795,County Durham 043D,Possession of weapons,Awaiting court outcome,
fb062ef9eba17ac8da5c7b0ae1c137670477bdf84fc2d9e50cc2411ed861b85f,2024-05,Durham Constabulary,Durham Constabulary,-1.379578,54.731434,On or near Parking Area,E01020795,County Durham 043D,Public order,Unable to prosecute suspect,
4e30ecfe98ed4eefac0eaaa5a5ffd1f2b78354d62f0c8da36c9be2d697ac69ca,2024-05,Durham Constabulary,Durham Constabulary,-1.367648,54.720714,On or near Dormand Court,E01020795,County Durham 043D,Public order,Under investigation,
502a0b1c0295494a03f65283b1aa8e965452f819b6dd166d8b4a4f019d12fe41,2024-05,Durham Constabulary,Durham Constabulary,-1.378046,54.727040,On or near Chillerton Way,E01020795,County Durham 043D,Public order,Awaiting court outcome,
3b5501340b21d30510978704d3d808d85cf0c373a117b415663a5847e8fe114c,2024-05,Durham Constabulary,Durham Constabulary,-1.373229,54.723268,On or near Station Lane,E01020795,County Durham 043D,Vehicle crime,Investigation complete; no suspect identified,
a2cff88ce9503bfcf99afb65154b645d64d55cf19402beb3b55cf68431c3cbbc,2024-05,Durham Constabulary,Durham Constabulary,-1.380457,54.725731,On or near Pickering Street,E01020795,County Durham 043D,Vehicle crime,Investigation complete; no suspect identified,
ca33ee0fe7bf6be69cf995754bfef16a2ff768b3d3123976fb6c0060bc8e09fb,2024-05,Durham Constabulary,Durham Constabulary,-1.369627,54.719241,On or near Milbank Terrace,E01020795,County Durham 043D,Vehicle crime,Investigation complete; no suspect identified,
bacdfce9ec71c83203f93783a96e46ccc602fb0a2886af5dea8eac4f6c2d5e47,2024-05,Durham Constabulary,Durham Constabulary,-1.378046,54.727040,On or near Chillerton Way,E01020795,County Durham 043D,Violence and sexual offences,Awaiting court outcome,
18d81ab3f378871fb59c6827645b293909c6a463ad9f9327773bc8438dbb9fa1,2024-05,Durham Constabulary,Durham Constabulary,-1.372311,54.722391,On or near Church Street,E01020795,County Durham 043D,Violence and sexual offences,Investigation complete; no suspect identified,
2bf6d7c78a912456847075f685000db32e4beec9c37cfae02b4331553347c114,2024-05,Durham Constabulary,Durham Constabulary,-1.377877,54.724873,On or near Johnson'S Street,E01020795,County Durham 043D,Violence and sexual offences,Action to be taken by another organisation,
2ba64649076fda9aedd3b9212f93a3973c3eb56c9bc9e4452a1b6e9264b93996,2024-05,Durham Constabulary,Durham Constabulary,-1.367648,54.720714,On or near Dormand Court,E01020795,County Durham 043D,Violence and sexual offences,Under investigation,
a31dcaaa1245ce0b5415f18ab57d40566517c2056597cf4344773c4e5e4cea74,2024-05,Durham Constabulary,Durham Constabulary,-1.378046,54.727040,On or near Chillerton Way,E01020795,County Durham 043D,Violence and sexual offences,Unable to prosecute suspect,
bb5d3aa1e8d0fe89acf70424898e15273b63de2a6fc40c7da21a9da427976215,2024-05,Durham Constabulary,Durham Constabulary,-1.379578,54.731434,On or near Parking Area,E01020795,County Durham 043D,Violence and sexual offences,Unable to prosecute suspect,
2939bba629ecd9ef8b69b21175fd581bb916b87c6533d11122da70f7e841633b,2024-05,Durham Constabulary,Durham Constabulary,-1.379578,54.731434,On or near Parking Area,E01020795,County Durham 043D,Violence and sexual offences,Unable to prosecute suspect,
69559963cb36b9304f91882cb54ac69cd9585cca27cfe917adffae0685975ccd,2024-05,Durham Constabulary,Durham Constabulary,-1.380457,54.725731,On or near Pickering Street,E01020795,County Durham 043D,Other crime,Unable to prosecute suspect,
,2024-05,Durham Constabulary,Durham Constabulary,-1.517430,54.726075,On or near Park Avenue,E01020695,County Durham 044A,Anti-social behaviour,,
483d827fda648459d0b1879e7cbee07b7a4b073799b2d1b28d7d9d355787814f,2024-05,Durham Constabulary,Durham Constabulary,-1.517747,54.741210,On or near Leyland Close,E01020695,County Durham 044A,Criminal damage and arson,Investigation complete; no suspect identified,
5f50764be7fbddeec086dc0cebca64ebd76fdc30e840062454f2b5df09542b51,2024-05,Durham Constabulary,Durham Constabulary,-1.465758,54.738988,On or near Front Street,E01020695,County Durham 044A,Criminal damage and arson,Investigation complete; no suspect identified,
972ef40dbfc43687df50e5eec16e60ecfd5ad0e7cfc3ee728d9cf2af71f7df1c,2024-05,Durham Constabulary,Durham Constabulary,-1.465758,54.738988,On or near Front Street,E01020695,County Durham 044A,Criminal damage and arson,Investigation complete; no suspect identified,
aa57b83c412836850d3c77f225bb5a561c7636042f0bbcf5a715c434e35c393c,2024-05,Durham Constabulary,Durham Constabulary,-1.465758,54.738988,On or near Front Street,E01020695,County Durham 044A,Criminal damage and arson,Further investigation is not in the public interest,
1b55995970ef7576e4b0d3e15cec0e10df247d5186731982a875a6405021b1a5,2024-05,Durham Constabulary,Durham Constabulary,-1.515815,54.724775,On or near Park Hill,E01020695,County Durham 044A,Drugs,Further investigation is not in the public interest,
e52b7e7d5a45201db409e7603402f7f1b238f742d209f8f264413cb36923db1d,2024-05,Durham Constabulary,Durham Constabulary,-1.467332,54.737386,On or near Luke Avenue,E01020695,County Durham 044A,Public order,Awaiting court outcome,
b17a30c7e048d5cd900251d814b459c3129960a064aecc8dfe146c517dd6b3b0,2024-05,Durham Constabulary,Durham Constabulary,-1.519791,54.741775,On or near Cavell Drive,E01020695,County Durham 044A,Vehicle crime,Investigation complete; no suspect identified,
7de89eaf4c0436b9f0c8aab4de0e4c2e02fadb26aee4cee2f25bd7b684a93c07,2024-05,Durham Constabulary,Durham Constabulary,-1.519042,54.739373,On or near Charlton Court,E01020695,County Durham 044A,Vehicle crime,Investigation complete; no suspect identified,
a95fd05ec81efc7f53e8414b7726e5e73b6471968ecdece7d7e6822f248f96a1,2024-05,Durham Constabulary,Durham Constabulary,-1.519791,54.741775,On or near Cavell Drive,E01020695,County Durham 044A,Violence and sexual offences,Unable to prosecute suspect,
2f0ad3f1b3b9c4a7f569f4f52498643d24149f5e775a0caa9efddbccbecfc6c0,2024-05,Durham Constabulary,Durham Constabulary,-1.461562,54.740344,On or near Dene View,E01020695,County Durham 044A,Violence and sexual offences,Unable to prosecute suspect,
83e80298aa199b95c2d6137ddf764121c32bcd674ba85da82d938fa3a507ead2,2024-05,Durham Constabulary,Durham Constabulary,-1.467332,54.737386,On or near Luke Avenue,E01020695,County Durham 044A,Violence and sexual offences,Unable to prosecute suspect,
c1e3cd5e8f6b029c7771e5114735b8841194a51c4acae9572be65c45fc501fda,2024-05,Durham Constabulary,Durham Constabulary,-1.464957,54.738463,On or near Lynn Crescent,E01020695,County Durham 044A,Violence and sexual offences,Unable to prosecute suspect,
3c1043d4b12bd6fffe42fffb7ea7a976700258cb6e5e862c6e4b865d86e66393,2024-05,Durham Constabulary,Durham Constabulary,-1.519791,54.741775,On or near Cavell Drive,E01020695,County Durham 044A,Other crime,Awaiting court outcome,
,2024-05,Durham Constabulary,Durham Constabulary,-1.512885,54.710115,On or near Thinford Road,E01020698,County Durham 044B,Anti-social behaviour,,
af5ef210cb436edc6ae6e939c2b5bcecac4af4670c7701031b56e7863bac8d3a,2024-05,Durham Constabulary,Durham Constabulary,-1.505592,54.709968,On or near Burdon Way,E01020698,County Durham 044B,Burglary,Investigation complete; no suspect identified,
59a36b6324f14b490fe5f012ceb140f1235106e6b922f61791f761843f3e2016,2024-05,Durham Constabulary,Durham Constabulary,-1.502337,54.713433,On or near Mulberry,E01020698,County Durham 044B,Criminal damage and arson,Under investigation,
8347b955df7cc5c56ce9dcee19d433f4cbbdb6cb646018d48d655126fb76e33c,2024-05,Durham Constabulary,Durham Constabulary,-1.497018,54.709277,On or near Station Road East,E01020698,County Durham 044B,Other theft,Investigation complete; no suspect identified,
b113f85613f4c8669652e996a13b7035c7d2f21aa4f23c7462ef92959f30f5ba,2024-05,Durham Constabulary,Durham Constabulary,-1.509284,54.711448,On or near Cornforth Lane,E01020698,County Durham 044B,Other theft,Investigation complete; no suspect identified,
a6556e175275bceef7ac2d27c81319765fb5a4778a5de0f717c2bfa6e029a4cf,2024-05,Durham Constabulary,Durham Constabulary,-1.503350,54.713122,On or near Applegarth,E01020698,County Durham 044B,Public order,Under investigation,
3be71e660ee26e35279f3cb81dd5fc890b6a98fcf5d5a7d129046075f685a2c5,2024-05,Durham Constabulary,Durham Constabulary,-1.498312,54.711313,On or near Belgrave Avenue,E01020698,County Durham 044B,Violence and sexual offences,Under investigation,
860c38c413b8aedf8c389dc0bdb8e9164eec48312bf114375e996dd6860ec9c6,2024-05,Durham Constabulary,Durham Constabulary,-1.497791,54.710772,On or near Majolica Mews,E01020698,County Durham 044B,Violence and sexual offences,Investigation complete; no suspect identified,
f63ed1cba7b45051ca2e8bdb91f778694532328752ca3dc4ecb916ebddd1c2fb,2024-05,Durham Constabulary,Durham Constabulary,-1.502337,54.713433,On or near Mulberry,E01020698,County Durham 044B,Violence and sexual offences,Unable to prosecute suspect,
8a0228518e3630186ace739a478c348db34f9d948abdfaa55e5beff53e0d04d0,2024-05,Durham Constabulary,Durham Constabulary,-1.502337,54.713433,On or near Mulberry,E01020698,County Durham 044B,Violence and sexual offences,Unable to prosecute suspect,
73f270df23c337dd947a68c417cfafe624daa35247ad221ff4bd95391e165506,2024-05,Durham Constabulary,Durham Constabulary,-1.503350,54.713122,On or near Applegarth,E01020698,County Durham 044B,Violence and sexual offences,Unable to prosecute suspect,
226395d036dedb7df4552ab7615d3ab9a6c3bad22479b9a0996a25fd5605dfd0,2024-05,Durham Constabulary,Durham Constabulary,-1.481405,54.728739,On or near B6291,E01020699,County Durham 044C,Criminal damage and arson,Investigation complete; no suspect identified,
3e79abbc8b25c9ad79e172cf200704eca83483ccd5288d12bd1451254b8bc6a5,2024-05,Durham Constabulary,Durham Constabulary,-1.481405,54.728739,On or near B6291,E01020699,County Durham 044C,Criminal damage and arson,Investigation complete; no suspect identified,
d7e4b75982361709d170f71a2d5afaa033e658906ff41a62e4cb783916143781,2024-05,Durham Constabulary,Durham Constabulary,-1.479410,54.728066,On or near Hazel Avenue,E01020699,County Durham 044C,Possession of weapons,Awaiting court outcome,
0116a57178d3b212e17d896d3520793478680a8d037423ca2843f8bc17d42228,2024-05,Durham Constabulary,Durham Constabulary,-1.496164,54.716858,On or near Sharon Avenue,E01020699,County Durham 044C,Public order,Unable to prosecute suspect,
753db371ce1f3e3555cca22293a5ec383213e759355e21b1b8d26a712eea3774,2024-05,Durham Constabulary,Durham Constabulary,-1.499055,54.712736,On or near The Grove,E01020699,County Durham 044C,Public order,Unable to prosecute suspect,
02a9943038fdf4594f9d2e25c56cce31eda0528c3a25e26e6e763a3d4cd6c22f,2024-05,Durham Constabulary,Durham Constabulary,-1.481405,54.728739,On or near B6291,E01020699,County Durham 044C,Violence and sexual offences,Offender given a caution,
c4782bb894136296b51ac0e16aec42386db3519fade67c7493fe0f077048362b,2024-05,Durham Constabulary,Durham Constabulary,-1.481497,54.720319,On or near Ramona Avenue,E01020699,County Durham 044C,Violence and sexual offences,Under investigation,
f55717e3117b1fe21e71d1a5088355847421d67bc78ec33331daae02cb9c4275,2024-05,Durham Constabulary,Durham Constabulary,-1.480509,54.728331,On or near Malcolm Avenue,E01020699,County Durham 044C,Violence and sexual offences,Unable to prosecute suspect,
6a9d1432488aa3680909cc217d3ad0d9d722cf2025b6ab6894c6530a82c2c3f4,2024-05,Durham Constabulary,Durham Constabulary,-1.503834,54.721761,On or near Foundry Close,E01020699,County Durham 044C,Violence and sexual offences,Unable to prosecute suspect,
17e9719f1be9337de22993e8f87aa264823bc56ccc88480eb2f6214f73d44567,2024-05,Durham Constabulary,Durham Constabulary,-1.481405,54.728739,On or near B6291,E01020699,County Durham 044C,Violence and sexual offences,Investigation complete; no suspect identified,
4436dd7fcbc198ab0bcbd1173f5866d9fc21d74ed10f62d6411c6170c8440b0b,2024-05,Durham Constabulary,Durham Constabulary,-1.481497,54.720319,On or near Ramona Avenue,E01020699,County Durham 044C,Violence and sexual offences,Unable to prosecute suspect,
435aa9120479a349c9c9ea6064638f95a268f94a8f036331b8f6b6a805131cf0,2024-05,Durham Constabulary,Durham Constabulary,-1.481405,54.728739,On or near B6291,E01020699,County Durham 044C,Violence and sexual offences,Unable to prosecute suspect,
78b9647893390a91a241c4a3aa14f718de2dd1cd7998298c1486f8ae1fe759ca,2024-05,Durham Constabulary,Durham Constabulary,-1.481497,54.720319,On or near Ramona Avenue,E01020699,County Durham 044C,Violence and sexual offences,Investigation complete; no suspect identified,
e058c83bfe276a2d33e0b853d202fff9ca0098aae1f6e36a7f5fd37eee420d86,2024-05,Durham Constabulary,Durham Constabulary,-1.479410,54.728066,On or near Hazel Avenue,E01020699,County Durham 044C,Violence and sexual offences,Awaiting court outcome,
,2024-05,Durham Constabulary,Durham Constabulary,-1.470953,54.722871,On or near Morley Crescent,E01020700,County Durham 044D,Anti-social behaviour,,
,2024-05,Durham Constabulary,Durham Constabulary,-1.478528,54.718195,On or near Sharon Avenue,E01020700,County Durham 044D,Anti-social behaviour,,
,2024-05,Durham Constabulary,Durham Constabulary,-1.472650,54.720128,On or near Front Street,E01020700,County Durham 044D,Anti-social behaviour,,
,2024-05,Durham Constabulary,Durham Constabulary,-1.470953,54.722871,On or near Morley Crescent,E01020700,County Durham 044D,Anti-social behaviour,,
,2024-05,Durham Constabulary,Durham Constabulary,-1.478264,54.731467,On or near Church Street,E01020700,County Durham 044D,Anti-social behaviour,,
,2024-05,Durham Constabulary,Durham Constabulary,-1.476396,54.729419,On or near David Terrace,E01020700,County Durham 044D,Anti-social behaviour,,
,2024-05,Durham Constabulary,Durham Constabulary,-1.470953,54.722871,On or near Morley Crescent,E01020700,County Durham 044D,Anti-social behaviour,,
efea683b2ecd79bb687ac50b50ffdc41eb4cd9359fc5eed198651ec57b1a7b68,2024-05,Durham Constabulary,Durham Constabulary,-1.478264,54.731467,On or near Church Street,E01020700,County Durham 044D,Public order,Under investigation,
8f5d65ac3f4ae888f17ea53f3688ef73259c11bae8cd5288cf35363563cd5686,2024-05,Durham Constabulary,Durham Constabulary,-1.472607,54.719876,On or near Burnett Crescent,E01020700,County Durham 044D,Violence and sexual offences,Unable to prosecute suspect,
c3a4c2e288e05d6078535609fd4d4f86365946f75673811c70006ec1bed02828,2024-05,Durham Constabulary,Durham Constabulary,-1.478430,54.719749,On or near Woodland Crescent,E01020700,County Durham 044D,Violence and sexual offences,Investigation complete; no suspect identified,
e005707d6c67e2702c82d69c0cff4e4f031736cdf0c05739c16ee4f9e31a22e1,2024-05,Durham Constabulary,Durham Constabulary,-1.470953,54.722871,On or near Morley Crescent,E01020700,County Durham 044D,Violence and sexual offences,Unable to prosecute suspect,
c58ec00ae2cc92190b1adb9dee912ff6fb94ef482f60c0afa48277ad40a6584c,2024-05,Durham Constabulary,Durham Constabulary,-1.478264,54.731467,On or near Church Street,E01020700,County Durham 044D,Violence and sexual offences,Unable to prosecute suspect,
405ef76c12bdde10581951e1dd2cb6ffd07cbdc91c0ef12c76c9ef56162ea8c4,2024-05,Durham Constabulary,Durham Constabulary,-1.478430,54.719749,On or near Woodland Crescent,E01020700,County Durham 044D,Violence and sexual offences,Unable to prosecute suspect,
4281422abaaa2f2262bc2dcf3f7877c0e2ff3fb3a45ddaa05d094432ee0b40e4,2024-05,Durham Constabulary,Durham Constabulary,-1.478528,54.718195,On or near Sharon Avenue,E01020700,County Durham 044D,Violence and sexual offences,Unable to prosecute suspect,
7be8d0a1191f52497f1f6e9094f2a879fd735cbeb8e55773d770ceb673cd98c3,2024-05,Durham Constabulary,Durham Constabulary,-1.478430,54.719749,On or near Woodland Crescent,E01020700,County Durham 044D,Other crime,Unable to prosecute suspect,
932ce6fda22154a8214f230ea40b35f482173a7dda2394eeac103c6639668d0c,2024-05,Durham Constabulary,Durham Constabulary,-1.504563,54.717989,On or near Browns Close,E01020701,County Durham 044E,Criminal damage and arson,Investigation complete; no suspect identified,
c911097aa2cc2f223a9216a945520e27250c75b9ae94909a45f2b4c95ba7417f,2024-05,Durham Constabulary,Durham Constabulary,-1.508447,54.719074,On or near Sycamore Close,E01020701,County Durham 044E,Criminal damage and arson,Under investigation,
c42d08fd4288c13e9e55ef8e6266a20cd8d62543cfeb8c14f2acc1397fcc4658,2024-05,Durham Constabulary,Durham Constabulary,-1.501316,54.714480,On or near Roslyn Mews,E01020701,County Durham 044E,Criminal damage and arson,Unable to prosecute suspect,
721adbee2e59f2c828b3f6f272a29c5cd7ec8fb5b3186443f9f445a77167fdd5,2024-05,Durham Constabulary,Durham Constabulary,-1.503481,54.716403,On or near Parking Area,E01020701,County Durham 044E,Public order,Unable to prosecute suspect,
fd3527e1bd7dd93cd84ae68e525bfeb34e5cb685d232d19a1e8783b71395b578,2024-05,Durham Constabulary,Durham Constabulary,-1.501316,54.714480,On or near Roslyn Mews,E01020701,County Durham 044E,Violence and sexual offences,Unable to prosecute suspect,
cc9914f3c5be043643024ae120ab64f5700d5df53f2d7e52d2ac5ae9ff840e08,2024-05,Durham Constabulary,Durham Constabulary,-1.501316,54.714480,On or near Roslyn Mews,E01020701,County Durham 044E,Violence and sexual offences,Action to be taken by another organisation,
860125c3d5835bdf81192ae558fe0df5bf3ec3796e27b93f7465fd1789b14aa4,2024-05,Durham Constabulary,Durham Constabulary,-1.501316,54.714480,On or near Roslyn Mews,E01020701,County Durham 044E,Violence and sexual offences,Unable to prosecute suspect,
b5fb7d842d49a0cfd0141b557c019e44c676c740dcf2378a2d530564cb00b76e,2024-05,Durham Constabulary,Durham Constabulary,-1.504563,54.717989,On or near Browns Close,E01020701,County Durham 044E,Violence and sexual offences,Unable to prosecute suspect,
,2024-05,Durham Constabulary,Durham Constabulary,-1.751423,54.720058,On or near Milton Street,E01020876,County Durham 045A,Anti-social behaviour,,
8e875de40000d6877d9d007fdcc5911ac80ec1c41e1074bf1a59ecda7f2ed097,2024-05,Durham Constabulary,Durham Constabulary,-1.759462,54.728495,On or near Ivy Crescent,E01020876,County Durham 045A,Burglary,Investigation complete; no suspect identified,
35a7b86d6ab2d1d5fcd6c296afcf3d5e095f7b6fb30524d7ce1e1a220736a516,2024-05,Durham Constabulary,Durham Constabulary,-1.750135,54.717494,On or near St Mary'S Avenue,E01020876,County Durham 045A,Public order,Under investigation,
,2024-05,Durham Constabulary,Durham Constabulary,-1.757034,54.716412,On or near Cedar Gardens,E01020878,County Durham 045B,Anti-social behaviour,,
,2024-05,Durham Constabulary,Durham Constabulary,-1.757815,54.715596,On or near Lilac Gardens,E01020878,County Durham 045B,Anti-social behaviour,,
,2024-05,Durham Constabulary,Durham Constabulary,-1.749897,54.713378,On or near Orchard Close,E01020878,County Durham 045B,Anti-social behaviour,,
,2024-05,Durham Constabulary,Durham Constabulary,-1.755182,54.712014,On or near Gardener Court,E01020878,County Durham 045B,Anti-social behaviour,,
,2024-05,Durham Constabulary,Durham Constabulary,-1.751188,54.714612,On or near Sports/Recreation Area,E01020878,County Durham 045B,Anti-social behaviour,,
,2024-05,Durham Constabulary,Durham Constabulary,-1.759220,54.716866,On or near Larchfield Gardens,E01020878,County Durham 045B,Anti-social behaviour,,
6fb024444f0f6548661ba7612ffcb67b79c015b1c0a28d7ec06d2e6632280c72,2024-05,Durham Constabulary,Durham Constabulary,-1.749897,54.713378,On or near Orchard Close,E01020878,County Durham 045B,Criminal damage and arson,Investigation complete; no suspect identified,
d16c99e22aa209b14018654dc99235db37ece2b22ff9310fbc31862c0547d0aa,2024-05,Durham Constabulary,Durham Constabulary,-1.752607,54.711739,On or near Appleby Court,E01020878,County Durham 045B,Criminal damage and arson,Investigation complete; no suspect identified,
bcb4e21d3159d859e8c1722dac848966a38f9adc240395d229918b67b5c270fc,2024-05,Durham Constabulary,Durham Constabulary,-1.752369,54.712655,On or near Station Court,E01020878,County Durham 045B,Criminal damage and arson,Unable to prosecute suspect,
7a43892bc6a02f90f87a1697cce2482a28c289b57c79281911b4b1fedb36ec34,2024-05,Durham Constabulary,Durham Constabulary,-1.757034,54.716412,On or near Cedar Gardens,E01020878,County Durham 045B,Criminal damage and arson,Investigation complete; no suspect identified,
36755e342abcd26bddae96ea439aa0b5ead5d4143d6183406bff79bc5381d030,2024-05,Durham Constabulary,Durham Constabulary,-1.752727,54.714947,On or near Millfield Grove,E01020878,County Durham 045B,Criminal damage and arson,Investigation complete; no suspect identified,
4a919dbb13a8c7e50e70ec340ec45c169b5c33b1a28dc5ce9631df23a85f5c71,2024-05,Durham Constabulary,Durham Constabulary,-1.759220,54.716866,On or near Larchfield Gardens,E01020878,County Durham 045B,Criminal damage and arson,Unable to prosecute suspect,
e0661524d91f484d453be0c287afbaa3c5d40b91c04de672ccb03ffb64b8ba95,2024-05,Durham Constabulary,Durham Constabulary,-1.751188,54.714612,On or near Sports/Recreation Area,E01020878,County Durham 045B,Other theft,Local resolution,
0f4c8804fdf064d84c27dc6df7316a6336b8f4589bc390a5b12128d04fef99ea,2024-05,Durham Constabulary,Durham Constabulary,-1.752382,54.715567,On or near Lishman Avenue,E01020878,County Durham 045B,Other theft,Formal action is not in the public interest,
7f123e9e562c880c643091c7008738c1336987b86e08edd2bc14fa33d203ffe1,2024-05,Durham Constabulary,Durham Constabulary,-1.755603,54.716948,On or near Roseberry Crescent,E01020878,County Durham 045B,Public order,Unable to prosecute suspect,
dcd31eba45282132ff42ec03b794e9205d94d66dbcdbe24e9a3624caa9c8f41d,2024-05,Durham Constabulary,Durham Constabulary,-1.756178,54.714217,On or near Sycamore Gardens,E01020878,County Durham 045B,Public order,Unable to prosecute suspect,
b830c7f5bf1e1dd9e23d2ceb2489a33f1da0b4cc528da2a7b91bb63c0b70fa6d,2024-05,Durham Constabulary,Durham Constabulary,-1.752727,54.714947,On or near Millfield Grove,E01020878,County Durham 045B,Vehicle crime,Unable to prosecute suspect,
e50e7ba9c79cd06c3f0bc9f6a97ca95f03ca5b5c1003fe4b09d59a42c12e1532,2024-05,Durham Constabulary,Durham Constabulary,-1.755603,54.716948,On or near Roseberry Crescent,E01020878,County Durham 045B,Violence and sexual offences,Unable to prosecute suspect,
82a985c9c4d1a9e36d4d8a2bb866a02b7f9dc5de5b17852b1f0b7216b6a4f9bd,2024-05,Durham Constabulary,Durham Constabulary,-1.752607,54.711739,On or near Appleby Court,E01020878,County Durham 045B,Violence and sexual offences,Under investigation,
123cd18c39032e40ccf127bbb7aa60a9c712ceed91824fee0210ca156b0fe60f,2024-05,Durham Constabulary,Durham Constabulary,-1.759220,54.716866,On or near Larchfield Gardens,E01020878,County Durham 045B,Violence and sexual offences,Unable to prosecute suspect,
2ac2a38fa88daea09ce16924814d57b75823089b91da097721e2caf6c33e3bef,2024-05,Durham Constabulary,Durham Constabulary,-1.759220,54.716866,On or near Larchfield Gardens,E01020878,County Durham 045B,Violence and sexual offences,Unable to prosecute suspect,
2366047a58519970ab13a8b47dc2864e8f16759aac7def3951f93cc26387da39,2024-05,Durham Constabulary,Durham Constabulary,-1.757815,54.715596,On or near Lilac Gardens,E01020878,County Durham 045B,Violence and sexual offences,Unable to prosecute suspect,
024bb6fd5d272aa4f691efda7d12cce34bbddbd3ca679e2feb0c07836faeaf49,2024-05,Durham Constabulary,Durham Constabulary,-1.751188,54.714612,On or near Sports/Recreation Area,E01020878,County Durham 045B,Violence and sexual offences,Unable to prosecute suspect,
fbc4cee2d9d289b1ab690a278f5e9331172d4fa66b9231bd5fe66127c42214d6,2024-05,Durham Constabulary,Durham Constabulary,-1.756684,54.715207,On or near Laurel Gardens,E01020878,County Durham 045B,Violence and sexual offences,Unable to prosecute suspect,
fddff1d54ea105b20bf3be0c5c1c78be55a38f9698eb2a034ca2f2af2b8780bf,2024-05,Durham Constabulary,Durham Constabulary,-1.752382,54.715567,On or near Lishman Avenue,E01020878,County Durham 045B,Violence and sexual offences,Unable to prosecute suspect,
a19a3ddef6315371da4aee66312c3374b7bced225ef3c5b4654c21c34f27f1f7,2024-05,Durham Constabulary,Durham Constabulary,-1.749897,54.713378,On or near Orchard Close,E01020878,County Durham 045B,Violence and sexual offences,Under investigation,
2403d09ec32b410498b9da7c564420bf7b6173674b126afe6bb009c5613b07bb,2024-05,Durham Constabulary,Durham Constabulary,-1.756178,54.714217,On or near Sycamore Gardens,E01020878,County Durham 045B,Violence and sexual offences,Unable to prosecute suspect,
071e6557a6347da0c4a46aff35f2e4860375b8a2c552d15d8865779303397045,2024-05,Durham Constabulary,Durham Constabulary,-1.756684,54.715207,On or near Laurel Gardens,E01020878,County Durham 045B,Other crime,Further investigation is not in the public interest,
,2024-05,Durham Constabulary,Durham Constabulary,-1.750048,54.703897,On or near Spinners Croft,E01020887,County Durham 045C,Anti-social behaviour,,
,2024-05,Durham Constabulary,Durham Constabulary,-1.749537,54.693687,On or near Railway Street,E01020887,County Durham 045C,Anti-social behaviour,,
,2024-05,Durham Constabulary,Durham Constabulary,-1.755377,54.695110,On or near Firtree Drive,E01020887,County Durham 045C,Anti-social behaviour,,
,2024-05,Durham Constabulary,Durham Constabulary,-1.753751,54.694631,On or near Hargill Road,E01020887,County Durham 045C,Anti-social behaviour,,
e3f7610b650b44782005fe3e44d70988a100e8aee535e3d8f52774e285535bb3,2024-05,Durham Constabulary,Durham Constabulary,-1.750474,54.702959,On or near Sports/Recreation Area,E01020887,County Durham 045C,Criminal damage and arson,Unable to prosecute suspect,
737020d3b9e4afbfe5834d149a4c99392e85cbc3f4aab055d83118fda0b2dc2a,2024-05,Durham Constabulary,Durham Constabulary,-1.754480,54.694578,On or near Edendale Crescent,E01020887,County Durham 045C,Criminal damage and arson,Unable to prosecute suspect,
69f05d13c4fdfec15aa4518980d3b79ce29c9caa1a866c9c7c5db0624818e907,2024-05,Durham Constabulary,Durham Constabulary,-1.748357,54.693703,On or near Station Road,E01020887,County Durham 045C,Criminal damage and arson,Unable to prosecute suspect,
7ef21f4a3ad809172c52ae0ca12f6c0eefca70375471020e0448833a2d4029a0,2024-05,Durham Constabulary,Durham Constabulary,-1.750616,54.694786,On or near School Street,E01020887,County Durham 045C,Criminal damage and arson,Investigation complete; no suspect identified,
1d5fc6ee53690a253aebcb6510c3426f99787084e02982a2746c6caec872eb75,2024-05,Durham Constabulary,Durham Constabulary,-1.748865,54.696849,On or near Plantation View,E01020887,County Durham 045C,Other theft,Unable to prosecute suspect,
745e1ab016af4d1fdfaa83406a42e871fb98bc4725a628582c785f158610979b,2024-05,Durham Constabulary,Durham Constabulary,-1.748865,54.696849,On or near Plantation View,E01020887,County Durham 045C,Violence and sexual offences,Unable to prosecute suspect,
33d00695e1788a4430b8f6fe31deddae4f03b6212bdd206002b723b501483c24,2024-05,Durham Constabulary,Durham Constabulary,-1.747925,54.695877,On or near Theatre/Concert Hall,E01020887,County Durham 045C,Violence and sexual offences,Unable to prosecute suspect,
fd05b75eef658b011e34be4f29de57db790b9ba9ec3ca6a528b714463074626d,2024-05,Durham Constabulary,Durham Constabulary,-1.748357,54.693703,On or near Station Road,E01020887,County Durham 045C,Violence and sexual offences,Under investigation,
d6ad4f53e8c82f5f06cbb6c46935261b3dc9989a9a78b50945b2fac3927f91dd,2024-05,Durham Constabulary,Durham Constabulary,-1.748357,54.693703,On or near Station Road,E01020887,County Durham 045C,Violence and sexual offences,Unable to prosecute suspect,
82594c14bb3b53c81e9fb60820a4c18a7128cf89f8baa7ba07bd6fd26e9d2932,2024-05,Durham Constabulary,Durham Constabulary,-1.750616,54.694786,On or near School Street,E01020887,County Durham 045C,Violence and sexual offences,Unable to prosecute suspect,
fec45b3878158ad6f4527076560bef9700b92998374247457932de630a9c0c82,2024-05,Durham Constabulary,Durham Constabulary,-1.748357,54.693703,On or near Station Road,E01020887,County Durham 045C,Violence and sexual offences,Unable to prosecute suspect,
fc41a191f894b2b5050b6702cd18897e66c3911d268dc5b8a4d708db99d0df81,2024-05,Durham Constabulary,Durham Constabulary,-1.755377,54.695110,On or near Firtree Drive,E01020887,County Durham 045C,Violence and sexual offences,Unable to prosecute suspect,
8d485c4629925c796bf7c5bf800d5f63dfce40ba940ba836916c9ed7f9abd7e9,2024-05,Durham Constabulary,Durham Constabulary,-1.749528,54.695116,On or near Bridge Street,E01020887,County Durham 045C,Violence and sexual offences,Unable to prosecute suspect,
b44667a1ec7f39607ff86c63dbf678a6183eb35081699b788bc697c7d3b93999,2024-05,Durham Constabulary,Durham Constabulary,-1.818978,54.749555,On or near Dan'S Castle,E01020892,County Durham 045D,Burglary,Awaiting court outcome,
c0b44593f2fd66f00a76858e3350a624e835adc6b4a7c0c853be5a5ebfe3157a,2024-05,Durham Constabulary,Durham Constabulary,-1.822700,54.751232,On or near North Road,E01020892,County Durham 045D,Criminal damage and arson,Investigation complete; no suspect identified,
2c53ac45edb9727b879071357e4bed3785f10d57c07d51d9121df9eddcaf50de,2024-05,Durham Constabulary,Durham Constabulary,-1.820789,54.751067,On or near Pennine View,E01020892,County Durham 045D,Violence and sexual offences,Investigation complete; no suspect identified,
038f710d19ce4611f1fcd6a3761e1e2ec77f78f39e76b97d6cc6df20d48d98aa,2024-05,Durham Constabulary,Durham Constabulary,-1.825469,54.753851,On or near Inkerman Road,E01020892,County Durham 045D,Other crime,Further investigation is not in the public interest,
36d76280f7c371586bbc1e5329fa3fa4a980fa028427fd538be689bce1e2a5ed,2024-05,Durham Constabulary,Durham Constabulary,-1.815943,54.747339,On or near Grove Road,E01020894,County Durham 045E,Criminal damage and arson,Action to be taken by another organisation,
6eb01bf6a304061206255141c51a5e6f733e7679be442e05c3ec63612e1a0c50,2024-05,Durham Constabulary,Durham Constabulary,-1.834054,54.755615,On or near Parking Area,E01020894,County Durham 045E,Public order,Awaiting court outcome,
03134281e5f829f9c573a4875b279f1dbfd2a1d21820ae4969051b4590abc272,2024-05,Durham Constabulary,Durham Constabulary,-1.834054,54.755615,On or near Parking Area,E01020894,County Durham 045E,Violence and sexual offences,Awaiting court outcome,
3e1af2f8e811fbecf5efd47070cd30a7e63fbeb604202537c8d4e79c10c127be,2024-05,Durham Constabulary,Durham Constabulary,-1.834054,54.755615,On or near Parking Area,E01020894,County Durham 045E,Violence and sexual offences,Awaiting court outcome,
2f5773cf50529b066ea1782244694e2c5a1b5c70367503355bf777d065c96ef8,2024-05,Durham Constabulary,Durham Constabulary,-1.814373,54.740894,On or near Attlee Court,E01020894,County Durham 045E,Violence and sexual offences,Unable to prosecute suspect,
7cdf8397b7a78e4ef022027d0f9e4e2b6f39f27627ffd47e1ce62de7f425920b,2024-05,Durham Constabulary,Durham Constabulary,-1.834054,54.755615,On or near Parking Area,E01020894,County Durham 045E,Other crime,Awaiting court outcome,
,2024-05,Durham Constabulary,Durham Constabulary,-1.741093,54.708947,On or near Patterdale Close,E01020898,County Durham 045F,Anti-social behaviour,,
,2024-05,Durham Constabulary,Durham Constabulary,-1.739888,54.712925,On or near Bladeside,E01020898,County Durham 045F,Anti-social behaviour,,
,2024-05,Durham Constabulary,Durham Constabulary,-1.739263,54.708763,On or near Scafell Gardens,E01020898,County Durham 045F,Anti-social behaviour,,
,2024-05,Durham Constabulary,Durham Constabulary,-1.741093,54.708947,On or near Patterdale Close,E01020898,County Durham 045F,Anti-social behaviour,,
,2024-05,Durham Constabulary,Durham Constabulary,-1.741093,54.708947,On or near Patterdale Close,E01020898,County Durham 045F,Anti-social behaviour,,
,2024-05,Durham Constabulary,Durham Constabulary,-1.741742,54.709425,On or near Ullswater Crescent,E01020898,County Durham 045F,Anti-social behaviour,,
,2024-05,Durham Constabulary,Durham Constabulary,-1.739323,54.711504,On or near Grasmere Grove,E01020898,County Durham 045F,Anti-social behaviour,,
,2024-05,Durham Constabulary,Durham Constabulary,-1.741093,54.708947,On or near Patterdale Close,E01020898,County Durham 045F,Anti-social behaviour,,
,2024-05,Durham Constabulary,Durham Constabulary,-1.740372,54.707597,On or near Blencathra Crescent,E01020898,County Durham 045F,Anti-social behaviour,,
fab6620b0853ff4b2396a5830867e7244951337236b2fe09226c450ea7608c48,2024-05,Durham Constabulary,Durham Constabulary,-1.741017,54.711113,On or near Coniston Crescent,E01020898,County Durham 045F,Other theft,Investigation complete; no suspect identified,
6699e803bd6d20ccbc692c1519ec9cf1da37258f3f77fc1ea3063ca482dd91ba,2024-05,Durham Constabulary,Durham Constabulary,-1.735669,54.710059,On or near Woodlands Court,E01020898,County Durham 045F,Other theft,Investigation complete; no suspect identified,
0a89dffc4044d94b883251928148a4fe6f5c6808565140052dab09088b6dae86,2024-05,Durham Constabulary,Durham Constabulary,-1.738756,54.710335,On or near Derwent Avenue,E01020898,County Durham 045F,Public order,Unable to prosecute suspect,
a9f6ecdccfcdf81c301fdfff1aa4fe9e58061e8c59e25b972f0451eaa1fbff97,2024-05,Durham Constabulary,Durham Constabulary,-1.737666,54.710863,On or near Ennerdale Drive,E01020898,County Durham 045F,Violence and sexual offences,Under investigation,
1b8ccc3fba23709dc85119e131757f6b2f45dc1bfa3cb44a19f428d79418a3e2,2024-05,Durham Constabulary,Durham Constabulary,-1.739263,54.708763,On or near Scafell Gardens,E01020898,County Durham 045F,Violence and sexual offences,Local resolution,
00c211cbd64c01901f40b664a1bbb343e0e9e7010c137df6a54cdd2220411d09,2024-05,Durham Constabulary,Durham Constabulary,-1.737666,54.710863,On or near Ennerdale Drive,E01020898,County Durham 045F,Violence and sexual offences,Unable to prosecute suspect,
56b6b59dc434511883eb537adc5c17e1749e14aad705342312cb45a9da36b8bb,2024-05,Durham Constabulary,Durham Constabulary,-1.737666,54.710863,On or near Ennerdale Drive,E01020898,County Durham 045F,Violence and sexual offences,Under investigation,
2bbdf5bb66627cb2cc196774de7d8e7573d0f1df76d91a22be2e16ec0e9a1a1e,2024-05,Durham Constabulary,Durham Constabulary,-1.737666,54.710863,On or near Ennerdale Drive,E01020898,County Durham 045F,Violence and sexual offences,Unable to prosecute suspect,
ae4a2697441ae09fd7800d42357e8c7eee39e386111a8f54c0bd5082b47a943c,2024-05,Durham Constabulary,Durham Constabulary,-1.740372,54.707597,On or near Blencathra Crescent,E01020898,County Durham 045F,Violence and sexual offences,Investigation complete; no suspect identified,
48b4ea8fb39de81da1339829dc5e3db74c1be3603d2e923c7251c1dbf8bb0887,2024-05,Durham Constabulary,Durham Constabulary,-1.741017,54.711113,On or near Coniston Crescent,E01020898,County Durham 045F,Violence and sexual offences,Investigation complete; no suspect identified,
2049abc4a458ff1f0111f1f3a3448495f860a39d310303ea21d4c37cf4c38907,2024-05,Durham Constabulary,Durham Constabulary,-1.739323,54.711504,On or near Grasmere Grove,E01020898,County Durham 045F,Other crime,Unable to prosecute suspect,
,2024-05,Durham Constabulary,Durham Constabulary,-1.745978,54.711986,On or near Parking Area,E01020877,County Durham 046A,Anti-social behaviour,,
,2024-05,Durham Constabulary,Durham Constabulary,-1.744194,54.716727,On or near Arthur Street,E01020877,County Durham 046A,Anti-social behaviour,,
,2024-05,Durham Constabulary,Durham Constabulary,-1.746184,54.716327,On or near Albert Street,E01020877,County Durham 046A,Anti-social behaviour,,
,2024-05,Durham Constabulary,Durham Constabulary,-1.743338,54.714739,On or near Greenfield Cottages,E01020877,County Durham 046A,Anti-social behaviour,,
,2024-05,Durham Constabulary,Durham Constabulary,-1.745997,54.709029,On or near Beechburn Park,E01020877,County Durham 046A,Anti-social behaviour,,
,2024-05,Durham Constabulary,Durham Constabulary,-1.744194,54.716727,On or near Arthur Street,E01020877,County Durham 046A,Anti-social behaviour,,
,2024-05,Durham Constabulary,Durham Constabulary,-1.744550,54.714526,On or near Emmerson Street,E01020877,County Durham 046A,Anti-social behaviour,,
,2024-05,Durham Constabulary,Durham Constabulary,-1.748237,54.708135,On or near New Road,E01020877,County Durham 046A,Anti-social behaviour,,
,2024-05,Durham Constabulary,Durham Constabulary,-1.745978,54.711986,On or near Parking Area,E01020877,County Durham 046A,Anti-social behaviour,,
,2024-05,Durham Constabulary,Durham Constabulary,-1.747248,54.714999,On or near Victoria Street,E01020877,County Durham 046A,Anti-social behaviour,,
,2024-05,Durham Constabulary,Durham Constabulary,-1.745660,54.708292,On or near Beechwood Lane,E01020877,County Durham 046A,Anti-social behaviour,,
19030395901b2ed4b7cc077c0c4f631bfed05892fdc62edad4f3e807b6c7b461,2024-05,Durham Constabulary,Durham Constabulary,-1.745500,54.716460,On or near Addison Street,E01020877,County Durham 046A,Burglary,Unable to prosecute suspect,
59f84f7a70df1417023bfbb7c6297aab3b2f4bbcb3f0e9b9d9606fc090ad4d76,2024-05,Durham Constabulary,Durham Constabulary,-1.748349,54.715190,On or near Nelson Street,E01020877,County Durham 046A,Criminal damage and arson,Investigation complete; no suspect identified,
250c2da9dbf3b469e165852f16805d23275c19c151b8b1d12f5b554cdfce6894,2024-05,Durham Constabulary,Durham Constabulary,-1.742835,54.715673,On or near Mill Street,E01020877,County Durham 046A,Criminal damage and arson,Investigation complete; no suspect identified,
e2c247ba19422542f57028cb2d8787e4c6ce851856cfe54af711f03a3f12d3ba,2024-05,Durham Constabulary,Durham Constabulary,-1.747248,54.714999,On or near Victoria Street,E01020877,County Durham 046A,Criminal damage and arson,Investigation complete; no suspect identified,
80bb3aadc080f27ce1de85e637c5a81eedd71628ccf3040ffc06d2e52e6e11a9,2024-05,Durham Constabulary,Durham Constabulary,-1.746184,54.716327,On or near Albert Street,E01020877,County Durham 046A,Criminal damage and arson,Investigation complete; no suspect identified,
b0d2a22cb40eab504662bc480afc7b26a2d463bc7fdbd9dd2d2b26b3171194e7,2024-05,Durham Constabulary,Durham Constabulary,-1.744194,54.716727,On or near Arthur Street,E01020877,County Durham 046A,Criminal damage and arson,Investigation complete; no suspect identified,
898e384a7d46a60ec8a83ea25f901194bc3b342a4cbd37846003411bd77fa481,2024-05,Durham Constabulary,Durham Constabulary,-1.747966,54.716762,On or near Parking Area,E01020877,County Durham 046A,Criminal damage and arson,Investigation complete; no suspect identified,
00f7068085fb79d3bbf3f4c46c9a82750cb2a196b5210442bfc1363462d33aa1,2024-05,Durham Constabulary,Durham Constabulary,-1.746022,54.717333,On or near Wilson Street,E01020877,County Durham 046A,Criminal damage and arson,Investigation complete; no suspect identified,
f195020b12487e3b1f9dd9f24bc07797d56778089dabf42e3040b89f024f3733,2024-05,Durham Constabulary,Durham Constabulary,-1.746022,54.717333,On or near Wilson Street,E01020877,County Durham 046A,Other theft,Unable to prosecute suspect,
02c180c6e9464acd54ecdfb51531f5d272968d03f0ddf4ea7b1860e2f858288b,2024-05,Durham Constabulary,Durham Constabulary,-1.744550,54.714526,On or near Emmerson Street,E01020877,County Durham 046A,Other theft,Local resolution,
31a18c9278436476a9f04657968050fab35c77a09cd70bc1d336703ad7dfc294,2024-05,Durham Constabulary,Durham Constabulary,-1.746114,54.715122,On or near Supermarket,E01020877,County Durham 046A,Other theft,Investigation complete; no suspect identified,
b80d337810becd48d45994636c3b7e7d1fb9ab6be071fee870dfd63e1d594b5c,2024-05,Durham Constabulary,Durham Constabulary,-1.747146,54.716356,On or near Hope Street,E01020877,County Durham 046A,Public order,Unable to prosecute suspect,
06192488a0365d67136e0aaf874a51a5f9ffa17cc7cb3efd9f1866bfbfabe52f,2024-05,Durham Constabulary,Durham Constabulary,-1.747146,54.716356,On or near Hope Street,E01020877,County Durham 046A,Public order,Investigation complete; no suspect identified,
a07f6042b8fc17bec5fc2ec41e8e734e20d16dd10df3ee1143104bf020456fd7,2024-05,Durham Constabulary,Durham Constabulary,-1.746114,54.715122,On or near Supermarket,E01020877,County Durham 046A,Public order,Investigation complete; no suspect identified,
0b4c31d307981aba0a1981067461803b02cdba64e36736cfadbc739557c7d715,2024-05,Durham Constabulary,Durham Constabulary,-1.746114,54.715122,On or near Supermarket,E01020877,County Durham 046A,Public order,Awaiting court outcome,
03c7a34ec9d5e4362bb941a36eba839b1d4b71315c7f240b187b8da33bcbd300,2024-05,Durham Constabulary,Durham Constabulary,-1.749131,54.714221,On or near B6298,E01020877,County Durham 046A,Public order,Investigation complete; no suspect identified,
d3e5c212fb911a34103446558604ea283f79156ee855ea7b9e65a153cd124e21,2024-05,Durham Constabulary,Durham Constabulary,-1.749131,54.714221,On or near B6298,E01020877,County Durham 046A,Shoplifting,Investigation complete; no suspect identified,
ad2d800cc485f62edc44cb37003ed9ab9312f818511f13a7e3a1d3145e794215,2024-05,Durham Constabulary,Durham Constabulary,-1.747248,54.714999,On or near Victoria Street,E01020877,County Durham 046A,Shoplifting,Investigation complete; no suspect identified,
679e88cd3da4ce4c1037d48fa8480dfdcdcb9b52c3185d8b1ee27c457e086863,2024-05,Durham Constabulary,Durham Constabulary,-1.747248,54.714999,On or near Victoria Street,E01020877,County Durham 046A,Shoplifting,Investigation complete; no suspect identified,
6198060d66d51edee12316008cfa401596ec696d323c13d683ebbf18b2b07cfc,2024-05,Durham Constabulary,Durham Constabulary,-1.742622,54.715025,On or near West Bridge Street,E01020877,County Durham 046A,Shoplifting,Investigation complete; no suspect identified,
b0d78bdd509b0bca86abd0ef4972658fee5c9f6ace3d347d31c13972604f095f,2024-05,Durham Constabulary,Durham Constabulary,-1.747721,54.716258,On or near Wesley Street,E01020877,County Durham 046A,Violence and sexual offences,Unable to prosecute suspect,
cdbb0f138440516487ca4a44134cb3f07383e99ccb64ce12da1df052de12f266,2024-05,Durham Constabulary,Durham Constabulary,-1.745978,54.711986,On or near Parking Area,E01020877,County Durham 046A,Violence and sexual offences,Unable to prosecute suspect,
7c218412d61165269a559e9e88521b49929bccd477a7f6e6afa4550e3ade70c2,2024-05,Durham Constabulary,Durham Constabulary,-1.746114,54.715122,On or near Supermarket,E01020877,County Durham 046A,Violence and sexual offences,Investigation complete; no suspect identified,
f9e6d17a52bfbb469db935a274a18f42755f25cf41f2b0a6e90ca8d69a5cfc80,2024-05,Durham Constabulary,Durham Constabulary,-1.746114,54.715122,On or near Supermarket,E01020877,County Durham 046A,Violence and sexual offences,Unable to prosecute suspect,
8065fe9c9e3c8106e9955f9e9339a49f1e70564c5e108bfbfcd246052b942681,2024-05,Durham Constabulary,Durham Constabulary,-1.747995,54.707200,On or near New Road,E01020877,County Durham 046A,Violence and sexual offences,Unable to prosecute suspect,
23b142b4d4e189e4cdde51c146a112af5fb886f81c6fbfe2246123c529b2aad9,2024-05,Durham Constabulary,Durham Constabulary,-1.746114,54.715122,On or near Supermarket,E01020877,County Durham 046A,Violence and sexual offences,Unable to prosecute suspect,
7c7f29c85508cecba4adca3167f431642f9d494e8d080f53d033c15afdb227b6,2024-05,Durham Constabulary,Durham Constabulary,-1.744550,54.714526,On or near Emmerson Street,E01020877,County Durham 046A,Violence and sexual offences,Unable to prosecute suspect,
bd909c76581794133b97922cc3edeed34712c0398a97601cce5ec50f2cc2286f,2024-05,Durham Constabulary,Durham Constabulary,-1.745573,54.707285,On or near Hollowdene Garth,E01020877,County Durham 046A,Violence and sexual offences,Unable to prosecute suspect,
5351091bbf493fbbf20a0a59078a05d1cc5d4bdd229078499c31319c0ffd131e,2024-05,Durham Constabulary,Durham Constabulary,-1.746114,54.715122,On or near Supermarket,E01020877,County Durham 046A,Violence and sexual offences,Unable to prosecute suspect,
47ca78071613e24a1af1a6f8e6ac3e74bbe11bd88d50b59db1eea4e4213f0f04,2024-05,Durham Constabulary,Durham Constabulary,-1.744550,54.714526,On or near Emmerson Street,E01020877,County Durham 046A,Other crime,Under investigation,
,2024-05,Durham Constabulary,Durham Constabulary,-1.745690,54.713369,On or near Supermarket,E01020879,County Durham 046B,Anti-social behaviour,,
,2024-05,Durham Constabulary,Durham Constabulary,-1.745690,54.713369,On or near Supermarket,E01020879,County Durham 046B,Anti-social behaviour,,
,2024-05,Durham Constabulary,Durham Constabulary,-1.745690,54.713369,On or near Supermarket,E01020879,County Durham 046B,Anti-social behaviour,,
,2024-05,Durham Constabulary,Durham Constabulary,-1.746713,54.713650,On or near Croft Street,E01020879,County Durham 046B,Anti-social behaviour,,
,2024-05,Durham Constabulary,Durham Constabulary,-1.747930,54.710139,On or near South End Villas,E01020879,County Durham 046B,Anti-social behaviour,,
,2024-05,Durham Constabulary,Durham Constabulary,-1.745690,54.713369,On or near Supermarket,E01020879,County Durham 046B,Anti-social behaviour,,
,2024-05,Durham Constabulary,Durham Constabulary,-1.748408,54.713087,On or near Croft Avenue,E01020879,County Durham 046B,Anti-social behaviour,,
e904aad20228d1e8ba4588f5c6539f2b247c7d5ece22f600ac05c8b0454beeb6,2024-05,Durham Constabulary,Durham Constabulary,-1.745690,54.713369,On or near Supermarket,E01020879,County Durham 046B,Criminal damage and arson,Investigation complete; no suspect identified,
e1c7c89698fc735e434f032c77e6bb14a687160359b3931f1636d661b73f1801,2024-05,Durham Constabulary,Durham Constabulary,-1.758989,54.708759,On or near Fern Valley,E01020879,County Durham 046B,Criminal damage and arson,Investigation complete; no suspect identified,
1bf6c24820dea5f0e939b26f7306363e7aa926d204c1b239efd678252bbe6d80,2024-05,Durham Constabulary,Durham Constabulary,-1.745690,54.713369,On or near Supermarket,E01020879,County Durham 046B,Criminal damage and arson,Under investigation,
9970c3a8f65ed76972bd17725289a3914bdfff9ff7e7058c28dac059d3b188c9,2024-05,Durham Constabulary,Durham Constabulary,-1.757546,54.711174,On or near Satley Close,E01020879,County Durham 046B,Other theft,Unable to prosecute suspect,
e932e1c3088018f282d1799748c1277924aa5f9dfa21a44f11fe7b46736c64ed,2024-05,Durham Constabulary,Durham Constabulary,-1.755646,54.709651,On or near Murphy Close,E01020879,County Durham 046B,Other theft,Investigation complete; no suspect identified,
915f274510f6a46f699b4f292993a84a6cba6d64234c3495648915650015066c,2024-05,Durham Constabulary,Durham Constabulary,-1.745690,54.713369,On or near Supermarket,E01020879,County Durham 046B,Public order,Investigation complete; no suspect identified,
6bf774f2eff25f7ff5bca7e580da5921a6e2a96bbadbe658738f0320e6f7813c,2024-05,Durham Constabulary,Durham Constabulary,-1.747960,54.710327,On or near Parking Area,E01020879,County Durham 046B,Violence and sexual offences,Further investigation is not in the public interest,
2f2a53d622b32adcc200fcd1a13a771c56100233ce132247769401e4f253450d,2024-05,Durham Constabulary,Durham Constabulary,-1.749199,54.710671,On or near Parking Area,E01020879,County Durham 046B,Violence and sexual offences,Local resolution,
20682a2117a95436fb557b9bfdc2075a8e95f31d3c5b5adc0a573b9234650a3f,2024-05,Durham Constabulary,Durham Constabulary,-1.747930,54.710139,On or near South End Villas,E01020879,County Durham 046B,Violence and sexual offences,Under investigation,
,2024-05,Durham Constabulary,Durham Constabulary,-1.784051,54.741419,On or near Flag Terrace,E01020893,County Durham 046C,Anti-social behaviour,,
c6eef1e8ca02ea888c09e9074678be83500aaa5f075e6e511b1590df15ec7c43,2024-05,Durham Constabulary,Durham Constabulary,-1.745211,54.737785,On or near Arthur Terrace,E01020893,County Durham 046C,Burglary,Investigation complete; no suspect identified,
18f45df0586dbfc5a931fcd9f04694b912aadac65fac005d6897cfa1704e14c7,2024-05,Durham Constabulary,Durham Constabulary,-1.781695,54.740543,On or near Front Street,E01020893,County Durham 046C,Criminal damage and arson,Investigation complete; no suspect identified,
c773a6e562899de77e47798703465298a53ca6ddc47e5e3360fdd1a52cc53854,2024-05,Durham Constabulary,Durham Constabulary,-1.751765,54.732838,On or near White Lea Road,E01020893,County Durham 046C,Public order,Unable to prosecute suspect,
cef0bd4b608079b0d938402acab941a63cb2752cf0a5b91c51323f483572e338,2024-05,Durham Constabulary,Durham Constabulary,-1.781695,54.740543,On or near Front Street,E01020893,County Durham 046C,Vehicle crime,Investigation complete; no suspect identified,
c8ffc1c28700d7bb06233e3a4d941b55564f9ae62769eacd20d1fda2c3c4e271,2024-05,Durham Constabulary,Durham Constabulary,-1.745211,54.737785,On or near Arthur Terrace,E01020893,County Durham 046C,Violence and sexual offences,Unable to prosecute suspect,
33cd3f57e88e12e4b73c81d8aab044cb76aed8f90b350d1d1eff805191cd7eb0,2024-05,Durham Constabulary,Durham Constabulary,-1.741361,54.732609,On or near Chapel Street,E01020893,County Durham 046C,Violence and sexual offences,Unable to prosecute suspect,
b851cfd6e97aa89ce4826734328f07d4e166d134138d8d2b8ea6dc0db315c985,2024-05,Durham Constabulary,Durham Constabulary,-1.745211,54.737785,On or near Arthur Terrace,E01020893,County Durham 046C,Violence and sexual offences,Unable to prosecute suspect,
396309e016185f4f30dfaaf4b6761e6f48fdbdea4736ef612e07208d2bc79d32,2024-05,Durham Constabulary,Durham Constabulary,-1.752271,54.731203,On or near Stanley Way,E01020893,County Durham 046C,Violence and sexual offences,Offender given a caution,
9111a4fc5ee940384c86da7ec5c6a067c2213f1f2af215e8d40659790b2d2462,2024-05,Durham Constabulary,Durham Constabulary,-1.732560,54.710834,On or near Job'S Hill Bank,E01020899,County Durham 046D,Criminal damage and arson,Unable to prosecute suspect,
5c6a143aebf6a7075772d69c96ba566232b63e6586f2551fd9b94403c345212f,2024-05,Durham Constabulary,Durham Constabulary,-1.740076,54.717500,On or near Church Hill,E01020899,County Durham 046D,Criminal damage and arson,Investigation complete; no suspect identified,
c84c90fbe0dcf9410f60a1b5fb6240c37e00b85c637fb3846e417d1e878e3f70,2024-05,Durham Constabulary,Durham Constabulary,-1.740076,54.717500,On or near Church Hill,E01020899,County Durham 046D,Criminal damage and arson,Investigation complete; no suspect identified,
16f18cc98ee027afd561aa34b27affb41ae723cf47b67f2aaff5474e04f08a97,2024-05,Durham Constabulary,Durham Constabulary,-1.737605,54.713073,On or near Wheatbottom,E01020899,County Durham 046D,Criminal damage and arson,Investigation complete; no suspect identified,
74f05234e558e353d0014fe1610403c6644e084e5f7304e788199281aba3cb4e,2024-05,Durham Constabulary,Durham Constabulary,-1.732560,54.710834,On or near Job'S Hill Bank,E01020899,County Durham 046D,Public order,Under investigation,
b7ddb8dab3c51e695a15033e18d1d10954a0d0c02efb5cabdceac080286f5b93,2024-05,Durham Constabulary,Durham Constabulary,-1.717621,54.711914,On or near Front Street,E01020899,County Durham 046D,Vehicle crime,Unable to prosecute suspect,
06adce4fb29dde581c45634a8d4434e46eb6e4ac6bbcfd034fcb6060fb85391d,2024-05,Durham Constabulary,Durham Constabulary,-1.716547,54.712343,On or near Russ Street,E01020899,County Durham 046D,Violence and sexual offences,Awaiting court outcome,
1911daacc7fd2d42a5a257c3035e299ae111aa4071bfd050a8f4c80188b5ca3d,2024-05,Durham Constabulary,Durham Constabulary,-1.740076,54.717500,On or near Church Hill,E01020899,County Durham 046D,Violence and sexual offences,Unable to prosecute suspect,
f231f01925dadd5cd31e12cea5abdc7cf9a86db6169eaed554a9c4dc1bd2f045,2024-05,Durham Constabulary,Durham Constabulary,-1.732769,54.709720,On or near Rumby Hill Lane,E01020899,County Durham 046D,Violence and sexual offences,Unable to prosecute suspect,
4923cb0192517657db3f18241e9292439ea17665b21125acaa8d73e2935f24cc,2024-05,Durham Constabulary,Durham Constabulary,-1.740440,54.713924,On or near Bluebell Court,E01020899,County Durham 046D,Other crime,Unable to prosecute suspect,
251ce9645d14bc8432e06fbc13638f489ac9ca0e9d44736a6d8fbdc5604906f9,2024-05,Durham Constabulary,Durham Constabulary,-1.639143,54.713989,On or near Parking Area,E01020903,County Durham 046E,Burglary,Investigation complete; no suspect identified,
71cb6edfc05d82568def6f661d6a5afba01ce106e5d7cbc910bd0bdffca14c44,2024-05,Durham Constabulary,Durham Constabulary,-1.645614,54.723021,On or near Whitworth Lane,E01020903,County Durham 046E,Criminal damage and arson,Investigation complete; no suspect identified,
6c0204890fdcd860172d6078c696847e7530429360a223bdaa0df2d80adcdaf9,2024-05,Durham Constabulary,Durham Constabulary,-1.687655,54.715319,On or near Boyne Street,E01020903,County Durham 046E,Vehicle crime,Investigation complete; no suspect identified,
33907e5c38326337aa3bcee33ed67a0aed026f5a802bc39f3bf59b788603d11e,2024-05,Durham Constabulary,Durham Constabulary,-1.690776,54.728784,On or near Sports/Recreation Area,E01020903,County Durham 046E,Violence and sexual offences,Unable to prosecute suspect,
bbd914236836ef1861fc66ce194292704f5f63dba29be5e264f0b05d5fabed8a,2024-05,Durham Constabulary,Durham Constabulary,-1.639143,54.713989,On or near Parking Area,E01020903,County Durham 046E,Violence and sexual offences,Under investigation,
b79cbd4e79688685f694e4088a8415c7c5edfe959c1580c91a04a70ef0dc536a,2024-05,Durham Constabulary,Durham Constabulary,-1.639143,54.713989,On or near Parking Area,E01020903,County Durham 046E,Violence and sexual offences,Under investigation,
,2024-05,Durham Constabulary,Durham Constabulary,-1.697345,54.712656,On or near Taylor Court,E01020904,County Durham 046F,Anti-social behaviour,,
,2024-05,Durham Constabulary,Durham Constabulary,-1.696480,54.712151,On or near High Street,E01020904,County Durham 046F,Anti-social behaviour,,
,2024-05,Durham Constabulary,Durham Constabulary,-1.697345,54.712656,On or near Taylor Court,E01020904,County Durham 046F,Anti-social behaviour,,
d54250b4b377474338ee15a5bfb3daba51c3ce6adb4c46564e01e9afc1b60fda,2024-05,Durham Constabulary,Durham Constabulary,-1.702923,54.713964,On or near West Road,E01020904,County Durham 046F,Burglary,Awaiting court outcome,
cc1f2f7ebf1a67041f19f459a14c96efcf0549ba50ac777da0c1351e77d5f847,2024-05,Durham Constabulary,Durham Constabulary,-1.701641,54.715201,On or near B6299,E01020904,County Durham 046F,Burglary,Awaiting court outcome,
6ad735951a67b295a5d496f1fb1145b7124f8fc5006c7dd76d0ca91af5c2de12,2024-05,Durham Constabulary,Durham Constabulary,-1.696792,54.707757,On or near Lewthwaite Gardens,E01020904,County Durham 046F,Burglary,Investigation complete; no suspect identified,
0bc5327ac8a1e784181e9b82dac412dfa8b73648babd99bdcf0592e7db1596c4,2024-05,Durham Constabulary,Durham Constabulary,-1.696767,54.708979,On or near Richardson Court,E01020904,County Durham 046F,Burglary,Awaiting court outcome,
d0d48beab9062ecb18b630c4257408a76a36e6d82d26e2326ffb1dafc6bea3c3,2024-05,Durham Constabulary,Durham Constabulary,-1.702923,54.713964,On or near West Road,E01020904,County Durham 046F,Burglary,Awaiting court outcome,
898aaa1b6ac050c8e805334f8b116580cff2521407dbcccd1e36d14803536bda,2024-05,Durham Constabulary,Durham Constabulary,-1.696767,54.708979,On or near Richardson Court,E01020904,County Durham 046F,Burglary,Investigation complete; no suspect identified,
04ece0c3df921bedbed7af99163404941eb1d9f637e1aa7b2a01a84269982411,2024-05,Durham Constabulary,Durham Constabulary,-1.701641,54.715201,On or near B6299,E01020904,County Durham 046F,Burglary,Awaiting court outcome,
3141b7ee4f86fe08574748855b00a4fdc5f7cc6bcad174eafd88a06882c5e790,2024-05,Durham Constabulary,Durham Constabulary,-1.701641,54.715201,On or near B6299,E01020904,County Durham 046F,Burglary,Awaiting court outcome,
d4e182b8be7e25d24499b5015fdde84fd37d4341eece107037c7d094ad82cd05,2024-05,Durham Constabulary,Durham Constabulary,-1.698626,54.709505,On or near Myers Grove,E01020904,County Durham 046F,Burglary,Awaiting court outcome,
e683a5203c770091ed6c27539671415c52a5d68ca1179e04810d5c9573a6967c,2024-05,Durham Constabulary,Durham Constabulary,-1.702030,54.710888,On or near B6286,E01020904,County Durham 046F,Burglary,Unable to prosecute suspect,
6610ca212e79748a62dfd9bf7557674fc9086e61c7fb92280e2936fef256b767,2024-05,Durham Constabulary,Durham Constabulary,-1.701641,54.715201,On or near B6299,E01020904,County Durham 046F,Burglary,Awaiting court outcome,
35c31adb730415134102a68267acaa629ef0b4a9792615f93fe5d290ce23e1f5,2024-05,Durham Constabulary,Durham Constabulary,-1.702030,54.710888,On or near B6286,E01020904,County Durham 046F,Burglary,Awaiting court outcome,
f9b0b846d597a7e50168073ebe6b56b66a0282c335ec21621a4c15181c816f59,2024-05,Durham Constabulary,Durham Constabulary,-1.701641,54.715201,On or near B6299,E01020904,County Durham 046F,Burglary,Awaiting court outcome,
57b3237e3ff23cebf9c678dbafabf21c2297bbb3cb0078bc7298078f627aeb0e,2024-05,Durham Constabulary,Durham Constabulary,-1.702030,54.710888,On or near B6286,E01020904,County Durham 046F,Burglary,Investigation complete; no suspect identified,
fc0e9334d777bf6ad1f54a9729bb5aacb6554613cf4bfafb01b9bf3eba774ef5,2024-05,Durham Constabulary,Durham Constabulary,-1.702030,54.710888,On or near B6286,E01020904,County Durham 046F,Burglary,Awaiting court outcome,
4127eafd8972a31114e3382b38c5a44052fe9fbcc24f5b0ef2a72d09d2e0d44c,2024-05,Durham Constabulary,Durham Constabulary,-1.696767,54.708979,On or near Richardson Court,E01020904,County Durham 046F,Burglary,Unable to prosecute suspect,
ba36ab0a70646516ab65b11fafce5d321ed989d36280dd9bd66972e96a564c30,2024-05,Durham Constabulary,Durham Constabulary,-1.702923,54.713964,On or near West Road,E01020904,County Durham 046F,Burglary,Awaiting court outcome,
963d2ce29e72bd3d59181d4206950c5476d56dddf5c60d2c69c394c63165446c,2024-05,Durham Constabulary,Durham Constabulary,-1.702923,54.713964,On or near West Road,E01020904,County Durham 046F,Burglary,Awaiting court outcome,
b699bdf63fbb73ce132a10ecdb04cd0ffb968308e6db94198b6b6180116b8a62,2024-05,Durham Constabulary,Durham Constabulary,-1.698384,54.712740,On or near Mill Street,E01020904,County Durham 046F,Criminal damage and arson,Unable to prosecute suspect,
71a6276ebf7baf70bc5ef0b5414b6d339aee1536643229cc1a749e88be47bcbb,2024-05,Durham Constabulary,Durham Constabulary,-1.697395,54.710041,On or near Denewood Close,E01020904,County Durham 046F,Drugs,Under investigation,
5f6bfb3e61da2baf2bb74b5d96383ddba437f06ed5a29e3c8b5de9416a8646f4,2024-05,Durham Constabulary,Durham Constabulary,-1.702923,54.713964,On or near West Road,E01020904,County Durham 046F,Drugs,Offender given a caution,
0042b19846d4508e3f4c5b8c8420cd8da22ceeba59ffb92f4b224c5393aa94ec,2024-05,Durham Constabulary,Durham Constabulary,-1.696480,54.712151,On or near High Street,E01020904,County Durham 046F,Drugs,Further action is not in the public interest,
f2bfabe1a6ec0ffd7a2933beeede1a8a2223fc02e49c867850151fc56e69423b,2024-05,Durham Constabulary,Durham Constabulary,-1.698204,54.711903,On or near Burn Place,E01020904,County Durham 046F,Other theft,Investigation complete; no suspect identified,
166b71706c936aafe422d8fb70e49dc20f149eba9f553aeebf9dc58b655b1ad2,2024-05,Durham Constabulary,Durham Constabulary,-1.698204,54.711903,On or near Burn Place,E01020904,County Durham 046F,Possession of weapons,Awaiting court outcome,
afea3ad3f25bcec75d25a8e9881c867f36c1ba91d949ebb2246ed253da9e5cb4,2024-05,Durham Constabulary,Durham Constabulary,-1.698170,54.708111,On or near Robinson Close,E01020904,County Durham 046F,Public order,Local resolution,
675b0fe9f54a2c67215b9ddcd9d68f05cafd01429225e14af52bd20b8300007a,2024-05,Durham Constabulary,Durham Constabulary,-1.698170,54.708111,On or near Robinson Close,E01020904,County Durham 046F,Public order,Unable to prosecute suspect,
67de2cf5d73e77f60e5412c98260614d5193f230ae49afe037b4a5e5ffaaaa1f,2024-05,Durham Constabulary,Durham Constabulary,-1.696792,54.707757,On or near Lewthwaite Gardens,E01020904,County Durham 046F,Vehicle crime,Investigation complete; no suspect identified,
8dd723ee019e1ebbc368ddaf02b3f2e64efbb23115960509d2833f8a054b636c,2024-05,Durham Constabulary,Durham Constabulary,-1.696792,54.707757,On or near Lewthwaite Gardens,E01020904,County Durham 046F,Vehicle crime,Investigation complete; no suspect identified,
9c20514a46d6a64a513c41db2d3d35823d932a2a78b96ef377f0649832064cff,2024-05,Durham Constabulary,Durham Constabulary,-1.696792,54.707757,On or near Lewthwaite Gardens,E01020904,County Durham 046F,Vehicle crime,Unable to prosecute suspect,
e5712d2c9222d74e367202f864c1bc2ea91eb888f089ab08bd5c0e23e94ed3e5,2024-05,Durham Constabulary,Durham Constabulary,-1.702030,54.710888,On or near B6286,E01020904,County Durham 046F,Vehicle crime,Awaiting court outcome,
cc0b819d42fb03dde2d4e0f4e3557f3001e5b04babf44eeadc7e4d4a26498925,2024-05,Durham Constabulary,Durham Constabulary,-1.696767,54.708979,On or near Richardson Court,E01020904,County Durham 046F,Vehicle crime,Investigation complete; no suspect identified,
edf365158888891f87c0684484b3f048be6dae20ed3fa11cdcb0c2c74c8e3c54,2024-05,Durham Constabulary,Durham Constabulary,-1.700055,54.713561,On or near West End Terrace,E01020904,County Durham 046F,Vehicle crime,Investigation complete; no suspect identified,
39e083fa8892a8a77332aca84fd8322f4e92593985213a79d1304ddf4bcb8f53,2024-05,Durham Constabulary,Durham Constabulary,-1.697345,54.712656,On or near Taylor Court,E01020904,County Durham 046F,Violence and sexual offences,Unable to prosecute suspect,
eeb51299d5800206cf88b132a06bf74c94748925cbc44132283ac1cafad5efee,2024-05,Durham Constabulary,Durham Constabulary,-1.700055,54.713561,On or near West End Terrace,E01020904,County Durham 046F,Violence and sexual offences,Unable to prosecute suspect,
3907b36fa533f959a43e6fd98a439c06f0c41e3e09edc6847c50f4807567053f,2024-05,Durham Constabulary,Durham Constabulary,-1.707321,54.706803,On or near Hunwick Lane,E01020904,County Durham 046F,Violence and sexual offences,Unable to prosecute suspect,
940c51ce2eae5a6c9a3e1dd86b1833649b24ea8140c0c8a31ec48d4c10c3d0f7,2024-05,Durham Constabulary,Durham Constabulary,-1.698384,54.712740,On or near Mill Street,E01020904,County Durham 046F,Violence and sexual offences,Awaiting court outcome,
45b751ab31a00c5f45bf0c806bdb9178bf2f1e8212559f3f47209b4006c88938,2024-05,Durham Constabulary,Durham Constabulary,-1.698204,54.711903,On or near Burn Place,E01020904,County Durham 046F,Violence and sexual offences,Awaiting court outcome,
541bc6c3f6b6fbadf9e9d5f9b734f3fff2cb7ae8bb6c6a29720ad27ccc4cc945,2024-05,Durham Constabulary,Durham Constabulary,-1.694253,54.710995,On or near Parking Area,E01020904,County Durham 046F,Violence and sexual offences,Unable to prosecute suspect,
7b8e766871c7c99dfdc3bed1ad0b172deeaecfbe29863d39b2509d62afd9ba2e,2024-05,Durham Constabulary,Durham Constabulary,-1.698204,54.711903,On or near Burn Place,E01020904,County Durham 046F,Other crime,Awaiting court outcome,
ab0b6937172bd4c2dd2ec6464e225a4c6e128a5c6e88974df0573f0abb85e5be,2024-05,Durham Constabulary,Durham Constabulary,-1.700055,54.713561,On or near West End Terrace,E01020904,County Durham 046F,Other crime,Under investigation,
e73e92040bd1f1f3c3ba4d2f57c70b86c8931389f30a44f4319f71434e8d245b,2024-05,Durham Constabulary,Durham Constabulary,-1.605743,54.705590,On or near Mayfields,E01020817,County Durham 047A,Other theft,Unable to prosecute suspect,
,2024-05,Durham Constabulary,Durham Constabulary,-1.586976,54.702966,On or near B6288,E01020818,County Durham 047B,Anti-social behaviour,,
da14d1c4321068052a34e43fd1352d735b1253f6288a87c2cae825420842c8d9,2024-05,Durham Constabulary,Durham Constabulary,-1.597196,54.703594,On or near Hartley Terrace,E01020818,County Durham 047B,Criminal damage and arson,Investigation complete; no suspect identified,
ca0c74095a46d2c3948abfdb212fd562e7874841e34b6fbcae590b32c20046d4,2024-05,Durham Constabulary,Durham Constabulary,-1.588136,54.701856,On or near Ullswater Close,E01020818,County Durham 047B,Public order,Under investigation,
f9798783dce4a9cfad04ffb40344cac537e1ed77a6624461093ae745848a99f6,2024-05,Durham Constabulary,Durham Constabulary,-1.594565,54.706065,On or near The Close,E01020818,County Durham 047B,Violence and sexual offences,Investigation complete; no suspect identified,
72a9a63d54aa7df2c3d1237b274c13fafb6d7b9dca4e91226be723950e47eefd,2024-05,Durham Constabulary,Durham Constabulary,-1.588136,54.701856,On or near Ullswater Close,E01020818,County Durham 047B,Violence and sexual offences,Unable to prosecute suspect,
3a9fb3cd81d95e4b0970686ee76392fd5f45f88ac4a4ed1569666bdf029782a8,2024-05,Durham Constabulary,Durham Constabulary,-1.594565,54.706065,On or near The Close,E01020818,County Durham 047B,Violence and sexual offences,Investigation complete; no suspect identified,
a8d504be9511b90988d908ad41dd7e3a1ee4952eea07b11a3461ecd00c4dee33,2024-05,Durham Constabulary,Durham Constabulary,-1.588136,54.701856,On or near Ullswater Close,E01020818,County Durham 047B,Violence and sexual offences,Unable to prosecute suspect,
3d14c134f57105edc141615eaa83988a3369e034e9a648f7b8b650917831de05,2024-05,Durham Constabulary,Durham Constabulary,-1.586976,54.702966,On or near B6288,E01020818,County Durham 047B,Violence and sexual offences,Awaiting court outcome,
79d8ee2e1f2e575644ab8f290c3f255695e003c724c70442b9a5a12cb2be037c,2024-05,Durham Constabulary,Durham Constabulary,-1.598405,54.702160,On or near Thompson Street,E01020818,County Durham 047B,Violence and sexual offences,Unable to prosecute suspect,
4ac4111c4b695383d51909759c365b314afb455baca73fd624fc35ec32bce9f0,2024-05,Durham Constabulary,Durham Constabulary,-1.597846,54.702212,On or near Low Grange Road,E01020818,County Durham 047B,Violence and sexual offences,Under investigation,
1266223edf693b692dc96afed06c8e65ec671ca88340fece6837eb1236d844a1,2024-05,Durham Constabulary,Durham Constabulary,-1.588136,54.701856,On or near Ullswater Close,E01020818,County Durham 047B,Violence and sexual offences,Unable to prosecute suspect,
f450f467dc3339df18ef382d64b5ac2e5bd4994c94395e5a19ce4c27cbb6dd2e,2024-05,Durham Constabulary,Durham Constabulary,-1.589364,54.704709,On or near Westmorland Close,E01020818,County Durham 047B,Other crime,Further investigation is not in the public interest,
,2024-05,Durham Constabulary,Durham Constabulary,-1.600207,54.701977,On or near High Grange Road,E01020819,County Durham 047C,Anti-social behaviour,,
,2024-05,Durham Constabulary,Durham Constabulary,-1.601299,54.704542,On or near Tyne Crescent,E01020819,County Durham 047C,Anti-social behaviour,,
e84af436fcb5975e98a61400296a5a01867b39c740f4137a2f9c90919c31a12a,2024-05,Durham Constabulary,Durham Constabulary,-1.602760,54.702794,On or near Deneside,E01020819,County Durham 047C,Criminal damage and arson,Local resolution,
471bd36e3601094a99b7832a9ce7ea9fe3e16570d7b3ff507e3ba8e3207e2dd5,2024-05,Durham Constabulary,Durham Constabulary,-1.602760,54.702794,On or near Deneside,E01020819,County Durham 047C,Criminal damage and arson,Local resolution,
25c6fb110fbc20b9daebc6c03f419772ee3b40f3e55658385ea184b8290fd18a,2024-05,Durham Constabulary,Durham Constabulary,-1.602760,54.702794,On or near Deneside,E01020819,County Durham 047C,Criminal damage and arson,Investigation complete; no suspect identified,
99f462e3cd06bebe95698e0161fa47025988984b47f66f090bcefb49b830e719,2024-05,Durham Constabulary,Durham Constabulary,-1.601299,54.704542,On or near Tyne Crescent,E01020819,County Durham 047C,Criminal damage and arson,Investigation complete; no suspect identified,
f9a0f9811cb78431c1282b4569a116e6b08f21c21dc55f82ebe5e31ecf8b2b81,2024-05,Durham Constabulary,Durham Constabulary,-1.602760,54.702794,On or near Deneside,E01020819,County Durham 047C,Criminal damage and arson,Investigation complete; no suspect identified,
2fff18ca37e387ab02f867b0a94035b9b39c7e91880df26b850dd74ece5df2e5,2024-05,Durham Constabulary,Durham Constabulary,-1.601299,54.704542,On or near Tyne Crescent,E01020819,County Durham 047C,Violence and sexual offences,Investigation complete; no suspect identified,
2c3167e4df3d65e97b723dce3b1ef2a91386e11fdbd039d044e419f41fe1f3b6,2024-05,Durham Constabulary,Durham Constabulary,-1.602760,54.702794,On or near Deneside,E01020819,County Durham 047C,Violence and sexual offences,Unable to prosecute suspect,
798b9495fe8c08770f22002bc16dc185a9723a13e5c2628fd7659f063439e38b,2024-05,Durham Constabulary,Durham Constabulary,-1.601299,54.704542,On or near Tyne Crescent,E01020819,County Durham 047C,Violence and sexual offences,Under investigation,
b713534d2e01598858dfd1d7ebff83480bfc50233a87ce3c2b51a300964fd783,2024-05,Durham Constabulary,Durham Constabulary,-1.602760,54.702794,On or near Deneside,E01020819,County Durham 047C,Violence and sexual offences,Unable to prosecute suspect,
42ee7074bd2d86517c04deb395f9bd32062c41416b1dc17a3cb0d697519c4584,2024-05,Durham Constabulary,Durham Constabulary,-1.601299,54.704542,On or near Tyne Crescent,E01020819,County Durham 047C,Other crime,Further investigation is not in the public interest,
59a72128f3a112fa21dc26b230ceaf8cf6c56a7fcc2d2f8a220c8166e679a84e,2024-05,Durham Constabulary,Durham Constabulary,-1.609886,54.700832,On or near Carr Street,E01020837,County Durham 047D,Criminal damage and arson,Investigation complete; no suspect identified,
018ee9b70fdf2b390b97a8210c48f4a6167ed7d5d9a188ae96c10880388a60fb,2024-05,Durham Constabulary,Durham Constabulary,-1.609886,54.700832,On or near Carr Street,E01020837,County Durham 047D,Criminal damage and arson,Investigation complete; no suspect identified,
353f71aa66c41a47edbfc6ee3362f17709c2d371c6e7973946598757c691408a,2024-05,Durham Constabulary,Durham Constabulary,-1.612206,54.704811,On or near Kirkdale,E01020837,County Durham 047D,Public order,Investigation complete; no suspect identified,
784939b1b526234613e8f74e946067099246c6368dd80ff74bdeb553e9c9d318,2024-05,Durham Constabulary,Durham Constabulary,-1.608872,54.707757,On or near Grasmere,E01020837,County Durham 047D,Public order,Unable to prosecute suspect,
b974a3abc17cfec950f3d0bdb5a4ce5edbece08e60c282210fff863d0e1442e0,2024-05,Durham Constabulary,Durham Constabulary,-1.609886,54.700832,On or near Carr Street,E01020837,County Durham 047D,Violence and sexual offences,Under investigation,
,2024-05,Durham Constabulary,Durham Constabulary,-1.601674,54.716981,On or near Chair Lane,E01020843,County Durham 047E,Anti-social behaviour,,
7d2d2ea8a912bfb9300aeedeb7cbd362b3c5e626805c81b8f4bafde32d499292,2024-05,Durham Constabulary,Durham Constabulary,-1.587832,54.715029,On or near Front Street,E01020843,County Durham 047E,Criminal damage and arson,Investigation complete; no suspect identified,
11c83cc4b60167beebbc67f75f4982fcdf21f609b4ab912f4ec0e1076cafd5d4,2024-05,Durham Constabulary,Durham Constabulary,-1.590501,54.711956,On or near Oval Park,E01020843,County Durham 047E,Criminal damage and arson,Unable to prosecute suspect,
04436296f422321c58196fcbcf19fd1f07320bd61de7c7781ccfc15e6f1ecd3d,2024-05,Durham Constabulary,Durham Constabulary,-1.582937,54.711014,On or near Clover Court,E01020843,County Durham 047E,Criminal damage and arson,Investigation complete; no suspect identified,
014e221b7964bc5323b2389b0c287b080386b735b45b6dd051474a96455ce88a,2024-05,Durham Constabulary,Durham Constabulary,-1.589639,54.723582,On or near Chair Lane,E01020843,County Durham 047E,Violence and sexual offences,Local resolution,
428e93bcdc19705ad342506c14cd955471897cc785f358912e4de12957858e3f,2024-05,Durham Constabulary,Durham Constabulary,-1.587832,54.715029,On or near Front Street,E01020843,County Durham 047E,Violence and sexual offences,Unable to prosecute suspect,
2dcc013fd440917d2246683b74b49df5a236c4353c508abe2ef20988f3f89adb,2024-05,Durham Constabulary,Durham Constabulary,-1.589639,54.723582,On or near Chair Lane,E01020843,County Durham 047E,Violence and sexual offences,Unable to prosecute suspect,
f68b7958c4f123d38533091e2a3ee9510139b1c5e3f90ed0363c50b61e008438,2024-05,Durham Constabulary,Durham Constabulary,-1.590501,54.711956,On or near Oval Park,E01020843,County Durham 047E,Violence and sexual offences,Investigation complete; no suspect identified,
3c32fad3813ea490949ac34d5cbcda05a2dce761604aa7a1041085b5b796b685,2024-05,Durham Constabulary,Durham Constabulary,-1.590501,54.711956,On or near Oval Park,E01020843,County Durham 047E,Violence and sexual offences,Investigation complete; no suspect identified,
cb8273b309e9d115e51781dbdbd07cd3c97fa2bb348e0a6d8f23233329e027b9,2024-05,Durham Constabulary,Durham Constabulary,-1.584058,54.710649,On or near Rothman Close,E01020843,County Durham 047E,Violence and sexual offences,Further investigation is not in the public interest,
12dc93b348e8ea5756d5a0fa6b43c142a5be73e61dd6d461529c6a4f79ea98d4,2024-05,Durham Constabulary,Durham Constabulary,-1.590501,54.711956,On or near Oval Park,E01020843,County Durham 047E,Other crime,Unable to prosecute suspect,
,2024-05,Durham Constabulary,Durham Constabulary,-1.431167,54.700260,On or near Lilac Grove,E01020809,County Durham 048A,Anti-social behaviour,,
0afa86cf7ac1a5f333ea929ba8b4898ac7d4f473081dd1a55b699d67a82b2335,2024-05,Durham Constabulary,Durham Constabulary,-1.431105,54.696943,On or near Chisholm Road,E01020809,County Durham 048A,Bicycle theft,Local resolution,
29fd810a3e2239a7ec2c64fc0777bf072041599c0afeffa6ebacf5cd1d380ecd,2024-05,Durham Constabulary,Durham Constabulary,-1.430987,54.695361,On or near Meadow Road,E01020809,County Durham 048A,Burglary,Investigation complete; no suspect identified,
77a6e59f850dbb5b26614329a6c44f019398a459fe090e6daa20435cd3532530,2024-05,Durham Constabulary,Durham Constabulary,-1.430987,54.695361,On or near Meadow Road,E01020809,County Durham 048A,Criminal damage and arson,Unable to prosecute suspect,
0a049c7310d2c956b4ef04ee2b4a938f27cbd1ed895eca6790bda8ac04bf3f4b,2024-05,Durham Constabulary,Durham Constabulary,-1.429421,54.699685,On or near Briar Grove,E01020809,County Durham 048A,Criminal damage and arson,Investigation complete; no suspect identified,
d306b238baacead2fd4b1c0b9023a01d2bd99ba92181e70ef78ffa90cf679abe,2024-05,Durham Constabulary,Durham Constabulary,-1.429693,54.695849,On or near Newlands Road,E01020809,County Durham 048A,Criminal damage and arson,Investigation complete; no suspect identified,
f51f265c11ca5a24f283737aa616e6144c083f86e491c956b6324dcc51884c8f,2024-05,Durham Constabulary,Durham Constabulary,-1.429693,54.695849,On or near Newlands Road,E01020809,County Durham 048A,Criminal damage and arson,Investigation complete; no suspect identified,
8a66f562c5907c649e57a134eaf5540cc3a86b5d34ad0fefd11aadcb359326f5,2024-05,Durham Constabulary,Durham Constabulary,-1.429693,54.695849,On or near Newlands Road,E01020809,County Durham 048A,Criminal damage and arson,Investigation complete; no suspect identified,
477c847b7f4db8c79c59b10de6450255e53f4ee8171186fb95ec9f57f78c503c,2024-05,Durham Constabulary,Durham Constabulary,-1.429528,54.698733,On or near Woodland Close,E01020809,County Durham 048A,Other theft,Further investigation is not in the public interest,
d365b1f75c9758950bca76d4f42ca6f82834f7ed5a49ce990beaca8cba49d20b,2024-05,Durham Constabulary,Durham Constabulary,-1.429693,54.695849,On or near Newlands Road,E01020809,County Durham 048A,Violence and sexual offences,Investigation complete; no suspect identified,
f095b07a6111a04fde88124da81ae6057f4bbc97dbf198be553edfc2bb02a82c,2024-05,Durham Constabulary,Durham Constabulary,-1.432196,54.698782,On or near Jasmine Crescent,E01020809,County Durham 048A,Violence and sexual offences,Unable to prosecute suspect,
9df11c7763e09b59cf05146d5072e234887eeb15565011b0dd1069011aa5ac87,2024-05,Durham Constabulary,Durham Constabulary,-1.429693,54.695849,On or near Newlands Road,E01020809,County Durham 048A,Violence and sexual offences,Under investigation,
,2024-05,Durham Constabulary,Durham Constabulary,-1.439416,54.682648,On or near South View,E01020810,County Durham 048B,Anti-social behaviour,,
a1c36f846e746a9e48d0b88b5105986950c12f024951f7ae19fefa8d043e6a8c,2024-05,Durham Constabulary,Durham Constabulary,-1.434874,54.682474,On or near Supermarket,E01020810,County Durham 048B,Shoplifting,Further investigation is not in the public interest,
872db6d279c386ed681c1d3ebc9d02c389eac6de870b67ccfbb5796c6989c52c,2024-05,Durham Constabulary,Durham Constabulary,-1.434874,54.682474,On or near Supermarket,E01020810,County Durham 048B,Shoplifting,Investigation complete; no suspect identified,
fbe10ba98762ff82bf6d63f2ca2749cd710be1ecc6c02630e23763ef77b6da42,2024-05,Durham Constabulary,Durham Constabulary,-1.434874,54.682474,On or near Supermarket,E01020810,County Durham 048B,Shoplifting,Further investigation is not in the public interest,
6ab1e5155490ae513adb06f2df46dc3a8bb3272c2df6888e7e2ac7f185d603e0,2024-05,Durham Constabulary,Durham Constabulary,-1.434874,54.682474,On or near Supermarket,E01020810,County Durham 048B,Shoplifting,Investigation complete; no suspect identified,
42042ea93337d8482e6c484c2745aab145387986677403d7d056899f674663bd,2024-05,Durham Constabulary,Durham Constabulary,-1.436659,54.682366,On or near Salters Lane,E01020810,County Durham 048B,Vehicle crime,Under investigation,
f10f194223e49ec4e77be7a08f92d8f732aff5ef33f42b88de11b4f438add05b,2024-05,Durham Constabulary,Durham Constabulary,-1.436659,54.682366,On or near Salters Lane,E01020810,County Durham 048B,Violence and sexual offences,Under investigation,
,2024-05,Durham Constabulary,Durham Constabulary,-1.436594,54.680335,On or near Beechwood Road,E01020811,County Durham 048C,Anti-social behaviour,,
,2024-05,Durham Constabulary,Durham Constabulary,-1.435562,54.678766,On or near Diamond Close,E01020811,County Durham 048C,Anti-social behaviour,,
,2024-05,Durham Constabulary,Durham Constabulary,-1.436594,54.680335,On or near Beechwood Road,E01020811,County Durham 048C,Anti-social behaviour,,
4b645472c44b1ca8be7172cd64e20bb44acbf96ad8881aa96469e8d14bf2d2a3,2024-05,Durham Constabulary,Durham Constabulary,-1.435562,54.678766,On or near Diamond Close,E01020811,County Durham 048C,Criminal damage and arson,Investigation complete; no suspect identified,
429ea4cec4f53085bd75f5987634b14928c0dac959731a758513512e378a4350,2024-05,Durham Constabulary,Durham Constabulary,-1.436594,54.680335,On or near Beechwood Road,E01020811,County Durham 048C,Criminal damage and arson,Investigation complete; no suspect identified,
a776a77edae632b07c1feb356c196b062d33ccd2e346b3e9c2adfb16058b1f6a,2024-05,Durham Constabulary,Durham Constabulary,-1.431554,54.680320,On or near Millfield Road,E01020811,County Durham 048C,Drugs,Under investigation,
a0bd86cef31bee5ca9bb56875011b35d951c3d6d8b9fffbaf3b091f0dc0a497f,2024-05,Durham Constabulary,Durham Constabulary,-1.436594,54.680335,On or near Beechwood Road,E01020811,County Durham 048C,Other theft,Investigation complete; no suspect identified,
a492c52bebc01ca4d2f4eed10d37a4cd1457e8630005103a3b9b355ed02245c8,2024-05,Durham Constabulary,Durham Constabulary,-1.436594,54.680335,On or near Beechwood Road,E01020811,County Durham 048C,Other theft,Investigation complete; no suspect identified,
00a8a67f483ffad53161d5496a3e69b813703ba9699bcbb5553cfa8fa1973b64,2024-05,Durham Constabulary,Durham Constabulary,-1.431855,54.682101,On or near Butterwick Road,E01020811,County Durham 048C,Vehicle crime,Investigation complete; no suspect identified,
493bb0b2646c5d952c21e36f18291ec3295e6684aeb780fb1a7b5944153d52f0,2024-05,Durham Constabulary,Durham Constabulary,-1.433723,54.681615,On or near Sycamore Road,E01020811,County Durham 048C,Vehicle crime,Investigation complete; no suspect identified,
5868cfcbdfed9779890b30f216dcf445fdb6c085e960d73f938d5e50e1c8270a,2024-05,Durham Constabulary,Durham Constabulary,-1.429617,54.682455,On or near Sports/Recreation Area,E01020811,County Durham 048C,Violence and sexual offences,Under investigation,
,2024-05,Durham Constabulary,Durham Constabulary,-1.428530,54.696895,On or near Hallgarth Road,E01020812,County Durham 048D,Anti-social behaviour,,
300684fe607053e268a37a214fcbdbea629a4b08c4546d48406773ababf401bd,2024-05,Durham Constabulary,Durham Constabulary,-1.428692,54.699682,On or near Church Road,E01020812,County Durham 048D,Criminal damage and arson,Investigation complete; no suspect identified,
1d177525732525f52559fbe30cb0725458f494068c11987274b39dc3776e048f,2024-05,Durham Constabulary,Durham Constabulary,-1.428235,54.697315,On or near Sports/Recreation Area,E01020812,County Durham 048D,Other theft,Unable to prosecute suspect,
2f3f3f64d3c588149a16b365f51022bbbcc56999ac498959eebb83f05acf5ebd,2024-05,Durham Constabulary,Durham Constabulary,-1.427964,54.701844,On or near Front Street South,E01020812,County Durham 048D,Public order,Local resolution,
6511f73403ee9ee98a0b387eb8f9f9278eec8616c6af5b126dd92edeecfbf321,2024-05,Durham Constabulary,Durham Constabulary,-1.421694,54.700817,On or near Hurworth Burn Road,E01020812,County Durham 048D,Public order,Unable to prosecute suspect,
36e6584436de96e32c28d334d43af85ba7d59dbcb069ba0c46b1ee090eeabfe3,2024-05,Durham Constabulary,Durham Constabulary,-1.433769,54.701710,On or near B1278,E01020812,County Durham 048D,Public order,Investigation complete; no suspect identified,
ef784584af744ab8b733482c10e1ae653fd07536c7188d8e20701c1b306ce99b,2024-05,Durham Constabulary,Durham Constabulary,-1.428505,54.698648,On or near Supermarket,E01020812,County Durham 048D,Shoplifting,Awaiting court outcome,
0f885dc1d033fcab063e5fc7002c9f36907d91cea51db432fa961628c788f384,2024-05,Durham Constabulary,Durham Constabulary,-1.435281,54.702319,On or near West Lane,E01020812,County Durham 048D,Violence and sexual offences,Local resolution,
19879b93a250bdc87e2cd46c9f4433793ca9a83e06942ef2a5fe3e8fa590beb0,2024-05,Durham Constabulary,Durham Constabulary,-1.432138,54.702942,On or near St Cuthbert'S Crescent,E01020812,County Durham 048D,Violence and sexual offences,Local resolution,
070382a384bf8452544efaa7fa464807a8e344e0b4e23a52603d87d48d82d8b6,2024-05,Durham Constabulary,Durham Constabulary,-1.428692,54.699682,On or near Church Road,E01020812,County Durham 048D,Violence and sexual offences,Investigation complete; no suspect identified,
d0e49591a7e6cb8f5f499e68243a415304ce76e35aa39e686a4f6e10d156342b,2024-05,Durham Constabulary,Durham Constabulary,-1.426960,54.698182,On or near Willow Drive,E01020812,County Durham 048D,Violence and sexual offences,Unable to prosecute suspect,
3f418cb2af8a27c58fcf03245bd45ba1acbb9ccb2f98fa24af3da1598a39f5fd,2024-05,Durham Constabulary,Durham Constabulary,-1.435281,54.702319,On or near West Lane,E01020812,County Durham 048D,Violence and sexual offences,Unable to prosecute suspect,
,2024-05,Durham Constabulary,Durham Constabulary,-1.425958,54.714237,On or near Kielder Drive,E01020827,County Durham 048E,Anti-social behaviour,,
325e2cd90cc98ec3bdee8529f54743eb6fb874a3dc1a14ef4f0f80074ac3dd45,2024-05,Durham Constabulary,Durham Constabulary,-1.424493,54.716809,On or near George Street,E01020827,County Durham 048E,Criminal damage and arson,Investigation complete; no suspect identified,
15f72040083f143ef0750c7496d9c86fd04b4c702759dd5136ed3e8dd7be760d,2024-05,Durham Constabulary,Durham Constabulary,-1.411498,54.718059,On or near Commercial Street,E01020827,County Durham 048E,Other theft,Investigation complete; no suspect identified,
4a2c5d86114f5b013c88dfc9a7cbee1058fcac0bf534a4946608a088dad8eb83,2024-05,Durham Constabulary,Durham Constabulary,-1.424493,54.716809,On or near George Street,E01020827,County Durham 048E,Other theft,Investigation complete; no suspect identified,
3c5b4240d000157f755dac87e2faddc62aeb88aa03f7c8bf230644e442121c59,2024-05,Durham Constabulary,Durham Constabulary,-1.410544,54.717416,On or near St Paul'S Road,E01020827,County Durham 048E,Violence and sexual offences,Offender given a caution,
be66b4a70fc89d41a7694df9bb33d1b192b24ec080519c65d311d67e9a32b62c,2024-05,Durham Constabulary,Durham Constabulary,-1.423875,54.712196,On or near Beech Grove,E01020827,County Durham 048E,Violence and sexual offences,Unable to prosecute suspect,
6cf7269abf5bb3aea339368ee5c597932dfde5189d566a5cdbbd8807ebfdda59,2024-05,Durham Constabulary,Durham Constabulary,-1.427561,54.711728,On or near Taylor Avenue,E01020827,County Durham 048E,Violence and sexual offences,Unable to prosecute suspect,
109a90657aa0b72f3f667066cd808ae7d7a29d6b908bde6762cca9cdfe7ad476,2024-05,Durham Constabulary,Durham Constabulary,-1.411498,54.718059,On or near Commercial Street,E01020827,County Durham 048E,Violence and sexual offences,Unable to prosecute suspect,
ee80aec506da977044f888fda4b32a8400793d00f77ed18e87464a35d03cdf37,2024-05,Durham Constabulary,Durham Constabulary,-1.424493,54.716809,On or near George Street,E01020827,County Durham 048E,Violence and sexual offences,Under investigation,
eb10b35e75625a18fde2cccfcb54d4e64493462813aeff7f34d33dde73a9a7db,2024-05,Durham Constabulary,Durham Constabulary,-1.414690,54.706544,On or near Horse Close Lane,E01020827,County Durham 048E,Violence and sexual offences,Under investigation,
7893de344fa39ad0158a3e694a77aeb44968fed30c7012f52332d44c4be19249,2024-05,Durham Constabulary,Durham Constabulary,-1.410544,54.717416,On or near St Paul'S Road,E01020827,County Durham 048E,Violence and sexual offences,Awaiting court outcome,
a25b05f557588f162a9445f92eac1317defc946c5b52dbd7a3b9c1fdd8f3bf74,2024-05,Durham Constabulary,Durham Constabulary,-1.414690,54.706544,On or near Horse Close Lane,E01020827,County Durham 048E,Violence and sexual offences,Unable to prosecute suspect,
e91642e160416364b6562d59d569f64c3962904517e0c59adbfcefdf5b2ee8ba,2024-05,Durham Constabulary,Durham Constabulary,-1.410544,54.717416,On or near St Paul'S Road,E01020827,County Durham 048E,Violence and sexual offences,Unable to prosecute suspect,
9f7f501c7bfdd8b402951549d5419f7e747907ad3311aaf19fbcf94a6546d69b,2024-05,Durham Constabulary,Durham Constabulary,-1.411498,54.718059,On or near Commercial Street,E01020827,County Durham 048E,Violence and sexual offences,Under investigation,
909dc7cd9171954ff30d05375031d165e0b02690422b164f9e0d681152075844,2024-05,Durham Constabulary,Durham Constabulary,-1.426508,54.711534,On or near Holmeside Avenue,E01020827,County Durham 048E,Other crime,Unable to prosecute suspect,
,2024-05,Durham Constabulary,Durham Constabulary,-1.566579,54.686135,On or near B6287,E01020806,County Durham 049A,Anti-social behaviour,,
,2024-05,Durham Constabulary,Durham Constabulary,-1.556446,54.682807,On or near Petrol Station,E01020806,County Durham 049A,Anti-social behaviour,,
,2024-05,Durham Constabulary,Durham Constabulary,-1.551709,54.684221,On or near Dean Road,E01020806,County Durham 049A,Anti-social behaviour,,
,2024-05,Durham Constabulary,Durham Constabulary,-1.556331,54.685622,On or near Coniston Road,E01020806,County Durham 049A,Anti-social behaviour,,
,2024-05,Durham Constabulary,Durham Constabulary,-1.556446,54.682807,On or near Petrol Station,E01020806,County Durham 049A,Anti-social behaviour,,
1b3e60a5b77e9596e10cdc193f529cf1818a0b1d12bc15864b4313b2ff91ad58,2024-05,Durham Constabulary,Durham Constabulary,-1.555272,54.684647,On or near Thirlmere Road,E01020806,County Durham 049A,Burglary,Awaiting court outcome,
6e2dabeb46861715dd27762fd8b2076e82249a21163a84a52146f22b809e1005,2024-05,Durham Constabulary,Durham Constabulary,-1.553791,54.685325,On or near Grasmere Road,E01020806,County Durham 049A,Burglary,Investigation complete; no suspect identified,
e6969c339b3f25593679969b9de5d2937d7b1da11350aae3b0df602b2a708ec9,2024-05,Durham Constabulary,Durham Constabulary,-1.556446,54.682807,On or near Petrol Station,E01020806,County Durham 049A,Criminal damage and arson,Investigation complete; no suspect identified,
44001db05983512805b55a2993e81a50b4247d66a40fae0f6ba720ee35ce1c85,2024-05,Durham Constabulary,Durham Constabulary,-1.563687,54.686700,On or near Hackworth Street,E01020806,County Durham 049A,Criminal damage and arson,Unable to prosecute suspect,
5a1b9ecc164b5c9317858fe1c21e9b608ff51331c0760b3c85e0b0792449727c,2024-05,Durham Constabulary,Durham Constabulary,-1.566579,54.686135,On or near B6287,E01020806,County Durham 049A,Other theft,Investigation complete; no suspect identified,
6b3e5d63e416b29d2a42f171002fd9232dafaeb06ecc72f1b434e3623ad6a476,2024-05,Durham Constabulary,Durham Constabulary,-1.564498,54.684896,On or near Parsons Court,E01020806,County Durham 049A,Other theft,Investigation complete; no suspect identified,
f2219209edc025ac9502852fe86e553a3d885fcd481aab9ac9aed5e9ce874283,2024-05,Durham Constabulary,Durham Constabulary,-1.568019,54.686302,On or near Paxton Street,E01020806,County Durham 049A,Other theft,Unable to prosecute suspect,
ba38c1f97213de65488d3770e76b2959d72a0ed72a2c1ed886625a8993dd8993,2024-05,Durham Constabulary,Durham Constabulary,-1.555272,54.684647,On or near Thirlmere Road,E01020806,County Durham 049A,Possession of weapons,Awaiting court outcome,
c3fcc22ab0cd014943ca374c1c83cb3fe76008da16de743bfebf2a7411872927,2024-05,Durham Constabulary,Durham Constabulary,-1.556446,54.682807,On or near Petrol Station,E01020806,County Durham 049A,Public order,Investigation complete; no suspect identified,
0c2b9f38af4e61f201a20a001f3a66ab871e5e72429bc5c2eaf2983166432aa1,2024-05,Durham Constabulary,Durham Constabulary,-1.568416,54.685522,On or near Merrington Road,E01020806,County Durham 049A,Vehicle crime,Investigation complete; no suspect identified,
81b624fd46ecc0ae8b4cc458324e0b2240956a1417df6022a24c328387bba481,2024-05,Durham Constabulary,Durham Constabulary,-1.557347,54.686371,On or near Parker Terrace,E01020806,County Durham 049A,Violence and sexual offences,Unable to prosecute suspect,
0fc1bc5f57d6067b363b14cb7d0afc014427cdfe9230b791761fe45c5c60aa3e,2024-05,Durham Constabulary,Durham Constabulary,-1.557347,54.686371,On or near Parker Terrace,E01020806,County Durham 049A,Violence and sexual offences,Unable to prosecute suspect,
8b53d67940e58801eab46fe78af405c28ee2adb99b295b861bf433879d361690,2024-05,Durham Constabulary,Durham Constabulary,-1.557347,54.686371,On or near Parker Terrace,E01020806,County Durham 049A,Violence and sexual offences,Unable to prosecute suspect,
65633aba7c813bce9f205b92efdbab8714de9fa551530227cbbbfca59326f981,2024-05,Durham Constabulary,Durham Constabulary,-1.551709,54.684221,On or near Dean Road,E01020806,County Durham 049A,Violence and sexual offences,Further action is not in the public interest,
bca6012521fb4f1f7e6d5fc2b610679dda68ee62044d8ddf4b1750925041161e,2024-05,Durham Constabulary,Durham Constabulary,-1.551709,54.684221,On or near Dean Road,E01020806,County Durham 049A,Violence and sexual offences,Further action is not in the public interest,
148e786c4553aa0ff11e994620122d037d3b0bec59226658f5e13c64fe87a5f3,2024-05,Durham Constabulary,Durham Constabulary,-1.566579,54.686135,On or near B6287,E01020806,County Durham 049A,Violence and sexual offences,Unable to prosecute suspect,
206393df312660dc4db67b1c728d083e5832dd0ae1f591bd63f48b9de0037a50,2024-05,Durham Constabulary,Durham Constabulary,-1.555134,54.683020,On or near Southside,E01020806,County Durham 049A,Violence and sexual offences,Unable to prosecute suspect,
e0739f5410347a3ff45b9c26b696655af0459ead64f24ab21bcac607ed8f1f6f,2024-05,Durham Constabulary,Durham Constabulary,-1.555134,54.683020,On or near Southside,E01020806,County Durham 049A,Violence and sexual offences,Further investigation is not in the public interest,
2d681642f578dd9d998888f78dd079ba05f1f0ac52371b2fae2779ab7a5e6f1e,2024-05,Durham Constabulary,Durham Constabulary,-1.568416,54.685522,On or near Merrington Road,E01020806,County Durham 049A,Violence and sexual offences,Investigation complete; no suspect identified,
bfb4368b2667481673a7c28e7d8f113cc2023c1a444bb7d3866565f7707ffefd,2024-05,Durham Constabulary,Durham Constabulary,-1.555272,54.684647,On or near Thirlmere Road,E01020806,County Durham 049A,Violence and sexual offences,Unable to prosecute suspect,
17d7ecc4d3772724110df476bf7510343258d690e311e8e6e9ae3809e95b9615,2024-05,Durham Constabulary,Durham Constabulary,-1.553791,54.685325,On or near Grasmere Road,E01020806,County Durham 049A,Violence and sexual offences,Unable to prosecute suspect,
9913f14a97917fe092e8e9a9c5822604355710a1173b9d8c0fab7c4be234ce47,2024-05,Durham Constabulary,Durham Constabulary,-1.553791,54.685325,On or near Grasmere Road,E01020806,County Durham 049A,Violence and sexual offences,Under investigation,
97f440fd8f8595a0382f58194573d5d07c973f15d65b07b6f3679fc736ce7746,2024-05,Durham Constabulary,Durham Constabulary,-1.563687,54.686700,On or near Hackworth Street,E01020806,County Durham 049A,Violence and sexual offences,Investigation complete; no suspect identified,
646c44f106532b8f16b0c4d4c3de206dd0dcfffc212e3a83947c658896664116,2024-05,Durham Constabulary,Durham Constabulary,-1.553791,54.685325,On or near Grasmere Road,E01020806,County Durham 049A,Violence and sexual offences,Unable to prosecute suspect,
f16fdc1f9bf7800b995c2d599df733ec03ef52986da8f2826298d7e4bf6d5188,2024-05,Durham Constabulary,Durham Constabulary,-1.566579,54.686135,On or near B6287,E01020806,County Durham 049A,Violence and sexual offences,Under investigation,
86496ddc19789f84403ccb1a722c1e23257be4d0eb3ab7f0373af8597144fe51,2024-05,Durham Constabulary,Durham Constabulary,-1.557347,54.686371,On or near Parker Terrace,E01020806,County Durham 049A,Violence and sexual offences,Unable to prosecute suspect,
f5f78f448e278164a01f376439ef9439664636a4b8ecd4242fc940e7bf023c21,2024-05,Durham Constabulary,Durham Constabulary,-1.553791,54.685325,On or near Grasmere Road,E01020806,County Durham 049A,Other crime,Investigation complete; no suspect identified,
,2024-05,Durham Constabulary,Durham Constabulary,-1.561930,54.687089,On or near Rennie Street,E01020807,County Durham 049B,Anti-social behaviour,,
,2024-05,Durham Constabulary,Durham Constabulary,-1.566108,54.686655,On or near Westcott Terrace,E01020807,County Durham 049B,Anti-social behaviour,,
,2024-05,Durham Constabulary,Durham Constabulary,-1.565747,54.686995,On or near Stephenson Street,E01020807,County Durham 049B,Anti-social behaviour,,
,2024-05,Durham Constabulary,Durham Constabulary,-1.566108,54.686655,On or near Westcott Terrace,E01020807,County Durham 049B,Anti-social behaviour,,
babab4e869dae63bf5a20a4212db0460b9ec3b6e8b7f8e08d3c84f54c37ccd3c,2024-05,Durham Constabulary,Durham Constabulary,-1.561076,54.688641,On or near Davy Street,E01020807,County Durham 049B,Criminal damage and arson,Investigation complete; no suspect identified,
1dfbd86bf040d23f16880affbb024880cb858f92c87e4a41c08b7bc3facace2e,2024-05,Durham Constabulary,Durham Constabulary,-1.557867,54.685591,On or near A167,E01020807,County Durham 049B,Criminal damage and arson,Offender given a caution,
b120ae386459d5c3464b054aa073b077f57a1866b0c711ea4fb1b15f0ef0a3d5,2024-05,Durham Constabulary,Durham Constabulary,-1.561930,54.687089,On or near Rennie Street,E01020807,County Durham 049B,Criminal damage and arson,Unable to prosecute suspect,
a59363824917521cc4210d682bfe95d9075a9d7a246eebaa96a65e49a0b3fc2b,2024-05,Durham Constabulary,Durham Constabulary,-1.561076,54.688641,On or near Davy Street,E01020807,County Durham 049B,Criminal damage and arson,Investigation complete; no suspect identified,
9ea4dcaa8d37f54354872fff756880faf0003cd88acee6933b8796a02391badb,2024-05,Durham Constabulary,Durham Constabulary,-1.566085,54.687329,On or near Faraday Street,E01020807,County Durham 049B,Criminal damage and arson,Investigation complete; no suspect identified,
dd661179a83c5d2205efbfd30a2932db104768688c9e87291fae3d63afb5fcc1,2024-05,Durham Constabulary,Durham Constabulary,-1.564406,54.687655,On or near Kelvin Street,E01020807,County Durham 049B,Drugs,Under investigation,
106d2323f50bde7ab1cadc699abe01ee699047ff7143284cc26e89b4408d6d1d,2024-05,Durham Constabulary,Durham Constabulary,-1.561076,54.688641,On or near Davy Street,E01020807,County Durham 049B,Other theft,Unable to prosecute suspect,
5d43be1b9eabb80baeb1ece27722a4b89d83e3e678f966270e0a3fa1d68605ff,2024-05,Durham Constabulary,Durham Constabulary,-1.560785,54.688280,On or near Newton Street,E01020807,County Durham 049B,Other theft,Unable to prosecute suspect,
ea9db81b041cdc77ea15b0e7a2ce1d1897df4bfc1d966eacb5f042af5060c919,2024-05,Durham Constabulary,Durham Constabulary,-1.562107,54.688015,On or near Newcomen Street,E01020807,County Durham 049B,Possession of weapons,Investigation complete; no suspect identified,
d58d38041acc8de84a412263d1bb74247f003deb1e7b0b6cfe82f6be52dfeacb,2024-05,Durham Constabulary,Durham Constabulary,-1.566085,54.687329,On or near Faraday Street,E01020807,County Durham 049B,Possession of weapons,Under investigation,
b12962bb2308ed8a829fb6d722b7cee431f63af68e6ca90dc7b68c874023da04,2024-05,Durham Constabulary,Durham Constabulary,-1.560189,54.687451,On or near Siemans Street,E01020807,County Durham 049B,Public order,Unable to prosecute suspect,
1d615b7cbd3d28b5cb846c6d21d9274581846f1b3829b53bf535ffcd4ba9f0c5,2024-05,Durham Constabulary,Durham Constabulary,-1.565213,54.686193,On or near Bessemer Street,E01020807,County Durham 049B,Public order,Unable to prosecute suspect,
78f2c5b4e0615242156cc06e26e35da93e7f84fdc14c04ee591b64d7568436f7,2024-05,Durham Constabulary,Durham Constabulary,-1.564406,54.687655,On or near Kelvin Street,E01020807,County Durham 049B,Public order,Unable to prosecute suspect,
77e1c5b0f77890fad5a144566b23f28670b67d2a968d0826c9eaa19a864c0f50,2024-05,Durham Constabulary,Durham Constabulary,-1.561930,54.687089,On or near Rennie Street,E01020807,County Durham 049B,Public order,Unable to prosecute suspect,
1e30eb0907279540408d698dac0cc0afc5b2266316804ceca5467839ee32598c,2024-05,Durham Constabulary,Durham Constabulary,-1.561076,54.688641,On or near Davy Street,E01020807,County Durham 049B,Vehicle crime,Awaiting court outcome,
69f3732e75b331d06ec0ffd28836e90493482768c30916caba2cfd93866f2dc0,2024-05,Durham Constabulary,Durham Constabulary,-1.557867,54.685591,On or near A167,E01020807,County Durham 049B,Violence and sexual offences,Unable to prosecute suspect,
b589a9bc490c91807b7fc73ea151ec1be3333736bf1acc37833e04b2ecfef0f4,2024-05,Durham Constabulary,Durham Constabulary,-1.561930,54.687089,On or near Rennie Street,E01020807,County Durham 049B,Violence and sexual offences,Under investigation,
d525c143d8831831e6812c5eb0e97f98da5351222135d008a4a254cd4dd5fa5d,2024-05,Durham Constabulary,Durham Constabulary,-1.566085,54.687329,On or near Faraday Street,E01020807,County Durham 049B,Violence and sexual offences,Unable to prosecute suspect,
b78a6ea5c95c0c9e57d23f4bf5c600a3c272936040bbe0bc51fbc01e23fa8f06,2024-05,Durham Constabulary,Durham Constabulary,-1.563851,54.687374,On or near Haig Terrace,E01020807,County Durham 049B,Violence and sexual offences,Under investigation,
becca9df1fe386f148e7cfdf67ddbbe954d29a2cbf4fcfb0e2fc9fc1e2872c9c,2024-05,Durham Constabulary,Durham Constabulary,-1.563352,54.687642,On or near Parking Area,E01020807,County Durham 049B,Violence and sexual offences,Unable to prosecute suspect,
f875619fa5cf02d4eed6a1f37dc13dcdc6aa2b5f756f6b7358dc337d969b33d4,2024-05,Durham Constabulary,Durham Constabulary,-1.559870,54.686884,On or near Neale Street,E01020807,County Durham 049B,Violence and sexual offences,Awaiting court outcome,
afe8fe338ba9b91d54f3d8b1a738ed287b357305702b461aca3b14546bfd2364,2024-05,Durham Constabulary,Durham Constabulary,-1.557867,54.685591,On or near A167,E01020807,County Durham 049B,Violence and sexual offences,Unable to prosecute suspect,
67de2bb3c46ec178ab7eb39a0d178f967acb75527cecd31497b32dfd4fb36ecc,2024-05,Durham Constabulary,Durham Constabulary,-1.557867,54.685591,On or near A167,E01020807,County Durham 049B,Violence and sexual offences,Unable to prosecute suspect,
e4335e8fe071d7d1d7bdf7c23057b90500f99a10c8051496bc2980447fce8da5,2024-05,Durham Constabulary,Durham Constabulary,-1.562107,54.688015,On or near Newcomen Street,E01020807,County Durham 049B,Violence and sexual offences,Unable to prosecute suspect,
50a52a9afa62ab186e831291316d93f1bacaae1f573bcaafa796bef10a0aaa89,2024-05,Durham Constabulary,Durham Constabulary,-1.561930,54.687089,On or near Rennie Street,E01020807,County Durham 049B,Violence and sexual offences,Unable to prosecute suspect,
12d4717286db29dd3ca488f48798c33f243e3a567fa393508e722ed3733bec31,2024-05,Durham Constabulary,Durham Constabulary,-1.565213,54.686193,On or near Bessemer Street,E01020807,County Durham 049B,Violence and sexual offences,Unable to prosecute suspect,
545a4818e5de7883f8e338a38d78ea5f976ad4d1c7c113a4859c6c911be67852,2024-05,Durham Constabulary,Durham Constabulary,-1.560676,54.686950,On or near Holyoake Street,E01020807,County Durham 049B,Violence and sexual offences,Unable to prosecute suspect,
de0999c287f2e3cad412e0c0d6969b832316c71f0b97b188998f44165f1a8577,2024-05,Durham Constabulary,Durham Constabulary,-1.561930,54.687089,On or near Rennie Street,E01020807,County Durham 049B,Violence and sexual offences,Unable to prosecute suspect,
23fb0ad9f31db3431071fcc3e142b0a1ac45fe321addb621d27350c6a2b746b6,2024-05,Durham Constabulary,Durham Constabulary,-1.566085,54.687329,On or near Faraday Street,E01020807,County Durham 049B,Violence and sexual offences,Under investigation,
aa26b1efa1858244dd0137010ad65d3bf4faa8c8a9afd57aa6ce1419bbb04092,2024-05,Durham Constabulary,Durham Constabulary,-1.564456,54.687332,On or near Parking Area,E01020807,County Durham 049B,Violence and sexual offences,Awaiting court outcome,
95c1db323a1a4ac323aeee5043d1449af82f8460526c41a971bddfc75eae4b42,2024-05,Durham Constabulary,Durham Constabulary,-1.564456,54.687332,On or near Parking Area,E01020807,County Durham 049B,Violence and sexual offences,Awaiting court outcome,
63ede394dfdeee2ca81f1a5e6108e0d1db10397b17012420a6a4280ace8e55fd,2024-05,Durham Constabulary,Durham Constabulary,-1.566108,54.686655,On or near Westcott Terrace,E01020807,County Durham 049B,Violence and sexual offences,Unable to prosecute suspect,
37761b71becfef47171d90ad6a4a34e11c6969a8634c1e55b8e70350d24e337c,2024-05,Durham Constabulary,Durham Constabulary,-1.565213,54.686193,On or near Bessemer Street,E01020807,County Durham 049B,Other crime,Unable to prosecute suspect,
54cf376d386faa9c0290218befe0b8e7c26f108b5556a65c3746767834dea63a,2024-05,Durham Constabulary,Durham Constabulary,-1.561076,54.688641,On or near Davy Street,E01020807,County Durham 049B,Other crime,Unable to prosecute suspect,
b8db2b33d0c233274389ce6b20f322eed34d323e7031faddfdcd2486dfb72645,2024-05,Durham Constabulary,Durham Constabulary,-1.561076,54.688641,On or near Davy Street,E01020807,County Durham 049B,Other crime,Unable to prosecute suspect,
,2024-05,Durham Constabulary,Durham Constabulary,-1.599852,54.700269,On or near Cheapside,E01020820,County Durham 049C,Anti-social behaviour,,
,2024-05,Durham Constabulary,Durham Constabulary,-1.599852,54.700269,On or near Cheapside,E01020820,County Durham 049C,Anti-social behaviour,,
,2024-05,Durham Constabulary,Durham Constabulary,-1.601213,54.697469,On or near Supermarket,E01020820,County Durham 049C,Anti-social behaviour,,
,2024-05,Durham Constabulary,Durham Constabulary,-1.598637,54.697569,On or near Ladysmock Close,E01020820,County Durham 049C,Anti-social behaviour,,
,2024-05,Durham Constabulary,Durham Constabulary,-1.592375,54.703102,On or near Derwent Terrace,E01020820,County Durham 049C,Anti-social behaviour,,
,2024-05,Durham Constabulary,Durham Constabulary,-1.596218,54.697390,On or near Parking Area,E01020820,County Durham 049C,Anti-social behaviour,,
,2024-05,Durham Constabulary,Durham Constabulary,-1.594504,54.701275,On or near St Andrew'S Road,E01020820,County Durham 049C,Anti-social behaviour,,
,2024-05,Durham Constabulary,Durham Constabulary,-1.592375,54.703102,On or near Derwent Terrace,E01020820,County Durham 049C,Anti-social behaviour,,
8c23fb00244c6fee5dabe40b63780c47579e6db764f9f763c3dc2f324dae3a03,2024-05,Durham Constabulary,Durham Constabulary,-1.589136,54.698040,On or near Coulson Street,E01020820,County Durham 049C,Burglary,Investigation complete; no suspect identified,
6d354de51ac6d65891dc820fdc9fb72a05b80c304a3b9aed2fa67becd8c90f2c,2024-05,Durham Constabulary,Durham Constabulary,-1.592375,54.703102,On or near Derwent Terrace,E01020820,County Durham 049C,Burglary,Investigation complete; no suspect identified,
197c8f66ba074cac64864e72f604585ec6bae6ca8e0deaa8ff73baa2e359d02c,2024-05,Durham Constabulary,Durham Constabulary,-1.586723,54.697304,On or near Woodward Road,E01020820,County Durham 049C,Burglary,Awaiting court outcome,
fd8be752ea0d6cce770b9263912f68f323b691f94f6d829ec8e8d4212f2087ee,2024-05,Durham Constabulary,Durham Constabulary,-1.600521,54.698509,On or near Parking Area,E01020820,County Durham 049C,Criminal damage and arson,Investigation complete; no suspect identified,
dcc5e6babc78976e6f6488ec9ca9bf598e21762cec8f98db0b24282c15a76a74,2024-05,Durham Constabulary,Durham Constabulary,-1.594504,54.701275,On or near St Andrew'S Road,E01020820,County Durham 049C,Criminal damage and arson,Investigation complete; no suspect identified,
b04b74a036c5e154d2eebb70af7cf38a6754a671d469feb383c92ed554a0f37e,2024-05,Durham Constabulary,Durham Constabulary,-1.596750,54.700106,On or near Petrol Station,E01020820,County Durham 049C,Criminal damage and arson,Local resolution,
5f9aefb9f46c914f52b4a9e15b917e63634a8a98e7c66c0b68f0d6c5614bf915,2024-05,Durham Constabulary,Durham Constabulary,-1.592805,54.698870,On or near Linden Court,E01020820,County Durham 049C,Criminal damage and arson,Unable to prosecute suspect,
39559867871fc5b84a85e5bb2c71a3c7362024a37a878f5a8acf12eab75654e7,2024-05,Durham Constabulary,Durham Constabulary,-1.596218,54.697390,On or near Parking Area,E01020820,County Durham 049C,Drugs,Local resolution,
b782a73c3d5f3838a1a1b94014ff5b3a8d2b36e5788001fad8b1065cfdbac85e,2024-05,Durham Constabulary,Durham Constabulary,-1.589445,54.701240,On or near Keswick Drive,E01020820,County Durham 049C,Other theft,Investigation complete; no suspect identified,
c20211d22719ed20b01ff6d025bee1cf87b921698a0f4a814018332f2601c793,2024-05,Durham Constabulary,Durham Constabulary,-1.595505,54.698843,On or near Rowan Court,E01020820,County Durham 049C,Other theft,Unable to prosecute suspect,
28f60765070ea779dfb584150c2f4f02b2ecfb539faf44ccfc7131110ed3d87d,2024-05,Durham Constabulary,Durham Constabulary,-1.599852,54.700269,On or near Cheapside,E01020820,County Durham 049C,Other theft,Investigation complete; no suspect identified,
5ba40d95c296e18aa673f25b3c31142b702037d64a5c92b229a855cc182cd2b4,2024-05,Durham Constabulary,Durham Constabulary,-1.590049,54.699867,On or near Rushmoor,E01020820,County Durham 049C,Public order,Unable to prosecute suspect,
fe5966480f42bf6b02ab91df9b33114f27cda3921de30951539f04e270bbc290,2024-05,Durham Constabulary,Durham Constabulary,-1.596750,54.700106,On or near Petrol Station,E01020820,County Durham 049C,Public order,Unable to prosecute suspect,
a78f8b0e631656f2e7e4d31c547eb4b5c571c3d8e271c00a452c108781232165,2024-05,Durham Constabulary,Durham Constabulary,-1.601278,54.698835,On or near Thomas Street,E01020820,County Durham 049C,Public order,Investigation complete; no suspect identified,
aeed0dcfba78fde79b06b844ae196e85dae6be2a22c4e802bfc478a998e5e6a3,2024-05,Durham Constabulary,Durham Constabulary,-1.599852,54.700269,On or near Cheapside,E01020820,County Durham 049C,Public order,Awaiting court outcome,
e621906b9b1bbeeabf707517457d9c026e7308fa5300d8a98a33507ee4f2a7ac,2024-05,Durham Constabulary,Durham Constabulary,-1.594527,54.698948,On or near Catherine Close,E01020820,County Durham 049C,Public order,Unable to prosecute suspect,
7fc5d44636523d17d8057f9a8378366a18a22482f714d8740f77328efaaafde6,2024-05,Durham Constabulary,Durham Constabulary,-1.599852,54.700269,On or near Cheapside,E01020820,County Durham 049C,Shoplifting,Awaiting court outcome,
bd10a5a0c7204e558801df7e9af2712fb450a38e9d076c4e9c1f0ba760e26bf3,2024-05,Durham Constabulary,Durham Constabulary,-1.592375,54.703102,On or near Derwent Terrace,E01020820,County Durham 049C,Vehicle crime,Investigation complete; no suspect identified,
a0731c6e96ac27deec694a824307c62c33f2ffd591ff45e80b0bc416624efd5d,2024-05,Durham Constabulary,Durham Constabulary,-1.594130,54.698273,On or near Blair Avenue,E01020820,County Durham 049C,Violence and sexual offences,Investigation complete; no suspect identified,
11f7fe0417672e101c4fcf728eaefcf8c4652d57995ba452c0ac6cb0ab042565,2024-05,Durham Constabulary,Durham Constabulary,-1.599852,54.700269,On or near Cheapside,E01020820,County Durham 049C,Violence and sexual offences,Awaiting court outcome,
6c50d422d0c34e837ddcc1ee930bb1a1738650c31d91d6ced699765890bed909,2024-05,Durham Constabulary,Durham Constabulary,-1.601278,54.698835,On or near Thomas Street,E01020820,County Durham 049C,Violence and sexual offences,Investigation complete; no suspect identified,
3412a7a9a81d78d4c5d4bc86c8c6e7558039663dcb37dbab0a563856c0f83e55,2024-05,Durham Constabulary,Durham Constabulary,-1.601278,54.698835,On or near Thomas Street,E01020820,County Durham 049C,Violence and sexual offences,Under investigation,
0b421eac7b1db75cb4050b33a53b1890f907cd3a3c0314b29ecac89c74bb9857,2024-05,Durham Constabulary,Durham Constabulary,-1.601278,54.698835,On or near Thomas Street,E01020820,County Durham 049C,Violence and sexual offences,Investigation complete; no suspect identified,
9bd023655dd0990aeec33a98ce6ca7c784601ad4b977f4c8abf2bfd376e52d49,2024-05,Durham Constabulary,Durham Constabulary,-1.601213,54.697469,On or near Supermarket,E01020820,County Durham 049C,Violence and sexual offences,Investigation complete; no suspect identified,
e38bc2123f7d228be65e5a80a4cc9fdff19faa1b04b0bd149b5d7ee23d0cfa67,2024-05,Durham Constabulary,Durham Constabulary,-1.594811,54.701627,On or near Barnfield Road,E01020820,County Durham 049C,Violence and sexual offences,Investigation complete; no suspect identified,
d35ec60dca30dfc284238d9cdd67f4e1d1872f532eacc41d3cf2c3a63b08faab,2024-05,Durham Constabulary,Durham Constabulary,-1.594811,54.701627,On or near Barnfield Road,E01020820,County Durham 049C,Violence and sexual offences,Under investigation,
c7a5e5715c242fbbef14c36e8f09243bcd440386ba0de2eab4c0c861b42b4e9d,2024-05,Durham Constabulary,Durham Constabulary,-1.588193,54.700751,On or near Lakeside Court,E01020820,County Durham 049C,Violence and sexual offences,Unable to prosecute suspect,
8d2c3385d8bf80df1ac79b5f0f39cc832aa3bf6f1306d7279a156c80cd54f1d4,2024-05,Durham Constabulary,Durham Constabulary,-1.589445,54.701240,On or near Keswick Drive,E01020820,County Durham 049C,Violence and sexual offences,Unable to prosecute suspect,
f0b0eb3fc8e27a21a1d00e17138bff455322ebf9bbe8ba257b5bf5219a25e9f5,2024-05,Durham Constabulary,Durham Constabulary,-1.589445,54.701240,On or near Keswick Drive,E01020820,County Durham 049C,Violence and sexual offences,Unable to prosecute suspect,
6d41360ecbf4a08d3d3c6862a0b1b646c4adecee360509a5bf5220d0310ed730,2024-05,Durham Constabulary,Durham Constabulary,-1.597819,54.699190,On or near Supermarket,E01020820,County Durham 049C,Violence and sexual offences,Investigation complete; no suspect identified,
02608f20f4cd7a51923a84821dafac0cd5084d372a4f81dd7919eadb0cd59436,2024-05,Durham Constabulary,Durham Constabulary,-1.592703,54.701323,On or near St Andrew'S Lane,E01020820,County Durham 049C,Violence and sexual offences,Unable to prosecute suspect,
5ad2a074847a30ab72d5661961db9f95501065edb524d158d297f2ed57e7276c,2024-05,Durham Constabulary,Durham Constabulary,-1.594130,54.698273,On or near Blair Avenue,E01020820,County Durham 049C,Violence and sexual offences,Unable to prosecute suspect,
b21beead7cb1dbcea8d953dfc37cc4cb368f401e7a38ccff8115b3204c9fb00d,2024-05,Durham Constabulary,Durham Constabulary,-1.586723,54.697304,On or near Woodward Road,E01020820,County Durham 049C,Violence and sexual offences,Investigation complete; no suspect identified,
73d1780e3bae36db0e6b122d6edb601f5c8f8d648b78e3ecec1fbb1d5c73772b,2024-05,Durham Constabulary,Durham Constabulary,-1.598534,54.701738,On or near O Hanlan Street,E01020820,County Durham 049C,Violence and sexual offences,Investigation complete; no suspect identified,
ab59e9de8a040083e9526d4f62bc15125bbfae2e2b3817f7cc1e48490e510aed,2024-05,Durham Constabulary,Durham Constabulary,-1.599852,54.700269,On or near Cheapside,E01020820,County Durham 049C,Violence and sexual offences,Awaiting court outcome,
cae57553d2a89dcbfd9b0b7238943a64f8875d4f36260f01d33c0f5e20ba8caf,2024-05,Durham Constabulary,Durham Constabulary,-1.592703,54.701323,On or near St Andrew'S Lane,E01020820,County Durham 049C,Violence and sexual offences,Unable to prosecute suspect,
88cfadf8c37128e08ab2bb8beb53976ccb2275e4f39e1bfc6d671809056134d6,2024-05,Durham Constabulary,Durham Constabulary,-1.594504,54.701275,On or near St Andrew'S Road,E01020820,County Durham 049C,Violence and sexual offences,Unable to prosecute suspect,
362802c62c0b5c72f25566acf2d910af27e00bd7a027b46fff2ece8c0b324e50,2024-05,Durham Constabulary,Durham Constabulary,-1.594527,54.698948,On or near Catherine Close,E01020820,County Durham 049C,Other crime,Under investigation,
7cb7beeaf6a8168d7855fc1659f20316b944de6423b9df9a0781724a29c5a230,2024-05,Durham Constabulary,Durham Constabulary,-1.594811,54.701627,On or near Barnfield Road,E01020820,County Durham 049C,Other crime,Further investigation is not in the public interest,
94543fb5c389f40c4bff573cbce538dd8587a76050efdda2d54f88c5104b35fd,2024-05,Durham Constabulary,Durham Constabulary,-1.596750,54.700106,On or near Petrol Station,E01020820,County Durham 049C,Other crime,Unable to prosecute suspect,
ae2c0f4b8c08f5c52cb42a6dd46c6a730b3e99f54cd45d66f4478b4fbf756386,2024-05,Durham Constabulary,Durham Constabulary,-1.589445,54.701240,On or near Keswick Drive,E01020820,County Durham 049C,Other crime,Investigation complete; no suspect identified,
,2024-05,Durham Constabulary,Durham Constabulary,-1.583983,54.701556,On or near Sports/Recreation Area,E01034501,County Durham 049E,Anti-social behaviour,,
,2024-05,Durham Constabulary,Durham Constabulary,-1.584902,54.700928,On or near Mount Pleasant Court,E01034501,County Durham 049E,Anti-social behaviour,,
,2024-05,Durham Constabulary,Durham Constabulary,-1.584902,54.700928,On or near Mount Pleasant Court,E01034501,County Durham 049E,Anti-social behaviour,,
,2024-05,Durham Constabulary,Durham Constabulary,-1.584902,54.700928,On or near Mount Pleasant Court,E01034501,County Durham 049E,Anti-social behaviour,,
,2024-05,Durham Constabulary,Durham Constabulary,-1.584902,54.700928,On or near Mount Pleasant Court,E01034501,County Durham 049E,Anti-social behaviour,,
,2024-05,Durham Constabulary,Durham Constabulary,-1.584722,54.703390,On or near The Woodlands,E01034501,County Durham 049E,Anti-social behaviour,,
,2024-05,Durham Constabulary,Durham Constabulary,-1.583983,54.701556,On or near Sports/Recreation Area,E01034501,County Durham 049E,Anti-social behaviour,,
,2024-05,Durham Constabulary,Durham Constabulary,-1.582464,54.710212,On or near Wolsey Road,E01034501,County Durham 049E,Anti-social behaviour,,
,2024-05,Durham Constabulary,Durham Constabulary,-1.583983,54.701556,On or near Sports/Recreation Area,E01034501,County Durham 049E,Anti-social behaviour,,
1068aca75d4b2fd650c542176e18c960076cf4d046717ccbab1b882c6747a7b5,2024-05,Durham Constabulary,Durham Constabulary,-1.581590,54.701582,On or near Haif Moon Lane,E01034501,County Durham 049E,Criminal damage and arson,Investigation complete; no suspect identified,
3971eee5f008e656843ac86d150da63d939588530e8db6b0638ade7d50008560,2024-05,Durham Constabulary,Durham Constabulary,-1.584902,54.700928,On or near Mount Pleasant Court,E01034501,County Durham 049E,Criminal damage and arson,Investigation complete; no suspect identified,
458f5ccb522ad1bb5addd195c1c3261c02da4252928d5c9f7d1138dea81ea2a9,2024-05,Durham Constabulary,Durham Constabulary,-1.584902,54.700928,On or near Mount Pleasant Court,E01034501,County Durham 049E,Criminal damage and arson,Unable to prosecute suspect,
589b6e2971ba63799d76cef1266f7ad914ddce7914fbd93d99c558776a372506,2024-05,Durham Constabulary,Durham Constabulary,-1.583983,54.701556,On or near Sports/Recreation Area,E01034501,County Durham 049E,Criminal damage and arson,Investigation complete; no suspect identified,
9f1ae8314dc9bbba375fcaa32ea9dda2e565cc603c62bdacd513f9bbb6a7228d,2024-05,Durham Constabulary,Durham Constabulary,-1.581590,54.701582,On or near Haif Moon Lane,E01034501,County Durham 049E,Drugs,Local resolution,
f918bcadd7016f40319956829b1d357d7215d36374ed314eed49d2351af00d8a,2024-05,Durham Constabulary,Durham Constabulary,-1.586874,54.700818,On or near Weardale Street,E01034501,County Durham 049E,Other theft,Investigation complete; no suspect identified,
54422473e5e3c0a4bbe4efaa5f1f84bdf5aba94aab5e5103bf2a497feb077b11,2024-05,Durham Constabulary,Durham Constabulary,-1.583856,54.700008,On or near Half Moon Lane,E01034501,County Durham 049E,Violence and sexual offences,Investigation complete; no suspect identified,
e44b2e1b01ed8bcf12a9ea3173054c514c47f665dc1dfc5e2de8652f2c3700d8,2024-05,Durham Constabulary,Durham Constabulary,-1.584902,54.700928,On or near Mount Pleasant Court,E01034501,County Durham 049E,Violence and sexual offences,Investigation complete; no suspect identified,
f44f2f25960412bd141854c5c3b9a3ba092765414e558b583caeeff872940b98,2024-05,Durham Constabulary,Durham Constabulary,-1.584902,54.700928,On or near Mount Pleasant Court,E01034501,County Durham 049E,Violence and sexual offences,Unable to prosecute suspect,
4bc130008e5eae32684a8d9a2ec92dd43ffff2dfcad9235b3f036035816d6c59,2024-05,Durham Constabulary,Durham Constabulary,-1.586874,54.700818,On or near Weardale Street,E01034501,County Durham 049E,Violence and sexual offences,Unable to prosecute suspect,
f8fe8ffbc542297b6135b882b2a5d797ce4eef15fbbc458e260bc42ac2b8c771,2024-05,Durham Constabulary,Durham Constabulary,-1.581460,54.702166,On or near The Spinney,E01034501,County Durham 049E,Violence and sexual offences,Unable to prosecute suspect,
cbda22774e12bd60f657fd9656c06748372202fabd20c0c894df6445b9213010,2024-05,Durham Constabulary,Durham Constabulary,-1.581460,54.702166,On or near The Spinney,E01034501,County Durham 049E,Violence and sexual offences,Under investigation,
357323ec8c93957a9087593cc0a95d2c3f8f96d61e449bca7866c120cdf52b1d,2024-05,Durham Constabulary,Durham Constabulary,-1.583983,54.701556,On or near Sports/Recreation Area,E01034501,County Durham 049E,Violence and sexual offences,Unable to prosecute suspect,
f8bc426c2f0e656a1555f0e8d4d20e17f148f933005772b3de271f41532ab872,2024-05,Durham Constabulary,Durham Constabulary,-1.584722,54.703390,On or near The Woodlands,E01034501,County Durham 049E,Other crime,Investigation complete; no suspect identified,
,2024-05,Durham Constabulary,Durham Constabulary,-1.573038,54.706216,On or near Harper Grove,E01034502,County Durham 049F,Anti-social behaviour,,
,2024-05,Durham Constabulary,Durham Constabulary,-1.570617,54.706217,On or near Arlington Way,E01034502,County Durham 049F,Anti-social behaviour,,
,2024-05,Durham Constabulary,Durham Constabulary,-1.570617,54.706217,On or near Arlington Way,E01034502,County Durham 049F,Anti-social behaviour,,
9d020070ad55bc8cd6fb6fc7437b84265af8dd1d1c20dbd65b3a4f5517ba9cf5,2024-05,Durham Constabulary,Durham Constabulary,-1.579411,54.705196,On or near Tolmie Close,E01034502,County Durham 049F,Criminal damage and arson,Investigation complete; no suspect identified,
33e190d91ea9d269b46844d67da24c438849936fc35bf858e128dbf7cae4ce12,2024-05,Durham Constabulary,Durham Constabulary,-1.579411,54.705196,On or near Tolmie Close,E01034502,County Durham 049F,Criminal damage and arson,Investigation complete; no suspect identified,
678b5188d9fc8ef24bdb8165e2da3863a9d7a4af42387afa4c148c2d59cffea7,2024-05,Durham Constabulary,Durham Constabulary,-1.570617,54.706217,On or near Arlington Way,E01034502,County Durham 049F,Criminal damage and arson,Investigation complete; no suspect identified,
b1577172a384b123ee622be3b41d8269f97d5574f100c942b5b6b4e887bdc7e3,2024-05,Durham Constabulary,Durham Constabulary,-1.579411,54.705196,On or near Tolmie Close,E01034502,County Durham 049F,Public order,Investigation complete; no suspect identified,
e8b1060fdb911f9c7b74a0326763b41144d659b882a1d58566b9ac4cb2d6cd7c,2024-05,Durham Constabulary,Durham Constabulary,-1.573753,54.707558,On or near Meadowfield Avenue,E01034502,County Durham 049F,Vehicle crime,Investigation complete; no suspect identified,
e23a04487091825b42afadf2549a61a0d679ebf8eff362ee518eec13dd7db6ba,2024-05,Durham Constabulary,Durham Constabulary,-1.579411,54.705196,On or near Tolmie Close,E01034502,County Durham 049F,Violence and sexual offences,Under investigation,
b4c8348daf89ae1b6d2fd6b58772649438ba158f0474f415eb0390ad10cfda63,2024-05,Durham Constabulary,Durham Constabulary,-1.577284,54.703832,On or near Watson Park,E01034502,County Durham 049F,Violence and sexual offences,Unable to prosecute suspect,
4d81bdc1b80857c0d566f903e8dc149de34886df430f1d210aed3341ea1e54e1,2024-05,Durham Constabulary,Durham Constabulary,-1.577284,54.703832,On or near Watson Park,E01034502,County Durham 049F,Violence and sexual offences,Unable to prosecute suspect,
ae99f65b354daa8564398241527d369fe6d1711f5233aa1c85e180d5f9b7a3de,2024-05,Durham Constabulary,Durham Constabulary,-1.577284,54.703832,On or near Watson Park,E01034502,County Durham 049F,Violence and sexual offences,Unable to prosecute suspect,
07d06341b156ecddcbdc57d6073f7a314246da9760f3bd033f35de86b3a1b014,2024-05,Durham Constabulary,Durham Constabulary,-1.579411,54.705196,On or near Tolmie Close,E01034502,County Durham 049F,Violence and sexual offences,Unable to prosecute suspect,
,2024-05,Durham Constabulary,Durham Constabulary,-1.520446,54.704681,On or near Barratt Way,E01020797,County Durham 050A,Anti-social behaviour,,
,2024-05,Durham Constabulary,Durham Constabulary,-1.520730,54.704259,On or near Bede Grove,E01020797,County Durham 050A,Anti-social behaviour,,
,2024-05,Durham Constabulary,Durham Constabulary,-1.520446,54.704681,On or near Barratt Way,E01020797,County Durham 050A,Anti-social behaviour,,
,2024-05,Durham Constabulary,Durham Constabulary,-1.522410,54.701327,On or near The Oaks,E01020797,County Durham 050A,Anti-social behaviour,,
,2024-05,Durham Constabulary,Durham Constabulary,-1.520446,54.704681,On or near Barratt Way,E01020797,County Durham 050A,Anti-social behaviour,,
,2024-05,Durham Constabulary,Durham Constabulary,-1.520446,54.704681,On or near Barratt Way,E01020797,County Durham 050A,Anti-social behaviour,,
c4e21df4d265054d9c9662345ea8256e576f1655002fe34f091f09f06dd1d4f1,2024-05,Durham Constabulary,Durham Constabulary,-1.520097,54.700051,On or near Birch Road,E01020797,County Durham 050A,Burglary,Investigation complete; no suspect identified,
8ce05e922a809b535927fc3f71bcbc85ca911a2c1e1b8e8e3f7f4bd012f2eeb0,2024-05,Durham Constabulary,Durham Constabulary,-1.524258,54.702503,On or near West Street,E01020797,County Durham 050A,Criminal damage and arson,Investigation complete; no suspect identified,
55ffbdea0150175c83f213d04a5745c17c38948a9bccd15de2b196d37d1e5631,2024-05,Durham Constabulary,Durham Constabulary,-1.520446,54.704681,On or near Barratt Way,E01020797,County Durham 050A,Criminal damage and arson,Unable to prosecute suspect,
c564d42e66f14407fdb11195d4b9c39598a23d7a9045ba3ebd3d08f278f71141,2024-05,Durham Constabulary,Durham Constabulary,-1.520097,54.700051,On or near Birch Road,E01020797,County Durham 050A,Criminal damage and arson,Investigation complete; no suspect identified,
5733223f97052549ff453668d61181c081c25dcf3d4934cffc4a2de60c79e05f,2024-05,Durham Constabulary,Durham Constabulary,-1.508880,54.698649,On or near Lichfield Road,E01020797,County Durham 050A,Criminal damage and arson,Investigation complete; no suspect identified,
bcdc287552a3102288087378a7f6726645bdbac585e4711858821f82f390395d,2024-05,Durham Constabulary,Durham Constabulary,-1.520097,54.700051,On or near Birch Road,E01020797,County Durham 050A,Criminal damage and arson,Investigation complete; no suspect identified,
fb73ca8a80ec9b9745a817414604a83229e0fe4be23515e3e0e3d5f8aaf41803,2024-05,Durham Constabulary,Durham Constabulary,-1.520446,54.704681,On or near Barratt Way,E01020797,County Durham 050A,Criminal damage and arson,Investigation complete; no suspect identified,
355a3afcaa62ab995d3498841862b3b83d86b61de735e828ac2745aed3faa597,2024-05,Durham Constabulary,Durham Constabulary,-1.514243,54.697835,On or near Stobb Cross Road,E01020797,County Durham 050A,Public order,Investigation complete; no suspect identified,
fc6ace17cfe9e1c7aab2ae5fab716f5cf7900413562dd3858e8e1c7328058331,2024-05,Durham Constabulary,Durham Constabulary,-1.520097,54.700051,On or near Birch Road,E01020797,County Durham 050A,Violence and sexual offences,Unable to prosecute suspect,
ee3cc96ffb3fb57519d877de7df21a3a3f6add6fdc933467a469e12e7255dd8c,2024-05,Durham Constabulary,Durham Constabulary,-1.509202,54.697680,On or near Salisbury Crescent,E01020797,County Durham 050A,Violence and sexual offences,Unable to prosecute suspect,
20b02bdd85b2b151cd4bdc630c6a7a7cbef65e75b0e7a2a007dac89a21e5b946,2024-05,Durham Constabulary,Durham Constabulary,-1.514232,54.701322,On or near Middleham Road,E01020797,County Durham 050A,Violence and sexual offences,Investigation complete; no suspect identified,
9a664a09cc0811ea06c7479b63c13a5fdc20eb081e67d87c45499a25738a3eaa,2024-05,Durham Constabulary,Durham Constabulary,-1.510540,54.698629,On or near The Oval,E01020797,County Durham 050A,Violence and sexual offences,Under investigation,
e7107b2a82c08e1e0fc5ad716f4ca174898df30b12ffea439aaef296f6567242,2024-05,Durham Constabulary,Durham Constabulary,-1.522146,54.702656,On or near Reading Street,E01020797,County Durham 050A,Violence and sexual offences,Unable to prosecute suspect,
aed6d47de6096f3184f69b32a30cfb5c9764f610aab9f3008b453470df8a46c4,2024-05,Durham Constabulary,Durham Constabulary,-1.522146,54.702656,On or near Reading Street,E01020797,County Durham 050A,Violence and sexual offences,Under investigation,
1966f2fd912424802b9c2ab0b334f02c927ed4c93f928d0f2642310a6dbffc38,2024-05,Durham Constabulary,Durham Constabulary,-1.522644,54.702497,On or near Parking Area,E01020797,County Durham 050A,Violence and sexual offences,Investigation complete; no suspect identified,
1c6d4ce45e746faaa5acf08d5ec06268747821e6ec2e9d715923cb1a414ef627,2024-05,Durham Constabulary,Durham Constabulary,-1.520446,54.704681,On or near Barratt Way,E01020797,County Durham 050A,Violence and sexual offences,Unable to prosecute suspect,
68225b1d900cee6a2a03bc22fbba7acc089c779af1f5a220897ac28fde8e8d26,2024-05,Durham Constabulary,Durham Constabulary,-1.510540,54.698629,On or near The Oval,E01020797,County Durham 050A,Violence and sexual offences,Unable to prosecute suspect,
de86c7e12075e64fdcb647aca264a83b1267030f0ca6d5af35f1748f7958a70e,2024-05,Durham Constabulary,Durham Constabulary,-1.515830,54.702640,On or near Vicarage Road,E01020797,County Durham 050A,Violence and sexual offences,Unable to prosecute suspect,
,2024-05,Durham Constabulary,Durham Constabulary,-1.540740,54.684476,On or near Lambton Road,E01020798,County Durham 050B,Anti-social behaviour,,
1535ffdad1d8cb927e31b9966203422719f9be36f971c38215b6c81ee632776f,2024-05,Durham Constabulary,Durham Constabulary,-1.539905,54.685552,On or near Skipton Close,E01020798,County Durham 050B,Burglary,Investigation complete; no suspect identified,
a077360e492e071a1b85e94c9d2dd6ec9cd0b12ad4d3bcb21fea04ee03b1f4a9,2024-05,Durham Constabulary,Durham Constabulary,-1.539532,54.688426,On or near De Ferie Court,E01020798,County Durham 050B,Criminal damage and arson,Investigation complete; no suspect identified,
a334cf2e4b00bec14b578b977946c1ab8bdc3d39faf3d8fd33ff2a85730e61e1,2024-05,Durham Constabulary,Durham Constabulary,-1.540190,54.686415,On or near Alnwick Close,E01020798,County Durham 050B,Other theft,Investigation complete; no suspect identified,
f9fbed0b2d47c94cad635c3170dad2810578a46ff7422f1ea3e77646d0be363d,2024-05,Durham Constabulary,Durham Constabulary,-1.539905,54.685552,On or near Skipton Close,E01020798,County Durham 050B,Public order,Offender given a caution,
1102a3bf8f91e4586cd18b9331a247bef1399d15c4524cdab6233016bd15d0b6,2024-05,Durham Constabulary,Durham Constabulary,-1.545846,54.689708,On or near Raby Road,E01020798,County Durham 050B,Violence and sexual offences,Unable to prosecute suspect,
fe921fb3122c16fb495a7498f3d6982253b74a979143b727304900c056f80950,2024-05,Durham Constabulary,Durham Constabulary,-1.542388,54.689623,On or near Ravensworth Road,E01020798,County Durham 050B,Violence and sexual offences,Unable to prosecute suspect,
25b100abf0c23a878111dee70d6a93707a51569a13f9257dd4d1d5f9ce525843,2024-05,Durham Constabulary,Durham Constabulary,-1.539905,54.685552,On or near Skipton Close,E01020798,County Durham 050B,Violence and sexual offences,Investigation complete; no suspect identified,
fc7fc45ca4da79046e68d0dc93f553b1024149cc2f7892973d86443664000083,2024-05,Durham Constabulary,Durham Constabulary,-1.539532,54.688426,On or near De Ferie Court,E01020798,County Durham 050B,Violence and sexual offences,Unable to prosecute suspect,
b4ba654f24a2ae35887bdb3b9e844c945f231d4cc8bc5b0207152588bd97d401,2024-05,Durham Constabulary,Durham Constabulary,-1.539532,54.688426,On or near De Ferie Court,E01020798,County Durham 050B,Violence and sexual offences,Under investigation,
b5191f35e85ef53a097404d2037cb15b2bde9641128c9265a19f982f2e0da20c,2024-05,Durham Constabulary,Durham Constabulary,-1.538696,54.688279,On or near Morpeth Close,E01020798,County Durham 050B,Violence and sexual offences,Unable to prosecute suspect,
5c88cac247acb9a11733536d0f5376478e8dbbf3f88665244d847b9991540256,2024-05,Durham Constabulary,Durham Constabulary,-1.545846,54.689708,On or near Raby Road,E01020798,County Durham 050B,Violence and sexual offences,Unable to prosecute suspect,
13e27fab428e33bad38b6c89816e8e78c38a16a33af81b4ff28108025405ea48,2024-05,Durham Constabulary,Durham Constabulary,-1.545846,54.689708,On or near Raby Road,E01020798,County Durham 050B,Violence and sexual offences,Unable to prosecute suspect,
3c3d69d72f2b9b9e9d1150ae18a4c4eed3fa7d12f777fca031f398befb54c4bb,2024-05,Durham Constabulary,Durham Constabulary,-1.538696,54.688279,On or near Morpeth Close,E01020798,County Durham 050B,Other crime,Unable to prosecute suspect,
,2024-05,Durham Constabulary,Durham Constabulary,-1.550267,54.686911,On or near Hawthorne Road,E01020799,County Durham 050C,Anti-social behaviour,,
,2024-05,Durham Constabulary,Durham Constabulary,-1.550843,54.688154,On or near Willow Road,E01020799,County Durham 050C,Anti-social behaviour,,
,2024-05,Durham Constabulary,Durham Constabulary,-1.549053,54.687311,On or near Broom Road,E01020799,County Durham 050C,Anti-social behaviour,,
,2024-05,Durham Constabulary,Durham Constabulary,-1.550843,54.688154,On or near Willow Road,E01020799,County Durham 050C,Anti-social behaviour,,
7cd505595edd835e14aa4b8eb46fc80cf99fbfc41ab146aedd431f209914c4de,2024-05,Durham Constabulary,Durham Constabulary,-1.551658,54.688840,On or near Chestnut Avenue,E01020799,County Durham 050C,Criminal damage and arson,Investigation complete; no suspect identified,
a8fb6d8639a0c6ee61b1dbf59d8e81b539900153c506c0c208e6c13915f74db4,2024-05,Durham Constabulary,Durham Constabulary,-1.549053,54.687311,On or near Broom Road,E01020799,County Durham 050C,Other theft,Investigation complete; no suspect identified,
ddd51eda1f8f2c482cf0739f0cae80ea17d31a183c5289189b8ede8cc984c3f7,2024-05,Durham Constabulary,Durham Constabulary,-1.551804,54.686791,On or near Lime Road,E01020799,County Durham 050C,Other theft,Investigation complete; no suspect identified,
e211107e50d0fbfd34d019dc84b553f29b77832e4b7d7b3d01f27d76c69ef9ca,2024-05,Durham Constabulary,Durham Constabulary,-1.551804,54.686791,On or near Lime Road,E01020799,County Durham 050C,Other theft,Investigation complete; no suspect identified,
338b91bd17ed10608f50fec9a1768d22a863e14449c87af32c0ab0c9e6222741,2024-05,Durham Constabulary,Durham Constabulary,-1.551804,54.686791,On or near Lime Road,E01020799,County Durham 050C,Violence and sexual offences,Local resolution,
3cbb7c5ba2480231582c5f3711dd8ecb24f76b8474cf5b8ede190185ca067070,2024-05,Durham Constabulary,Durham Constabulary,-1.549053,54.687311,On or near Broom Road,E01020799,County Durham 050C,Violence and sexual offences,Action to be taken by another organisation,
e4b43fd41fc5c91e3d70481801986c06c24caa1791aaaaf1d52e8160a60f0126,2024-05,Durham Constabulary,Durham Constabulary,-1.551658,54.688840,On or near Chestnut Avenue,E01020799,County Durham 050C,Violence and sexual offences,Investigation complete; no suspect identified,
7acee1f388f00c39453f352b3f1faa709c673ee8f5ce497882bbfa1e7955c2b7,2024-05,Durham Constabulary,Durham Constabulary,-1.548205,54.685439,On or near Beech Grove,E01020799,County Durham 050C,Violence and sexual offences,Unable to prosecute suspect,
e9d08c1fd5a942f98e9db73c28eddd8e0295646bf3bfe50fdf58630a472c1642,2024-05,Durham Constabulary,Durham Constabulary,-1.548205,54.685439,On or near Beech Grove,E01020799,County Durham 050C,Violence and sexual offences,Unable to prosecute suspect,
ab723111ff7a42f9a02786e7b6a8d0545bb3a4fc026b6e29aaac9d68d250cd21,2024-05,Durham Constabulary,Durham Constabulary,-1.550267,54.686911,On or near Hawthorne Road,E01020799,County Durham 050C,Violence and sexual offences,Unable to prosecute suspect,
d4d56326b879c4c63d560b8dc815c7bf975b6a8056769920843703dcc8632137,2024-05,Durham Constabulary,Durham Constabulary,-1.548205,54.685439,On or near Beech Grove,E01020799,County Durham 050C,Violence and sexual offences,Further investigation is not in the public interest,
151760ee58bea685c39c2172b53d1540a8fbd8807ab4f0a5f7b5bc638a2fb1ed,2024-05,Durham Constabulary,Durham Constabulary,-1.550843,54.688154,On or near Willow Road,E01020799,County Durham 050C,Other crime,Unable to prosecute suspect,
f320221cfb5f427cc49da0c708898f65b3a3aa6e4732b7e1c7340c3d63a0e496,2024-05,Durham Constabulary,Durham Constabulary,-1.548205,54.685439,On or near Beech Grove,E01020799,County Durham 050C,Other crime,Unable to prosecute suspect,
,2024-05,Durham Constabulary,Durham Constabulary,-1.553817,54.689962,On or near North Street,E01020808,County Durham 050D,Anti-social behaviour,,
,2024-05,Durham Constabulary,Durham Constabulary,-1.548356,54.691452,On or near Strawberry Lane,E01020808,County Durham 050D,Anti-social behaviour,,
,2024-05,Durham Constabulary,Durham Constabulary,-1.549950,54.693147,On or near Strawberry Lane,E01020808,County Durham 050D,Anti-social behaviour,,
,2024-05,Durham Constabulary,Durham Constabulary,-1.555018,54.689391,On or near Market Street,E01020808,County Durham 050D,Anti-social behaviour,,
07e13b0608f064d2ac7ea238a131e1d6f7fcb8d139875c2361cfd163af4f134d,2024-05,Durham Constabulary,Durham Constabulary,-1.554465,54.688913,On or near Church Road,E01020808,County Durham 050D,Burglary,Investigation complete; no suspect identified,
a26ef81d658707a53b0568d2355f29a28ed5de6fa9a7f3223badc3c3757a3dce,2024-05,Durham Constabulary,Durham Constabulary,-1.556838,54.688922,On or near Supermarket,E01020808,County Durham 050D,Criminal damage and arson,Offender given a caution,
4442d09d522cb78fcd6d265f7992daa937f4eec0f29e1593a2734cc4f5ff32c1,2024-05,Durham Constabulary,Durham Constabulary,-1.556838,54.688922,On or near Supermarket,E01020808,County Durham 050D,Criminal damage and arson,Unable to prosecute suspect,
47f5dfa8735a3105ac93d9a46c422693804493baceb19c3477a2ab391e49faf4,2024-05,Durham Constabulary,Durham Constabulary,-1.555246,54.687020,On or near Derwent Road,E01020808,County Durham 050D,Criminal damage and arson,Investigation complete; no suspect identified,
9ec12115f68795bddbd063156da884d20b8d7b1d66cf22ec533e8db0e270d749,2024-05,Durham Constabulary,Durham Constabulary,-1.557537,54.688852,On or near Main Street,E01020808,County Durham 050D,Criminal damage and arson,Investigation complete; no suspect identified,
20f511e85f7c44b60e1d2d0fb18731b15cd6b4bc97ac13e6b95cad9aa2e6ce42,2024-05,Durham Constabulary,Durham Constabulary,-1.556809,54.687304,On or near Dunning Road,E01020808,County Durham 050D,Criminal damage and arson,Investigation complete; no suspect identified,
b8fa68920df90149a451c9189224cdee36058a47a1db2f2143ca79b5d81e9b73,2024-05,Durham Constabulary,Durham Constabulary,-1.556838,54.688922,On or near Supermarket,E01020808,County Durham 050D,Criminal damage and arson,Investigation complete; no suspect identified,
e8a1bcfe1c991e73e94f29306b3d4abcdafc479d460ab08608f7d86790ba26de,2024-05,Durham Constabulary,Durham Constabulary,-1.557537,54.688852,On or near Main Street,E01020808,County Durham 050D,Criminal damage and arson,Further action is not in the public interest,
086cce4dc7d9418202a978cb1540f8e76e65331d6ddf1ab4c5931d7c75964f54,2024-05,Durham Constabulary,Durham Constabulary,-1.555018,54.689391,On or near Market Street,E01020808,County Durham 050D,Other theft,Investigation complete; no suspect identified,
9b4d45762c31f6ed1505c7387af9b51e6eb79ccffb7c5db30a922578a8555b5f,2024-05,Durham Constabulary,Durham Constabulary,-1.557537,54.688852,On or near Main Street,E01020808,County Durham 050D,Other theft,Investigation complete; no suspect identified,
72c9a0eb1caed41adf49133b939dd4ff8b53a113fc9406998761a89f8bb599f5,2024-05,Durham Constabulary,Durham Constabulary,-1.554465,54.688913,On or near Church Road,E01020808,County Durham 050D,Other theft,Investigation complete; no suspect identified,
4d38ee597e436a2bdaa7f71cad5e5b248e9561901b00ce2198e99ad914022c33,2024-05,Durham Constabulary,Durham Constabulary,-1.537485,54.708800,On or near Bridge Street,E01020808,County Durham 050D,Other theft,Investigation complete; no suspect identified,
552e6158cb27083190298b76dcaed4443c3a3a3880cf349962b176253d61103d,2024-05,Durham Constabulary,Durham Constabulary,-1.557537,54.688852,On or near Main Street,E01020808,County Durham 050D,Public order,Under investigation,
c42818b3140143daa9ec8a84f647b7fe3b67beba43b5cd23bb44f32e64377d64,2024-05,Durham Constabulary,Durham Constabulary,-1.556838,54.688922,On or near Supermarket,E01020808,County Durham 050D,Public order,Investigation complete; no suspect identified,
61268440ce2ff298b48229632df2945965df87f65849771f34c2aa1d47fe964f,2024-05,Durham Constabulary,Durham Constabulary,-1.556838,54.688922,On or near Supermarket,E01020808,County Durham 050D,Public order,Awaiting court outcome,
1ae05a912f0ca1d2d98ae994fab48413dd8e554d67437ebd9895a19dca8ebe9b,2024-05,Durham Constabulary,Durham Constabulary,-1.550784,54.690697,On or near Hallgarth Terrace,E01020808,County Durham 050D,Public order,Action to be taken by another organisation,
b5851b1c3bf095b6985700f127ddedbcaebf9917d7ec0de38df0d7710f889987,2024-05,Durham Constabulary,Durham Constabulary,-1.556648,54.687861,On or near Eamont Road,E01020808,County Durham 050D,Public order,Unable to prosecute suspect,
3814247bb220f5a9f22ed28a475f02d57b85fd163b7d0bebd0002e0d7a3e649d,2024-05,Durham Constabulary,Durham Constabulary,-1.557537,54.688852,On or near Main Street,E01020808,County Durham 050D,Public order,Unable to prosecute suspect,
3b32fa3e2d648cbb520e40e8a37937f9fe98e121ffd97ebb45bcbe5d011f0af9,2024-05,Durham Constabulary,Durham Constabulary,-1.556838,54.688922,On or near Supermarket,E01020808,County Durham 050D,Public order,Investigation complete; no suspect identified,
dbb7394ec486dfdc9ef35b165de8c7ff5f846ab4177b0126178932f55edbc743,2024-05,Durham Constabulary,Durham Constabulary,-1.556838,54.688922,On or near Supermarket,E01020808,County Durham 050D,Public order,Under investigation,
7e0b91265b84c313b5789148b9427303f0350bd990acbf437d9871d9555d4ca8,2024-05,Durham Constabulary,Durham Constabulary,-1.556838,54.688922,On or near Supermarket,E01020808,County Durham 050D,Shoplifting,Investigation complete; no suspect identified,
0a696a9d20fd9fa3cf00d2be75ac7338dc40593c9697047b7a3710f7083bf190,2024-05,Durham Constabulary,Durham Constabulary,-1.556838,54.688922,On or near Supermarket,E01020808,County Durham 050D,Shoplifting,Awaiting court outcome,
9522798ed70309ddfed9c8cbd8f2bf774742c4139f26370c2140efbd90198253,2024-05,Durham Constabulary,Durham Constabulary,-1.556838,54.688922,On or near Supermarket,E01020808,County Durham 050D,Shoplifting,Awaiting court outcome,
13bf9092d88a5b87ba45aca7ac05554fc5faf59dbc25898e207a9aa11bfbdd31,2024-05,Durham Constabulary,Durham Constabulary,-1.556838,54.688922,On or near Supermarket,E01020808,County Durham 050D,Shoplifting,Awaiting court outcome,
ebe9adfbb6444160b3314115465f0da00ea102e273d48464ad35e580c09179a8,2024-05,Durham Constabulary,Durham Constabulary,-1.556838,54.688922,On or near Supermarket,E01020808,County Durham 050D,Shoplifting,Awaiting court outcome,
504cb7eeafcf670b22f8f27225d330d513a46ebb2f25da2a204e37694e5804df,2024-05,Durham Constabulary,Durham Constabulary,-1.556838,54.688922,On or near Supermarket,E01020808,County Durham 050D,Shoplifting,Awaiting court outcome,
9ce49ed871496900341ebd8cf18dd3a73ef6dc21bf013c64706c22558109286d,2024-05,Durham Constabulary,Durham Constabulary,-1.556838,54.688922,On or near Supermarket,E01020808,County Durham 050D,Shoplifting,Awaiting court outcome,
af6c46107cbc2e8388eac65bab4af75b6f7f67edbf50493c3846dd352c302682,2024-05,Durham Constabulary,Durham Constabulary,-1.556838,54.688922,On or near Supermarket,E01020808,County Durham 050D,Shoplifting,Awaiting court outcome,
e381cf565af0081ad091c26749c49c4f5f48537a366fbb8f240ded043f6d7efa,2024-05,Durham Constabulary,Durham Constabulary,-1.556838,54.688922,On or near Supermarket,E01020808,County Durham 050D,Shoplifting,Investigation complete; no suspect identified,
77e05297574d50294422d0f44646fa225c3c5015ba9d15759b13e4ba3054a81e,2024-05,Durham Constabulary,Durham Constabulary,-1.556838,54.688922,On or near Supermarket,E01020808,County Durham 050D,Shoplifting,Awaiting court outcome,
334cb1cc36d1d9a2db532b3d5b1339dae9a589c0079c8984bb9805ee800aa563,2024-05,Durham Constabulary,Durham Constabulary,-1.556809,54.687304,On or near Dunning Road,E01020808,County Durham 050D,Vehicle crime,Unable to prosecute suspect,
3afb68aa471a464893620d4d09351c5ae40f2b0b3bd4cd2d583aac2341c6433e,2024-05,Durham Constabulary,Durham Constabulary,-1.556838,54.688922,On or near Supermarket,E01020808,County Durham 050D,Vehicle crime,Unable to prosecute suspect,
908c9210dc9ed717190541603c2a4667cd6c962d2bad9a45a07937e19c0e079c,2024-05,Durham Constabulary,Durham Constabulary,-1.555018,54.689391,On or near Market Street,E01020808,County Durham 050D,Violence and sexual offences,Unable to prosecute suspect,
d4174c05f17e81fbe4b4a2de8ed97983c2589e09549b14873dfa664337a9eb7a,2024-05,Durham Constabulary,Durham Constabulary,-1.556809,54.687304,On or near Dunning Road,E01020808,County Durham 050D,Violence and sexual offences,Under investigation,
021e1ab857aaabf631d43967d52997d4f125482d0c5fa27d3b33060b2d5ecccb,2024-05,Durham Constabulary,Durham Constabulary,-1.550784,54.690697,On or near Hallgarth Terrace,E01020808,County Durham 050D,Violence and sexual offences,Offender given a caution,
9da47d73ca82b71113e7120e07dc47147181f80de6d4a3340c118c5ecdf16568,2024-05,Durham Constabulary,Durham Constabulary,-1.556809,54.687304,On or near Dunning Road,E01020808,County Durham 050D,Violence and sexual offences,Unable to prosecute suspect,
65d31626bcf3f2c41c60e6c9df4c716697cfae2650175ca863f088f7e8fdb5e2,2024-05,Durham Constabulary,Durham Constabulary,-1.550784,54.690697,On or near Hallgarth Terrace,E01020808,County Durham 050D,Violence and sexual offences,Investigation complete; no suspect identified,
04abaf86725abc8ddd71796c8acacf2bb24baa6e38d5adae227f02283b3fbc39,2024-05,Durham Constabulary,Durham Constabulary,-1.549950,54.693147,On or near Strawberry Lane,E01020808,County Durham 050D,Violence and sexual offences,Unable to prosecute suspect,
6ded7a10cd279fa06cbcc54a37598a4814e288c7a715b2c7fd320117033352ee,2024-05,Durham Constabulary,Durham Constabulary,-1.555246,54.687020,On or near Derwent Road,E01020808,County Durham 050D,Violence and sexual offences,Unable to prosecute suspect,
8d4c0a41af4add665a697a0a5e8a285ee1cad5557e526498b925158bcd3bdc58,2024-05,Durham Constabulary,Durham Constabulary,-1.556838,54.688922,On or near Supermarket,E01020808,County Durham 050D,Other crime,Under investigation,
,2024-05,Durham Constabulary,Durham Constabulary,-1.625277,54.662219,On or near Malvern Walk,E01020873,County Durham 051A,Anti-social behaviour,,
,2024-05,Durham Constabulary,Durham Constabulary,-1.622199,54.664861,On or near Leeholme Road,E01020873,County Durham 051A,Anti-social behaviour,,
eeb9cb1c11ffc9766e7408fa3b90ccd381daf476754481387525c3bab181ce31,2024-05,Durham Constabulary,Durham Constabulary,-1.623639,54.661711,On or near Hambleton Road,E01020873,County Durham 051A,Burglary,Investigation complete; no suspect identified,
2231eac187dc23d4db05edb59e6b965526905b525aeb4c6213f97887bc6e54ec,2024-05,Durham Constabulary,Durham Constabulary,-1.623082,54.663282,On or near Chiltern Road,E01020873,County Durham 051A,Criminal damage and arson,Unable to prosecute suspect,
84b597cbdd683ecfb5c3174eca958c02de927ef6900c2233cf0f29a1744f3cd8,2024-05,Durham Constabulary,Durham Constabulary,-1.622199,54.664861,On or near Leeholme Road,E01020873,County Durham 051A,Public order,Investigation complete; no suspect identified,
eee8e0f6b5292ce605a8e4860c5d2407f0962302220ad1e8b0c5865dfd052667,2024-05,Durham Constabulary,Durham Constabulary,-1.625277,54.662219,On or near Malvern Walk,E01020873,County Durham 051A,Violence and sexual offences,Unable to prosecute suspect,
88a4957ce679f9fc55d84c830482b8a78842f8dca40eecc55b37796f21407e56,2024-05,Durham Constabulary,Durham Constabulary,-1.622412,54.665266,On or near Nottingham Street,E01020873,County Durham 051A,Violence and sexual offences,Under investigation,
4cbf1bed9caca51983ed29479aefa353ede8b51ea407069b40b9306aad3fff86,2024-05,Durham Constabulary,Durham Constabulary,-1.625277,54.662219,On or near Malvern Walk,E01020873,County Durham 051A,Violence and sexual offences,Unable to prosecute suspect,
6f56bb5abbb4c458457a4ec97730b411d83b1794408e95ea7504adce8ecdb9ed,2024-05,Durham Constabulary,Durham Constabulary,-1.623639,54.661711,On or near Hambleton Road,E01020873,County Durham 051A,Violence and sexual offences,Awaiting court outcome,
a2c6633000f2c47ff0867d281ca3ef8f272c160ce1198516d2e099dd62ba93eb,2024-05,Durham Constabulary,Durham Constabulary,-1.618040,54.665270,On or near Pembroke Street,E01020873,County Durham 051A,Violence and sexual offences,Investigation complete; no suspect identified,
dd413fa52c7ee2f53c410c7276236860eaea41b085d1b24a43e599891b7c747a,2024-05,Durham Constabulary,Durham Constabulary,-1.623806,54.665378,On or near Addison Road,E01020873,County Durham 051A,Violence and sexual offences,Investigation complete; no suspect identified,
546f98db1d30edf05b231878134a830c8b816adafeeddfaa4bd19106728e82fc,2024-05,Durham Constabulary,Durham Constabulary,-1.625450,54.667055,On or near Stainemore Terrace,E01020873,County Durham 051A,Violence and sexual offences,Investigation complete; no suspect identified,
c267bd8e37c7fe26e1bd77d9b0a70cb674c38c78f1f74b922feac7f13e71363b,2024-05,Durham Constabulary,Durham Constabulary,-1.623639,54.661711,On or near Hambleton Road,E01020873,County Durham 051A,Violence and sexual offences,Action to be taken by another organisation,
c6ec61bc767d957ddb2b2bc7c28e0c13cfcf18ccbcd9dd65d2651c31c3bc4e14,2024-05,Durham Constabulary,Durham Constabulary,-1.623806,54.665378,On or near Addison Road,E01020873,County Durham 051A,Violence and sexual offences,Investigation complete; no suspect identified,
,2024-05,Durham Constabulary,Durham Constabulary,-1.630407,54.664077,On or near Well Chare,E01020875,County Durham 051B,Anti-social behaviour,,
,2024-05,Durham Constabulary,Durham Constabulary,-1.683305,54.695797,On or near West View,E01020875,County Durham 051B,Anti-social behaviour,,
c6aa108cda574317b740559a4f02699deb71ce9117cd6543557cd3827cb3091e,2024-05,Durham Constabulary,Durham Constabulary,-1.608879,54.674803,On or near Parking Area,E01020875,County Durham 051B,Burglary,Investigation complete; no suspect identified,
e30a269d724868f3760d79ddc4ed957982c76fc47f3e92ba4053afca80df6723,2024-05,Durham Constabulary,Durham Constabulary,-1.626453,54.665899,On or near Westerton Road,E01020875,County Durham 051B,Criminal damage and arson,Investigation complete; no suspect identified,
05f9e1cf9d542218b53028be7b7ebdb807a867a6ce2b62b990739dc5e07eadea,2024-05,Durham Constabulary,Durham Constabulary,-1.650752,54.661720,On or near Durham Road,E01020875,County Durham 051B,Drugs,Offender given a caution,
75675ce64139ca8ba5253a61cc0d798a5381f8faab4c9421b7e4c55b1dedb596,2024-05,Durham Constabulary,Durham Constabulary,-1.647960,54.665460,On or near Petrol Station,E01020875,County Durham 051B,Other theft,Suspect charged as part of another case,
f7c1b0b120d6031ec902c70928cfa8ecca682ef2e417ed97a66e8fdc3cb31aec,2024-05,Durham Constabulary,Durham Constabulary,-1.680803,54.698244,On or near Primrose Hill,E01020875,County Durham 051B,Violence and sexual offences,Unable to prosecute suspect,
2a28b5f3216dcb1511cf81a62a47d558a11025d22e1bb692fb69cc9982c0cb78,2024-05,Durham Constabulary,Durham Constabulary,-1.647960,54.665460,On or near Petrol Station,E01020875,County Durham 051B,Violence and sexual offences,Unable to prosecute suspect,
1430f4b919705b1539dd739cd66714108454bb6210b65652e198058d177d4a77,2024-05,Durham Constabulary,Durham Constabulary,-1.629423,54.673465,On or near Westerton Heights,E01020875,County Durham 051B,Violence and sexual offences,Unable to prosecute suspect,
4f0c9dea429de120def73a3ff3cfa767d47e2488449336634acf20f3fd7f5da5,2024-05,Durham Constabulary,Durham Constabulary,-1.680803,54.698244,On or near Primrose Hill,E01020875,County Durham 051B,Violence and sexual offences,Unable to prosecute suspect,
8100c3f112fec6d3fec419951adad55e9613f57447e6b570d583a0ba2c98ef5f,2024-05,Durham Constabulary,Durham Constabulary,-1.647960,54.665460,On or near Petrol Station,E01020875,County Durham 051B,Violence and sexual offences,Unable to prosecute suspect,
835df0e4e936d57ddef9fcb7508ee49c98fae5d7a8a3957c4d950b8a25832ca1,2024-05,Durham Constabulary,Durham Constabulary,-1.631324,54.663793,On or near Wharton Street,E01020875,County Durham 051B,Violence and sexual offences,Unable to prosecute suspect,
3f5d8ff9cbc09c1c08ec66821fd795de315544f73168945ccf4f09ab16f579fe,2024-05,Durham Constabulary,Durham Constabulary,-1.647960,54.665460,On or near Petrol Station,E01020875,County Durham 051B,Violence and sexual offences,Unable to prosecute suspect,
,2024-05,Durham Constabulary,Durham Constabulary,-1.675826,54.709527,On or near Oak Avenue,E01020900,County Durham 051C,Anti-social behaviour,,
,2024-05,Durham Constabulary,Durham Constabulary,-1.682875,54.709168,On or near Kingsmead,E01020900,County Durham 051C,Anti-social behaviour,,
,2024-05,Durham Constabulary,Durham Constabulary,-1.687102,54.710473,On or near Rosemead Avenue,E01020900,County Durham 051C,Anti-social behaviour,,
,2024-05,Durham Constabulary,Durham Constabulary,-1.676611,54.714229,On or near Harvey Court,E01020900,County Durham 051C,Anti-social behaviour,,
,2024-05,Durham Constabulary,Durham Constabulary,-1.682875,54.709168,On or near Kingsmead,E01020900,County Durham 051C,Anti-social behaviour,,
99b17d6c4ceb94cb67d76a10ff85ba3658667443bf05f1a9726763c484975e6c,2024-05,Durham Constabulary,Durham Constabulary,-1.678417,54.705760,On or near Stony Bank,E01020900,County Durham 051C,Criminal damage and arson,Investigation complete; no suspect identified,
365709ffde2eb64480ce520409cc01375984ad05d7ca6da77521b35ecd32a99c,2024-05,Durham Constabulary,Durham Constabulary,-1.684916,54.710189,On or near Priory Gardens,E01020900,County Durham 051C,Criminal damage and arson,Unable to prosecute suspect,
d960e168ab97e3453ed6b42770f4ffd64d1feb78dc2581b51076ab16fd438432,2024-05,Durham Constabulary,Durham Constabulary,-1.673735,54.712909,On or near Brockwell Court,E01020900,County Durham 051C,Shoplifting,Local resolution,
3c299360ba26a1b0013997edccd0bf02098cad25a5ce1d69dd21ea614b4c3f1a,2024-05,Durham Constabulary,Durham Constabulary,-1.683553,54.709772,On or near Vicarage Gardens,E01020900,County Durham 051C,Vehicle crime,Awaiting court outcome,
b75c43214b5cb9cddea0ceeea6489f85e4fe94ba7b08541b2410b2e01a27a572,2024-05,Durham Constabulary,Durham Constabulary,-1.683553,54.709772,On or near Vicarage Gardens,E01020900,County Durham 051C,Vehicle crime,Investigation complete; no suspect identified,
444e39fb53b4e9ffb676c2b31c02f47f4728e1ad61b2e6dc7fbde1228a3c4a7c,2024-05,Durham Constabulary,Durham Constabulary,-1.672900,54.710508,On or near Ash Drive,E01020900,County Durham 051C,Violence and sexual offences,Further action is not in the public interest,
1eea6364b6e5ae0c12262419dc7b248b6308a416ff1e611cc413f871159ecd33,2024-05,Durham Constabulary,Durham Constabulary,-1.678976,54.711557,On or near Clement Way,E01020900,County Durham 051C,Violence and sexual offences,Investigation complete; no suspect identified,
4b6b8f868d61348fe5dea2f48bdd0eb8296725aec16219a8d4419f6d24200c6f,2024-05,Durham Constabulary,Durham Constabulary,-1.672900,54.710508,On or near Ash Drive,E01020900,County Durham 051C,Violence and sexual offences,Further action is not in the public interest,
7c2b9eb30ec596e1a2ca4fef627dd9be50598e10d35c9a9cab24dbd47eb4bffe,2024-05,Durham Constabulary,Durham Constabulary,-1.672900,54.710508,On or near Ash Drive,E01020900,County Durham 051C,Violence and sexual offences,Further action is not in the public interest,
6d1b1ae783ea74298de4e6c14bbb30549cfc875edc5891689ed96b6783689596,2024-05,Durham Constabulary,Durham Constabulary,-1.672900,54.710508,On or near Ash Drive,E01020900,County Durham 051C,Violence and sexual offences,Unable to prosecute suspect,
,2024-05,Durham Constabulary,Durham Constabulary,-1.690234,54.710895,On or near Wesley Street,E01020901,County Durham 051D,Anti-social behaviour,,
,2024-05,Durham Constabulary,Durham Constabulary,-1.690716,54.708593,On or near Sports/Recreation Area,E01020901,County Durham 051D,Anti-social behaviour,,
,2024-05,Durham Constabulary,Durham Constabulary,-1.693766,54.707713,On or near Chester Drive,E01020901,County Durham 051D,Anti-social behaviour,,
,2024-05,Durham Constabulary,Durham Constabulary,-1.690270,54.710257,On or near Commercial Street,E01020901,County Durham 051D,Anti-social behaviour,,
,2024-05,Durham Constabulary,Durham Constabulary,-1.690270,54.710257,On or near Commercial Street,E01020901,County Durham 051D,Anti-social behaviour,,
,2024-05,Durham Constabulary,Durham Constabulary,-1.690234,54.710895,On or near Wesley Street,E01020901,County Durham 051D,Anti-social behaviour,,
,2024-05,Durham Constabulary,Durham Constabulary,-1.690234,54.710895,On or near Wesley Street,E01020901,County Durham 051D,Anti-social behaviour,,
,2024-05,Durham Constabulary,Durham Constabulary,-1.693766,54.707713,On or near Chester Drive,E01020901,County Durham 051D,Anti-social behaviour,,
,2024-05,Durham Constabulary,Durham Constabulary,-1.690270,54.710257,On or near Commercial Street,E01020901,County Durham 051D,Anti-social behaviour,,
,2024-05,Durham Constabulary,Durham Constabulary,-1.691134,54.710861,On or near Russel'S Yard,E01020901,County Durham 051D,Anti-social behaviour,,
891391aef468c009e8acdada899b2f47ee6f7daa4a2ceb1a34d30b9360a83dc3,2024-05,Durham Constabulary,Durham Constabulary,-1.690716,54.708593,On or near Sports/Recreation Area,E01020901,County Durham 051D,Burglary,Investigation complete; no suspect identified,
cd000d06b3807bdd0ad6add726a00f48aeaec4e17f52636995806f929aaf3e79,2024-05,Durham Constabulary,Durham Constabulary,-1.691658,54.711429,On or near Lydia Street,E01020901,County Durham 051D,Criminal damage and arson,Unable to prosecute suspect,
fa0cb3ed02c98a77d1f14ee93d6be1df46407ae4561c354699f81fe273f93ab7,2024-05,Durham Constabulary,Durham Constabulary,-1.693766,54.707713,On or near Chester Drive,E01020901,County Durham 051D,Criminal damage and arson,Investigation complete; no suspect identified,
a3249481f2fdbee28dca0f8d9050fdd34c2de1cff561f25ae4ea129afacac9a9,2024-05,Durham Constabulary,Durham Constabulary,-1.691821,54.710422,On or near Bridge End,E01020901,County Durham 051D,Public order,Unable to prosecute suspect,
c23a72c4799a45a76b5745bfd78a01e28a8f00891dcf8ea022acb8e251b19284,2024-05,Durham Constabulary,Durham Constabulary,-1.690234,54.710895,On or near Wesley Street,E01020901,County Durham 051D,Public order,Under investigation,
70e41129eba1409f5e5d13cb5b46b64ac40672c6e261e9a49fe573b698c4cd96,2024-05,Durham Constabulary,Durham Constabulary,-1.691658,54.711429,On or near Lydia Street,E01020901,County Durham 051D,Public order,Unable to prosecute suspect,
37a66871740784f864dfddbba5f22a2ef56475b7a3bc14e4d4c4bc1864c666aa,2024-05,Durham Constabulary,Durham Constabulary,-1.690716,54.708593,On or near Sports/Recreation Area,E01020901,County Durham 051D,Vehicle crime,Under investigation,
7b943509470a8f7c879eebf922768a214c607c3b04d6b6afceb5115e37c9ae7a,2024-05,Durham Constabulary,Durham Constabulary,-1.690270,54.710257,On or near Commercial Street,E01020901,County Durham 051D,Violence and sexual offences,Unable to prosecute suspect,
207f787759220052d7d0366aebdb894e635bba04281b6f317495b4e8b397c486,2024-05,Durham Constabulary,Durham Constabulary,-1.690234,54.710895,On or near Wesley Street,E01020901,County Durham 051D,Violence and sexual offences,Unable to prosecute suspect,
46eecca3ce8c64d5deac0f9307ab4e92ff40ce9d5bcf12834ff2e0e118863395,2024-05,Durham Constabulary,Durham Constabulary,-1.690716,54.708593,On or near Sports/Recreation Area,E01020901,County Durham 051D,Violence and sexual offences,Local resolution,
0f794a4adb5c93fc3773c11412ec741ad3c3521d4383bc1333a659c7f6feb00f,2024-05,Durham Constabulary,Durham Constabulary,-1.690270,54.710257,On or near Commercial Street,E01020901,County Durham 051D,Violence and sexual offences,Unable to prosecute suspect,
3656f4fb58d36263238fcd2cb97a454ce90b6a56dc1378ad716be17e0d50a6cb,2024-05,Durham Constabulary,Durham Constabulary,-1.690270,54.710257,On or near Commercial Street,E01020901,County Durham 051D,Violence and sexual offences,Unable to prosecute suspect,
9832e183eeb8014b3870ac43d36f7bce4f6a4f5775e939c00652d49bf78612c0,2024-05,Durham Constabulary,Durham Constabulary,-1.690270,54.710257,On or near Commercial Street,E01020901,County Durham 051D,Violence and sexual offences,Unable to prosecute suspect,
2bd2b5f46f20c61fb0fd920a5a0a1b86461dd1c5008cbe554673d8bf5cd630fb,2024-05,Durham Constabulary,Durham Constabulary,-1.690270,54.710257,On or near Commercial Street,E01020901,County Durham 051D,Violence and sexual offences,Investigation complete; no suspect identified,
11e46c207a90c31a115226ce4fb089b54b2e47da7ae9b29a1a15f1d48d6c103f,2024-05,Durham Constabulary,Durham Constabulary,-1.693766,54.707713,On or near Chester Drive,E01020901,County Durham 051D,Violence and sexual offences,Awaiting court outcome,
3792f9e896f6c70f876099459df6ee308f585eb7b59244f7c5b87b00008e7f33,2024-05,Durham Constabulary,Durham Constabulary,-1.691658,54.711429,On or near Lydia Street,E01020901,County Durham 051D,Violence and sexual offences,Unable to prosecute suspect,
8b06a55dae66632e3356934ebbd15a05821f89394247549121e5ef5842f514c1,2024-05,Durham Constabulary,Durham Constabulary,-1.690234,54.710895,On or near Wesley Street,E01020901,County Durham 051D,Violence and sexual offences,Awaiting court outcome,
69177ebff6cc01b5ff7188c0e20c554ec46baddc5b111e338cf37a0126efcec7,2024-05,Durham Constabulary,Durham Constabulary,-1.690234,54.710895,On or near Wesley Street,E01020901,County Durham 051D,Violence and sexual offences,Further investigation is not in the public interest,
8fd488bdfc5daf4c18fbaa6f5e68adbb399906409a575fe1752e4d58357dab99,2024-05,Durham Constabulary,Durham Constabulary,-1.690716,54.708593,On or near Sports/Recreation Area,E01020901,County Durham 051D,Violence and sexual offences,Unable to prosecute suspect,
d364d3f45bc4d1f1248516aa8ebe91a399d0f7e7f1defb07f1547832b36640f9,2024-05,Durham Constabulary,Durham Constabulary,-1.691134,54.710861,On or near Russel'S Yard,E01020901,County Durham 051D,Violence and sexual offences,Under investigation,
b862fa77f9f68b98d1cca41cf10a0048ebee8c77d3a4a1b7facb50569c9865e3,2024-05,Durham Constabulary,Durham Constabulary,-1.690716,54.708593,On or near Sports/Recreation Area,E01020901,County Durham 051D,Violence and sexual offences,Unable to prosecute suspect,
c3ef4058599b552aa4072743ffcd0d9bdece56043244f8ca6dda267e25865d3e,2024-05,Durham Constabulary,Durham Constabulary,-1.693766,54.707713,On or near Chester Drive,E01020901,County Durham 051D,Violence and sexual offences,Unable to prosecute suspect,
,2024-05,Durham Constabulary,Durham Constabulary,-1.695882,54.704861,On or near Dovedale Avenue,E01020902,County Durham 051E,Anti-social behaviour,,
,2024-05,Durham Constabulary,Durham Constabulary,-1.697033,54.702402,On or near South Street,E01020902,County Durham 051E,Anti-social behaviour,,
,2024-05,Durham Constabulary,Durham Constabulary,-1.695746,54.704438,On or near Chester Drive,E01020902,County Durham 051E,Anti-social behaviour,,
,2024-05,Durham Constabulary,Durham Constabulary,-1.695153,54.706899,On or near Canterbury Crescent,E01020902,County Durham 051E,Anti-social behaviour,,
35a6f081ae1c00ed9b42b1b6622dfa30d39704df5e5b7f82d6ba6b6cc07b4687,2024-05,Durham Constabulary,Durham Constabulary,-1.697524,54.705287,On or near Dovedale Avenue,E01020902,County Durham 051E,Burglary,Investigation complete; no suspect identified,
6c02500bbea04950ad43abea8e0a81ed813a0f358a6b017e2a463752f146a7df,2024-05,Durham Constabulary,Durham Constabulary,-1.699114,54.704294,On or near Moorland Close,E01020902,County Durham 051E,Burglary,Investigation complete; no suspect identified,
0aaed9e2958b79b799650b7755fb601448ffb08979e858768e7c122d57b24446,2024-05,Durham Constabulary,Durham Constabulary,-1.697524,54.705287,On or near Dovedale Avenue,E01020902,County Durham 051E,Burglary,Unable to prosecute suspect,
0d6aaa8c12185cbf29e6994c724de02b5fa57899aeda433ca3c791eb0faf84ce,2024-05,Durham Constabulary,Durham Constabulary,-1.695882,54.704861,On or near Dovedale Avenue,E01020902,County Durham 051E,Burglary,Formal action is not in the public interest,
994b7c5cce667d5eee3aa897091e7ae87b84935177a3b75003b62c99d53d1bf3,2024-05,Durham Constabulary,Durham Constabulary,-1.695882,54.704861,On or near Dovedale Avenue,E01020902,County Durham 051E,Burglary,Awaiting court outcome,
4c8549d132491875d4f7be0e60ac455c3f6916a1499db39043d384b4e087a1ac,2024-05,Durham Constabulary,Durham Constabulary,-1.703242,54.704313,On or near Saxby Drive,E01020902,County Durham 051E,Criminal damage and arson,Unable to prosecute suspect,
ebd48081e7a1b8c55e1e043ef86e9f92f7efe90e1f4f9f5b4f180945d9707d4e,2024-05,Durham Constabulary,Durham Constabulary,-1.699114,54.704294,On or near Moorland Close,E01020902,County Durham 051E,Criminal damage and arson,Awaiting court outcome,
48bbf47e12afa30fe411b2403a2eb173c46e27913eef77ba087c011fad7dc328,2024-05,Durham Constabulary,Durham Constabulary,-1.707757,54.706535,On or near St John'S Gardens,E01020902,County Durham 051E,Criminal damage and arson,Further action is not in the public interest,
0ce9b2e4a436cf815a1dc8db32170908d0df48527558ae368e026af2eb0797b3,2024-05,Durham Constabulary,Durham Constabulary,-1.697036,54.704064,On or near Rockingham Road,E01020902,County Durham 051E,Criminal damage and arson,Local resolution,
aa72d9b25e8630b64c8d9fd05580b4f5e37124ed2ef6f97e28a9a28f7036701f,2024-05,Durham Constabulary,Durham Constabulary,-1.695153,54.706899,On or near Canterbury Crescent,E01020902,County Durham 051E,Public order,Investigation complete; no suspect identified,
884a44fa94eb19bb202e66789f362fd95c192fc3f828db73c9c8b5e8f94add06,2024-05,Durham Constabulary,Durham Constabulary,-1.695402,54.704680,On or near Chester Drive,E01020902,County Durham 051E,Public order,Unable to prosecute suspect,
ce18ac4ab815346df6559f3f7f0cab86af00c2818f8e0290399ba2e3727940d1,2024-05,Durham Constabulary,Durham Constabulary,-1.701051,54.704739,On or near Bridge Street,E01020902,County Durham 051E,Vehicle crime,Investigation complete; no suspect identified,
253cabe31f2df04fdabed7636c0452f1e0ac04c5ac7189cd2ff698c757fbbcfc,2024-05,Durham Constabulary,Durham Constabulary,-1.695153,54.706899,On or near Canterbury Crescent,E01020902,County Durham 051E,Vehicle crime,Investigation complete; no suspect identified,
9fcf2c55bff6f92fb37c384edb9380b9e198974662a2e007b827a1014df9b96a,2024-05,Durham Constabulary,Durham Constabulary,-1.697033,54.702402,On or near South Street,E01020902,County Durham 051E,Violence and sexual offences,Unable to prosecute suspect,
e17e2dc85595d3507b53eeff3465c6395ef8a7690e957a78661c9d7cb8c906e5,2024-05,Durham Constabulary,Durham Constabulary,-1.695882,54.704861,On or near Dovedale Avenue,E01020902,County Durham 051E,Violence and sexual offences,Unable to prosecute suspect,
724fee8099b31c95e9cda386c7a2fbdb7b8401aec69a49367adc65e046b2bdaf,2024-05,Durham Constabulary,Durham Constabulary,-1.704428,54.705565,On or near Parking Area,E01020902,County Durham 051E,Violence and sexual offences,Unable to prosecute suspect,
544b483f38d9a08896587950fe2fb8f000c4503b067a685058132b7b4063030a,2024-05,Durham Constabulary,Durham Constabulary,-1.697076,54.705053,On or near Dovedale Avenue,E01020902,County Durham 051E,Violence and sexual offences,Investigation complete; no suspect identified,
735878206bd60a6609c703196563f0d8d216495edaec9f6dc2370bd47cf1565e,2024-05,Durham Constabulary,Durham Constabulary,-1.701051,54.704739,On or near Bridge Street,E01020902,County Durham 051E,Violence and sexual offences,Further action is not in the public interest,
218a2233536949deb6819b7875c99df24bd77c940797fb0cd61607508d4123ef,2024-05,Durham Constabulary,Durham Constabulary,-1.699114,54.704294,On or near Moorland Close,E01020902,County Durham 051E,Violence and sexual offences,Awaiting court outcome,
98467d2cc5ab318ec8a862da35b429357aa7c7ac2bda5b28f58d96e0e080b592,2024-05,Durham Constabulary,Durham Constabulary,-1.698918,54.703512,On or near Front Street,E01020902,County Durham 051E,Violence and sexual offences,Further investigation is not in the public interest,
4990a7926a1e7d070eac609ee1fa1e185230e13de1db02f4ffb9b9b697c41dc4,2024-05,Durham Constabulary,Durham Constabulary,-1.706367,54.705624,On or near Clifton Green,E01020902,County Durham 051E,Violence and sexual offences,Local resolution,
3aa376b767db00dba11d672f232d96beae4285d8144f9a8c4e136834f64ef264,2024-05,Durham Constabulary,Durham Constabulary,-1.701051,54.704739,On or near Bridge Street,E01020902,County Durham 051E,Violence and sexual offences,Unable to prosecute suspect,
c324ea07dc876612fbf83acee5036258273ab71b3e03a5827ebaef734bd951bd,2024-05,Durham Constabulary,Durham Constabulary,-1.707757,54.706535,On or near St John'S Gardens,E01020902,County Durham 051E,Violence and sexual offences,Local resolution,
b0dd108b166c69997508cb9f8e36a372622cc8ba656899f802ec3943d1314734,2024-05,Durham Constabulary,Durham Constabulary,-1.698918,54.703512,On or near Front Street,E01020902,County Durham 051E,Other crime,Further investigation is not in the public interest,
7f86cf2c813b4a1bebc59624b87b4a4e10ef017cd1bb156b39afc57d70a03954,2024-05,Durham Constabulary,Durham Constabulary,-1.695882,54.704861,On or near Dovedale Avenue,E01020902,County Durham 051E,Other crime,Unable to prosecute suspect,
,2024-05,Durham Constabulary,Durham Constabulary,-1.655446,54.702416,On or near Shafto Street,E01020821,County Durham 052A,Anti-social behaviour,,
d8a8250103035ba6c64d2de065e46ddc0dff34ee0e1ab477e3f5a3cf5abe0091,2024-05,Durham Constabulary,Durham Constabulary,-1.652936,54.700082,On or near Wilkinson Street,E01020821,County Durham 052A,Burglary,Unable to prosecute suspect,
c938b47180fc5b5cb815cf137379a572829fdc44ae26b49f009f2f62bfc5e129,2024-05,Durham Constabulary,Durham Constabulary,-1.657079,54.701981,On or near Green Rise,E01020821,County Durham 052A,Public order,Unable to prosecute suspect,
eda4f3afc49cd08a45db7b566ee5e136c9f92afddfc8c9875b138771483151ff,2024-05,Durham Constabulary,Durham Constabulary,-1.656445,54.701700,On or near Institute Street,E01020821,County Durham 052A,Public order,Unable to prosecute suspect,
bcf5452dbcd5039ca13c44d18d62163fa0bfab72f652e8ad4592901b97a7989a,2024-05,Durham Constabulary,Durham Constabulary,-1.655951,54.701447,On or near Warwick Gardens,E01020821,County Durham 052A,Public order,Unable to prosecute suspect,
b9e87c209d9e923a9662b6a130390cbff25a9d0a858ed286fc000d5944ca58b4,2024-05,Durham Constabulary,Durham Constabulary,-1.658798,54.702318,On or near Bonnie Grove,E01020821,County Durham 052A,Violence and sexual offences,Unable to prosecute suspect,
699730ed4f4c4e80b1ea176edf002172beaf54b97917cad2aedcdd37f2cbcf23,2024-05,Durham Constabulary,Durham Constabulary,-1.654500,54.702360,On or near North Street,E01020821,County Durham 052A,Violence and sexual offences,Unable to prosecute suspect,
9418479367ac4d890be8ca9600e599b94ea2b90c33d70be704b53e23c5505793,2024-05,Durham Constabulary,Durham Constabulary,-1.657079,54.701981,On or near Green Rise,E01020821,County Durham 052A,Violence and sexual offences,Investigation complete; no suspect identified,
,2024-05,Durham Constabulary,Durham Constabulary,-1.624616,54.686832,On or near Watson Street,E01020822,County Durham 052B,Anti-social behaviour,,
,2024-05,Durham Constabulary,Durham Constabulary,-1.625232,54.685657,On or near Castlegarth,E01020822,County Durham 052B,Anti-social behaviour,,
c62912b8965ab7b1ef79ed921728e5ce471d7fb7e1c07fc70dda104b85cbba45,2024-05,Durham Constabulary,Durham Constabulary,-1.585389,54.695781,On or near Bell Road,E01020822,County Durham 052B,Burglary,Awaiting court outcome,
fb9b04824babe039bd8eb0e5bcbfff829be8160f35b6cf5dfa0a5960fa92319d,2024-05,Durham Constabulary,Durham Constabulary,-1.617325,54.686944,On or near South View,E01020822,County Durham 052B,Criminal damage and arson,Investigation complete; no suspect identified,
fa4889dfb9202ceff91de1745c35d366427d6dbd24c0690412caf42f51e81dd2,2024-05,Durham Constabulary,Durham Constabulary,-1.625232,54.685657,On or near Castlegarth,E01020822,County Durham 052B,Public order,Investigation complete; no suspect identified,
f448d6fff1c2a4357938a18a2d080752cd5ed7dec0f68cf9943961c6480ec777,2024-05,Durham Constabulary,Durham Constabulary,-1.592855,54.676862,On or near Hallgarth,E01020822,County Durham 052B,Public order,Unable to prosecute suspect,
853786a79ad74e81e008f4c4cbf0b390fd51a02294dab4aa60078127f4c3fdd5,2024-05,Durham Constabulary,Durham Constabulary,-1.617325,54.686944,On or near South View,E01020822,County Durham 052B,Violence and sexual offences,Under investigation,
f5e1c828676f712699e95d8f6ada73f272baeb0ed746f1ee595942a296fe13b4,2024-05,Durham Constabulary,Durham Constabulary,-1.592855,54.676862,On or near Hallgarth,E01020822,County Durham 052B,Violence and sexual offences,Unable to prosecute suspect,
05bb23faea5cfc363ca4df98fb00fc55515714aa1376943c9bb6f720abf9f747,2024-05,Durham Constabulary,Durham Constabulary,-1.624616,54.686832,On or near Watson Street,E01020822,County Durham 052B,Violence and sexual offences,Under investigation,
,2024-05,Durham Constabulary,Durham Constabulary,-1.617661,54.689075,On or near Moorside,E01020823,County Durham 052C,Anti-social behaviour,,
0afaf272b4eeba04c6c2ff0ff1ed97e2a0a3b1af231f80c3d93c6de633eded76,2024-05,Durham Constabulary,Durham Constabulary,-1.610418,54.690579,On or near Rock Road,E01020823,County Durham 052C,Bicycle theft,Investigation complete; no suspect identified,
696db8371a87a2703ca26c46ce669fbcbc22922e8528e8906ad001bb4db29cda,2024-05,Durham Constabulary,Durham Constabulary,-1.617661,54.689075,On or near Moorside,E01020823,County Durham 052C,Criminal damage and arson,Unable to prosecute suspect,
207175d1611c09f691def0d5c1d6ff086ff4bb33b1281213a904de4a54f9882f,2024-05,Durham Constabulary,Durham Constabulary,-1.615397,54.689086,On or near Thorn Close,E01020823,County Durham 052C,Drugs,Under investigation,
524b0d5d157d5dfb79ea7210895c8f698f406265e5b4cfbee7f5dcd1a77efcee,2024-05,Durham Constabulary,Durham Constabulary,-1.615397,54.689086,On or near Thorn Close,E01020823,County Durham 052C,Other theft,Investigation complete; no suspect identified,
d01ef9ad75044763ecc03c3dffc714cb7957f9d5602e1416f6fbf5ac098ff9c0,2024-05,Durham Constabulary,Durham Constabulary,-1.615397,54.689086,On or near Thorn Close,E01020823,County Durham 052C,Public order,Unable to prosecute suspect,
29ff1841d0806cf20adc4d8375e888f3174c7141c92dc1b0d4cafac7dab30a5d,2024-05,Durham Constabulary,Durham Constabulary,-1.615667,54.688323,On or near Fern Grove,E01020823,County Durham 052C,Public order,Unable to prosecute suspect,
e1d45673d62b853acd3608b56b80959d68bf7c72303eb105e9158932dbe16e33,2024-05,Durham Constabulary,Durham Constabulary,-1.615417,54.690227,On or near Central Drive,E01020823,County Durham 052C,Vehicle crime,Investigation complete; no suspect identified,
83d9794fdbbad8176be59f7c0c3da12ef27e3c6c1c56277baf4ec02f3aa83c3a,2024-05,Durham Constabulary,Durham Constabulary,-1.617464,54.690314,On or near Briar Close,E01020823,County Durham 052C,Vehicle crime,Unable to prosecute suspect,
1a0d1f31fee035cf8689951997109dabd1851187f0f88dad14d156a386718d31,2024-05,Durham Constabulary,Durham Constabulary,-1.622692,54.688614,On or near Bellburn Way,E01020823,County Durham 052C,Violence and sexual offences,Investigation complete; no suspect identified,
74bd0e8be23b57d4c56e797bf5cfb2cdabe7ac4127c2a9e52e0c8e50da9ebc31,2024-05,Durham Constabulary,Durham Constabulary,-1.615591,54.691477,On or near Hawthorn Road,E01020823,County Durham 052C,Violence and sexual offences,Awaiting court outcome,
99f1205cb66ca0ff4ff17a51ed7bd7567daadeb9cce30f2d0ff9610847d35153,2024-05,Durham Constabulary,Durham Constabulary,-1.620334,54.686980,On or near Highcroft,E01020823,County Durham 052C,Violence and sexual offences,Unable to prosecute suspect,
9d6025bf5bca8ba706fdae3dde245abc69df1b96372a7f3e6fa31ee7277d77f5,2024-05,Durham Constabulary,Durham Constabulary,-1.617996,54.689840,On or near North Drive,E01020823,County Durham 052C,Violence and sexual offences,Unable to prosecute suspect,
ad5ddfac45a2ce6e520753cea993ca40000196fd3b61d818bd720d38e38aef18,2024-05,Durham Constabulary,Durham Constabulary,-1.617661,54.689075,On or near Moorside,E01020823,County Durham 052C,Violence and sexual offences,Unable to prosecute suspect,
cfcb088c835a56f7d219ea468ed42042120cc09adaa74cc6ef2325018062253a,2024-05,Durham Constabulary,Durham Constabulary,-1.615397,54.689086,On or near Thorn Close,E01020823,County Durham 052C,Violence and sexual offences,Awaiting court outcome,
bf3dd302fe9a99ccda62d10519d44ec424f10b6a64b8f3edb0bfbdeb7a84c8ce,2024-05,Durham Constabulary,Durham Constabulary,-1.617464,54.690314,On or near Briar Close,E01020823,County Durham 052C,Violence and sexual offences,Unable to prosecute suspect,
5e9c3fa7dd7b537444d7551b447def3570ec00b5aaa9bc97e666600896b720c1,2024-05,Durham Constabulary,Durham Constabulary,-1.615397,54.689086,On or near Thorn Close,E01020823,County Durham 052C,Violence and sexual offences,Awaiting court outcome,
92097502c65658ee9c2d0fb554c8eeff58ff37ce68c1e4557bc314bcb1f1be24,2024-05,Durham Constabulary,Durham Constabulary,-1.615397,54.689086,On or near Thorn Close,E01020823,County Durham 052C,Violence and sexual offences,Awaiting court outcome,
9397121218d0fa000f9976c322d4e8eae000f904efe0d037b0ed71826214ac42,2024-05,Durham Constabulary,Durham Constabulary,-1.615591,54.691477,On or near Hawthorn Road,E01020823,County Durham 052C,Violence and sexual offences,Unable to prosecute suspect,
63e845056f716e77daeb3b37a8c79ec8bf0df96f70410a2d8dfa38c248f2f9fb,2024-05,Durham Constabulary,Durham Constabulary,-1.615397,54.689086,On or near Thorn Close,E01020823,County Durham 052C,Other crime,Unable to prosecute suspect,
,2024-05,Durham Constabulary,Durham Constabulary,-1.607209,54.695161,On or near Villa Street,E01020835,County Durham 052D,Anti-social behaviour,,
,2024-05,Durham Constabulary,Durham Constabulary,-1.606224,54.695940,On or near Craddock Street,E01020835,County Durham 052D,Anti-social behaviour,,
277b876a4326765ab5ecb408cbcf848fc92d55bba530c560f571c70098d89f4c,2024-05,Durham Constabulary,Durham Constabulary,-1.607235,54.697273,On or near Rosa Street,E01020835,County Durham 052D,Burglary,Investigation complete; no suspect identified,
2c24382ed648e598ccb70883ac1f0e1ddf4f8a997a66fda0baa8c9a83d818082,2024-05,Durham Constabulary,Durham Constabulary,-1.603625,54.696839,On or near Clarence Street,E01020835,County Durham 052D,Burglary,Unable to prosecute suspect,
3eb6f370ec870891610a914607cdcd65bef791d1b8f083fa2552402fd6c12c7c,2024-05,Durham Constabulary,Durham Constabulary,-1.603625,54.696839,On or near Clarence Street,E01020835,County Durham 052D,Other theft,Local resolution,
6f316381a321f25b76c9b2e9dbc05760fe453d74fac8b5fb2d98fdc60db644b0,2024-05,Durham Constabulary,Durham Constabulary,-1.609923,54.695323,On or near Belle Vue Street,E01020835,County Durham 052D,Possession of weapons,Awaiting court outcome,
a8ad08e13dfe4e2dffc2668e80f1385324932e298b4c424e777499c62e3de347,2024-05,Durham Constabulary,Durham Constabulary,-1.604810,54.696214,On or near Drake Street,E01020835,County Durham 052D,Public order,Unable to prosecute suspect,
1f6c62f9fa56863790e8b6603038c992272521ec98d4aaed1145b0cbd9832ae1,2024-05,Durham Constabulary,Durham Constabulary,-1.606152,54.696991,On or near Princess Street,E01020835,County Durham 052D,Public order,Unable to prosecute suspect,
a29a39aa3d88cd80c265f3c5547a84aafb00238a5e195ff36ec4fb192f2c50a2,2024-05,Durham Constabulary,Durham Constabulary,-1.604301,54.695907,On or near South Street,E01020835,County Durham 052D,Public order,Unable to prosecute suspect,
d40376c04d558b55962d2a5337d492e7d0fb6fc0a9d76cde8b33a07f7715e56c,2024-05,Durham Constabulary,Durham Constabulary,-1.607235,54.697273,On or near Rosa Street,E01020835,County Durham 052D,Robbery,Awaiting court outcome,
b36b7cf14f85204be882dfd6dbd75525abcdab7a5d6ba5894f02493fdcdec031,2024-05,Durham Constabulary,Durham Constabulary,-1.606152,54.696991,On or near Princess Street,E01020835,County Durham 052D,Shoplifting,Awaiting court outcome,
ddd33e366f6de40b986253689069eed41836d34d88e8173643433de6203a23fd,2024-05,Durham Constabulary,Durham Constabulary,-1.601847,54.696096,On or near Wear Street,E01020835,County Durham 052D,Violence and sexual offences,Unable to prosecute suspect,
1e096b426b7c5f997a126635b627927ba49136398748cdcd297f7d1d89d4c2cc,2024-05,Durham Constabulary,Durham Constabulary,-1.607563,54.695468,On or near Robert Street,E01020835,County Durham 052D,Violence and sexual offences,Unable to prosecute suspect,
37108502067ce6d7283f0bb35bc3e4cf1c830deb13ae98e540ad7e42cbd0da2c,2024-05,Durham Constabulary,Durham Constabulary,-1.602669,54.696216,On or near Baff Street,E01020835,County Durham 052D,Violence and sexual offences,Unable to prosecute suspect,
8398c61dc0e43abd3edf657c5dd2311f141ba7f51aa73d92e9f6626bff4003d5,2024-05,Durham Constabulary,Durham Constabulary,-1.607563,54.695468,On or near Robert Street,E01020835,County Durham 052D,Violence and sexual offences,Unable to prosecute suspect,
9c06df8ebcc4cdfdc2382d3c16d3f12fc9deda361d9d9b21a377de93aa0022b6,2024-05,Durham Constabulary,Durham Constabulary,-1.608407,54.694869,On or near Victoria Street,E01020835,County Durham 052D,Violence and sexual offences,Unable to prosecute suspect,
d235aa8bcdf964dae3a4d724c75a414af339ae4ade416ce7f0d3608523f5947e,2024-05,Durham Constabulary,Durham Constabulary,-1.609728,54.694657,On or near Hillingdon Close,E01020835,County Durham 052D,Violence and sexual offences,Unable to prosecute suspect,
a4796fd64a26923819ae81c3e0989830b958fa02a9e56f328605cc2c7f4f8541,2024-05,Durham Constabulary,Durham Constabulary,-1.608626,54.696253,On or near St Paul'S Street,E01020835,County Durham 052D,Violence and sexual offences,Unable to prosecute suspect,
5d2c83a0cfb75f1383cfc41521dc8aeb0c94c42b69473668e0909769462c61b8,2024-05,Durham Constabulary,Durham Constabulary,-1.607572,54.696205,On or near Todd Street,E01020835,County Durham 052D,Violence and sexual offences,Unable to prosecute suspect,
,2024-05,Durham Constabulary,Durham Constabulary,-1.602432,54.699801,On or near Parking Area,E01034503,County Durham 052F,Anti-social behaviour,,
,2024-05,Durham Constabulary,Durham Constabulary,-1.604868,54.699800,On or near North Street,E01034503,County Durham 052F,Anti-social behaviour,,
,2024-05,Durham Constabulary,Durham Constabulary,-1.603746,54.700299,On or near Villiers Street,E01034503,County Durham 052F,Anti-social behaviour,,
,2024-05,Durham Constabulary,Durham Constabulary,-1.602744,54.698040,On or near James Street,E01034503,County Durham 052F,Anti-social behaviour,,
,2024-05,Durham Constabulary,Durham Constabulary,-1.616985,54.701618,On or near Farnley Close,E01034503,County Durham 052F,Anti-social behaviour,,
,2024-05,Durham Constabulary,Durham Constabulary,-1.609007,54.697018,On or near St Paul'S Close,E01034503,County Durham 052F,Anti-social behaviour,,
,2024-05,Durham Constabulary,Durham Constabulary,-1.604868,54.699800,On or near North Street,E01034503,County Durham 052F,Anti-social behaviour,,
,2024-05,Durham Constabulary,Durham Constabulary,-1.604868,54.699800,On or near North Street,E01034503,County Durham 052F,Anti-social behaviour,,
ca096817d30766efcf40af12cc94c5ecbace6dc20cdc1afde0e4baa598c717d8,2024-05,Durham Constabulary,Durham Constabulary,-1.612117,54.701198,On or near Newby Way,E01034503,County Durham 052F,Burglary,Investigation complete; no suspect identified,
4b57bc8b114338e072427d9b2ca508ac922c4ad099fd2ebe586a85905a918f2b,2024-05,Durham Constabulary,Durham Constabulary,-1.613946,54.701330,On or near Castle Howard Close,E01034503,County Durham 052F,Burglary,Investigation complete; no suspect identified,
ff982a49348bdfe05cfec9adaaf16942fbcd5f120701b4a8de0a62a6a11fe05e,2024-05,Durham Constabulary,Durham Constabulary,-1.604655,54.699323,On or near Dundas Street,E01034503,County Durham 052F,Criminal damage and arson,Local resolution,
90eecd810ca58db8e1062c2a1ea0176313069323ac2c22a88c3b311e53106b3e,2024-05,Durham Constabulary,Durham Constabulary,-1.602432,54.699801,On or near Parking Area,E01034503,County Durham 052F,Criminal damage and arson,Investigation complete; no suspect identified,
92f86deef8f61d410d23b647431609e0aed409435029e27e6d744ccfb2149878,2024-05,Durham Constabulary,Durham Constabulary,-1.611496,54.701214,On or near Sledmore Drive,E01034503,County Durham 052F,Criminal damage and arson,Investigation complete; no suspect identified,
3ecb2c487b861ba14b890820927e57b2565bb633725194da96cb75842d465864,2024-05,Durham Constabulary,Durham Constabulary,-1.607046,54.699250,On or near Jubilee Close,E01034503,County Durham 052F,Criminal damage and arson,Investigation complete; no suspect identified,
f9cbd7818b7dbe353973b8016ecdd269e6d0922c48807dce444b2180502725b7,2024-05,Durham Constabulary,Durham Constabulary,-1.602744,54.698040,On or near James Street,E01034503,County Durham 052F,Public order,Unable to prosecute suspect,
3fd07c99980968fdcccc7b0cd22363a69a19778d0312a7dca92ab4f85da80710,2024-05,Durham Constabulary,Durham Constabulary,-1.602744,54.698040,On or near James Street,E01034503,County Durham 052F,Public order,Unable to prosecute suspect,
a2f8650c20d3915e4837e03f8aa35626cb22644bc7e34714498b20c4bc106327,2024-05,Durham Constabulary,Durham Constabulary,-1.602744,54.698040,On or near James Street,E01034503,County Durham 052F,Shoplifting,Investigation complete; no suspect identified,
05e3e2035dd48183c2e427baa87db41d9358d947935af543787a2a1188fc81ba,2024-05,Durham Constabulary,Durham Constabulary,-1.602432,54.699801,On or near Parking Area,E01034503,County Durham 052F,Shoplifting,Investigation complete; no suspect identified,
9002e8c1578e4734396f6debdd60211444a21c733ca98f554d349aaa01b2b578,2024-05,Durham Constabulary,Durham Constabulary,-1.601155,54.698682,On or near Supermarket,E01034503,County Durham 052F,Shoplifting,Awaiting court outcome,
b93d8580122b440be90ac061d1cac00b13bfa72c6b011ba204530b1e324ed480,2024-05,Durham Constabulary,Durham Constabulary,-1.601929,54.700437,On or near Oxford Road,E01034503,County Durham 052F,Shoplifting,Unable to prosecute suspect,
366ccf301e2354f1666a34a7403eccf062a1ed34d9bbea896f6c078200e59563,2024-05,Durham Constabulary,Durham Constabulary,-1.602744,54.698040,On or near James Street,E01034503,County Durham 052F,Shoplifting,Investigation complete; no suspect identified,
84f65686882bed08fe817806e38377dc496bda0125f46b4e9bd53e7ef97f66b4,2024-05,Durham Constabulary,Durham Constabulary,-1.616985,54.701618,On or near Farnley Close,E01034503,County Durham 052F,Vehicle crime,Under investigation,
d3241f9749f85443e2df70e327205a003b1980fbde201ab7b1786e8035cacf55,2024-05,Durham Constabulary,Durham Constabulary,-1.603746,54.700299,On or near Villiers Street,E01034503,County Durham 052F,Violence and sexual offences,Unable to prosecute suspect,
9de0c51e2133da8d8d056dc8b1853e5f5082be78388852af5f74229bcc28ffdb,2024-05,Durham Constabulary,Durham Constabulary,-1.602744,54.698040,On or near James Street,E01034503,County Durham 052F,Violence and sexual offences,Investigation complete; no suspect identified,
8c86af1e460a4bea1ed8c7b4b9638fe463c9aa0317a55abdbe959cd11eaae9bf,2024-05,Durham Constabulary,Durham Constabulary,-1.617713,54.701710,On or near Lotherton Drive,E01034503,County Durham 052F,Violence and sexual offences,Unable to prosecute suspect,
0dc8615c4b7fbfa5fdbaf5e26a0c2a3e952dcc11977eceb657e7767524229414,2024-05,Durham Constabulary,Durham Constabulary,-1.616985,54.701618,On or near Farnley Close,E01034503,County Durham 052F,Violence and sexual offences,Unable to prosecute suspect,
473edfdbb7b29280d0e069c1b5296055453528b9959a206af74ef3f6c6ddf5a5,2024-05,Durham Constabulary,Durham Constabulary,-1.617713,54.701710,On or near Lotherton Drive,E01034503,County Durham 052F,Violence and sexual offences,Unable to prosecute suspect,
31edc62727e56f909d3013ff7469e276e7c01c5362165b6c43384b0c64740ced,2024-05,Durham Constabulary,Durham Constabulary,-1.601214,54.700606,On or near Parking Area,E01034503,County Durham 052F,Violence and sexual offences,Unable to prosecute suspect,
a25a81403ef30e21c73428119ace824905213f81683400bc8925c601f1fbe71a,2024-05,Durham Constabulary,Durham Constabulary,-1.610946,54.700332,On or near Harewood Close,E01034503,County Durham 052F,Violence and sexual offences,Unable to prosecute suspect,
d08cbe341e3d7e092a1d8097fafca85fc16d271990b469e9d9d3cd5d36803549,2024-05,Durham Constabulary,Durham Constabulary,-1.604383,54.698666,On or near Dickens Street,E01034503,County Durham 052F,Violence and sexual offences,Under investigation,
85f250aaec6938f943642486fb8423e69c8901d74800a3ab4292d2b2ab3626c9,2024-05,Durham Constabulary,Durham Constabulary,-1.604655,54.699323,On or near Dundas Street,E01034503,County Durham 052F,Violence and sexual offences,Investigation complete; no suspect identified,
d6395073c4a4d7e16028d64bc260c5fe3cb967a55439ba86f21ed46ff1286978,2024-05,Durham Constabulary,Durham Constabulary,-1.602744,54.698040,On or near James Street,E01034503,County Durham 052F,Violence and sexual offences,Unable to prosecute suspect,
e4596b3631f04ea5d5fae189c2a54bd93e0c49a02bd99213f0de1066c6f636e6,2024-05,Durham Constabulary,Durham Constabulary,-1.601155,54.698682,On or near Supermarket,E01034503,County Durham 052F,Violence and sexual offences,Investigation complete; no suspect identified,
,2024-05,Durham Constabulary,Durham Constabulary,-1.617332,54.699337,On or near Morgan Drive,E01034504,County Durham 052G,Anti-social behaviour,,
,2024-05,Durham Constabulary,Durham Constabulary,-1.608940,54.692651,On or near Ash Grove,E01034504,County Durham 052G,Anti-social behaviour,,
,2024-05,Durham Constabulary,Durham Constabulary,-1.607879,54.693330,On or near Chestnut Avenue,E01034504,County Durham 052G,Anti-social behaviour,,
,2024-05,Durham Constabulary,Durham Constabulary,-1.611147,54.693880,On or near Inglesgarth Court,E01034504,County Durham 052G,Anti-social behaviour,,
497e862f36dbd7bedc55005d50ad43264537bf9318db056608c0205dbb8cd2e8,2024-05,Durham Constabulary,Durham Constabulary,-1.617332,54.699337,On or near Morgan Drive,E01034504,County Durham 052G,Burglary,Investigation complete; no suspect identified,
e3f6eeed47abd0db130151401808235210db30e0c4296a7aaf266bfe5b5e1038,2024-05,Durham Constabulary,Durham Constabulary,-1.615081,54.699437,On or near Rokeby Way,E01034504,County Durham 052G,Burglary,Investigation complete; no suspect identified,
230959cb2d43e6e1411ea02e0cfb3be56d1750ac7d4faff198708ad5fa10e560,2024-05,Durham Constabulary,Durham Constabulary,-1.610576,54.696772,On or near St Paul'S Gardens,E01034504,County Durham 052G,Burglary,Under investigation,
c6e3f283f2762ee5ca7d4bc7ef9fc35ffe2f8ab6e58cda03d0aae6129eb43fe8,2024-05,Durham Constabulary,Durham Constabulary,-1.615081,54.699437,On or near Rokeby Way,E01034504,County Durham 052G,Burglary,Investigation complete; no suspect identified,
65c329d7d87e4394ec5338fecc33555adcbb8ad71a1b4fcedd5b801bddd5dbaf,2024-05,Durham Constabulary,Durham Constabulary,-1.607879,54.693330,On or near Chestnut Avenue,E01034504,County Durham 052G,Criminal damage and arson,Investigation complete; no suspect identified,
9e37c12ea94f925c5cf61dc911ab6ea6931f97d0f57e78f0d92552d4010c5de5,2024-05,Durham Constabulary,Durham Constabulary,-1.607879,54.693330,On or near Chestnut Avenue,E01034504,County Durham 052G,Criminal damage and arson,Investigation complete; no suspect identified,
e4857ff005c80857945c05340af9bbc3e5a21b5e2fe9f2ad760ad32e01dc0a8a,2024-05,Durham Constabulary,Durham Constabulary,-1.609539,54.691700,On or near Beech Avenue,E01034504,County Durham 052G,Criminal damage and arson,Investigation complete; no suspect identified,
1db90017c3fe5fa1fd2cc33ffcc2cdf7d90240b689249669eb48831e5433baae,2024-05,Durham Constabulary,Durham Constabulary,-1.613811,54.692729,On or near West Terrace,E01034504,County Durham 052G,Criminal damage and arson,Investigation complete; no suspect identified,
2018f0e36be89d6292729410fb00d4cd262feb8aff0495da3be868e4d93a4967,2024-05,Durham Constabulary,Durham Constabulary,-1.608940,54.692651,On or near Ash Grove,E01034504,County Durham 052G,Criminal damage and arson,Investigation complete; no suspect identified,
b193dd62269c26a8e16acf8d7c7c64b03fe54e3d576ec3f44fba7913b9815011,2024-05,Durham Constabulary,Durham Constabulary,-1.609539,54.691700,On or near Beech Avenue,E01034504,County Durham 052G,Public order,Investigation complete; no suspect identified,
78c6dce9f4e9faf871f7a2d7d7878a4b25d421830c51209523d0725bab20fb48,2024-05,Durham Constabulary,Durham Constabulary,-1.610437,54.695118,On or near Belle Vue Villas,E01034504,County Durham 052G,Shoplifting,Investigation complete; no suspect identified,
b9562aa79631cedbbdf55b6e9c7df39bf9a70742320baa7bc3eb0cc82813440e,2024-05,Durham Constabulary,Durham Constabulary,-1.610437,54.695118,On or near Belle Vue Villas,E01034504,County Durham 052G,Shoplifting,Investigation complete; no suspect identified,
341db1dddb43a3560b39b0e993d899f948c088bd6c3612444dc1339f21bd7331,2024-05,Durham Constabulary,Durham Constabulary,-1.610437,54.695118,On or near Belle Vue Villas,E01034504,County Durham 052G,Shoplifting,Investigation complete; no suspect identified,
82aed078323ed49a2764fc04ec17c0f5abcf425aec7b66b015620c419031332a,2024-05,Durham Constabulary,Durham Constabulary,-1.610437,54.695118,On or near Belle Vue Villas,E01034504,County Durham 052G,Shoplifting,Awaiting court outcome,
24f354580ea15047fbcff634c41441c99ca2334946f5b2e8a8f417fe8844dc88,2024-05,Durham Constabulary,Durham Constabulary,-1.610437,54.695118,On or near Belle Vue Villas,E01034504,County Durham 052G,Shoplifting,Investigation complete; no suspect identified,
4158493e52311a0e0c51d8d88eff85e9ddd624a98a38f79dc042c78f16a6c576,2024-05,Durham Constabulary,Durham Constabulary,-1.610437,54.695118,On or near Belle Vue Villas,E01034504,County Durham 052G,Shoplifting,Investigation complete; no suspect identified,
d0c71af09848c5d227bf2a6de8aacca00b061cb4e6f701446f3ce4bca8d28ab1,2024-05,Durham Constabulary,Durham Constabulary,-1.610437,54.695118,On or near Belle Vue Villas,E01034504,County Durham 052G,Shoplifting,Awaiting court outcome,
4ddd7e67f9a6771aa75940706f3e620e7576c11689beedb7ab3270c2c40d231f,2024-05,Durham Constabulary,Durham Constabulary,-1.610437,54.695118,On or near Belle Vue Villas,E01034504,County Durham 052G,Shoplifting,Investigation complete; no suspect identified,
83048f2e3e630bc79cb4c4194a74e92ce58b21714611239f81c46316813d4bfa,2024-05,Durham Constabulary,Durham Constabulary,-1.613811,54.692729,On or near West Terrace,E01034504,County Durham 052G,Violence and sexual offences,Awaiting court outcome,
f293447c909c15cab34f3052fbd612e9078900cc6399b462218add11572f78ce,2024-05,Durham Constabulary,Durham Constabulary,-1.610576,54.696772,On or near St Paul'S Gardens,E01034504,County Durham 052G,Violence and sexual offences,Unable to prosecute suspect,
aed3ec194e00b7c9a1d47dfa26cb48f7d6df758e22f23701c812d82c5adc891c,2024-05,Durham Constabulary,Durham Constabulary,-1.616636,54.700817,On or near Ripley Close,E01034504,County Durham 052G,Violence and sexual offences,Unable to prosecute suspect,
dc2167fed3c797cd9ab45e7c5ce461504254f67608ca62c3e71f4ad400643904,2024-05,Durham Constabulary,Durham Constabulary,-1.609539,54.691700,On or near Beech Avenue,E01034504,County Durham 052G,Violence and sexual offences,Action to be taken by another organisation,
f7ab27c3dbf846750c6251b037395efe268970acd498ab9932fba4f3c2960ac7,2024-05,Durham Constabulary,Durham Constabulary,-1.610576,54.696772,On or near St Paul'S Gardens,E01034504,County Durham 052G,Violence and sexual offences,Further investigation is not in the public interest,
938263a1b2452a5eba059f7cd5eed3ee9802acdcda94532ca352779426c8636b,2024-05,Durham Constabulary,Durham Constabulary,-1.610576,54.696772,On or near St Paul'S Gardens,E01034504,County Durham 052G,Violence and sexual offences,Local resolution,
4a817b3f4c0daabf3a71322959d1672e2f741cf50d223da53907c67337c3115d,2024-05,Durham Constabulary,Durham Constabulary,-1.613811,54.692729,On or near West Terrace,E01034504,County Durham 052G,Violence and sexual offences,Under investigation,
7c67ca3fff32f63d4893a92471f5ab1577ee60c6507f3aaf6c15025c66d2e094,2024-05,Durham Constabulary,Durham Constabulary,-1.611147,54.693880,On or near Inglesgarth Court,E01034504,County Durham 052G,Violence and sexual offences,Unable to prosecute suspect,
14ab3c34491e4a3c8a3bec3d7408c7249267ac063e7fc7b0fa7e703681e3235c,2024-05,Durham Constabulary,Durham Constabulary,-1.610576,54.696772,On or near St Paul'S Gardens,E01034504,County Durham 052G,Violence and sexual offences,Unable to prosecute suspect,
1f7e620fc729f6716b02e7417e4ce29ffc7c75b9beaad8cf3278de9151316114,2024-05,Durham Constabulary,Durham Constabulary,-1.610576,54.696772,On or near St Paul'S Gardens,E01034504,County Durham 052G,Violence and sexual offences,Unable to prosecute suspect,
ccf8effc2a99136dd42387c8fa0b3a7cb4e075920c2c5bfa49e4167b6c553cf7,2024-05,Durham Constabulary,Durham Constabulary,-1.610437,54.695118,On or near Belle Vue Villas,E01034504,County Durham 052G,Violence and sexual offences,Further action is not in the public interest,
,2024-05,Durham Constabulary,Durham Constabulary,-1.560400,54.662217,On or near Burns Road,E01020805,County Durham 053D,Anti-social behaviour,,
,2024-05,Durham Constabulary,Durham Constabulary,-1.560400,54.662217,On or near Burns Road,E01020805,County Durham 053D,Anti-social behaviour,,
,2024-05,Durham Constabulary,Durham Constabulary,-1.552575,54.660400,On or near South Downs,E01020805,County Durham 053D,Anti-social behaviour,,
,2024-05,Durham Constabulary,Durham Constabulary,-1.561935,54.663589,On or near Keats Road,E01020805,County Durham 053D,Anti-social behaviour,,
,2024-05,Durham Constabulary,Durham Constabulary,-1.560400,54.662217,On or near Burns Road,E01020805,County Durham 053D,Anti-social behaviour,,
,2024-05,Durham Constabulary,Durham Constabulary,-1.563185,54.661257,On or near Beech Avenue,E01020805,County Durham 053D,Anti-social behaviour,,
,2024-05,Durham Constabulary,Durham Constabulary,-1.560400,54.662217,On or near Burns Road,E01020805,County Durham 053D,Anti-social behaviour,,
242d9a20dfe1eea01eb7bb18126483a3dab4b66d1e9ca6d8b08ecdc14a35d208,2024-05,Durham Constabulary,Durham Constabulary,-1.560006,54.662773,On or near Byron Road,E01020805,County Durham 053D,Burglary,Investigation complete; no suspect identified,
5cb850b2de55362a514c6d47cc346e14bcb4269c6656213d500d6af156dea593,2024-05,Durham Constabulary,Durham Constabulary,-1.560006,54.662773,On or near Byron Road,E01020805,County Durham 053D,Criminal damage and arson,Investigation complete; no suspect identified,
ee2e767ebbaacf63966fe3347d0f6f6732ef97df9a8eb4d22194d54858eec135,2024-05,Durham Constabulary,Durham Constabulary,-1.561935,54.663589,On or near Keats Road,E01020805,County Durham 053D,Criminal damage and arson,Unable to prosecute suspect,
81938052b92b700829268d0e3ac59317a5e03127073166b75e81cea9cfa867ed,2024-05,Durham Constabulary,Durham Constabulary,-1.555493,54.658685,On or near South View,E01020805,County Durham 053D,Criminal damage and arson,Investigation complete; no suspect identified,
0d86923336155053a4881f3b0b9b01e82a810c38a32445fd2742bf3f757b270a,2024-05,Durham Constabulary,Durham Constabulary,-1.561384,54.662931,On or near Coleridge Road,E01020805,County Durham 053D,Criminal damage and arson,Unable to prosecute suspect,
4cd7f9b70073edec24c3e3abd4f6f4b6b18dba7e38396eea8f9b3351c5b50d65,2024-05,Durham Constabulary,Durham Constabulary,-1.560400,54.662217,On or near Burns Road,E01020805,County Durham 053D,Other theft,Investigation complete; no suspect identified,
1fdae5b4315f498ba72c50977b426af9dcf1c7eeb8a8fe0acb519d168ade60ef,2024-05,Durham Constabulary,Durham Constabulary,-1.551952,54.662141,On or near Opal Avenue,E01020805,County Durham 053D,Vehicle crime,Investigation complete; no suspect identified,
6b7a25359887f0c62c94c94b080c14b32bb52ae266d0cfe63ff5994956a1fe06,2024-05,Durham Constabulary,Durham Constabulary,-1.549558,54.662699,On or near Alington Close,E01020805,County Durham 053D,Vehicle crime,Investigation complete; no suspect identified,
490ff7227764e02541aab18c51a312982978c12471ef80bd970f71a887307e61,2024-05,Durham Constabulary,Durham Constabulary,-1.551952,54.662141,On or near Opal Avenue,E01020805,County Durham 053D,Vehicle crime,Investigation complete; no suspect identified,
be9c132fcde60f9a5a425501af6573baab21a4486f1c43b3f7d2a578c7a73f30,2024-05,Durham Constabulary,Durham Constabulary,-1.561935,54.663589,On or near Keats Road,E01020805,County Durham 053D,Violence and sexual offences,Local resolution,
6b29c44e646eb269d325234611b82f4bd7bb720cffb45972d943c33fdd3065c1,2024-05,Durham Constabulary,Durham Constabulary,-1.551952,54.662141,On or near Opal Avenue,E01020805,County Durham 053D,Violence and sexual offences,Under investigation,
2e055f8ce75e84fb3df156d658e5feb4d66d841652c6d6d766b2641ab55323ef,2024-05,Durham Constabulary,Durham Constabulary,-1.561859,54.662061,On or near Ford Terrace,E01020805,County Durham 053D,Violence and sexual offences,Unable to prosecute suspect,
ce94739a897e089ea5b43f57da04cb578de19b66a8d4a1043dc8884c0733f498,2024-05,Durham Constabulary,Durham Constabulary,-1.561935,54.663589,On or near Keats Road,E01020805,County Durham 053D,Violence and sexual offences,Investigation complete; no suspect identified,
134cd233ea954ccfaef695e0f1d8b176ad9be72f3b0a6c329679665f45ab8aec,2024-05,Durham Constabulary,Durham Constabulary,-1.558589,54.659065,On or near John Herriotts Court,E01020805,County Durham 053D,Violence and sexual offences,Action to be taken by another organisation,
,2024-05,Durham Constabulary,Durham Constabulary,-1.539328,54.684525,On or near Lumley Crescent,E01034505,County Durham 053F,Anti-social behaviour,,
,2024-05,Durham Constabulary,Durham Constabulary,-1.546130,54.683751,On or near Broomside,E01034505,County Durham 053F,Anti-social behaviour,,
,2024-05,Durham Constabulary,Durham Constabulary,-1.546130,54.683751,On or near Broomside,E01034505,County Durham 053F,Anti-social behaviour,,
5e30e7abd6584f7f492461be13f93cc4fbaa13ed0a443730c2c47e676017a910,2024-05,Durham Constabulary,Durham Constabulary,-1.546130,54.683751,On or near Broomside,E01034505,County Durham 053F,Criminal damage and arson,Investigation complete; no suspect identified,
58072537978ca365293bd20b1d2afe9f1544409a6f4412306d01e67e7e7d75cb,2024-05,Durham Constabulary,Durham Constabulary,-1.545633,54.683803,On or near Gordon Terrace,E01034505,County Durham 053F,Drugs,Awaiting court outcome,
e2ebed6f66d34d3c3bffbb7d134427fecb9d31ce8865b4537325b6c04a36cfca,2024-05,Durham Constabulary,Durham Constabulary,-1.546130,54.683751,On or near Broomside,E01034505,County Durham 053F,Other theft,Unable to prosecute suspect,
c414534a8f90f2e7f2a8623c4fd080d167aa4ceaa96c1d4713f5b5a5d03c1792,2024-05,Durham Constabulary,Durham Constabulary,-1.537274,54.686458,On or near Richmond Close,E01034505,County Durham 053F,Violence and sexual offences,Awaiting court outcome,
bb458bdd31cce65387409d63b6b156a7e5649577589cc12d2204fb6746fd139a,2024-05,Durham Constabulary,Durham Constabulary,-1.535660,54.685140,On or near Cleves Avenue,E01034505,County Durham 053F,Violence and sexual offences,Unable to prosecute suspect,
1aa1811fae9239d504875be95433c032ad60100ba7c0f94743801923055230dc,2024-05,Durham Constabulary,Durham Constabulary,-1.538325,54.684000,On or near Linden Road,E01034505,County Durham 053F,Violence and sexual offences,Unable to prosecute suspect,
b2c9393ac97ae980538ced8f5518a539b0030cb827c9af0f6f10a08e12f0baa7,2024-05,Durham Constabulary,Durham Constabulary,-1.537274,54.686458,On or near Richmond Close,E01034505,County Durham 053F,Violence and sexual offences,Unable to prosecute suspect,
4ea3d03138e85b8494342f2b9cca96ac5a2f706de7dde7f725e3f58d11909177,2024-05,Durham Constabulary,Durham Constabulary,-1.548259,54.683435,On or near Dean Park,E01034505,County Durham 053F,Violence and sexual offences,Unable to prosecute suspect,
50b4f884c525673022b4cbc72e3a555fb56891467e3fcd0dcbb5dc6ca5f02fa5,2024-05,Durham Constabulary,Durham Constabulary,-1.537630,54.686513,On or near Helmsley Close,E01034505,County Durham 053F,Violence and sexual offences,Unable to prosecute suspect,
,2024-05,Durham Constabulary,Durham Constabulary,-1.532143,54.679393,On or near Hope Rise,E01034506,County Durham 053G,Anti-social behaviour,,
,2024-05,Durham Constabulary,Durham Constabulary,-1.529926,54.672653,On or near George Street,E01034506,County Durham 053G,Anti-social behaviour,,
,2024-05,Durham Constabulary,Durham Constabulary,-1.532751,54.681849,On or near High Street,E01034506,County Durham 053G,Anti-social behaviour,,
,2024-05,Durham Constabulary,Durham Constabulary,-1.543879,54.683904,On or near Bertha Street,E01034506,County Durham 053G,Anti-social behaviour,,
647be6785168123f84fbc06bb260e9519dd222ef62d3acbda5b562bd3a68bae2,2024-05,Durham Constabulary,Durham Constabulary,-1.529929,54.675008,On or near Carlton Street,E01034506,County Durham 053G,Criminal damage and arson,Investigation complete; no suspect identified,
92df2649cc5e394619b0e7ed0d7f86fd0f2792964e4a4066b8eed60818e1e498,2024-05,Durham Constabulary,Durham Constabulary,-1.545010,54.684007,On or near Kitchener Terrace,E01034506,County Durham 053G,Criminal damage and arson,Investigation complete; no suspect identified,
7c46ea57539bb449e21a1b007e3fd3a8b2b4de9492764bc2f2a3da1ec612409f,2024-05,Durham Constabulary,Durham Constabulary,-1.543879,54.683904,On or near Bertha Street,E01034506,County Durham 053G,Criminal damage and arson,Investigation complete; no suspect identified,
d3dcaf00916f6ce4f9d1303d02c610293164bcc93b322d5a5c5ea32b00415f06,2024-05,Durham Constabulary,Durham Constabulary,-1.532751,54.681849,On or near High Street,E01034506,County Durham 053G,Criminal damage and arson,Investigation complete; no suspect identified,
57cb03fc93d7f02d3189e321943157362a1c7dbcf99362a4c9091963a4d19a96,2024-05,Durham Constabulary,Durham Constabulary,-1.545010,54.684007,On or near Kitchener Terrace,E01034506,County Durham 053G,Criminal damage and arson,Investigation complete; no suspect identified,
d8106d137b248961033e7cc7a96ae99d7a5bfa9f501b3f25cc0a1e0082917be5,2024-05,Durham Constabulary,Durham Constabulary,-1.543879,54.683904,On or near Bertha Street,E01034506,County Durham 053G,Criminal damage and arson,Investigation complete; no suspect identified,
a22de01862485ddc9a8732db79d7d8cef52bd2748c3efd4dc77394b4af4ff423,2024-05,Durham Constabulary,Durham Constabulary,-1.529483,54.673415,On or near Commercial Street,E01034506,County Durham 053G,Public order,Unable to prosecute suspect,
f35aa12327507f0ca06530931ffe392d630b2dbc54321cb44ec41dc133c49e69,2024-05,Durham Constabulary,Durham Constabulary,-1.532342,54.679654,On or near Bethel Court,E01034506,County Durham 053G,Public order,Investigation complete; no suspect identified,
8add557c591260cbf556c35be78a36ad3f81194a4fba71b80ebf4905695b77e6,2024-05,Durham Constabulary,Durham Constabulary,-1.545010,54.684007,On or near Kitchener Terrace,E01034506,County Durham 053G,Violence and sexual offences,Unable to prosecute suspect,
e2e152ba493f7a44214a33d75e58574c041153a560180ef32503b787c0b69961,2024-05,Durham Constabulary,Durham Constabulary,-1.529483,54.673415,On or near Commercial Street,E01034506,County Durham 053G,Violence and sexual offences,Unable to prosecute suspect,
f46fc0c299cbc4f210b4400b097294bdde431b8863efd630b011a81604194f72,2024-05,Durham Constabulary,Durham Constabulary,-1.545010,54.684007,On or near Kitchener Terrace,E01034506,County Durham 053G,Violence and sexual offences,Unable to prosecute suspect,
0b81870d598a73761854f3d882d5a5b5be0cdc4cbcc4566dbdfe490901ff7cb3,2024-05,Durham Constabulary,Durham Constabulary,-1.545010,54.684007,On or near Kitchener Terrace,E01034506,County Durham 053G,Violence and sexual offences,Awaiting court outcome,
f633cc5db06905d2f181c2ca1e2b3279fa60c499768ea4418fe3bf0270f90b1e,2024-05,Durham Constabulary,Durham Constabulary,-1.532751,54.681849,On or near High Street,E01034506,County Durham 053G,Violence and sexual offences,Under investigation,
4f21d977cf9a5a937517f38a0aff3839faf836fc971dcbc1828bafa30f2255b4,2024-05,Durham Constabulary,Durham Constabulary,-1.545010,54.684007,On or near Kitchener Terrace,E01034506,County Durham 053G,Violence and sexual offences,Unable to prosecute suspect,
f7e21c321c6ff3c9a2c3b17df580886ef2829a9ed3185d2702333307bba4bcef,2024-05,Durham Constabulary,Durham Constabulary,-1.532751,54.681849,On or near High Street,E01034506,County Durham 053G,Violence and sexual offences,Investigation complete; no suspect identified,
1b39999f1c049ccad42bb6055b9636bcf7f3413900b7a751623098df6c69f47f,2024-05,Durham Constabulary,Durham Constabulary,-1.535005,54.670489,On or near Lilac Road,E01034506,County Durham 053G,Violence and sexual offences,Investigation complete; no suspect identified,
6c1fd8e209c037d8b74ba6589ee91a81cbb3f95efb8256044ce5e8cf05faea51,2024-05,Durham Constabulary,Durham Constabulary,-1.532342,54.679654,On or near Bethel Court,E01034506,County Durham 053G,Violence and sexual offences,Unable to prosecute suspect,
9234022491caa94f79a67edeb9469ea5eb9d8ce6d97efca868637cab5dbcf35f,2024-05,Durham Constabulary,Durham Constabulary,-1.529902,54.674657,On or near Church Street,E01034506,County Durham 053G,Violence and sexual offences,Unable to prosecute suspect,
ffad550ec3748de6d5242018d2f7d648e4e8bdb530b4ded02732651ba760fd41,2024-05,Durham Constabulary,Durham Constabulary,-1.545010,54.684007,On or near Kitchener Terrace,E01034506,County Durham 053G,Violence and sexual offences,Unable to prosecute suspect,
e5362ee6d218c4ca9e3a0f7db1f596291ee55f620c8ed321756caa5a14a783df,2024-05,Durham Constabulary,Durham Constabulary,-1.528747,54.672631,On or near William Street,E01034506,County Durham 053G,Violence and sexual offences,Unable to prosecute suspect,
3c3cb818b71490aabe0934859c8a28a8b5f27e7da495788ae9ea0c2b18ec62b5,2024-05,Durham Constabulary,Durham Constabulary,-1.532143,54.679393,On or near Hope Rise,E01034506,County Durham 053G,Violence and sexual offences,Unable to prosecute suspect,
bb08d167731cb7e146e4fb1ba2c81f060576e6f0d224b96fec7887a340015cab,2024-05,Durham Constabulary,Durham Constabulary,-1.545010,54.684007,On or near Kitchener Terrace,E01034506,County Durham 053G,Violence and sexual offences,Formal action is not in the public interest,
9b8135c51d9d24d847765bb17ebc0b787101d5a60704efd481bdba62f1b8b290,2024-05,Durham Constabulary,Durham Constabulary,-1.545010,54.684007,On or near Kitchener Terrace,E01034506,County Durham 053G,Violence and sexual offences,Unable to prosecute suspect,
f0b06ec6f30219c470fe79bd14f2f0ff96aafb955683c1e2dae3260a000f1d0c,2024-05,Durham Constabulary,Durham Constabulary,-1.523678,54.680438,On or near Mainsforth Road,E01034506,County Durham 053G,Violence and sexual offences,Unable to prosecute suspect,
16b6e924d29e0442ed172eeae9e53b26fd15a21ede4c1d68118e42f8425bc7c5,2024-05,Durham Constabulary,Durham Constabulary,-1.532751,54.681849,On or near High Street,E01034506,County Durham 053G,Other crime,Under investigation,
e727d116c48ad67df1755c267818a1c3a5e18f8348494e0124a587c93d351300,2024-05,Durham Constabulary,Durham Constabulary,-1.529926,54.672653,On or near George Street,E01034506,County Durham 053G,Other crime,Unable to prosecute suspect,
,2024-05,Durham Constabulary,Durham Constabulary,-1.557121,54.662951,On or near Eden Terrace,E01034507,County Durham 053H,Anti-social behaviour,,
,2024-05,Durham Constabulary,Durham Constabulary,-1.557121,54.662951,On or near Eden Terrace,E01034507,County Durham 053H,Anti-social behaviour,,
5d8fd1f3c85370ebc74ca2e1399ef1083abd28cbf1c73d31773d7b7e392b19bd,2024-05,Durham Constabulary,Durham Constabulary,-1.521123,54.663021,On or near Gipsy Lane,E01034507,County Durham 053H,Burglary,Investigation complete; no suspect identified,
5aa643639afee228a99d316adf0861239409f8285038ab7df63971f58e003557,2024-05,Durham Constabulary,Durham Constabulary,-1.549206,54.659516,On or near Albert Street,E01034507,County Durham 053H,Criminal damage and arson,Investigation complete; no suspect identified,
f4478d9fef6b6cfcc2f6648a00e3cde25fcd28104523176fa32dd5d45b7c5333,2024-05,Durham Constabulary,Durham Constabulary,-1.560469,54.664392,On or near West Chilton Terrace,E01034507,County Durham 053H,Criminal damage and arson,Investigation complete; no suspect identified,
bb74e3ca87e79967221be5b7da261a03ede95bcf6bd9f91e9f7d6269c43178f8,2024-05,Durham Constabulary,Durham Constabulary,-1.558320,54.662407,On or near Norman Terrace,E01034507,County Durham 053H,Criminal damage and arson,Investigation complete; no suspect identified,
95d4665a46f926705da363a17b6c7f1955069010665f148a522ca3fb98eea503,2024-05,Durham Constabulary,Durham Constabulary,-1.547822,54.659906,On or near Hambleton Way,E01034507,County Durham 053H,Criminal damage and arson,Unable to prosecute suspect,
8dd7f5e06b3278ae2913ec435ce6ef9303669e62d94b3082c18e7050fb8cfa47,2024-05,Durham Constabulary,Durham Constabulary,-1.549210,54.659121,On or near Arthur Street,E01034507,County Durham 053H,Criminal damage and arson,Investigation complete; no suspect identified,
cfa14ee4a5f1101889ee757525aa39d424695344c76a0cc39952a83c224101f5,2024-05,Durham Constabulary,Durham Constabulary,-1.568692,54.666776,On or near Avenue 4,E01034507,County Durham 053H,Criminal damage and arson,Under investigation,
0de1f49401d12acd3edf378f6c92c93e2fc108ca3ed62ed401c58ed8cceab513,2024-05,Durham Constabulary,Durham Constabulary,-1.560469,54.664392,On or near West Chilton Terrace,E01034507,County Durham 053H,Criminal damage and arson,Investigation complete; no suspect identified,
328f37f500b79861608fa0aac901f74724605eda84ece7abc55e7980cecf0ed2,2024-05,Durham Constabulary,Durham Constabulary,-1.557121,54.662951,On or near Eden Terrace,E01034507,County Durham 053H,Criminal damage and arson,Unable to prosecute suspect,
d2f32b0dc44af1a923afa7bd998356c989510a63e668540fe7e41cee98d0245c,2024-05,Durham Constabulary,Durham Constabulary,-1.558958,54.665097,On or near Henson Close,E01034507,County Durham 053H,Drugs,Awaiting court outcome,
223b03afedfa0b3a5e125dd991cf1f585814a536dbeef6c8bddb4f908380a801,2024-05,Durham Constabulary,Durham Constabulary,-1.557121,54.662951,On or near Eden Terrace,E01034507,County Durham 053H,Other theft,Unable to prosecute suspect,
8a02b52237b7057366e47865b50f673f186590a7bf440f4e46d1feddc25ed55b,2024-05,Durham Constabulary,Durham Constabulary,-1.558320,54.662407,On or near Norman Terrace,E01034507,County Durham 053H,Other theft,Investigation complete; no suspect identified,
2f6fab0ba5c3fbb951cacca1553c8b62f0321fe7bb1b8f5470dbc6f5a47a1d4e,2024-05,Durham Constabulary,Durham Constabulary,-1.560469,54.664392,On or near West Chilton Terrace,E01034507,County Durham 053H,Possession of weapons,Investigation complete; no suspect identified,
70dda2192d7374e9756c83b8de22e3d515ff042a5f2ed33a75259af2b4ae4a47,2024-05,Durham Constabulary,Durham Constabulary,-1.549206,54.659516,On or near Albert Street,E01034507,County Durham 053H,Robbery,Under investigation,
882669f9bbb396964f085b1e0eddcf4aa9841f615cdb8784a23d33a2f6946665,2024-05,Durham Constabulary,Durham Constabulary,-1.563288,54.666083,On or near Petrol Station,E01034507,County Durham 053H,Shoplifting,Awaiting court outcome,
b17f9618234a6afde3d2f791cffd108a12e84863eef4cea52d1e2bdbc616621f,2024-05,Durham Constabulary,Durham Constabulary,-1.563288,54.666083,On or near Petrol Station,E01034507,County Durham 053H,Shoplifting,Investigation complete; no suspect identified,
4191f88b5a6955e945d5f043e7d002f5b5b6786e813997863f08a39ba5bdae39,2024-05,Durham Constabulary,Durham Constabulary,-1.558320,54.662407,On or near Norman Terrace,E01034507,County Durham 053H,Shoplifting,Investigation complete; no suspect identified,
01aabe2cda6ab37a1a5b887c3dfcd23550eff18f77383ee1b1aae99a26cfccf7,2024-05,Durham Constabulary,Durham Constabulary,-1.563288,54.666083,On or near Petrol Station,E01034507,County Durham 053H,Shoplifting,Under investigation,
c864540669c5dbca8646ca58525d615aa72e4fd18b4d79ceee2fae098cba58ef,2024-05,Durham Constabulary,Durham Constabulary,-1.563288,54.666083,On or near Petrol Station,E01034507,County Durham 053H,Shoplifting,Further action is not in the public interest,
668931fa333b2b2d0208aa559592a5ad52fa1722b8b83f94856acf6a875e0781,2024-05,Durham Constabulary,Durham Constabulary,-1.563288,54.666083,On or near Petrol Station,E01034507,County Durham 053H,Shoplifting,Investigation complete; no suspect identified,
a9147aa70f50990e9919c6b15d2aca77f39185a9ed46243614e5c990a8357fa5,2024-05,Durham Constabulary,Durham Constabulary,-1.557946,54.665479,On or near St Aidans Way,E01034507,County Durham 053H,Vehicle crime,Investigation complete; no suspect identified,
997d5990cfcbafd24d06a17c830644a62eb5b7a8196fb9ef787a27981919c709,2024-05,Durham Constabulary,Durham Constabulary,-1.549399,54.661647,On or near Coronation Road,E01034507,County Durham 053H,Vehicle crime,Investigation complete; no suspect identified,
7ff37b1ef378f80f703dad4e9861926b453ecb52e371a23328a725412671d504,2024-05,Durham Constabulary,Durham Constabulary,-1.563288,54.666083,On or near Petrol Station,E01034507,County Durham 053H,Violence and sexual offences,Unable to prosecute suspect,
20c03f2cccaa09f2a2eeecc6f409262fc6bddecceb0cc6b8b65b11c51a0c4428,2024-05,Durham Constabulary,Durham Constabulary,-1.558320,54.662407,On or near Norman Terrace,E01034507,County Durham 053H,Violence and sexual offences,Under investigation,
1bbe1ac69ea82ed0e377af25b530de727dff947a51f9bb44b29eb10be301fb70,2024-05,Durham Constabulary,Durham Constabulary,-1.568692,54.666776,On or near Avenue 4,E01034507,County Durham 053H,Violence and sexual offences,Under investigation,
5b7811a3a587833d03810975968c2e98f6f48f7fcb4816ed83edc781401a1822,2024-05,Durham Constabulary,Durham Constabulary,-1.560469,54.664392,On or near West Chilton Terrace,E01034507,County Durham 053H,Violence and sexual offences,Unable to prosecute suspect,
03eb7b5dcb7f0b9d6e2b6cdcaf32d15f2f1888967f3f16e413b802827439ffac,2024-05,Durham Constabulary,Durham Constabulary,-1.557121,54.662951,On or near Eden Terrace,E01034507,County Durham 053H,Violence and sexual offences,Investigation complete; no suspect identified,
15545ad6d12a07cfc9ad93b043d5f8e667713ed1d766f5cc20bf9478d6bca966,2024-05,Durham Constabulary,Durham Constabulary,-1.568692,54.666776,On or near Avenue 4,E01034507,County Durham 053H,Violence and sexual offences,Action to be taken by another organisation,
2b713cc269a0bea91dc96cb6f93516e49c332400250f40f71f1fcf2d222c5c11,2024-05,Durham Constabulary,Durham Constabulary,-1.557121,54.662951,On or near Eden Terrace,E01034507,County Durham 053H,Violence and sexual offences,Investigation complete; no suspect identified,
7dd131a8d8b3045288694011088a35f4c2a7b3eb2f80f052477a570f11071da2,2024-05,Durham Constabulary,Durham Constabulary,-1.549175,54.663659,On or near Aldwin Close,E01034507,County Durham 053H,Violence and sexual offences,Under investigation,
b8d5d4621c2d395b01482862d8a38dc1118d8c90582b09b5974d7a75cac16d2f,2024-05,Durham Constabulary,Durham Constabulary,-1.558320,54.662407,On or near Norman Terrace,E01034507,County Durham 053H,Violence and sexual offences,Awaiting court outcome,
,2024-05,Durham Constabulary,Durham Constabulary,-1.562642,54.656968,On or near Paddock Close,E01034508,County Durham 053I,Anti-social behaviour,,
428d248f53d53935eee22ad15092ff6ea09e3496e81e2699daa18b3c2a52bdb1,2024-05,Durham Constabulary,Durham Constabulary,-1.561524,54.660064,On or near Hollowfield,E01034508,County Durham 053I,Other theft,Investigation complete; no suspect identified,
c8eacc869d7f80a885987af249910eaccfaf2fe1f4cedbf5f52c63055a8cfc54,2024-05,Durham Constabulary,Durham Constabulary,-1.557921,54.657769,On or near Meadowdale,E01034508,County Durham 053I,Other theft,Under investigation,
1b4da04c83c93d4743f85befcf552038ed8c28792a6acbe860101af5643aa58d,2024-05,Durham Constabulary,Durham Constabulary,-1.558525,54.656369,On or near Bradbury Way,E01034508,County Durham 053I,Public order,Unable to prosecute suspect,
90a561bd46baf3ecc5237b6e94f3036de0fba74d408d58461234acc1a803a3f8,2024-05,Durham Constabulary,Durham Constabulary,-1.557921,54.657769,On or near Meadowdale,E01034508,County Durham 053I,Public order,Unable to prosecute suspect,
a58af12572cc8e8e7e6fd79a202366508b12d4191b30caff4fdca86cbb5225b8,2024-05,Durham Constabulary,Durham Constabulary,-1.559581,54.659105,On or near Durham Road,E01034508,County Durham 053I,Violence and sexual offences,Investigation complete; no suspect identified,
,2024-05,Durham Constabulary,Durham Constabulary,-1.445356,54.673617,On or near Burdon Place,E01020828,County Durham 054B,Anti-social behaviour,,
908c1da2bbbad5203d6e58488b72b6bb4c34d16a8794afe3138aeb7fda5f79a6,2024-05,Durham Constabulary,Durham Constabulary,-1.465169,54.656218,On or near Park/Open Space,E01020828,County Durham 054B,Criminal damage and arson,Investigation complete; no suspect identified,
32ebaccb272621d56ed18a0a63ba1e9970448c57dafffd1f79bf050d23c9574b,2024-05,Durham Constabulary,Durham Constabulary,-1.450009,54.647154,On or near A689,E01020828,County Durham 054B,Other theft,Investigation complete; no suspect identified,
00df772838bc4dd48e88e77935220f979612926467d79fff3a240cfdb06d022f,2024-05,Durham Constabulary,Durham Constabulary,-1.507412,54.649414,On or near Petrol Station,E01020828,County Durham 054B,Other theft,Under investigation,
350dad14d094f259aa840eb01088dfbca4bde2fd67992c7565770f1709adec68,2024-05,Durham Constabulary,Durham Constabulary,-1.507412,54.649414,On or near Petrol Station,E01020828,County Durham 054B,Other theft,Investigation complete; no suspect identified,
d771a495971f5d7bf231052ed87ddac4e683801b1e45daadfc400adc44f863ee,2024-05,Durham Constabulary,Durham Constabulary,-1.443569,54.652274,On or near Stockton Road,E01020828,County Durham 054B,Public order,Unable to prosecute suspect,
542b7cfb7765bcdb250ff263dbab504ddfdaad704f152d1ea6cac30fa7d82826,2024-05,Durham Constabulary,Durham Constabulary,-1.376230,54.649097,On or near Parking Area,E01020828,County Durham 054B,Vehicle crime,Investigation complete; no suspect identified,
57c28f6484bf9ab9a318f46632c8e3fb0143dac3b66e82ee5162ed90728bd338,2024-05,Durham Constabulary,Durham Constabulary,-1.507412,54.649414,On or near Petrol Station,E01020828,County Durham 054B,Violence and sexual offences,Under investigation,
55c266e49c4f9ee1633a0349e020f4bb3d9ea833b59625c329e0a2bb5f812061,2024-05,Durham Constabulary,Durham Constabulary,-1.450525,54.660547,On or near Hamminkeln Place,E01020828,County Durham 054B,Violence and sexual offences,Unable to prosecute suspect,
e0a1c9d4707406406d11dc2aefd56c9318fa8e8dde66f54823ace9fe888893ec,2024-05,Durham Constabulary,Durham Constabulary,-1.450525,54.660547,On or near Hamminkeln Place,E01020828,County Durham 054B,Violence and sexual offences,Further action is not in the public interest,
,2024-05,Durham Constabulary,Durham Constabulary,-1.452727,54.659388,On or near Mitford Court,E01020829,County Durham 054C,Anti-social behaviour,,
89fcb0e3d54cc48663b8ffc60898086a8bff70b49a8a6e4d9f0d7e049c81ec4f,2024-05,Durham Constabulary,Durham Constabulary,-1.451222,54.654852,On or near North End,E01020829,County Durham 054C,Criminal damage and arson,Under investigation,
6feb18e9eef719d09efbcc871ee884eb15ef6919976acae9619d936d69b3e00c,2024-05,Durham Constabulary,Durham Constabulary,-1.459866,54.650757,On or near Sports/Recreation Area,E01020829,County Durham 054C,Other theft,Investigation complete; no suspect identified,
3b2624cbce8a607b86a1f8414185e227ced7ecb1802c9776e4d54218f82c6d04,2024-05,Durham Constabulary,Durham Constabulary,-1.451317,54.662779,On or near Hospital,E01020829,County Durham 054C,Shoplifting,Investigation complete; no suspect identified,
1088dccb161e8b20e0a4c0a44d300304c8b754a0a42e8ea9c2ec5878f422a6cf,2024-05,Durham Constabulary,Durham Constabulary,-1.451317,54.662779,On or near Hospital,E01020829,County Durham 054C,Shoplifting,Investigation complete; no suspect identified,
c29ea781a83269a629b5c13e0c5f587315a98cc80e03253ab6ef98aa9d737eef,2024-05,Durham Constabulary,Durham Constabulary,-1.451317,54.662779,On or near Hospital,E01020829,County Durham 054C,Shoplifting,Investigation complete; no suspect identified,
ddba7d14d34323329adda633ee976e73ffe70be2139b23115ad4b8eb81e4494d,2024-05,Durham Constabulary,Durham Constabulary,-1.451317,54.662779,On or near Hospital,E01020829,County Durham 054C,Shoplifting,Local resolution,
9471f1c7fc8cf16abfd8d6c4c6843b6e9fb7a449204eda6a9cabc70196af4621,2024-05,Durham Constabulary,Durham Constabulary,-1.454710,54.659415,On or near Milbourne Court,E01020829,County Durham 054C,Violence and sexual offences,Unable to prosecute suspect,
ebe9a1ebdb5ceb286b4a1a8dc28ace0e629747144362d00506889489d64d5314,2024-05,Durham Constabulary,Durham Constabulary,-1.451604,54.661037,On or near The Gables,E01020829,County Durham 054C,Violence and sexual offences,Unable to prosecute suspect,
4ede9f8a14eadd6581975506b4a741fc51db133d96d8092e79821261b764594f,2024-05,Durham Constabulary,Durham Constabulary,-1.453562,54.657172,On or near Boyne Court,E01020829,County Durham 054C,Violence and sexual offences,Local resolution,
,2024-05,Durham Constabulary,Durham Constabulary,-1.448866,54.653727,On or near Supermarket,E01020830,County Durham 054D,Anti-social behaviour,,
,2024-05,Durham Constabulary,Durham Constabulary,-1.448490,54.654013,On or near Parking Area,E01020830,County Durham 054D,Anti-social behaviour,,
,2024-05,Durham Constabulary,Durham Constabulary,-1.446164,54.652924,On or near Crispin Court,E01020830,County Durham 054D,Anti-social behaviour,,
,2024-05,Durham Constabulary,Durham Constabulary,-1.442511,54.655990,On or near Butterwick Road,E01020830,County Durham 054D,Anti-social behaviour,,
0f1317862fbce4566bf5f115a4c6e25685d8026baf8e73a2519d92e831534826,2024-05,Durham Constabulary,Durham Constabulary,-1.442511,54.655990,On or near Butterwick Road,E01020830,County Durham 054D,Criminal damage and arson,Investigation complete; no suspect identified,
8152b05ec6db66b184be014f71541f7ec9ad21bc81bb570975bdebc769da0d36,2024-05,Durham Constabulary,Durham Constabulary,-1.448866,54.653727,On or near Supermarket,E01020830,County Durham 054D,Other theft,Unable to prosecute suspect,
bef2296eb6e0ae4f57309e9b48038bf473917838ea3c99daaac50fabf49168bb,2024-05,Durham Constabulary,Durham Constabulary,-1.448490,54.654013,On or near Parking Area,E01020830,County Durham 054D,Public order,Under investigation,
44f8364cc6b936f1695ac894fee222583cfdc5f9aef10d28dab5f1efb54e6014,2024-05,Durham Constabulary,Durham Constabulary,-1.447489,54.650108,On or near Eden Drive,E01020830,County Durham 054D,Public order,Unable to prosecute suspect,
cdc5cb78001bd61161c148f13f54df99dc6ff8706d5e80eeb07b0f5c25fff36a,2024-05,Durham Constabulary,Durham Constabulary,-1.446164,54.652924,On or near Crispin Court,E01020830,County Durham 054D,Violence and sexual offences,Unable to prosecute suspect,
296b4d87f1a6b31e8c1960197c9895154da3882e9169a148e5559e72a7125465,2024-05,Durham Constabulary,Durham Constabulary,-1.447138,54.653117,On or near Cross Street,E01020830,County Durham 054D,Violence and sexual offences,Investigation complete; no suspect identified,
3265b4490404c0fcc38c966c120301ad89c3a969f6a457148092300bc6630857,2024-05,Durham Constabulary,Durham Constabulary,-1.448866,54.653727,On or near Supermarket,E01020830,County Durham 054D,Violence and sexual offences,Unable to prosecute suspect,
3c47ef5c2a92081136c831db3d25e302b146c231ecfe694ec65da6e60b736d36,2024-05,Durham Constabulary,Durham Constabulary,-1.447489,54.650108,On or near Eden Drive,E01020830,County Durham 054D,Violence and sexual offences,Unable to prosecute suspect,
a7e5705835914b8e41a81675d9df87732ee58516b5bb82dc1f078f2d0e5618df,2024-05,Durham Constabulary,Durham Constabulary,-1.446359,54.656888,On or near Elm Avenue,E01020830,County Durham 054D,Violence and sexual offences,Unable to prosecute suspect,
46cde8adc2f9ddeb5520682a0a674ddf69b600b4e995bf61842425127477561f,2024-05,Durham Constabulary,Durham Constabulary,-1.448866,54.653727,On or near Supermarket,E01020830,County Durham 054D,Violence and sexual offences,Unable to prosecute suspect,
,2024-05,Durham Constabulary,Durham Constabulary,-1.674686,54.661886,On or near Parking Area,E01020868,County Durham 055A,Anti-social behaviour,,
,2024-05,Durham Constabulary,Durham Constabulary,-1.675980,54.660973,On or near Adelaide Street,E01020868,County Durham 055A,Anti-social behaviour,,
,2024-05,Durham Constabulary,Durham Constabulary,-1.670662,54.657274,On or near The Sidings,E01020868,County Durham 055A,Anti-social behaviour,,
,2024-05,Durham Constabulary,Durham Constabulary,-1.676136,54.662806,On or near Westgate Road,E01020868,County Durham 055A,Anti-social behaviour,,
,2024-05,Durham Constabulary,Durham Constabulary,-1.676121,54.664408,On or near Supermarket,E01020868,County Durham 055A,Anti-social behaviour,,
,2024-05,Durham Constabulary,Durham Constabulary,-1.674686,54.661886,On or near Parking Area,E01020868,County Durham 055A,Anti-social behaviour,,
,2024-05,Durham Constabulary,Durham Constabulary,-1.676121,54.664408,On or near Supermarket,E01020868,County Durham 055A,Anti-social behaviour,,
,2024-05,Durham Constabulary,Durham Constabulary,-1.675980,54.660973,On or near Adelaide Street,E01020868,County Durham 055A,Anti-social behaviour,,
,2024-05,Durham Constabulary,Durham Constabulary,-1.674686,54.661886,On or near Parking Area,E01020868,County Durham 055A,Anti-social behaviour,,
,2024-05,Durham Constabulary,Durham Constabulary,-1.674616,54.663582,On or near Shopping Area,E01020868,County Durham 055A,Anti-social behaviour,,
,2024-05,Durham Constabulary,Durham Constabulary,-1.659805,54.656111,On or near Bradford Drive,E01020868,County Durham 055A,Anti-social behaviour,,
8d835e6794f8d2548771dcffa7c8db2185bad8704d79a6d97f580848de445d35,2024-05,Durham Constabulary,Durham Constabulary,-1.673197,54.665872,On or near Bakehouse Hill,E01020868,County Durham 055A,Burglary,Investigation complete; no suspect identified,
095c80a71d33118f41495c92f271d04b45339c855c6ef1544fa046469bf8958d,2024-05,Durham Constabulary,Durham Constabulary,-1.674616,54.663582,On or near Shopping Area,E01020868,County Durham 055A,Burglary,Unable to prosecute suspect,
db01200458caeb68975557f07cceab41a3c96225cd7fe6698ec54500d6d164fc,2024-05,Durham Constabulary,Durham Constabulary,-1.674616,54.663582,On or near Shopping Area,E01020868,County Durham 055A,Burglary,Awaiting court outcome,
7f4e9e41727d4574094c4033413a49f8b83e1077512dacbfa5846e1ddab1f761,2024-05,Durham Constabulary,Durham Constabulary,-1.675043,54.657897,On or near Blackett Street,E01020868,County Durham 055A,Burglary,Investigation complete; no suspect identified,
b57f73a7b0c6a0100b68360cf76141183d26df393f24b3058e095dc00b65be05,2024-05,Durham Constabulary,Durham Constabulary,-1.676136,54.662806,On or near Westgate Road,E01020868,County Durham 055A,Criminal damage and arson,Investigation complete; no suspect identified,
486495427581f2d35f7afd60ac4396fa5408d26f10b3c80237fc8bd1fa25986d,2024-05,Durham Constabulary,Durham Constabulary,-1.673595,54.658692,On or near Petrol Station,E01020868,County Durham 055A,Criminal damage and arson,Investigation complete; no suspect identified,
bb4e4f3a396e6186b09b9e65ed157955af63bfdbdcdef79a6e866fe4f334df4f,2024-05,Durham Constabulary,Durham Constabulary,-1.670662,54.657274,On or near The Sidings,E01020868,County Durham 055A,Criminal damage and arson,Investigation complete; no suspect identified,
85c6d61a52392e5453ee1a81dbb21da4ddefe09ee2cb70ebb0a33002aebd5c18,2024-05,Durham Constabulary,Durham Constabulary,-1.675980,54.660973,On or near Adelaide Street,E01020868,County Durham 055A,Criminal damage and arson,Local resolution,
3bde5f6f13ce5514d050e1c51650aba2fbae5e3934050d59f65b09b1f25bf008,2024-05,Durham Constabulary,Durham Constabulary,-1.677924,54.664024,On or near Saddler Street,E01020868,County Durham 055A,Criminal damage and arson,Investigation complete; no suspect identified,
5d058258a8e7c1b6d7f49c8c508ee7aa5f6b70df5b34685fa54b96bb2ab4aa4a,2024-05,Durham Constabulary,Durham Constabulary,-1.675552,54.658221,On or near Union Street,E01020868,County Durham 055A,Criminal damage and arson,Investigation complete; no suspect identified,
3349dd1a2becd193c07f3f4e26b50b2b322b5c1cb255b61fe8a12fa7f4ba13b5,2024-05,Durham Constabulary,Durham Constabulary,-1.678184,54.658687,On or near Supermarket,E01020868,County Durham 055A,Criminal damage and arson,Investigation complete; no suspect identified,
dad3e2db099cac9b4a1ce3eabb35a414d5030167742f381423048212c6039154,2024-05,Durham Constabulary,Durham Constabulary,-1.673595,54.658692,On or near Petrol Station,E01020868,County Durham 055A,Criminal damage and arson,Investigation complete; no suspect identified,
de57fae27f82443e112efb9d8251c3fafa9c91f93e61d1f382032cbc4a9ad7eb,2024-05,Durham Constabulary,Durham Constabulary,-1.676336,54.664874,On or near Parking Area,E01020868,County Durham 055A,Criminal damage and arson,Investigation complete; no suspect identified,
03411ca8387d875484b94344f46b477cf97492e26f9a27a17db370024c2e82e8,2024-05,Durham Constabulary,Durham Constabulary,-1.675043,54.657897,On or near Blackett Street,E01020868,County Durham 055A,Criminal damage and arson,Investigation complete; no suspect identified,
f3d1fdda05aa1d892e4fd0fd8c1e1aa5da1b7e0f905ddd1d4c6d971bfbb3fec2,2024-05,Durham Constabulary,Durham Constabulary,-1.674686,54.661886,On or near Parking Area,E01020868,County Durham 055A,Drugs,Offender given a caution,
a1bb5c7543323d3d56356233e52d5a67abb5d63495e72b233f889f280d071e33,2024-05,Durham Constabulary,Durham Constabulary,-1.676121,54.664408,On or near Supermarket,E01020868,County Durham 055A,Other theft,Investigation complete; no suspect identified,
cffed19cb49e6f576d038b8cf3995e72520222963c3d2bd3debafacb3c867f6b,2024-05,Durham Constabulary,Durham Constabulary,-1.678184,54.658687,On or near Supermarket,E01020868,County Durham 055A,Other theft,Investigation complete; no suspect identified,
aa9c137ef74f482ab304c4b9559b43e1b5b2b1f69d5a58436adf196ab04f9108,2024-05,Durham Constabulary,Durham Constabulary,-1.675787,54.665663,On or near North Bondgate,E01020868,County Durham 055A,Other theft,Investigation complete; no suspect identified,
a8b476b910ba74452d69062514d46cc158c8088a7d6edc385ede02fe2f66a613,2024-05,Durham Constabulary,Durham Constabulary,-1.675980,54.660973,On or near Adelaide Street,E01020868,County Durham 055A,Other theft,Unable to prosecute suspect,
072587c8e11960969d283757e5b3224ac8a7d6fc97fcaff1caf3d9f176bd2cdc,2024-05,Durham Constabulary,Durham Constabulary,-1.676121,54.664408,On or near Supermarket,E01020868,County Durham 055A,Other theft,Investigation complete; no suspect identified,
74d9bbee2eab4168fed4abbca6429d7a23c90b76dfa30950d4f24f58e867855e,2024-05,Durham Constabulary,Durham Constabulary,-1.675691,54.660307,On or near Newgate Street,E01020868,County Durham 055A,Public order,Unable to prosecute suspect,
020b715e08774a0debd49150178e54c96976a3359d87d0d9246d464ec99ef104,2024-05,Durham Constabulary,Durham Constabulary,-1.678184,54.658687,On or near Supermarket,E01020868,County Durham 055A,Public order,Unable to prosecute suspect,
d99316ea48a17b19dffb9b9d98270918fc725ebcf7e8085e02bf446ae8897db9,2024-05,Durham Constabulary,Durham Constabulary,-1.676121,54.664408,On or near Supermarket,E01020868,County Durham 055A,Public order,Unable to prosecute suspect,
d9692380c9bce62bba7d5950e376a3df6ccfe5a65a3ba7590bf8580866815e9e,2024-05,Durham Constabulary,Durham Constabulary,-1.675963,54.663048,On or near Great Gates,E01020868,County Durham 055A,Public order,Unable to prosecute suspect,
9a3f2a86645326b14803ecf594f5fd909a0f87b8a85f47f0e2ad48bfb8ddc1ab,2024-05,Durham Constabulary,Durham Constabulary,-1.674616,54.663582,On or near Shopping Area,E01020868,County Durham 055A,Shoplifting,Unable to prosecute suspect,
f7a08541ca548440eafbfa9437ddc5680857ce6fcdf722619fde5a09c18fec74,2024-05,Durham Constabulary,Durham Constabulary,-1.676121,54.664408,On or near Supermarket,E01020868,County Durham 055A,Shoplifting,Investigation complete; no suspect identified,
2cc70a2c7b3d68e5339947262743915c933a13f7ed487f74cb7d711c06bd38c6,2024-05,Durham Constabulary,Durham Constabulary,-1.676136,54.662806,On or near Westgate Road,E01020868,County Durham 055A,Shoplifting,Investigation complete; no suspect identified,
be9e3554cb608955630d4fffaf5b40da264b350e941886fea50e4cd73414431a,2024-05,Durham Constabulary,Durham Constabulary,-1.678184,54.658687,On or near Supermarket,E01020868,County Durham 055A,Shoplifting,Formal action is not in the public interest,
7d1f9b0020b65b624d7d28a93e3c350103cfe0ebeb85f95cd8294b9bb43192f4,2024-05,Durham Constabulary,Durham Constabulary,-1.676451,54.664083,On or near George Street,E01020868,County Durham 055A,Shoplifting,Investigation complete; no suspect identified,
c524005e529f5b228dba3b3a4b14e4f3f67336408882c6c655d42641dc92e5fb,2024-05,Durham Constabulary,Durham Constabulary,-1.674616,54.663582,On or near Shopping Area,E01020868,County Durham 055A,Shoplifting,Investigation complete; no suspect identified,
2b3ff64254df8d02b0f41f5cf7460b4124d38b0ab6c03cf4df5e7a568ac1cd3d,2024-05,Durham Constabulary,Durham Constabulary,-1.674616,54.663582,On or near Shopping Area,E01020868,County Durham 055A,Shoplifting,Investigation complete; no suspect identified,
5221ff85402a4b3cf40f8c62af6370fc256ecbd154eba0fccaf10edaaca106d0,2024-05,Durham Constabulary,Durham Constabulary,-1.674616,54.663582,On or near Shopping Area,E01020868,County Durham 055A,Shoplifting,Investigation complete; no suspect identified,
0a7391471792e5d4e38b50c058fa1cc8815941544d98077a76a0d6fd18582fb0,2024-05,Durham Constabulary,Durham Constabulary,-1.678184,54.658687,On or near Supermarket,E01020868,County Durham 055A,Shoplifting,Awaiting court outcome,
bca3f9d26710403dd614e64ce68654d463a2d6b0210e51fed4653b8528b780c0,2024-05,Durham Constabulary,Durham Constabulary,-1.677801,54.661948,On or near Vickers Street,E01020868,County Durham 055A,Vehicle crime,Unable to prosecute suspect,
ec2d4170ec4cd2d21254c0f372b4b68396ecce44049de0cec4712a268f8f5062,2024-05,Durham Constabulary,Durham Constabulary,-1.670662,54.657274,On or near The Sidings,E01020868,County Durham 055A,Vehicle crime,Investigation complete; no suspect identified,
59eb77e2eece01b185e815d6ff9765d76abdb514ebe2d32598cf52b7191f9e60,2024-05,Durham Constabulary,Durham Constabulary,-1.673599,54.660157,On or near Laurel Way,E01020868,County Durham 055A,Vehicle crime,Investigation complete; no suspect identified,
cd857dc0fa58d818f1164d1fe0a145ebfd49688a8ccc99e599a8b14df113d143,2024-05,Durham Constabulary,Durham Constabulary,-1.674686,54.661886,On or near Parking Area,E01020868,County Durham 055A,Vehicle crime,Investigation complete; no suspect identified,
5f15a70fe4f566e165ae18ef5d91ed35af775030446cbbe5b5cc2ddd069b0c97,2024-05,Durham Constabulary,Durham Constabulary,-1.670368,54.659052,On or near Queen'S Road,E01020868,County Durham 055A,Violence and sexual offences,Action to be taken by another organisation,
1579da2abc0480cb0b71e52c86b55526e00f4ff8ec651be4a5ca86631ab4a5e5,2024-05,Durham Constabulary,Durham Constabulary,-1.673360,54.661028,On or near A689,E01020868,County Durham 055A,Violence and sexual offences,Unable to prosecute suspect,
725334e3f518859f2b3129d8fce9645f884f81af842d8b4f1e2bfc0f8222ecf0,2024-05,Durham Constabulary,Durham Constabulary,-1.673599,54.660157,On or near Laurel Way,E01020868,County Durham 055A,Violence and sexual offences,Unable to prosecute suspect,
af32444320dfafce79ec8623404f24a5a2bb9d76237739c6eb3873d1a8cd2ddb,2024-05,Durham Constabulary,Durham Constabulary,-1.680809,54.663852,On or near West Road,E01020868,County Durham 055A,Violence and sexual offences,Under investigation,
0fc5a605e933c7394eab17d2409ade17739844021a7c272d51376617ea7f234c,2024-05,Durham Constabulary,Durham Constabulary,-1.677924,54.664024,On or near Saddler Street,E01020868,County Durham 055A,Violence and sexual offences,Investigation complete; no suspect identified,
c3f18f2dcb1a06a6619fd3b3878f350d6dec592e3a0871a17fb3078a40532cdd,2024-05,Durham Constabulary,Durham Constabulary,-1.676108,54.664406,On or near Shopping Area,E01020868,County Durham 055A,Violence and sexual offences,Unable to prosecute suspect,
0d676567bcc5b284f8c310e0803a59c1cc573cb681dd52d484cf5535179071e3,2024-05,Durham Constabulary,Durham Constabulary,-1.673060,54.665548,On or near Market Place,E01020868,County Durham 055A,Violence and sexual offences,Investigation complete; no suspect identified,
aec64658c32d6b1c3268945a1029b65ed9854568fb5010c4c1beb15a3b425119,2024-05,Durham Constabulary,Durham Constabulary,-1.676193,54.665314,On or near Fore Bondgate,E01020868,County Durham 055A,Violence and sexual offences,Under investigation,
2bcfcd9f84e290270f4ca8d2da7f51c31108454f1c11eeade56c0d27c43fe4d0,2024-05,Durham Constabulary,Durham Constabulary,-1.670368,54.659052,On or near Queen'S Road,E01020868,County Durham 055A,Violence and sexual offences,Unable to prosecute suspect,
59cb3e9af8981996de7c6c022cb669ea4a761768a4f786dd471fab218b458446,2024-05,Durham Constabulary,Durham Constabulary,-1.670368,54.659052,On or near Queen'S Road,E01020868,County Durham 055A,Violence and sexual offences,Under investigation,
82f723eaefabbfcae064969beea6a7fc9583e7f202d22d8da037c479d7c04734,2024-05,Durham Constabulary,Durham Constabulary,-1.677243,54.658109,On or near Petrol Station,E01020868,County Durham 055A,Violence and sexual offences,Further investigation is not in the public interest,
ce1e5a987ec7e236869491df5e8d3c403c2dbd59cd93a8314a1673e16d7522a8,2024-05,Durham Constabulary,Durham Constabulary,-1.676121,54.664408,On or near Supermarket,E01020868,County Durham 055A,Violence and sexual offences,Investigation complete; no suspect identified,
d89dc6bc3b3db610aaea4209916a00f77019007a135501540f2b272c6565b42d,2024-05,Durham Constabulary,Durham Constabulary,-1.677243,54.658109,On or near Petrol Station,E01020868,County Durham 055A,Violence and sexual offences,Unable to prosecute suspect,
55d5489efe6013661a8c716f990281e6a7b884bc287269b43cbe4b0ad1a72e3f,2024-05,Durham Constabulary,Durham Constabulary,-1.670169,54.658701,On or near Woodlands Road,E01020868,County Durham 055A,Violence and sexual offences,Unable to prosecute suspect,
f2a9c5bb3b0d59c1693457abcf4071f7476d2d1e36b516328f66c53990d2666b,2024-05,Durham Constabulary,Durham Constabulary,-1.675266,54.659056,On or near Railway Street,E01020868,County Durham 055A,Violence and sexual offences,Unable to prosecute suspect,
b1926e6eba87224ec3974c0d16b4078ac8c1c89015bde107547645effcf50797,2024-05,Durham Constabulary,Durham Constabulary,-1.677243,54.658109,On or near Petrol Station,E01020868,County Durham 055A,Violence and sexual offences,Unable to prosecute suspect,
f8e351b95b546fafa1fe36dfe08a5141a025b084d616b442ccdcb8e9e3e60db4,2024-05,Durham Constabulary,Durham Constabulary,-1.677801,54.661948,On or near Vickers Street,E01020868,County Durham 055A,Violence and sexual offences,Unable to prosecute suspect,
b408ca23eaa5065199750bc9ea087146be05255e054014197a52193c341c9ba4,2024-05,Durham Constabulary,Durham Constabulary,-1.675938,54.664262,On or near Parking Area,E01020868,County Durham 055A,Violence and sexual offences,Awaiting court outcome,
10bda86c7153138e25efe1a2ae7ba826a0d3e9d03d530c645fdb8765f3f3917a,2024-05,Durham Constabulary,Durham Constabulary,-1.678478,54.664655,On or near Grainger Street,E01020868,County Durham 055A,Violence and sexual offences,Unable to prosecute suspect,
25b3e1a9653fdf37fbeca8dcd9a8199f08f85d163f4193effafd0f388c60d341,2024-05,Durham Constabulary,Durham Constabulary,-1.672943,54.666617,On or near Silver Street,E01020868,County Durham 055A,Violence and sexual offences,Investigation complete; no suspect identified,
86baef129f94a5c64a8131f66fb4d5ac4a9a406f7863012d10dde9edf600b585,2024-05,Durham Constabulary,Durham Constabulary,-1.679546,54.664855,On or near High Bondgate,E01020868,County Durham 055A,Violence and sexual offences,Under investigation,
9617feee05ff31f4063afc184d294ccc3271544e7650027e02c02fa0c8eea8b9,2024-05,Durham Constabulary,Durham Constabulary,-1.674686,54.661886,On or near Parking Area,E01020868,County Durham 055A,Violence and sexual offences,Under investigation,
a1ea07c192ba0a13bc5be1567d29d6f8c104e6b67ea102d5f06d8e6122232659,2024-05,Durham Constabulary,Durham Constabulary,-1.675691,54.660307,On or near Newgate Street,E01020868,County Durham 055A,Other crime,Action to be taken by another organisation,
,2024-05,Durham Constabulary,Durham Constabulary,-1.680853,54.662235,On or near Surtees Street,E01020869,County Durham 055B,Anti-social behaviour,,
,2024-05,Durham Constabulary,Durham Constabulary,-1.678603,54.662498,On or near Gibbon Street,E01020869,County Durham 055B,Anti-social behaviour,,
,2024-05,Durham Constabulary,Durham Constabulary,-1.678603,54.662498,On or near Gibbon Street,E01020869,County Durham 055B,Anti-social behaviour,,
7fc1ff35b5bd51c363299636bd3692231f7914816e2df1a544dae79ae0b5fd38,2024-05,Durham Constabulary,Durham Constabulary,-1.681821,54.663289,On or near Russell Street,E01020869,County Durham 055B,Criminal damage and arson,Unable to prosecute suspect,
05a2c6d8b73bbbd5903fd763a3949d2ff628d14575980c5e65988fb26d04c87b,2024-05,Durham Constabulary,Durham Constabulary,-1.680853,54.662235,On or near Surtees Street,E01020869,County Durham 055B,Public order,Investigation complete; no suspect identified,
99000fb51feae16076a277b9c6273490341a166aaf58f963dac4065c19b3808f,2024-05,Durham Constabulary,Durham Constabulary,-1.680041,54.663023,On or near Edward Street,E01020869,County Durham 055B,Vehicle crime,Under investigation,
2fbb1c4b84c90548f18837115c1522f6fe23946ef93d6615921f3ad9c26aeab3,2024-05,Durham Constabulary,Durham Constabulary,-1.680853,54.662235,On or near Surtees Street,E01020869,County Durham 055B,Vehicle crime,Investigation complete; no suspect identified,
31220bbde54b1b26d02b9a0c5b114eabe270c38373ebb1260086cb99cc7129b4,2024-05,Durham Constabulary,Durham Constabulary,-1.682379,54.665312,On or near Newton Cap Bank,E01020869,County Durham 055B,Vehicle crime,Investigation complete; no suspect identified,
7717abf87a1d4c05cd0545272efaf4aba42f5fc8651ef2eec8c3374ebc0a6d9b,2024-05,Durham Constabulary,Durham Constabulary,-1.682379,54.665312,On or near Newton Cap Bank,E01020869,County Durham 055B,Violence and sexual offences,Unable to prosecute suspect,
5a86ff3c54acb6cf03a7fdca110c9ed3c0dcab295600a76080455d77e1e119b2,2024-05,Durham Constabulary,Durham Constabulary,-1.682379,54.665312,On or near Newton Cap Bank,E01020869,County Durham 055B,Violence and sexual offences,Unable to prosecute suspect,
2b27afcf0f78c2b6e10d1978ab6740c2b8c3517cf1ba027bbce3dca65f659428,2024-05,Durham Constabulary,Durham Constabulary,-1.681821,54.663289,On or near Russell Street,E01020869,County Durham 055B,Violence and sexual offences,Unable to prosecute suspect,
018bf90cc4e0bf1779fb87dc55e1223008b46a4951fcf7655c3e17e2343bf5a3,2024-05,Durham Constabulary,Durham Constabulary,-1.678603,54.662498,On or near Gibbon Street,E01020869,County Durham 055B,Other crime,Unable to prosecute suspect,
,2024-05,Durham Constabulary,Durham Constabulary,-1.630360,54.660707,On or near East Avenue,E01020874,County Durham 055C,Anti-social behaviour,,
,2024-05,Durham Constabulary,Durham Constabulary,-1.627280,54.660221,On or near Cleveland View,E01020874,County Durham 055C,Anti-social behaviour,,
bb781e049d76774de981d29f7eff21fe76364e1ff3942486463c867e8a98cf6a,2024-05,Durham Constabulary,Durham Constabulary,-1.632513,54.660867,On or near Drake Avenue,E01020874,County Durham 055C,Criminal damage and arson,Offender given a caution,
3bd0364046816354570856990160704bcd04ce9799cde407ec64c452715f9000,2024-05,Durham Constabulary,Durham Constabulary,-1.633521,54.659144,On or near Nicholson Court,E01020874,County Durham 055C,Criminal damage and arson,Unable to prosecute suspect,
c9e7a751064b7664d30ce0c3998dbe6abc0bdaa2ab2fe734ee3cc9ce09aed4f5,2024-05,Durham Constabulary,Durham Constabulary,-1.630863,54.661661,On or near Collingwood Street,E01020874,County Durham 055C,Criminal damage and arson,Investigation complete; no suspect identified,
7d3f69853281afa4a591e026a15f7aa053a4074e5322398a61fa8e7dcb417e57,2024-05,Durham Constabulary,Durham Constabulary,-1.606595,54.663975,On or near Parking Area,E01020874,County Durham 055C,Possession of weapons,Awaiting court outcome,
089b82503678952da3f829a424280f1dad8139f72320bdd9db171d8f5db3b954,2024-05,Durham Constabulary,Durham Constabulary,-1.627280,54.660221,On or near Cleveland View,E01020874,County Durham 055C,Public order,Investigation complete; no suspect identified,
912278ea7646a82fd4cb9c712d7b4d505c1c9700c1c9d90908e361abb10dc948,2024-05,Durham Constabulary,Durham Constabulary,-1.627280,54.660221,On or near Cleveland View,E01020874,County Durham 055C,Shoplifting,Investigation complete; no suspect identified,
822b679de119f5c55cbcff01cf914b1dfa4a6634fb1c2589420beda2565512c6,2024-05,Durham Constabulary,Durham Constabulary,-1.627280,54.660221,On or near Cleveland View,E01020874,County Durham 055C,Shoplifting,Investigation complete; no suspect identified,
63ea19b2723ff1afed22189d2d079321d8e07f62800e647824e7feab6c6caeab,2024-05,Durham Constabulary,Durham Constabulary,-1.627280,54.660221,On or near Cleveland View,E01020874,County Durham 055C,Shoplifting,Investigation complete; no suspect identified,
2ebfcb31a7b0499181e26dfdb6e7b75433fb46e9ace92901f50bb4851c5616da,2024-05,Durham Constabulary,Durham Constabulary,-1.627280,54.660221,On or near Cleveland View,E01020874,County Durham 055C,Shoplifting,Investigation complete; no suspect identified,
f107938aa3c0a58e51aece0d4b39ec125ae9ca624d5e818fad0c32aab4a35e1c,2024-05,Durham Constabulary,Durham Constabulary,-1.631686,54.659840,On or near Hillside Road,E01020874,County Durham 055C,Vehicle crime,Investigation complete; no suspect identified,
a90f68cb75ca2f6afddbbbaf07d8de337891ebb4b1b481624961e8999bd52a91,2024-05,Durham Constabulary,Durham Constabulary,-1.627280,54.660221,On or near Cleveland View,E01020874,County Durham 055C,Violence and sexual offences,Investigation complete; no suspect identified,
227b545af8050061fd47c0f8aea7b7a5957b6f6fa36aa2d5be30e076b462cb73,2024-05,Durham Constabulary,Durham Constabulary,-1.634785,54.659975,On or near Hutchinson Close,E01020874,County Durham 055C,Violence and sexual offences,Under investigation,
,2024-05,Durham Constabulary,Durham Constabulary,-1.648605,54.648216,On or near Addison Street,E01020880,County Durham 055D,Anti-social behaviour,,
5b76bd232805e404ffa6f76d572c46c87c755ea32a45b3d0721f69b716110457,2024-05,Durham Constabulary,Durham Constabulary,-1.646775,54.646593,On or near Randolph Street,E01020880,County Durham 055D,Burglary,Under investigation,
ceb8d813e5194c676249777f0e958075ec5109a6776dcf53a80f12f876a3bc6d,2024-05,Durham Constabulary,Durham Constabulary,-1.642081,54.646427,On or near Stanley Street,E01020880,County Durham 055D,Criminal damage and arson,Formal action is not in the public interest,
e0e2d31ea8ee66afa76721c4b1691dfd67e2cbce529f192e62592f5c610cb005,2024-05,Durham Constabulary,Durham Constabulary,-1.642761,54.646581,On or near Heslop Street,E01020880,County Durham 055D,Criminal damage and arson,Investigation complete; no suspect identified,
cf56add8afd8d4310a8d02c2b07c9053023b38e8aff289a8c0d228077d8b2990,2024-05,Durham Constabulary,Durham Constabulary,-1.648651,54.644711,On or near Deanery Court,E01020880,County Durham 055D,Criminal damage and arson,Investigation complete; no suspect identified,
c08eb3a323462fc7e631136608c74f3abb233f084a35f4d2d2287b62be05fa66,2024-05,Durham Constabulary,Durham Constabulary,-1.648415,54.645133,On or near Johnson Street,E01020880,County Durham 055D,Criminal damage and arson,Investigation complete; no suspect identified,
39a8bb2997bcfdba1b4101cf5569e6f6bb569b92098a306ae7d97566cc3ecad7,2024-05,Durham Constabulary,Durham Constabulary,-1.643088,54.646412,On or near Gibson Street,E01020880,County Durham 055D,Criminal damage and arson,Investigation complete; no suspect identified,
310c0dbbb97d2cb85ee36192794a917ee00454b11f4fef9ad08a9022492bd57a,2024-05,Durham Constabulary,Durham Constabulary,-1.647591,54.647225,On or near Wesley Street,E01020880,County Durham 055D,Criminal damage and arson,Unable to prosecute suspect,
85a90baba4adaf138522e9516381b2e58791a73c7f6f870d1ab048c720c358f1,2024-05,Durham Constabulary,Durham Constabulary,-1.651451,54.645277,On or near High Street,E01020880,County Durham 055D,Criminal damage and arson,Investigation complete; no suspect identified,
d6074d2b763a1f1e0c2837b543ca689d42359595e18c6fd5f182a6aaa5621ce2,2024-05,Durham Constabulary,Durham Constabulary,-1.647591,54.647225,On or near Wesley Street,E01020880,County Durham 055D,Drugs,Further investigation is not in the public interest,
d02ef626217cf3a93db19559106f4e08f1d6944447ac51ee6699c0b3aac8aeef,2024-05,Durham Constabulary,Durham Constabulary,-1.648605,54.648216,On or near Addison Street,E01020880,County Durham 055D,Possession of weapons,Further investigation is not in the public interest,
78027c0853c10b9978f357712980d8db777108ea7caeab28456201bea41d78b3,2024-05,Durham Constabulary,Durham Constabulary,-1.642081,54.646427,On or near Stanley Street,E01020880,County Durham 055D,Possession of weapons,Under investigation,
e40e7e6c92503fcb343d41e8917565e3668e8915860d1e48838e32d8e22fa11b,2024-05,Durham Constabulary,Durham Constabulary,-1.642081,54.646427,On or near Stanley Street,E01020880,County Durham 055D,Public order,Investigation complete; no suspect identified,
26b7da695fe4a2bb718475878bf216ab03bef11f2dfabd4fa063aa3807dc3448,2024-05,Durham Constabulary,Durham Constabulary,-1.647784,54.646362,On or near Spencer Street,E01020880,County Durham 055D,Public order,Unable to prosecute suspect,
d8f02dcd0d8971b2253c95af046b09f13a606f8dece6af0533ce362a23a14ec6,2024-05,Durham Constabulary,Durham Constabulary,-1.648091,54.652160,On or near Woodside Meadows,E01020880,County Durham 055D,Public order,Unable to prosecute suspect,
0b79145be703570f123ccbaaba21736bcceeaa8013bb3f6de747549b43bf75a3,2024-05,Durham Constabulary,Durham Constabulary,-1.647835,54.645823,On or near John Street,E01020880,County Durham 055D,Public order,Investigation complete; no suspect identified,
150d899b347708c0016f66d2cd746ad72212b57dd2491e389a77717045425e91,2024-05,Durham Constabulary,Durham Constabulary,-1.650785,54.645230,On or near Wilson Street,E01020880,County Durham 055D,Vehicle crime,Investigation complete; no suspect identified,
ef1283ee29818c722d2cce04eb8f37b73334c8c9b02505ce1ca2084300e05707,2024-05,Durham Constabulary,Durham Constabulary,-1.641210,54.646783,On or near Close House,E01020880,County Durham 055D,Violence and sexual offences,Unable to prosecute suspect,
1b7a117cf26dc9142ac8fde64227299dad0fb90a00630d9c2ea71c478adf6ce8,2024-05,Durham Constabulary,Durham Constabulary,-1.641210,54.646783,On or near Close House,E01020880,County Durham 055D,Violence and sexual offences,Under investigation,
6798b1358b8e842c562891847e54c24b453ad0bce2220928fdf15a9ba5745ccc,2024-05,Durham Constabulary,Durham Constabulary,-1.650785,54.645230,On or near Wilson Street,E01020880,County Durham 055D,Violence and sexual offences,Investigation complete; no suspect identified,
e00cae4c19630d85e49966db074703b2833344d320515214bc84c34f424abd82,2024-05,Durham Constabulary,Durham Constabulary,-1.642081,54.646427,On or near Stanley Street,E01020880,County Durham 055D,Violence and sexual offences,Unable to prosecute suspect,
7833be6e6b18804c0adaedf41e321c6fd771748667f071da2a306eefa10033a4,2024-05,Durham Constabulary,Durham Constabulary,-1.641210,54.646783,On or near Close House,E01020880,County Durham 055D,Violence and sexual offences,Under investigation,
e73007a765047d9ba6ef6e8d43281b46513ba5752323def6faba0b2cac17f122,2024-05,Durham Constabulary,Durham Constabulary,-1.647784,54.646362,On or near Spencer Street,E01020880,County Durham 055D,Violence and sexual offences,Unable to prosecute suspect,
0eac67ba612c4a6c390898b414448c245acd22c5859d34ee401645214cbfc38e,2024-05,Durham Constabulary,Durham Constabulary,-1.642761,54.646581,On or near Heslop Street,E01020880,County Durham 055D,Violence and sexual offences,Unable to prosecute suspect,
d4424dc00c3f7d013bc4b249a01ab2e186c943fe5b4968858c0ab72b66085c0f,2024-05,Durham Constabulary,Durham Constabulary,-1.648415,54.645133,On or near Johnson Street,E01020880,County Durham 055D,Violence and sexual offences,Unable to prosecute suspect,
8afe2139bdcb62ba5cbb8e1d0cf141b2b5b87552377f338968c63ae44129e7f3,2024-05,Durham Constabulary,Durham Constabulary,-1.648415,54.645133,On or near Johnson Street,E01020880,County Durham 055D,Other crime,Awaiting court outcome,
cc17059d957d95949a928969f32fbefdb370da6ee9699c845f3db829e8ae3deb,2024-05,Durham Constabulary,Durham Constabulary,-1.640740,54.649164,On or near Dene Valley View,E01020880,County Durham 055D,Other crime,Under investigation,
88599da4eaaf1f1136a53ad0f040c4d1f3dc3535022b48643f2ddb71c543c1fd,2024-05,Durham Constabulary,Durham Constabulary,-1.647784,54.646362,On or near Spencer Street,E01020880,County Durham 055D,Other crime,Unable to prosecute suspect,
,2024-05,Durham Constabulary,Durham Constabulary,-1.655974,54.654672,On or near Crew Close,E01020881,County Durham 055E,Anti-social behaviour,,
,2024-05,Durham Constabulary,Durham Constabulary,-1.656323,54.655481,On or near Douglas Crescent,E01020881,County Durham 055E,Anti-social behaviour,,
,2024-05,Durham Constabulary,Durham Constabulary,-1.662953,54.650342,On or near Auckland Road,E01020881,County Durham 055E,Anti-social behaviour,,
557ef7ccdf298768d350f29f89c41d7df463659c99f87c7d76c5de24cb3b3a67,2024-05,Durham Constabulary,Durham Constabulary,-1.660535,54.654163,On or near Talbot Court,E01020881,County Durham 055E,Burglary,Investigation complete; no suspect identified,
8902b577681ddbb89617f31ff00aa816e569064c9f41af9413ea74e438253192,2024-05,Durham Constabulary,Durham Constabulary,-1.665480,54.650277,On or near Mill Lane,E01020881,County Durham 055E,Shoplifting,Investigation complete; no suspect identified,
5da2e5a99efe61d29c14f9c343e8c25f3189aaad8bd256fc5f155d01a0f81124,2024-05,Durham Constabulary,Durham Constabulary,-1.665480,54.650277,On or near Mill Lane,E01020881,County Durham 055E,Violence and sexual offences,Investigation complete; no suspect identified,
8897bd4627d10e5c8ade4d1df8264a255b3b973a9bad9eac10504479b406a7e3,2024-05,Durham Constabulary,Durham Constabulary,-1.665480,54.650277,On or near Mill Lane,E01020881,County Durham 055E,Violence and sexual offences,Investigation complete; no suspect identified,
1a707894f0d947fd580829082ee2a8fda38a34371ecd1459293482d0e5d7016f,2024-05,Durham Constabulary,Durham Constabulary,-1.662953,54.650342,On or near Auckland Road,E01020881,County Durham 055E,Violence and sexual offences,Unable to prosecute suspect,
,2024-05,Durham Constabulary,Durham Constabulary,-1.691514,54.656681,On or near Dene Hall Drive,E01020870,County Durham 056A,Anti-social behaviour,,
2a5aef91d964c19becf518df96e27cd914a576b8ab84bcd2c532c3b86ad5ec50,2024-05,Durham Constabulary,Durham Constabulary,-1.690314,54.653515,On or near Arundel Close,E01020870,County Durham 056A,Burglary,Investigation complete; no suspect identified,
765c95c9e2f82737fad6482c9b3e6563379ea3f8c7d4c912303b315c5ad7eee5,2024-05,Durham Constabulary,Durham Constabulary,-1.690314,54.653515,On or near Arundel Close,E01020870,County Durham 056A,Burglary,Investigation complete; no suspect identified,
89ba47245d9eba3c3586f919992d75f62df979f30a7c2995cd083654160d2060,2024-05,Durham Constabulary,Durham Constabulary,-1.688005,54.653410,On or near Belvoir Grove,E01020870,County Durham 056A,Burglary,Investigation complete; no suspect identified,
c341a7e20c2440c8c27afe6008ac6d63f511b0099360a206fad03cb65afee853,2024-05,Durham Constabulary,Durham Constabulary,-1.694744,54.653850,On or near Barrington Meadows,E01020870,County Durham 056A,Burglary,Unable to prosecute suspect,
f06deb769ba8031f8d1dffb86c5ce01a051fde4682c4f247718fe2de61d7551d,2024-05,Durham Constabulary,Durham Constabulary,-1.688859,54.655282,On or near Langley Grove,E01020870,County Durham 056A,Criminal damage and arson,Investigation complete; no suspect identified,
6225a9c0d641467f6a248a97869c3d6618454df9258d6ef251f577be4c7ac825,2024-05,Durham Constabulary,Durham Constabulary,-1.694744,54.653850,On or near Barrington Meadows,E01020870,County Durham 056A,Public order,Investigation complete; no suspect identified,
71249ed7bbfce70e8db4020efc9578013ba27ced83201f1a808786e2bf0909b6,2024-05,Durham Constabulary,Durham Constabulary,-1.694744,54.653850,On or near Barrington Meadows,E01020870,County Durham 056A,Violence and sexual offences,Unable to prosecute suspect,
,2024-05,Durham Constabulary,Durham Constabulary,-1.681737,54.652262,On or near Wordsworth Avenue,E01020871,County Durham 056B,Anti-social behaviour,,
,2024-05,Durham Constabulary,Durham Constabulary,-1.679872,54.652913,On or near Ravensworth Avenue,E01020871,County Durham 056B,Anti-social behaviour,,
,2024-05,Durham Constabulary,Durham Constabulary,-1.679359,54.653064,On or near Tivoli Place,E01020871,County Durham 056B,Anti-social behaviour,,
,2024-05,Durham Constabulary,Durham Constabulary,-1.681169,54.651532,On or near Frances Terrace,E01020871,County Durham 056B,Anti-social behaviour,,
,2024-05,Durham Constabulary,Durham Constabulary,-1.679359,54.653064,On or near Tivoli Place,E01020871,County Durham 056B,Anti-social behaviour,,
,2024-05,Durham Constabulary,Durham Constabulary,-1.679359,54.653064,On or near Tivoli Place,E01020871,County Durham 056B,Anti-social behaviour,,
,2024-05,Durham Constabulary,Durham Constabulary,-1.681737,54.652262,On or near Wordsworth Avenue,E01020871,County Durham 056B,Anti-social behaviour,,
,2024-05,Durham Constabulary,Durham Constabulary,-1.679872,54.652913,On or near Ravensworth Avenue,E01020871,County Durham 056B,Anti-social behaviour,,
,2024-05,Durham Constabulary,Durham Constabulary,-1.679359,54.653064,On or near Tivoli Place,E01020871,County Durham 056B,Anti-social behaviour,,
a252b4a9c2e96701c65781d40066c0fd26ee2c48da0ba6324fc935af2697c442,2024-05,Durham Constabulary,Durham Constabulary,-1.679589,54.651447,On or near Beaumont Street,E01020871,County Durham 056B,Burglary,Investigation complete; no suspect identified,
84e3388ec67e338f4f2cb44543383c5f28260569fe5aecd7d58bcbc49f674049,2024-05,Durham Constabulary,Durham Constabulary,-1.679589,54.651447,On or near Beaumont Street,E01020871,County Durham 056B,Burglary,Investigation complete; no suspect identified,
673fbb05defb48b5170228729f10851c735ef44dd28b4935e7ea9d721ab6174e,2024-05,Durham Constabulary,Durham Constabulary,-1.679351,54.652210,On or near Bell Street,E01020871,County Durham 056B,Criminal damage and arson,Investigation complete; no suspect identified,
05ac9c11278e61868293db854c56093706457b2cdf52b43f6d7cab1144b04567,2024-05,Durham Constabulary,Durham Constabulary,-1.679589,54.651447,On or near Beaumont Street,E01020871,County Durham 056B,Criminal damage and arson,Investigation complete; no suspect identified,
d97fa632ed715cfa6a861e43a7f630dd77a5f2b448971960f7c5d5343b0e4214,2024-05,Durham Constabulary,Durham Constabulary,-1.680645,54.653211,On or near Chatsworth Avenue,E01020871,County Durham 056B,Criminal damage and arson,Investigation complete; no suspect identified,
947156af3beb462d14abff128ea301e81028bd30c91d60e82e4be5d7efe70a0b,2024-05,Durham Constabulary,Durham Constabulary,-1.678628,54.653404,On or near Brewer Street,E01020871,County Durham 056B,Criminal damage and arson,Investigation complete; no suspect identified,
ec98a2b5a17e89580a7bcdd0cb834400d2b9989eeeb72f837816bb151bac0ba0,2024-05,Durham Constabulary,Durham Constabulary,-1.681884,54.653340,On or near Northumberland Avenue,E01020871,County Durham 056B,Criminal damage and arson,Investigation complete; no suspect identified,
4a44ce91121dfd990dae8f4e827c462f95ed5cb18ced0ba175e6f401382571ab,2024-05,Durham Constabulary,Durham Constabulary,-1.678450,54.654374,On or near Raby Gardens,E01020871,County Durham 056B,Criminal damage and arson,Investigation complete; no suspect identified,
da4b0458ade8de7a350fb675dc5abb7f100efca938ef8218849568edd911003b,2024-05,Durham Constabulary,Durham Constabulary,-1.681169,54.651532,On or near Frances Terrace,E01020871,County Durham 056B,Criminal damage and arson,Unable to prosecute suspect,
a57da899331642db5f56aeb5fc3bc1166f86316c1cdad73f54aea188e9a03b12,2024-05,Durham Constabulary,Durham Constabulary,-1.680173,54.652087,On or near Rutland Avenue,E01020871,County Durham 056B,Criminal damage and arson,Investigation complete; no suspect identified,
35b27611c98ac9e5992d9cb3745cf047f9ffff9529154263675e296082adc314,2024-05,Durham Constabulary,Durham Constabulary,-1.678628,54.653404,On or near Brewer Street,E01020871,County Durham 056B,Criminal damage and arson,Unable to prosecute suspect,
6649afc97bc04ebe85c06586929060687aec16b9760ef39e73da6dbd82a351b7,2024-05,Durham Constabulary,Durham Constabulary,-1.678628,54.653404,On or near Brewer Street,E01020871,County Durham 056B,Criminal damage and arson,Local resolution,
d3ba394d22cd31a46c57e31091216c03f4d7e364a095ea873357c18d4e8e32c5,2024-05,Durham Constabulary,Durham Constabulary,-1.679872,54.652913,On or near Ravensworth Avenue,E01020871,County Durham 056B,Criminal damage and arson,Investigation complete; no suspect identified,
4fc614c64e2052a450067c6202ac03d5d9a122034ae3a56a4a5c8281ee624656,2024-05,Durham Constabulary,Durham Constabulary,-1.682832,54.652912,On or near Walmer Avenue,E01020871,County Durham 056B,Vehicle crime,Investigation complete; no suspect identified,
4a1395797f9a70452b07b5c389233abb91be41f11dd68a024ac25e4ef29f61a8,2024-05,Durham Constabulary,Durham Constabulary,-1.679118,54.654196,On or near Newlands Avenue,E01020871,County Durham 056B,Vehicle crime,Unable to prosecute suspect,
928c43e8419535636cc2e38ca6c2e3391113edb40f021181699235b97869bd92,2024-05,Durham Constabulary,Durham Constabulary,-1.681275,54.653842,On or near Milton Avenue,E01020871,County Durham 056B,Vehicle crime,Unable to prosecute suspect,
f8ca9da4b4f947918302b6c375143c51a345125dada7f35e3078d85206552fd7,2024-05,Durham Constabulary,Durham Constabulary,-1.679872,54.652913,On or near Ravensworth Avenue,E01020871,County Durham 056B,Violence and sexual offences,Unable to prosecute suspect,
fe066fb5ca5b17b4f8c0636dd62fb21fa1045fbed2a86c01c8c9834a5c363519,2024-05,Durham Constabulary,Durham Constabulary,-1.681737,54.652262,On or near Wordsworth Avenue,E01020871,County Durham 056B,Violence and sexual offences,Unable to prosecute suspect,
4b98bdfe7fa5943004a0dc1dab63e16359b6110e3c38272935813da3703bc0d4,2024-05,Durham Constabulary,Durham Constabulary,-1.679589,54.651447,On or near Beaumont Street,E01020871,County Durham 056B,Violence and sexual offences,Unable to prosecute suspect,
bd655a1e4556bcf6767cc868287f27001f28d6fdd225bd0dec9e7c61cff7fb35,2024-05,Durham Constabulary,Durham Constabulary,-1.680475,54.651180,On or near Arthur Terrace,E01020871,County Durham 056B,Violence and sexual offences,Investigation complete; no suspect identified,
61c3d0e1036a292b94fc8828d617f5ffde0171f7ba526129cdd6178f9aa1c086,2024-05,Durham Constabulary,Durham Constabulary,-1.679939,54.650343,On or near Percy Street,E01020871,County Durham 056B,Violence and sexual offences,Unable to prosecute suspect,
22548239c9becdbeb133f0f1e43b90ef64ddeac49cacbb7e1cbb72ecdfc79b6e,2024-05,Durham Constabulary,Durham Constabulary,-1.681737,54.652262,On or near Wordsworth Avenue,E01020871,County Durham 056B,Other crime,Further investigation is not in the public interest,
,2024-05,Durham Constabulary,Durham Constabulary,-1.679268,54.660766,On or near Nelson Street,E01020872,County Durham 056C,Anti-social behaviour,,
,2024-05,Durham Constabulary,Durham Constabulary,-1.678470,54.661635,On or near Prince'S Street,E01020872,County Durham 056C,Anti-social behaviour,,
,2024-05,Durham Constabulary,Durham Constabulary,-1.678470,54.661635,On or near Prince'S Street,E01020872,County Durham 056C,Anti-social behaviour,,
,2024-05,Durham Constabulary,Durham Constabulary,-1.678470,54.661635,On or near Prince'S Street,E01020872,County Durham 056C,Anti-social behaviour,,
,2024-05,Durham Constabulary,Durham Constabulary,-1.679268,54.660766,On or near Nelson Street,E01020872,County Durham 056C,Anti-social behaviour,,
,2024-05,Durham Constabulary,Durham Constabulary,-1.678470,54.661635,On or near Prince'S Street,E01020872,County Durham 056C,Anti-social behaviour,,
,2024-05,Durham Constabulary,Durham Constabulary,-1.678576,54.659973,On or near Hutchinson Street,E01020872,County Durham 056C,Anti-social behaviour,,
,2024-05,Durham Constabulary,Durham Constabulary,-1.678470,54.661635,On or near Prince'S Street,E01020872,County Durham 056C,Anti-social behaviour,,
,2024-05,Durham Constabulary,Durham Constabulary,-1.677930,54.657464,On or near Parking Area,E01020872,County Durham 056C,Anti-social behaviour,,
,2024-05,Durham Constabulary,Durham Constabulary,-1.678470,54.661635,On or near Prince'S Street,E01020872,County Durham 056C,Anti-social behaviour,,
,2024-05,Durham Constabulary,Durham Constabulary,-1.682517,54.661538,On or near The Clarence,E01020872,County Durham 056C,Anti-social behaviour,,
,2024-05,Durham Constabulary,Durham Constabulary,-1.682390,54.655957,On or near Prescott Way,E01020872,County Durham 056C,Anti-social behaviour,,
,2024-05,Durham Constabulary,Durham Constabulary,-1.678470,54.661635,On or near Prince'S Street,E01020872,County Durham 056C,Anti-social behaviour,,
,2024-05,Durham Constabulary,Durham Constabulary,-1.682517,54.661538,On or near The Clarence,E01020872,County Durham 056C,Anti-social behaviour,,
24d00a041eb50643fa40ee7f25b252977f7ee201713897ae775910414a19d9e0,2024-05,Durham Constabulary,Durham Constabulary,-1.679268,54.660766,On or near Nelson Street,E01020872,County Durham 056C,Burglary,Investigation complete; no suspect identified,
15aa838685c252ab05413b6a21f1f18907830b849c5ca8f2339eac384dcae514,2024-05,Durham Constabulary,Durham Constabulary,-1.681931,54.655165,On or near Ferguson Court,E01020872,County Durham 056C,Burglary,Investigation complete; no suspect identified,
5a189f33fce8fd4df47f524af65ab74b01e2e3bfa66517f5cdeb35dc2874349e,2024-05,Durham Constabulary,Durham Constabulary,-1.681931,54.655165,On or near Ferguson Court,E01020872,County Durham 056C,Burglary,Awaiting court outcome,
b29765978955acad2e6b72af9fbaf4dd8b2cbf2c84d2351eee1ed13ead251a2c,2024-05,Durham Constabulary,Durham Constabulary,-1.678470,54.661635,On or near Prince'S Street,E01020872,County Durham 056C,Criminal damage and arson,Investigation complete; no suspect identified,
d92d10e27e789a3d07571d29d9602b7f4ea305741dde8de3d76c369b6afae6bb,2024-05,Durham Constabulary,Durham Constabulary,-1.676739,54.661010,On or near East Parade,E01020872,County Durham 056C,Criminal damage and arson,Investigation complete; no suspect identified,
acc013d7b70eb832819de252870f65e5b725f8adda31cdad6fa25fff85f127be,2024-05,Durham Constabulary,Durham Constabulary,-1.678470,54.661635,On or near Prince'S Street,E01020872,County Durham 056C,Criminal damage and arson,Investigation complete; no suspect identified,
0e3c6c96cba22d7840fbb063a01f86064fdfc46ca5b5e676323c61c90036e3d8,2024-05,Durham Constabulary,Durham Constabulary,-1.678908,54.661205,On or near Durham Street,E01020872,County Durham 056C,Criminal damage and arson,Investigation complete; no suspect identified,
9520925c6ada50a18064596894d7e285560a7a7fd812d52bfbc8aff0ce7b63c4,2024-05,Durham Constabulary,Durham Constabulary,-1.685748,54.656703,On or near Grove Road,E01020872,County Durham 056C,Criminal damage and arson,Investigation complete; no suspect identified,
a0a0d987325fd76d422ab010643cbfb499f6ebfcc0891725553db68dc5108bd0,2024-05,Durham Constabulary,Durham Constabulary,-1.680751,54.661372,On or near Braithwaite Street,E01020872,County Durham 056C,Criminal damage and arson,Unable to prosecute suspect,
d9ef1bc373f6d0d45b47e1100e214ac37c6abf52bf5f4bf4ebd6ff8e15b80506,2024-05,Durham Constabulary,Durham Constabulary,-1.680274,54.654972,On or near Westfield Road,E01020872,County Durham 056C,Other theft,Awaiting court outcome,
d05831c8a16a3e7139de56e2258518a42603fe2bb6e6a3712b304b9f7c4d72c1,2024-05,Durham Constabulary,Durham Constabulary,-1.678470,54.661635,On or near Prince'S Street,E01020872,County Durham 056C,Public order,Investigation complete; no suspect identified,
ecbd3cc6d8e80514ead8d4e12eb8b06248a480f3fe67ba633ed6117d1de18ba9,2024-05,Durham Constabulary,Durham Constabulary,-1.680274,54.654972,On or near Westfield Road,E01020872,County Durham 056C,Public order,Local resolution,
e27d3f4f703d34678621dbb5a9df07561e1fc2aee83068c440a364862973de67,2024-05,Durham Constabulary,Durham Constabulary,-1.676739,54.661010,On or near East Parade,E01020872,County Durham 056C,Shoplifting,Unable to prosecute suspect,
568d54e4efb5b966ed17ab142dd3042c77b5b2f88226a4e9adf6083d7d2af1d5,2024-05,Durham Constabulary,Durham Constabulary,-1.676739,54.661010,On or near East Parade,E01020872,County Durham 056C,Shoplifting,Unable to prosecute suspect,
e4b23b9592fed3af07c90a0105a53a65946e82709dbb193dc8f7d9c7a4ce0efc,2024-05,Durham Constabulary,Durham Constabulary,-1.677930,54.657464,On or near Parking Area,E01020872,County Durham 056C,Shoplifting,Investigation complete; no suspect identified,
918b3796b467022800b8313c6379ac21e839d136a9ea85950e8fc249c66c0f66,2024-05,Durham Constabulary,Durham Constabulary,-1.682390,54.655957,On or near Prescott Way,E01020872,County Durham 056C,Vehicle crime,Awaiting court outcome,
b6035aeb36b8511e0abf451f8469d19031f68910cbe70cf3e9fc74f3af8a5c16,2024-05,Durham Constabulary,Durham Constabulary,-1.682390,54.655957,On or near Prescott Way,E01020872,County Durham 056C,Vehicle crime,Unable to prosecute suspect,
5727b9a0eacbdba35773d6c2e3fd68c4754f5df4743f39473a99ba44b9ab057a,2024-05,Durham Constabulary,Durham Constabulary,-1.685748,54.656703,On or near Grove Road,E01020872,County Durham 056C,Vehicle crime,Investigation complete; no suspect identified,
db19d614ed3435a498b374cbc47cd7eddf4ac6062b4bd3f5bdd6458f078c4205,2024-05,Durham Constabulary,Durham Constabulary,-1.681931,54.655165,On or near Ferguson Court,E01020872,County Durham 056C,Vehicle crime,Awaiting court outcome,
716ba644f5f8b6f0a3e57b0c419b0c38c7d37fc30f7cf864bd39155d371f33a2,2024-05,Durham Constabulary,Durham Constabulary,-1.678576,54.659973,On or near Hutchinson Street,E01020872,County Durham 056C,Vehicle crime,Investigation complete; no suspect identified,
f6ef2ec2bf16571cbdb48aea598a061fa88068039cc9a00c9c24f3f1d7346068,2024-05,Durham Constabulary,Durham Constabulary,-1.678470,54.661635,On or near Prince'S Street,E01020872,County Durham 056C,Violence and sexual offences,Unable to prosecute suspect,
e9f15ec06c334f09185487bd8fddaa29f3962f2b0a75c7822e4b41cdbfec5409,2024-05,Durham Constabulary,Durham Constabulary,-1.682728,54.656335,On or near Escomb Road,E01020872,County Durham 056C,Violence and sexual offences,Unable to prosecute suspect,
bf8c053bd69928a8381e5bcd6269f9d8b66db41b9271e8fe0b7fa2fbb845c99e,2024-05,Durham Constabulary,Durham Constabulary,-1.682728,54.656335,On or near Escomb Road,E01020872,County Durham 056C,Violence and sexual offences,Unable to prosecute suspect,
6fe47101f953b0145a2930f0db36c585b1fe33ff023f2acff96a2aabf43a9b26,2024-05,Durham Constabulary,Durham Constabulary,-1.703633,54.654896,On or near Rochester Close,E01020883,County Durham 056D,Burglary,Investigation complete; no suspect identified,
aae7ad7eb0378465622806aed6644bae43f3336fc771ccb6028c0670a2427ec0,2024-05,Durham Constabulary,Durham Constabulary,-1.704198,54.656012,On or near Beckett Close,E01020883,County Durham 056D,Burglary,Investigation complete; no suspect identified,
6e9cf44a85a124ba9549c7176fb1b8de9eb1ddae24904a95f64f2fb67b126561,2024-05,Durham Constabulary,Durham Constabulary,-1.701800,54.649024,On or near Middlehope Grove,E01020883,County Durham 056D,Public order,Unable to prosecute suspect,
b483e35ad67eda117afebac4af29ebd35f2cdd223007d4ad8f6c73753ad76440,2024-05,Durham Constabulary,Durham Constabulary,-1.702930,54.649260,On or near Killhope Grove,E01020883,County Durham 056D,Violence and sexual offences,Unable to prosecute suspect,
,2024-05,Durham Constabulary,Durham Constabulary,-1.672543,54.656596,On or near Holdforth Drive,E01020886,County Durham 056E,Anti-social behaviour,,
,2024-05,Durham Constabulary,Durham Constabulary,-1.676015,54.656533,On or near Albion Terrace,E01020886,County Durham 056E,Anti-social behaviour,,
c236476ac5b8605ad0b2fd25bf31d685011df3af9e67f2b802f4998b8df8b2a2,2024-05,Durham Constabulary,Durham Constabulary,-1.675852,54.655661,On or near Linden Road,E01020886,County Durham 056E,Burglary,Investigation complete; no suspect identified,
025080f007a76850954220c85fe38ab8ddbb2bb54fbbf9ef0fe2ad9d6f53172e,2024-05,Durham Constabulary,Durham Constabulary,-1.672611,54.653909,On or near Eastlea Avenue,E01020886,County Durham 056E,Criminal damage and arson,Investigation complete; no suspect identified,
40c6b8134b83369c66570aabbff3c287581691590ee0502181eb91273a52cd82,2024-05,Durham Constabulary,Durham Constabulary,-1.675852,54.655661,On or near Linden Road,E01020886,County Durham 056E,Criminal damage and arson,Investigation complete; no suspect identified,
08849cbd7b599a3ded8cff4d0ec934ac082d8ee37c7fa96c55449e078404f911,2024-05,Durham Constabulary,Durham Constabulary,-1.675246,54.655803,On or near Beech Road,E01020886,County Durham 056E,Criminal damage and arson,Investigation complete; no suspect identified,
f61e32e639afb2dbd0b659901e7be4fda321efa46685c9c7168a03def6a64af3,2024-05,Durham Constabulary,Durham Constabulary,-1.676963,54.654253,On or near Oaklea Terrace,E01020886,County Durham 056E,Criminal damage and arson,Investigation complete; no suspect identified,
444820b2788bd2d9882b04fe50e81897a9b04a89e4ab9325def4717851fb9f6b,2024-05,Durham Constabulary,Durham Constabulary,-1.673354,54.655906,On or near Hawthorn Road,E01020886,County Durham 056E,Criminal damage and arson,Investigation complete; no suspect identified,
709503b35d01e2b7475c1d13ec20f08d429585860578c1763b21a392b95a54fc,2024-05,Durham Constabulary,Durham Constabulary,-1.671380,54.656655,On or near St Andrew'S Place,E01020886,County Durham 056E,Shoplifting,Formal action is not in the public interest,
7e09a38e1d0009b3c1c4e875450f334d48f6a94363535c726f3e443a2ae2537a,2024-05,Durham Constabulary,Durham Constabulary,-1.675165,54.656216,On or near Leopold Place,E01020886,County Durham 056E,Violence and sexual offences,Unable to prosecute suspect,
029a5a5794d8c3ce975e4c5f21fb69d0a7a34c0242999bfb7946545930ae7488,2024-05,Durham Constabulary,Durham Constabulary,-1.672543,54.656596,On or near Holdforth Drive,E01020886,County Durham 056E,Violence and sexual offences,Under investigation,
28e9ef9445ce4d31d1c1204589c8051f4b32f8360c74c5f0dd65e438691dd60a,2024-05,Durham Constabulary,Durham Constabulary,-1.671380,54.656655,On or near St Andrew'S Place,E01020886,County Durham 056E,Violence and sexual offences,Unable to prosecute suspect,
4856f8aa5a0118d8f5ec4e5ce77b00df4675a335ba206b1561f514be85b4ede3,2024-05,Durham Constabulary,Durham Constabulary,-1.672543,54.656596,On or near Holdforth Drive,E01020886,County Durham 056E,Violence and sexual offences,Unable to prosecute suspect,
bf2b246c7651518117581d9553d2c9c6f3338b3697bc3d8cb5a0d174f69bc365,2024-05,Durham Constabulary,Durham Constabulary,-1.672543,54.656596,On or near Holdforth Drive,E01020886,County Durham 056E,Violence and sexual offences,Under investigation,
,2024-05,Durham Constabulary,Durham Constabulary,-1.734295,54.666111,On or near High Queen Street,E01020882,County Durham 057A,Anti-social behaviour,,
,2024-05,Durham Constabulary,Durham Constabulary,-1.718780,54.661025,On or near Three Lane Ends,E01020882,County Durham 057A,Anti-social behaviour,,
,2024-05,Durham Constabulary,Durham Constabulary,-1.713300,54.659979,On or near Hallimond Road,E01020882,County Durham 057A,Anti-social behaviour,,
,2024-05,Durham Constabulary,Durham Constabulary,-1.713300,54.659979,On or near Hallimond Road,E01020882,County Durham 057A,Anti-social behaviour,,
,2024-05,Durham Constabulary,Durham Constabulary,-1.713300,54.659979,On or near Hallimond Road,E01020882,County Durham 057A,Anti-social behaviour,,
260f2133282d821e06143d05c5860ea14cbd839f7e64b660d453a5a77f7595a7,2024-05,Durham Constabulary,Durham Constabulary,-1.709103,54.655053,On or near Petrol Station,E01020882,County Durham 057A,Burglary,Investigation complete; no suspect identified,
72ef0da0498761bcbe0e722ad4196e5623d7c2771362c11aa89b6037e546d10e,2024-05,Durham Constabulary,Durham Constabulary,-1.735488,54.663912,On or near Park Road,E01020882,County Durham 057A,Criminal damage and arson,Investigation complete; no suspect identified,
2c7030637432b4344b1ff61ba22125b43525ebdcec46368287279e0260e4f77a,2024-05,Durham Constabulary,Durham Constabulary,-1.735488,54.663912,On or near Park Road,E01020882,County Durham 057A,Violence and sexual offences,Awaiting court outcome,
78b519959554c9030ff97338c9f89a2c91f5b7aae80a1bff15a97164de579dac,2024-05,Durham Constabulary,Durham Constabulary,-1.705880,54.654947,On or near Hever Close,E01020882,County Durham 057A,Violence and sexual offences,Unable to prosecute suspect,
218a9fe40818fb61fd2803deaea07130781606f9e2830d2d55d5eaa8c5b98301,2024-05,Durham Constabulary,Durham Constabulary,-1.730199,54.666614,On or near Station Court,E01020882,County Durham 057A,Violence and sexual offences,Unable to prosecute suspect,
f3ab3fb4bcd2ab2bb59f636d9ce25d52eb09cd96f9163dcc1d79a436edbc6c90,2024-05,Durham Constabulary,Durham Constabulary,-1.713300,54.659979,On or near Hallimond Road,E01020882,County Durham 057A,Other crime,Investigation complete; no suspect identified,
,2024-05,Durham Constabulary,Durham Constabulary,-1.709467,54.693122,On or near Coronation Terrace,E01020888,County Durham 057B,Anti-social behaviour,,
,2024-05,Durham Constabulary,Durham Constabulary,-1.703672,54.696334,On or near Hepworth Lane,E01020888,County Durham 057B,Anti-social behaviour,,
,2024-05,Durham Constabulary,Durham Constabulary,-1.703672,54.696334,On or near Hepworth Lane,E01020888,County Durham 057B,Anti-social behaviour,,
f85c4a7d7a32e55b467e028a0aedcd577b3607c54636e19a93fb553d1b6a539c,2024-05,Durham Constabulary,Durham Constabulary,-1.708749,54.685131,On or near Holme Dene,E01020888,County Durham 057B,Other theft,Under investigation,
4a93b13f415a29a7a0717bd22d38400dd9d31c2dce043bf95183f5f9daab050f,2024-05,Durham Constabulary,Durham Constabulary,-1.708692,54.693021,On or near Helmington Square,E01020888,County Durham 057B,Public order,Unable to prosecute suspect,
1a3a551a0d45989c076cb67e9255b5df5f18fcf70a0b8ddac3f22ec682084b55,2024-05,Durham Constabulary,Durham Constabulary,-1.712934,54.692106,On or near Coppice Wood,E01020888,County Durham 057B,Violence and sexual offences,Unable to prosecute suspect,
6530376d3821012c83bf1dd23f747896924cda4bac18b1435c52eecc6a85bd09,2024-05,Durham Constabulary,Durham Constabulary,-1.708687,54.693767,On or near Front Street,E01020888,County Durham 057B,Violence and sexual offences,Unable to prosecute suspect,
212130d7677356c5d817c76914df84751182b7849c3028d1d78de0f48d1d1be7,2024-05,Durham Constabulary,Durham Constabulary,-1.743784,54.693181,On or near North Bitchburn Bank,E01020888,County Durham 057B,Violence and sexual offences,Unable to prosecute suspect,
e9806a33a70ad0318d1303cef40cd626223d4c660ef9149cb5b4c2c1d0c45607,2024-05,Durham Constabulary,Durham Constabulary,-1.708749,54.685131,On or near Holme Dene,E01020888,County Durham 057B,Violence and sexual offences,Investigation complete; no suspect identified,
5de08d839753e66dfd44ef034e4a414de596ff38380830a9ba78072bd029a747,2024-05,Durham Constabulary,Durham Constabulary,-1.712934,54.692106,On or near Coppice Wood,E01020888,County Durham 057B,Other crime,Further investigation is not in the public interest,
,2024-05,Durham Constabulary,Durham Constabulary,-1.719543,54.633483,On or near Station View,E01020895,County Durham 057C,Anti-social behaviour,,
,2024-05,Durham Constabulary,Durham Constabulary,-1.719543,54.633483,On or near Station View,E01020895,County Durham 057C,Anti-social behaviour,,
,2024-05,Durham Constabulary,Durham Constabulary,-1.724849,54.632273,On or near Eden Grove,E01020895,County Durham 057C,Anti-social behaviour,,
,2024-05,Durham Constabulary,Durham Constabulary,-1.717769,54.632436,On or near Mill Race,E01020895,County Durham 057C,Anti-social behaviour,,
,2024-05,Durham Constabulary,Durham Constabulary,-1.718428,54.633435,On or near Station Road,E01020895,County Durham 057C,Anti-social behaviour,,
,2024-05,Durham Constabulary,Durham Constabulary,-1.715981,54.633367,On or near Fieldon Drive,E01020895,County Durham 057C,Anti-social behaviour,,
,2024-05,Durham Constabulary,Durham Constabulary,-1.719652,54.631200,On or near Chapel Street,E01020895,County Durham 057C,Anti-social behaviour,,
,2024-05,Durham Constabulary,Durham Constabulary,-1.719543,54.633483,On or near Station View,E01020895,County Durham 057C,Anti-social behaviour,,
,2024-05,Durham Constabulary,Durham Constabulary,-1.719543,54.633483,On or near Station View,E01020895,County Durham 057C,Anti-social behaviour,,
,2024-05,Durham Constabulary,Durham Constabulary,-1.719543,54.633483,On or near Station View,E01020895,County Durham 057C,Anti-social behaviour,,
,2024-05,Durham Constabulary,Durham Constabulary,-1.718428,54.633435,On or near Station Road,E01020895,County Durham 057C,Anti-social behaviour,,
,2024-05,Durham Constabulary,Durham Constabulary,-1.719652,54.631200,On or near Chapel Street,E01020895,County Durham 057C,Anti-social behaviour,,
,2024-05,Durham Constabulary,Durham Constabulary,-1.724849,54.632273,On or near Eden Grove,E01020895,County Durham 057C,Anti-social behaviour,,
,2024-05,Durham Constabulary,Durham Constabulary,-1.719652,54.631200,On or near Chapel Street,E01020895,County Durham 057C,Anti-social behaviour,,
,2024-05,Durham Constabulary,Durham Constabulary,-1.713769,54.635069,On or near South View,E01020895,County Durham 057C,Anti-social behaviour,,
df6805c2b7ed43db8a1bb05011cba478eac34245706b6f4c705df7564c8557a4,2024-05,Durham Constabulary,Durham Constabulary,-1.724849,54.632273,On or near Eden Grove,E01020895,County Durham 057C,Burglary,Investigation complete; no suspect identified,
e85bd75a9a1e224f08ece52015b19e6b8766cce03983b0f9ac2f9655af0cef2f,2024-05,Durham Constabulary,Durham Constabulary,-1.717015,54.633917,On or near Meadow View,E01020895,County Durham 057C,Criminal damage and arson,Unable to prosecute suspect,
8fc1f90b200b29075133366eb3c3c8cecc7598ac5abf1ede7e1fa21d45ede643,2024-05,Durham Constabulary,Durham Constabulary,-1.717015,54.633917,On or near Meadow View,E01020895,County Durham 057C,Criminal damage and arson,Under investigation,
43acc22afb4e4ddc6176831a7d654e88d0afc08f6bfb7f846fdbf49ad845848d,2024-05,Durham Constabulary,Durham Constabulary,-1.715583,54.634938,On or near Station Road,E01020895,County Durham 057C,Criminal damage and arson,Investigation complete; no suspect identified,
2bae0d6c4717a666683f662c80e0af49442022e4aa6f419b3649527c54af8506,2024-05,Durham Constabulary,Durham Constabulary,-1.715510,54.632036,On or near Oakley Green,E01020895,County Durham 057C,Criminal damage and arson,Investigation complete; no suspect identified,
50ffabede3918e49d4a414d6ba759d9b8334dd0483cbb089e8852c7abd0523af,2024-05,Durham Constabulary,Durham Constabulary,-1.717546,54.633299,On or near Arnold Street,E01020895,County Durham 057C,Criminal damage and arson,Investigation complete; no suspect identified,
4c9748fafe8d751c28294dd9886e48ee20ae32c6f2b28ee3eed706b7f566ca7e,2024-05,Durham Constabulary,Durham Constabulary,-1.719652,54.631200,On or near Chapel Street,E01020895,County Durham 057C,Criminal damage and arson,Investigation complete; no suspect identified,
bad5001bbb2a1430c3a99d6b212455bc6368e5fe1d13f4f52ba7519bb68f2921,2024-05,Durham Constabulary,Durham Constabulary,-1.719652,54.631200,On or near Chapel Street,E01020895,County Durham 057C,Criminal damage and arson,Investigation complete; no suspect identified,
75e7990c473338b89eab1ce78849bf94476529f3e2933acf3c4480b6b5680597,2024-05,Durham Constabulary,Durham Constabulary,-1.717015,54.633917,On or near Meadow View,E01020895,County Durham 057C,Criminal damage and arson,Unable to prosecute suspect,
487401bae26cb112062d9513776359c756b1a93c902d934e63ff001274bdc012,2024-05,Durham Constabulary,Durham Constabulary,-1.719543,54.633483,On or near Station View,E01020895,County Durham 057C,Criminal damage and arson,Investigation complete; no suspect identified,
d9ab4bded9612813db8d71ae54a2b89389387e5adf3dd420204b56cf66729520,2024-05,Durham Constabulary,Durham Constabulary,-1.715981,54.633367,On or near Fieldon Drive,E01020895,County Durham 057C,Other theft,Investigation complete; no suspect identified,
d000ce504cc28eea911e27c9dcf975c91732d44ef5a7911cbaf2d1fb49e8a8fd,2024-05,Durham Constabulary,Durham Constabulary,-1.715583,54.634938,On or near Station Road,E01020895,County Durham 057C,Public order,Unable to prosecute suspect,
b6b25bdd1343167947a6fbe623eb6ac217aeeb49276ea51f796fc29b04f0f20a,2024-05,Durham Constabulary,Durham Constabulary,-1.714759,54.633085,On or near Sycamore Grove,E01020895,County Durham 057C,Public order,Unable to prosecute suspect,
ada4bac52ed636379d1053ebd6a09e0f70657e24f6da11a70adb2e3783fb95f9,2024-05,Durham Constabulary,Durham Constabulary,-1.719543,54.633483,On or near Station View,E01020895,County Durham 057C,Public order,Investigation complete; no suspect identified,
777f62cc14bf4247bd3231c61f84c10d4e261cf3745298bdbbcc92a841af3df3,2024-05,Durham Constabulary,Durham Constabulary,-1.719652,54.631200,On or near Chapel Street,E01020895,County Durham 057C,Shoplifting,Unable to prosecute suspect,
438d1d4e92acde0248fcd9bcf49eb30e6bdf1c3e4a0d8a52a5475f46d768227b,2024-05,Durham Constabulary,Durham Constabulary,-1.719652,54.631200,On or near Chapel Street,E01020895,County Durham 057C,Shoplifting,Awaiting court outcome,
d95e40e87bd35e7c6307c01d3ceb2488a6720af7b5ef5a1cb5ee742109a347c3,2024-05,Durham Constabulary,Durham Constabulary,-1.714635,54.635359,On or near Cross Street,E01020895,County Durham 057C,Vehicle crime,Unable to prosecute suspect,
f55536700a2f00489eeed26243b26fae6b2dd2eb5ac48f05d65612c444514872,2024-05,Durham Constabulary,Durham Constabulary,-1.719652,54.631200,On or near Chapel Street,E01020895,County Durham 057C,Vehicle crime,Investigation complete; no suspect identified,
1dd2666ec2f2cc67e09d44d3c9dca38714cf41707d39c417e457b257ea67cfc5,2024-05,Durham Constabulary,Durham Constabulary,-1.717015,54.633917,On or near Meadow View,E01020895,County Durham 057C,Violence and sexual offences,Unable to prosecute suspect,
176617be6e94a43a90e3588d18c34c9923ab70efb41be021897e9384737fc353,2024-05,Durham Constabulary,Durham Constabulary,-1.719652,54.631200,On or near Chapel Street,E01020895,County Durham 057C,Violence and sexual offences,Unable to prosecute suspect,
1fbec70c6418cf440ddb5efccbcb13a481e6a04a529546c34df1b7afbffb8264,2024-05,Durham Constabulary,Durham Constabulary,-1.718428,54.633435,On or near Station Road,E01020895,County Durham 057C,Violence and sexual offences,Unable to prosecute suspect,
8e375017f66ef8b81f8374843c630151075288dccbb66aeecca01574f207ee17,2024-05,Durham Constabulary,Durham Constabulary,-1.717015,54.633917,On or near Meadow View,E01020895,County Durham 057C,Violence and sexual offences,Under investigation,
24cf5f50a12eaea53f8c86b9a4421e88a4ca5d8fa567416a7258f7032090ff80,2024-05,Durham Constabulary,Durham Constabulary,-1.717015,54.633917,On or near Meadow View,E01020895,County Durham 057C,Violence and sexual offences,Unable to prosecute suspect,
bdc2f51693c7185acef87f35c25b2cf3b672ee72782ebd8c83f9453d54340963,2024-05,Durham Constabulary,Durham Constabulary,-1.717015,54.633917,On or near Meadow View,E01020895,County Durham 057C,Violence and sexual offences,Unable to prosecute suspect,
4c46b7fa8274ebdd93d17bc32bdb56b4310c07ae63e853d9a4261cae195302a1,2024-05,Durham Constabulary,Durham Constabulary,-1.722052,54.631278,On or near Front Street,E01020895,County Durham 057C,Violence and sexual offences,Local resolution,
7ac88bac049937a9f285d5a7847830ab5603303ef531c97e669670fb3b24cddc,2024-05,Durham Constabulary,Durham Constabulary,-1.714759,54.633085,On or near Sycamore Grove,E01020895,County Durham 057C,Violence and sexual offences,Unable to prosecute suspect,
5803e17eaead25acf204c6d402bcd519d1ac7f8f403b5ee1fb534266eeee7db1,2024-05,Durham Constabulary,Durham Constabulary,-1.717015,54.633917,On or near Meadow View,E01020895,County Durham 057C,Violence and sexual offences,Unable to prosecute suspect,
5e4b01fc2f3b756197afd6c5f518768c56a935d8b5e3fca33edec2d64689b1b0,2024-05,Durham Constabulary,Durham Constabulary,-1.717015,54.633917,On or near Meadow View,E01020895,County Durham 057C,Violence and sexual offences,Unable to prosecute suspect,
91119799b267fea779da1a28e9776e4d06e1f97283ce801afe077a92c41b9ad0,2024-05,Durham Constabulary,Durham Constabulary,-1.718428,54.633435,On or near Station Road,E01020895,County Durham 057C,Violence and sexual offences,Unable to prosecute suspect,
3686f8e0b7653b5fbbb31d4e2d797b8b9da15ea3f6e2c8691ede0f6a47be13ce,2024-05,Durham Constabulary,Durham Constabulary,-1.717015,54.633917,On or near Meadow View,E01020895,County Durham 057C,Violence and sexual offences,Unable to prosecute suspect,
98adee2f1068c3c183e966d32efda8b3b6f5db9639a34259613215b51f9bb478,2024-05,Durham Constabulary,Durham Constabulary,-1.717015,54.633917,On or near Meadow View,E01020895,County Durham 057C,Violence and sexual offences,Unable to prosecute suspect,
b40ab4c1b21c6e99a73a60c2284f0c6a6ce67651764fa5335f1d59c9e902340f,2024-05,Durham Constabulary,Durham Constabulary,-1.719652,54.631200,On or near Chapel Street,E01020895,County Durham 057C,Other crime,Investigation complete; no suspect identified,
,2024-05,Durham Constabulary,Durham Constabulary,-1.727712,54.628163,On or near Robson Road,E01020896,County Durham 057D,Anti-social behaviour,,
13ba9331a7b5fdf3af6d4dc77e28fe9dc5c7143d8d801d901ead8cc2500353d5,2024-05,Durham Constabulary,Durham Constabulary,-1.731603,54.629960,On or near Esthwaite Grove,E01020896,County Durham 057D,Burglary,Investigation complete; no suspect identified,
20444b30b98d4733463c9041566b00e2eb4300deb4b17a6d4ff3dc71f1186b35,2024-05,Durham Constabulary,Durham Constabulary,-1.725224,54.629560,On or near Staindrop Road,E01020896,County Durham 057D,Criminal damage and arson,Investigation complete; no suspect identified,
05778d53787ac6d2576526bcf6077574192f2f8d638adcd5a114fe12dd7fe84e,2024-05,Durham Constabulary,Durham Constabulary,-1.727712,54.628163,On or near Robson Road,E01020896,County Durham 057D,Criminal damage and arson,Investigation complete; no suspect identified,
d65fd18a8c176d5cc7a07ad018cc491d579464b84d1fe5ba462147eab39486c2,2024-05,Durham Constabulary,Durham Constabulary,-1.725224,54.629560,On or near Staindrop Road,E01020896,County Durham 057D,Public order,Unable to prosecute suspect,
7c3cf061f859b3f0cffbeb3a4fa130ddb8d89467513a3cfcf3d26d08239f2942,2024-05,Durham Constabulary,Durham Constabulary,-1.727146,54.629348,On or near Edith Terrace,E01020896,County Durham 057D,Vehicle crime,Investigation complete; no suspect identified,
a9b7eb756167829a6f90be6ae7947dbb7776829145398f2abc2e530aff76cf79,2024-05,Durham Constabulary,Durham Constabulary,-1.729322,54.628194,On or near Simpson Road,E01020896,County Durham 057D,Violence and sexual offences,Unable to prosecute suspect,
b5ee6ca54f8d308c1355783b08473692a1d913f8c723bc82fe1ba378cf174243,2024-05,Durham Constabulary,Durham Constabulary,-1.729322,54.628194,On or near Simpson Road,E01020896,County Durham 057D,Violence and sexual offences,Unable to prosecute suspect,
,2024-05,Durham Constabulary,Durham Constabulary,-1.698319,54.640774,On or near Supermarket,E01034509,County Durham 057F,Anti-social behaviour,,
,2024-05,Durham Constabulary,Durham Constabulary,-1.695901,54.640410,On or near Shopping Area,E01034509,County Durham 057F,Anti-social behaviour,,
,2024-05,Durham Constabulary,Durham Constabulary,-1.708923,54.634671,On or near Mayfield Walk,E01034509,County Durham 057F,Anti-social behaviour,,
,2024-05,Durham Constabulary,Durham Constabulary,-1.693627,54.641598,On or near Supermarket,E01034509,County Durham 057F,Anti-social behaviour,,
,2024-05,Durham Constabulary,Durham Constabulary,-1.719866,54.640673,On or near Leazes Lane,E01034509,County Durham 057F,Anti-social behaviour,,
,2024-05,Durham Constabulary,Durham Constabulary,-1.696780,54.644805,On or near Greenfields Road,E01034509,County Durham 057F,Anti-social behaviour,,
,2024-05,Durham Constabulary,Durham Constabulary,-1.698319,54.640774,On or near Supermarket,E01034509,County Durham 057F,Anti-social behaviour,,
,2024-05,Durham Constabulary,Durham Constabulary,-1.693627,54.641598,On or near Supermarket,E01034509,County Durham 057F,Anti-social behaviour,,
,2024-05,Durham Constabulary,Durham Constabulary,-1.695901,54.640410,On or near Shopping Area,E01034509,County Durham 057F,Anti-social behaviour,,
,2024-05,Durham Constabulary,Durham Constabulary,-1.693627,54.641598,On or near Supermarket,E01034509,County Durham 057F,Anti-social behaviour,,
,2024-05,Durham Constabulary,Durham Constabulary,-1.698319,54.640774,On or near Supermarket,E01034509,County Durham 057F,Anti-social behaviour,,
,2024-05,Durham Constabulary,Durham Constabulary,-1.698319,54.640774,On or near Supermarket,E01034509,County Durham 057F,Anti-social behaviour,,
e76f38d6540f54ca6af8310100d9e312f773daa6fae94235a7a758863ac26284,2024-05,Durham Constabulary,Durham Constabulary,-1.717486,54.635266,On or near Northbridge Park,E01034509,County Durham 057F,Burglary,Investigation complete; no suspect identified,
e62cde47d1358ba8d5d805a3d534e3d4bf539e3d8a8b32fbe7b5adb080727aac,2024-05,Durham Constabulary,Durham Constabulary,-1.693627,54.641598,On or near Supermarket,E01034509,County Durham 057F,Burglary,Awaiting court outcome,
8289e1ad378eab523da4963abe96440176976a55ec95fba6eef84af05100fee3,2024-05,Durham Constabulary,Durham Constabulary,-1.700762,54.638471,On or near Musgrave Street,E01034509,County Durham 057F,Burglary,Investigation complete; no suspect identified,
32a1766343037fd34027ed9049850d06d4b4d33bb6b891d79e4a920d419b9642,2024-05,Durham Constabulary,Durham Constabulary,-1.693627,54.641598,On or near Supermarket,E01034509,County Durham 057F,Burglary,Awaiting court outcome,
744774a78b05bf95b840426955b57405ae7b4d9c5e3dd6aae354a973cc0c00d7,2024-05,Durham Constabulary,Durham Constabulary,-1.693627,54.641598,On or near Supermarket,E01034509,County Durham 057F,Burglary,Awaiting court outcome,
3d30623268952dd4d0ba7befb7f0a28d4b5297fad4566edf04e89f0cac946785,2024-05,Durham Constabulary,Durham Constabulary,-1.717486,54.635266,On or near Northbridge Park,E01034509,County Durham 057F,Burglary,Under investigation,
09c744624cee606e454acb7ec4042c87da43052456e3ef4ac5ea72535fc092a1,2024-05,Durham Constabulary,Durham Constabulary,-1.695901,54.640410,On or near Shopping Area,E01034509,County Durham 057F,Criminal damage and arson,Investigation complete; no suspect identified,
0c8c0e34fea67360636896a4d046f6938f16d0960fd3408e1d27d3bdb2840b9e,2024-05,Durham Constabulary,Durham Constabulary,-1.702094,54.638510,On or near Louisa Terrace,E01034509,County Durham 057F,Criminal damage and arson,Investigation complete; no suspect identified,
e79ce6e24aa923aa90b85b9658b5e9e71b176693c1ab1692149b416dbe6a6989,2024-05,Durham Constabulary,Durham Constabulary,-1.693627,54.641598,On or near Supermarket,E01034509,County Durham 057F,Drugs,Unable to prosecute suspect,
dd20777f6d3560e6acb947f65923d7bd814d8451be9e4d2927b3e07f03a6b8c8,2024-05,Durham Constabulary,Durham Constabulary,-1.695901,54.640410,On or near Shopping Area,E01034509,County Durham 057F,Drugs,Formal action is not in the public interest,
5941b76811e58415f46879f47d9d88edc61ef5784b6200bc36a6742d1a933f75,2024-05,Durham Constabulary,Durham Constabulary,-1.717486,54.635266,On or near Northbridge Park,E01034509,County Durham 057F,Drugs,Awaiting court outcome,
14a44ab5ade5c1e599ce9379d221ebf9c2e4811c8bc0fb1a7f7c249bb2d8083b,2024-05,Durham Constabulary,Durham Constabulary,-1.717778,54.637864,On or near Bishops Court,E01034509,County Durham 057F,Other theft,Investigation complete; no suspect identified,
bc9f5f2c164d9050fb50f78b6dbaa4e5b86af19acaab19a327bdb53560dbb8f2,2024-05,Durham Constabulary,Durham Constabulary,-1.717486,54.635266,On or near Northbridge Park,E01034509,County Durham 057F,Possession of weapons,Awaiting court outcome,
328cbda6063f6ba01a158e5aebc8f3d2b16229a5f79f5e07619c35c23842a0cb,2024-05,Durham Constabulary,Durham Constabulary,-1.693627,54.641598,On or near Supermarket,E01034509,County Durham 057F,Possession of weapons,Unable to prosecute suspect,
02a54571c632fc3c61ad27fe0ae9497f1b0c7d768271d659fe1e6b480ff9d8d9,2024-05,Durham Constabulary,Durham Constabulary,-1.698319,54.640774,On or near Supermarket,E01034509,County Durham 057F,Possession of weapons,Unable to prosecute suspect,
2ecd60f2a2850b3070466d5ca8fc813057e9a8bbb0f56fe18cb4a7016ef1d3a5,2024-05,Durham Constabulary,Durham Constabulary,-1.695901,54.640410,On or near Shopping Area,E01034509,County Durham 057F,Public order,Unable to prosecute suspect,
4f802cefc806f4fd3188e41ad5d898f92da2fc230ce511bb7b4e107bbb831bed,2024-05,Durham Constabulary,Durham Constabulary,-1.693627,54.641598,On or near Supermarket,E01034509,County Durham 057F,Public order,Unable to prosecute suspect,
10081e4366cf33d4c614b2e16e38bf28630acd631561330420b44befafce6bbd,2024-05,Durham Constabulary,Durham Constabulary,-1.693627,54.641598,On or near Supermarket,E01034509,County Durham 057F,Public order,Unable to prosecute suspect,
fd635818c0a3d2c89f5812a068b1fc7162ced93bcc1c412ff9f6cc0e8f610572,2024-05,Durham Constabulary,Durham Constabulary,-1.698319,54.640774,On or near Supermarket,E01034509,County Durham 057F,Public order,Awaiting court outcome,
678ea0175eb4ef55c5229fcfc5a18d58ca5a4d0528eec541703b16a8f70e07be,2024-05,Durham Constabulary,Durham Constabulary,-1.693627,54.641598,On or near Supermarket,E01034509,County Durham 057F,Shoplifting,Awaiting court outcome,
c695cebfc420bd42b3e0796669846f299bb0c95f653868d542dde0d4aff3add9,2024-05,Durham Constabulary,Durham Constabulary,-1.695901,54.640410,On or near Shopping Area,E01034509,County Durham 057F,Shoplifting,Awaiting court outcome,
85d717c74c0721dc155457ff036bbfb8b057127eb09c17302ac21c868e5349cf,2024-05,Durham Constabulary,Durham Constabulary,-1.695901,54.640410,On or near Shopping Area,E01034509,County Durham 057F,Shoplifting,Awaiting court outcome,
b7f6dcbc5406df7351f23d6adec85334bd2e9a9c29017b6c4215779495af0aa8,2024-05,Durham Constabulary,Durham Constabulary,-1.695901,54.640410,On or near Shopping Area,E01034509,County Durham 057F,Shoplifting,Awaiting court outcome,
6a77c4e0072dcddcd78bcd71969a7389afe0a44c24739667c4d04b26ee5479f0,2024-05,Durham Constabulary,Durham Constabulary,-1.698319,54.640774,On or near Supermarket,E01034509,County Durham 057F,Shoplifting,Awaiting court outcome,
347199d75ea6d0f2caab03b5e217aac945a0b5640b8bc90eb7552c2228e71396,2024-05,Durham Constabulary,Durham Constabulary,-1.698319,54.640774,On or near Supermarket,E01034509,County Durham 057F,Shoplifting,Awaiting court outcome,
d93d2ec03e50b7ff7f2c781af71b2d3ba558cf6d396ab32aed6dfbf136d63927,2024-05,Durham Constabulary,Durham Constabulary,-1.698319,54.640774,On or near Supermarket,E01034509,County Durham 057F,Shoplifting,Awaiting court outcome,
acbb0f47526c40a02211e25b52a901224dad79551ddb77344130dc26a053128b,2024-05,Durham Constabulary,Durham Constabulary,-1.693627,54.641598,On or near Supermarket,E01034509,County Durham 057F,Shoplifting,Awaiting court outcome,
503c9241b12f13b12581fb3d3e6035cd37e0cee46cf38185e78e642c76e70b2d,2024-05,Durham Constabulary,Durham Constabulary,-1.698319,54.640774,On or near Supermarket,E01034509,County Durham 057F,Shoplifting,Investigation complete; no suspect identified,
d0f8eb762324f3c10d3c923145f115ff5c5168a47645b7344145de42f7a6873d,2024-05,Durham Constabulary,Durham Constabulary,-1.695901,54.640410,On or near Shopping Area,E01034509,County Durham 057F,Shoplifting,Awaiting court outcome,
76916c80c1a0bfdbd0c30c9b249fd7009b4671e1e4268735b69d2c846dd559da,2024-05,Durham Constabulary,Durham Constabulary,-1.693627,54.641598,On or near Supermarket,E01034509,County Durham 057F,Shoplifting,Unable to prosecute suspect,
f1958e707d127f01dd0bc5c7430d9ac05dd1975294e9e0609b75756d68d6e33a,2024-05,Durham Constabulary,Durham Constabulary,-1.698319,54.640774,On or near Supermarket,E01034509,County Durham 057F,Shoplifting,Investigation complete; no suspect identified,
3d09d92f6e5ef9740f1df0a554f5fa7c925462aa9fbafc59dc19593e698af6cc,2024-05,Durham Constabulary,Durham Constabulary,-1.695901,54.640410,On or near Shopping Area,E01034509,County Durham 057F,Shoplifting,Unable to prosecute suspect,
65fb91b33c76888c6f322ed56573dce0ec267acf7e00c952fb43e461b2b9d33f,2024-05,Durham Constabulary,Durham Constabulary,-1.695901,54.640410,On or near Shopping Area,E01034509,County Durham 057F,Shoplifting,Awaiting court outcome,
28bb4e5ea46e0db9807d93f7b6e60f1bc9ed41ead9e2538ec4d95175a99b62ee,2024-05,Durham Constabulary,Durham Constabulary,-1.698319,54.640774,On or near Supermarket,E01034509,County Durham 057F,Shoplifting,Awaiting court outcome,
51f981d72aed1806f29c1a00ba4e877d63b999aea54a2b120ba97d107847b413,2024-05,Durham Constabulary,Durham Constabulary,-1.693627,54.641598,On or near Supermarket,E01034509,County Durham 057F,Shoplifting,Awaiting court outcome,
10a439d6b64e14dc1c8fc3e4aaf9534da920f68edf2a190427c4184ec73d09c9,2024-05,Durham Constabulary,Durham Constabulary,-1.693627,54.641598,On or near Supermarket,E01034509,County Durham 057F,Shoplifting,Under investigation,
7eac062296dbe0112ed8fa2276e965bb9e787b00e3037163e3d4b8720b9299ae,2024-05,Durham Constabulary,Durham Constabulary,-1.695901,54.640410,On or near Shopping Area,E01034509,County Durham 057F,Shoplifting,Investigation complete; no suspect identified,
f0b5aa15fb98295139164337b32344e2b3b430081b96cb6dcb8c1374fe0fc41a,2024-05,Durham Constabulary,Durham Constabulary,-1.698319,54.640774,On or near Supermarket,E01034509,County Durham 057F,Shoplifting,Awaiting court outcome,
2eed997619fad351bfa24a554187e171cf7af6a7fd7b7e603027ff99fafb24ab,2024-05,Durham Constabulary,Durham Constabulary,-1.698319,54.640774,On or near Supermarket,E01034509,County Durham 057F,Shoplifting,Awaiting court outcome,
f77dfbf68bd63d042d49dd59331923495ab32f9f4529ccd213bb784fedf8f61a,2024-05,Durham Constabulary,Durham Constabulary,-1.693627,54.641598,On or near Supermarket,E01034509,County Durham 057F,Shoplifting,Under investigation,
3bea0f2113d14a024b8cbadbe997867c3154d62bc7be96cd469c6548fbbb5475,2024-05,Durham Constabulary,Durham Constabulary,-1.698319,54.640774,On or near Supermarket,E01034509,County Durham 057F,Shoplifting,Investigation complete; no suspect identified,
8fa8a7bd6bb85e1c3ea6384cde9a6b9d6b63f76f4aea8fb0a315d4107f20ce9c,2024-05,Durham Constabulary,Durham Constabulary,-1.693627,54.641598,On or near Supermarket,E01034509,County Durham 057F,Shoplifting,Investigation complete; no suspect identified,
23a6d949229ec280725ee15a3daf575bbb113984515543fc053acfdeea2a8dbd,2024-05,Durham Constabulary,Durham Constabulary,-1.698319,54.640774,On or near Supermarket,E01034509,County Durham 057F,Shoplifting,Investigation complete; no suspect identified,
63e857d3d5e09d37ab9d66175ee7875d9cdb968b00a6ebdefbac0c691175d71a,2024-05,Durham Constabulary,Durham Constabulary,-1.695901,54.640410,On or near Shopping Area,E01034509,County Durham 057F,Shoplifting,Investigation complete; no suspect identified,
e62c8e277729e5850629ffb4065d6bbc31469ac4589d37d750960f041b842cb8,2024-05,Durham Constabulary,Durham Constabulary,-1.693627,54.641598,On or near Supermarket,E01034509,County Durham 057F,Shoplifting,Awaiting court outcome,
d19339f2f912ee965cdfceba1b40f2124029d0422277b9d818d1e584404953d4,2024-05,Durham Constabulary,Durham Constabulary,-1.693627,54.641598,On or near Supermarket,E01034509,County Durham 057F,Shoplifting,Awaiting court outcome,
b76279efdd6bf0a1d63505234a572365b934d1dbc0b021d077d849308d2cfeb5,2024-05,Durham Constabulary,Durham Constabulary,-1.693627,54.641598,On or near Supermarket,E01034509,County Durham 057F,Shoplifting,Awaiting court outcome,
0e9de9d053f4893b86b8d828f9dbcab91af3999f61abe08c178cb9cb896d13a5,2024-05,Durham Constabulary,Durham Constabulary,-1.693627,54.641598,On or near Supermarket,E01034509,County Durham 057F,Shoplifting,Awaiting court outcome,
fdd88a2ab42ee313a72583f38a6d8ff065647e51d5186ebb24e6804cd7108935,2024-05,Durham Constabulary,Durham Constabulary,-1.698319,54.640774,On or near Supermarket,E01034509,County Durham 057F,Shoplifting,Awaiting court outcome,
2d5ff20ac4701a1254d7df196e5588c96fed6fb08509cec23d05c5fc001a3fb2,2024-05,Durham Constabulary,Durham Constabulary,-1.698319,54.640774,On or near Supermarket,E01034509,County Durham 057F,Vehicle crime,Unable to prosecute suspect,
4000b744078895b0c35ae384d4092cc86a3b83a6666acd9187fee288cb802ffc,2024-05,Durham Constabulary,Durham Constabulary,-1.700762,54.638471,On or near Musgrave Street,E01034509,County Durham 057F,Vehicle crime,Investigation complete; no suspect identified,
2d378e8427689d348d2657eb1f1a2120b54e635c929a5b1acd9af0348ab735c9,2024-05,Durham Constabulary,Durham Constabulary,-1.698319,54.640774,On or near Supermarket,E01034509,County Durham 057F,Vehicle crime,Investigation complete; no suspect identified,
7f7d06f8c99f69e925059fd0a09093ef64f022a5fae7f3a47fd18f3c59c2e963,2024-05,Durham Constabulary,Durham Constabulary,-1.693627,54.641598,On or near Supermarket,E01034509,County Durham 057F,Violence and sexual offences,Unable to prosecute suspect,
ab1a6cc741ffc1e07d86200af6a714db50f9beef837bc7835e9dd0dc5d8bc839,2024-05,Durham Constabulary,Durham Constabulary,-1.701289,54.638391,On or near Dale Street,E01034509,County Durham 057F,Violence and sexual offences,Unable to prosecute suspect,
fc771826556dbb014491708beb8fcc675e7bad67360038ce1c81f76f9e240de4,2024-05,Durham Constabulary,Durham Constabulary,-1.696780,54.644805,On or near Greenfields Road,E01034509,County Durham 057F,Violence and sexual offences,Unable to prosecute suspect,
5d2ef94e0f5cd2a9135577a783e3e5ea1e9be14aba88036c495da9858d2fb2ef,2024-05,Durham Constabulary,Durham Constabulary,-1.696780,54.644805,On or near Greenfields Road,E01034509,County Durham 057F,Violence and sexual offences,Unable to prosecute suspect,
ff878929c4576a29b16e391a046f7e0e07f3f467654c2f55b32ca3ef045a9208,2024-05,Durham Constabulary,Durham Constabulary,-1.708923,54.634671,On or near Mayfield Walk,E01034509,County Durham 057F,Violence and sexual offences,Unable to prosecute suspect,
4e8c0f949fe667f8ae30ee52271ff3d12586ce77568bb55f6b2208ae63c57708,2024-05,Durham Constabulary,Durham Constabulary,-1.693627,54.641598,On or near Supermarket,E01034509,County Durham 057F,Violence and sexual offences,Further investigation is not in the public interest,
8ec1b87ab75bcbb3a4391060933c0f9da176048626076f7abf77a79aedf6c9b4,2024-05,Durham Constabulary,Durham Constabulary,-1.703612,54.636375,On or near Laburnum Grove,E01034509,County Durham 057F,Violence and sexual offences,Unable to prosecute suspect,
96782b4885bcdfc740db31b014666e02c17f86347db2bda85f84f1cb0c550a08,2024-05,Durham Constabulary,Durham Constabulary,-1.717778,54.637864,On or near Bishops Court,E01034509,County Durham 057F,Violence and sexual offences,Under investigation,
cb738124c6cb511b7bd2fb4ae91f611e69fb974a5e762af1bf1999bc875ec5f9,2024-05,Durham Constabulary,Durham Constabulary,-1.715798,54.635164,On or near Northbridge Park,E01034509,County Durham 057F,Violence and sexual offences,Unable to prosecute suspect,
1431fc4c277dbc8b376f15ba0cc98ea88d58b23713f26b39c1f64368439a9a18,2024-05,Durham Constabulary,Durham Constabulary,-1.717486,54.635266,On or near Northbridge Park,E01034509,County Durham 057F,Violence and sexual offences,Investigation complete; no suspect identified,
,2024-05,Durham Constabulary,Durham Constabulary,-1.711612,54.637778,On or near Finchale Square,E01034510,County Durham 057G,Anti-social behaviour,,
,2024-05,Durham Constabulary,Durham Constabulary,-1.705384,54.637763,On or near Davis Avenue,E01034510,County Durham 057G,Anti-social behaviour,,
,2024-05,Durham Constabulary,Durham Constabulary,-1.708962,54.637897,On or near Cheltenham Court,E01034510,County Durham 057G,Anti-social behaviour,,
,2024-05,Durham Constabulary,Durham Constabulary,-1.705384,54.637763,On or near Davis Avenue,E01034510,County Durham 057G,Anti-social behaviour,,
49e30d1b64c220f0ce67d037bc3e0b3f7c4e4f90fca3b048804d492353f529c6,2024-05,Durham Constabulary,Durham Constabulary,-1.714045,54.637757,On or near Melrose Drive,E01034510,County Durham 057G,Criminal damage and arson,Investigation complete; no suspect identified,
bba290714b0710afabf9d8f5c9fa837fef86ec5ae25b150e1b0bd07019f849ed,2024-05,Durham Constabulary,Durham Constabulary,-1.714448,54.635538,On or near Byland Close,E01034510,County Durham 057G,Criminal damage and arson,Investigation complete; no suspect identified,
206570948270d8ece43167553a060188a8da6f25abc54350ffd2b457ea7fac85,2024-05,Durham Constabulary,Durham Constabulary,-1.714045,54.637757,On or near Melrose Drive,E01034510,County Durham 057G,Public order,Unable to prosecute suspect,
76575282bfefdad71922cf18fd4d02f2d302e59c6c2f6d3b1b84bb0fdcbf4959,2024-05,Durham Constabulary,Durham Constabulary,-1.710921,54.636932,On or near Selby Close,E01034510,County Durham 057G,Violence and sexual offences,Unable to prosecute suspect,
7a16dc87da0b34dd5eecefae57a89ce8968c418062e326b721c3744dd65498ed,2024-05,Durham Constabulary,Durham Constabulary,-1.714045,54.637757,On or near Melrose Drive,E01034510,County Durham 057G,Violence and sexual offences,Further action is not in the public interest,
adf09bb474c07edc697e2c490b939ece64829d94d3c774e65d612791700d526f,2024-05,Durham Constabulary,Durham Constabulary,-1.711612,54.637778,On or near Finchale Square,E01034510,County Durham 057G,Violence and sexual offences,Investigation complete; no suspect identified,
539c666ec86696f03ed37f7e473bccc2755747f532227a0fd73d62219b150698,2024-05,Durham Constabulary,Durham Constabulary,-1.706604,54.638341,On or near Central Grange,E01034510,County Durham 057G,Violence and sexual offences,Awaiting court outcome,
582f2090d3ebb0806883499b4618aae4758880b90f6bdaf166137771cb624e6c,2024-05,Durham Constabulary,Durham Constabulary,-1.708962,54.637897,On or near Cheltenham Court,E01034510,County Durham 057G,Violence and sexual offences,Unable to prosecute suspect,
,2024-05,Durham Constabulary,Durham Constabulary,-1.677575,54.651370,On or near Seymour Street,E01020884,County Durham 058A,Anti-social behaviour,,
,2024-05,Durham Constabulary,Durham Constabulary,-1.678042,54.649187,On or near Clifford Avenue,E01020884,County Durham 058A,Anti-social behaviour,,
37468c84fc5a1e8e15552f5d342b95e8029de7e67dd2ae966b09b88cd618cc22,2024-05,Durham Constabulary,Durham Constabulary,-1.679936,54.646685,On or near Watling Road,E01020884,County Durham 058A,Burglary,Investigation complete; no suspect identified,
63a5c60eb4df7dd78555d96ef57c7fea126f7094a92d76f84f01fb1ee4bcd7db,2024-05,Durham Constabulary,Durham Constabulary,-1.676966,54.646066,On or near Aldhun Close,E01020884,County Durham 058A,Criminal damage and arson,Investigation complete; no suspect identified,
18e10022b833e5cd0ca9bb0a752d73940ec2f44d3a333e7a2b5499f6fb72ddf7,2024-05,Durham Constabulary,Durham Constabulary,-1.677575,54.651370,On or near Seymour Street,E01020884,County Durham 058A,Criminal damage and arson,Investigation complete; no suspect identified,
fe04372c59cba8d19e421d80d7f1d20c4cf9179ae17c8568d611d216257835ef,2024-05,Durham Constabulary,Durham Constabulary,-1.678342,54.644560,On or near Shawbrow View,E01020884,County Durham 058A,Criminal damage and arson,Investigation complete; no suspect identified,
72f82c85269caef4bfbb2e80be62957f057d23eea2d5a37d3e2d3a25295374b8,2024-05,Durham Constabulary,Durham Constabulary,-1.678512,54.650510,On or near Petrol Station,E01020884,County Durham 058A,Other theft,Investigation complete; no suspect identified,
c72033781cd679fd3e2eefdd9468847f14c05c1c4b6ffab208e6042ee11ff38b,2024-05,Durham Constabulary,Durham Constabulary,-1.676966,54.646066,On or near Aldhun Close,E01020884,County Durham 058A,Public order,Unable to prosecute suspect,
c59e77028bb496e783d762354816f6feff3b083087be6f8b9e6db327c0ef8945,2024-05,Durham Constabulary,Durham Constabulary,-1.676836,54.654702,On or near Waddington Street,E01020884,County Durham 058A,Public order,Unable to prosecute suspect,
e680d367d6dab37e7dcb6dfa2d622885d138c8491b5c806728fcf43be5ed0b22,2024-05,Durham Constabulary,Durham Constabulary,-1.678512,54.650510,On or near Petrol Station,E01020884,County Durham 058A,Shoplifting,Awaiting court outcome,
5b38d772ffb408f5835630aa22309f1ac003f1e7d87318c30b5f9cc056513474,2024-05,Durham Constabulary,Durham Constabulary,-1.679936,54.646685,On or near Watling Road,E01020884,County Durham 058A,Shoplifting,Awaiting court outcome,
ef5563c80e355fe0f548b4f45f0a896a7e8318e467043b236cfc51aad4f6095b,2024-05,Durham Constabulary,Durham Constabulary,-1.679936,54.646685,On or near Watling Road,E01020884,County Durham 058A,Shoplifting,Investigation complete; no suspect identified,
57b3c1ea05ae85fd1fdcf31fe2c18313d8f3073de5ee824f329c57cb6a934a23,2024-05,Durham Constabulary,Durham Constabulary,-1.676966,54.646066,On or near Aldhun Close,E01020884,County Durham 058A,Vehicle crime,Investigation complete; no suspect identified,
e49e8c74bd19c4ac98f843e74440c528925debf32b5d3929884662ee996ea784,2024-05,Durham Constabulary,Durham Constabulary,-1.679936,54.646685,On or near Watling Road,E01020884,County Durham 058A,Violence and sexual offences,Investigation complete; no suspect identified,
79071410aede42a9f29ea250976558f93f9996b729a66a81c72037caee26d0d0,2024-05,Durham Constabulary,Durham Constabulary,-1.676966,54.646066,On or near Aldhun Close,E01020884,County Durham 058A,Violence and sexual offences,Action to be taken by another organisation,
40ba53dec4600b4159a6bb86c1bb152a218958859daf9db980c5b98c5eb6e5cd,2024-05,Durham Constabulary,Durham Constabulary,-1.676836,54.654702,On or near Waddington Street,E01020884,County Durham 058A,Other crime,Unable to prosecute suspect,
,2024-05,Durham Constabulary,Durham Constabulary,-1.671263,54.651910,On or near St Peters Close,E01020885,County Durham 058B,Anti-social behaviour,,
,2024-05,Durham Constabulary,Durham Constabulary,-1.676355,54.652742,On or near Mcintyre Terrace,E01020885,County Durham 058B,Anti-social behaviour,,
,2024-05,Durham Constabulary,Durham Constabulary,-1.672397,54.649613,On or near Beechwood Drive,E01020885,County Durham 058B,Anti-social behaviour,,
,2024-05,Durham Constabulary,Durham Constabulary,-1.676280,54.650450,On or near Peacock Court,E01020885,County Durham 058B,Anti-social behaviour,,
c97f4ea591050cf19e077d6da1a432518e2aca8be3a51f7c059b685cd65ee712,2024-05,Durham Constabulary,Durham Constabulary,-1.676280,54.650450,On or near Peacock Court,E01020885,County Durham 058B,Criminal damage and arson,Investigation complete; no suspect identified,
67e4edc3aa82621c8d60e9ed0176960bed72951a6fa6e4cb9bab8c4793988a36,2024-05,Durham Constabulary,Durham Constabulary,-1.672397,54.649613,On or near Beechwood Drive,E01020885,County Durham 058B,Public order,Investigation complete; no suspect identified,
bbc6cd889daba9fe42c13844ed9a2969679560380428c0881deda836670642a3,2024-05,Durham Constabulary,Durham Constabulary,-1.669963,54.651700,On or near St Catherines Way,E01020885,County Durham 058B,Vehicle crime,Investigation complete; no suspect identified,
dad813ede804b1522eb6a49ca94a72cce088912303df0b9dfa2ad493ae0a5457,2024-05,Durham Constabulary,Durham Constabulary,-1.676292,54.649021,On or near Cheshire Place,E01020885,County Durham 058B,Violence and sexual offences,Unable to prosecute suspect,
b281146da38b9094c4133af8c19f2af5942c78ba069c5198c464b0d6f6b9f915,2024-05,Durham Constabulary,Durham Constabulary,-1.676355,54.652742,On or near Mcintyre Terrace,E01020885,County Durham 058B,Violence and sexual offences,Investigation complete; no suspect identified,
5afabb006d982fe85f4c206da24627e791df5a7a67d81ea0bf3c5b1f1e7a1356,2024-05,Durham Constabulary,Durham Constabulary,-1.672397,54.649613,On or near Beechwood Drive,E01020885,County Durham 058B,Violence and sexual offences,Unable to prosecute suspect,
86a0be9a7c29f3c03bdba09b76291921eee56fe33535c7517f6d60b5213ab5f2,2024-05,Durham Constabulary,Durham Constabulary,-1.672847,54.651456,On or near St Cuthberts Way,E01020885,County Durham 058B,Violence and sexual offences,Unable to prosecute suspect,
9e237b7aed1393427b22db6e11236973f6baf4f2d8eeb430b354ae86e180b8f4,2024-05,Durham Constabulary,Durham Constabulary,-1.670929,54.651011,On or near St Aidans Drive,E01020885,County Durham 058B,Violence and sexual offences,Offender given a caution,
,2024-05,Durham Constabulary,Durham Constabulary,-1.681735,54.644632,On or near Lime Grove,E01020907,County Durham 058C,Anti-social behaviour,,
,2024-05,Durham Constabulary,Durham Constabulary,-1.690735,54.640836,On or near Boddy Street,E01020907,County Durham 058C,Anti-social behaviour,,
,2024-05,Durham Constabulary,Durham Constabulary,-1.681938,54.642431,On or near Supermarket,E01020907,County Durham 058C,Anti-social behaviour,,
8fdd42ccea36043bd4f27e1220de6f2e5a65310ee07d55956376d9709c98f6de,2024-05,Durham Constabulary,Durham Constabulary,-1.681938,54.642431,On or near Supermarket,E01020907,County Durham 058C,Criminal damage and arson,Investigation complete; no suspect identified,
6e562157496a3c7c7f238c50cd631a372c975941503e352d4e8f37b5128bb7b8,2024-05,Durham Constabulary,Durham Constabulary,-1.690735,54.640836,On or near Boddy Street,E01020907,County Durham 058C,Criminal damage and arson,Investigation complete; no suspect identified,
a9d080f90121613222f15fe62d667a5b3408dc1a4158e29adce99d7d357f4fb9,2024-05,Durham Constabulary,Durham Constabulary,-1.682991,54.644491,On or near Brooklands,E01020907,County Durham 058C,Criminal damage and arson,Investigation complete; no suspect identified,
cad2932111cb1238ed6df84da5bd00a62c4db469e7cac36d05dcdadddcdbc494,2024-05,Durham Constabulary,Durham Constabulary,-1.682972,54.648940,On or near Vart Road,E01020907,County Durham 058C,Other theft,Investigation complete; no suspect identified,
5ac87ae93455aa8eddaac326f058657e57500b3ce9e5c4ffd394f141176164e5,2024-05,Durham Constabulary,Durham Constabulary,-1.686388,54.637949,On or near A6072,E01020907,County Durham 058C,Other theft,Investigation complete; no suspect identified,
c33b063702dd753c6cd3e8e58c2b3e4a771035e03b5e9479c00c458b2c04924f,2024-05,Durham Constabulary,Durham Constabulary,-1.681717,54.648874,On or near Police Station,E01020907,County Durham 058C,Public order,Unable to prosecute suspect,
776c7b10da7b6e6fdf7d7016dee5a385002b165f1222f317ecd3d2203bc328cc,2024-05,Durham Constabulary,Durham Constabulary,-1.686388,54.637949,On or near A6072,E01020907,County Durham 058C,Public order,Unable to prosecute suspect,
058c9518f59032a0cc3324b2c32b6236f0f7b5684f473be33feb1b606437a54c,2024-05,Durham Constabulary,Durham Constabulary,-1.689810,54.640276,On or near Dent Street,E01020907,County Durham 058C,Public order,Unable to prosecute suspect,
d887cd3fa15f9b0115d991cf8ebb2ad50b799d92a4f272029050ee13c7d1c3aa,2024-05,Durham Constabulary,Durham Constabulary,-1.681938,54.642431,On or near Supermarket,E01020907,County Durham 058C,Shoplifting,Awaiting court outcome,
302562d42ed11d83b2424ee6f40b0a17c98d1b6a0b59459496ecd280a252ae49,2024-05,Durham Constabulary,Durham Constabulary,-1.681938,54.642431,On or near Supermarket,E01020907,County Durham 058C,Shoplifting,Investigation complete; no suspect identified,
cb6e291ae81706a647d784f541de6fce3e11df958da6cb688431194173ac92e3,2024-05,Durham Constabulary,Durham Constabulary,-1.681735,54.644632,On or near Lime Grove,E01020907,County Durham 058C,Shoplifting,Investigation complete; no suspect identified,
c49a1783ec44ddb561d041e468f16933b70280be7441f3b354d3bea3601bd6ad,2024-05,Durham Constabulary,Durham Constabulary,-1.690735,54.640836,On or near Boddy Street,E01020907,County Durham 058C,Violence and sexual offences,Under investigation,
fa4a714620f2b8bb8be2b32a0ec57d13962de9589d3ed5f4946d4b45a43c42e5,2024-05,Durham Constabulary,Durham Constabulary,-1.681938,54.642431,On or near Supermarket,E01020907,County Durham 058C,Violence and sexual offences,Investigation complete; no suspect identified,
68f9e070cb07f1b84ab0026f90ab9213117734c9347940a9d3e6059e8f773677,2024-05,Durham Constabulary,Durham Constabulary,-1.681717,54.648874,On or near Police Station,E01020907,County Durham 058C,Violence and sexual offences,Unable to prosecute suspect,
38d2d294b9e90454a8560dafc0350809551fc46afe6f0fdb5191b19f0375624f,2024-05,Durham Constabulary,Durham Constabulary,-1.682301,54.647509,On or near Birch Avenue,E01020907,County Durham 058C,Violence and sexual offences,Under investigation,
6f434327c966e1cc06281f06633b1c9e6f99c3c15d17b235c64b43d22d49e253,2024-05,Durham Constabulary,Durham Constabulary,-1.686388,54.637949,On or near A6072,E01020907,County Durham 058C,Violence and sexual offences,Investigation complete; no suspect identified,
95aaf570ad9c89893243659e98d97996bd42b9b39c9a9190c43763d743967565,2024-05,Durham Constabulary,Durham Constabulary,-1.682063,54.648272,On or near Waine Crescent,E01020907,County Durham 058C,Violence and sexual offences,Unable to prosecute suspect,
f4635a377dbac06c6b1f699c612f77b8a7c98e8a6767fa69ad4388c4debf7e15,2024-05,Durham Constabulary,Durham Constabulary,-1.690735,54.640836,On or near Boddy Street,E01020907,County Durham 058C,Violence and sexual offences,Investigation complete; no suspect identified,
02751701da31cb9b4b505d4dd01a3cbc4fa401f608e9fab26153a6efa9452e37,2024-05,Durham Constabulary,Durham Constabulary,-1.684259,54.648772,On or near Hardisty Crescent,E01020907,County Durham 058C,Other crime,Further investigation is not in the public interest,
53f0b038e22a5e91e464543ebfb89ede6b45fac8fb7ed53cc9b8d24a5425c855,2024-05,Durham Constabulary,Durham Constabulary,-1.700054,54.648399,On or near Bollihope Grove,E01020908,County Durham 058D,Burglary,Investigation complete; no suspect identified,
b46571e0cad7e1bc6c1a04fc406e49c140ee617b2d37dd968f815b3c328b26f7,2024-05,Durham Constabulary,Durham Constabulary,-1.686808,54.649902,On or near Irvin Avenue,E01020908,County Durham 058D,Burglary,Investigation complete; no suspect identified,
115e518602f67f3a0b09101c6c0b6383e775791fb1c4c49b07569aac347e7091,2024-05,Durham Constabulary,Durham Constabulary,-1.695001,54.646472,On or near Weardale Drive,E01020908,County Durham 058D,Criminal damage and arson,Investigation complete; no suspect identified,
d2251d0b188c30f445605f19312f68ad7206d5ceb79d5e021898b70098689d16,2024-05,Durham Constabulary,Durham Constabulary,-1.685114,54.650536,On or near B6282,E01020908,County Durham 058D,Other theft,Investigation complete; no suspect identified,
b71a22057e31423de41276c826bedb00f21639b813fe31e5ff2bec6cb1bd9123,2024-05,Durham Constabulary,Durham Constabulary,-1.691833,54.647255,On or near Cheesmond Avenue,E01020908,County Durham 058D,Violence and sexual offences,Unable to prosecute suspect,
f432a709e17a422a5e8f222199459228a1d2e49974713bbdc7eb96314d16b89f,2024-05,Durham Constabulary,Durham Constabulary,-1.691833,54.647255,On or near Cheesmond Avenue,E01020908,County Durham 058D,Violence and sexual offences,Under investigation,
c4282479ca4150436f291da900899fd521b5e46f2a9e4b504bdbc6a408101260,2024-05,Durham Constabulary,Durham Constabulary,-1.698347,54.646598,On or near Fairfield Court,E01020908,County Durham 058D,Violence and sexual offences,Unable to prosecute suspect,
d8c54386b71757f433bcd1e99aa56bfe1b2db91dcedb73098a7c1219a35a8b70,2024-05,Durham Constabulary,Durham Constabulary,-1.695001,54.646472,On or near Weardale Drive,E01020908,County Durham 058D,Violence and sexual offences,Unable to prosecute suspect,
1485965fa73c4e13d542282994109590f0fcc1476d7b2cbec3b03ae641a712ea,2024-05,Durham Constabulary,Durham Constabulary,-1.698347,54.646598,On or near Fairfield Court,E01020908,County Durham 058D,Violence and sexual offences,Unable to prosecute suspect,
,2024-05,Durham Constabulary,Durham Constabulary,-1.692763,54.643133,On or near Snowdon Crescent,E01020909,County Durham 058E,Anti-social behaviour,,
,2024-05,Durham Constabulary,Durham Constabulary,-1.690595,54.645095,On or near Walker Drive,E01020909,County Durham 058E,Anti-social behaviour,,
,2024-05,Durham Constabulary,Durham Constabulary,-1.694166,54.644143,On or near Richardson Avenue,E01020909,County Durham 058E,Anti-social behaviour,,
,2024-05,Durham Constabulary,Durham Constabulary,-1.687766,54.644171,On or near Price Avenue,E01020909,County Durham 058E,Anti-social behaviour,,
edfd858fdf7fe075b0b5a187c9e757dae290333fe74cb3082151ff7aaa216d4e,2024-05,Durham Constabulary,Durham Constabulary,-1.687766,54.644171,On or near Price Avenue,E01020909,County Durham 058E,Criminal damage and arson,Investigation complete; no suspect identified,
25c27b582f51a71c0f6fcad8d3ecbf6055f77eb986a9b65491440758cdda590c,2024-05,Durham Constabulary,Durham Constabulary,-1.685225,54.646151,On or near Proudfoot Drive,E01020909,County Durham 058E,Criminal damage and arson,Unable to prosecute suspect,
cac30f5dca517d679038f66214fffbd6fb18c3a26dc4edec7dc4cadf06eef578,2024-05,Durham Constabulary,Durham Constabulary,-1.687766,54.644171,On or near Price Avenue,E01020909,County Durham 058E,Criminal damage and arson,Investigation complete; no suspect identified,
1526b224d7e17d7f40386075ee6f91eb1f7119e068617eb82836d38eaa55bb19,2024-05,Durham Constabulary,Durham Constabulary,-1.685225,54.646151,On or near Proudfoot Drive,E01020909,County Durham 058E,Criminal damage and arson,Investigation complete; no suspect identified,
5a73b5c23fa49f89de76d42bf00ada8cae048b4185a7d8f85f1d3f0bc923440f,2024-05,Durham Constabulary,Durham Constabulary,-1.687766,54.644171,On or near Price Avenue,E01020909,County Durham 058E,Other theft,Investigation complete; no suspect identified,
bf1283e189c563688d03aa161710256b65ec64a976d6f4908415b6f331e0d667,2024-05,Durham Constabulary,Durham Constabulary,-1.694166,54.644143,On or near Richardson Avenue,E01020909,County Durham 058E,Other theft,Under investigation,
4a64e3f49978067417c87671ff64193bca35293fb776c7fa3e832dfcb9e93789,2024-05,Durham Constabulary,Durham Constabulary,-1.692191,54.644982,On or near St Luke'S Close,E01020909,County Durham 058E,Vehicle crime,Investigation complete; no suspect identified,
2f66020298a1f2d6f997af8f380d8491f92772b6073a26b2dc599561acf8a258,2024-05,Durham Constabulary,Durham Constabulary,-1.687578,54.646418,On or near Douthwaite Road,E01020909,County Durham 058E,Violence and sexual offences,Unable to prosecute suspect,
aa3595de6980aa8059aa0e22fdd61a3de2c6bcba6bd0c063ab85601ed5d440aa,2024-05,Durham Constabulary,Durham Constabulary,-1.686533,54.645363,On or near Farm Close,E01020909,County Durham 058E,Violence and sexual offences,Under investigation,
85f0a2d79ded8e9adbb2f3927675f7d59c0425ec37c5775237448bef33510723,2024-05,Durham Constabulary,Durham Constabulary,-1.690234,54.647629,On or near Kitchen Avenue,E01020909,County Durham 058E,Violence and sexual offences,Unable to prosecute suspect,
bf19eaa8969c9c255fa759ec0610c08117185862396c47c4a4556ef61f07315f,2024-05,Durham Constabulary,Durham Constabulary,-1.687766,54.644171,On or near Price Avenue,E01020909,County Durham 058E,Violence and sexual offences,Action to be taken by another organisation,
0b8456aa697ce9a5515dbe8c77efac7943b691910a24809125cf5d06492e7dd7,2024-05,Durham Constabulary,Durham Constabulary,-1.687787,54.645412,On or near Lowther Road,E01020909,County Durham 058E,Violence and sexual offences,Unable to prosecute suspect,
c975d7ab329571f7665bb2df623a2c0cc5ccb5f88875ab3eba8936ba7941134b,2024-05,Durham Constabulary,Durham Constabulary,-1.690234,54.647629,On or near Kitchen Avenue,E01020909,County Durham 058E,Violence and sexual offences,Unable to prosecute suspect,
9fb5ddbfae55f7915c5a57423edab4741def7fc3fdb336be390fd39706b88bdc,2024-05,Durham Constabulary,Durham Constabulary,-1.688523,54.646501,On or near Howard Close,E01020909,County Durham 058E,Violence and sexual offences,Investigation complete; no suspect identified,
54905c13d29955878252c55cd16bc672b9e649d728b113ed031b45778ca46d5c,2024-05,Durham Constabulary,Durham Constabulary,-1.689387,54.644912,On or near Archer Avenue,E01020909,County Durham 058E,Violence and sexual offences,Local resolution,
7f2f1c0ee3016f64f6e9d11c7a17b22f109ac0d7f276528ff88c24036392fb5d,2024-05,Durham Constabulary,Durham Constabulary,-1.687787,54.645412,On or near Lowther Road,E01020909,County Durham 058E,Violence and sexual offences,Unable to prosecute suspect,
65cadd689c29be082f45b688fcefc5e6928d36c72815e5e12d38aac7224ac256,2024-05,Durham Constabulary,Durham Constabulary,-1.691170,54.644800,On or near Brusselton View,E01020909,County Durham 058E,Violence and sexual offences,Unable to prosecute suspect,
,2024-05,Durham Constabulary,Durham Constabulary,-1.650325,54.628306,On or near Oxford Street,E01020801,County Durham 059A,Anti-social behaviour,,
,2024-05,Durham Constabulary,Durham Constabulary,-1.651186,54.629118,On or near Diamond Street,E01020801,County Durham 059A,Anti-social behaviour,,
,2024-05,Durham Constabulary,Durham Constabulary,-1.651186,54.629118,On or near Diamond Street,E01020801,County Durham 059A,Anti-social behaviour,,
,2024-05,Durham Constabulary,Durham Constabulary,-1.652841,54.629365,On or near Ruby Street,E01020801,County Durham 059A,Anti-social behaviour,,
,2024-05,Durham Constabulary,Durham Constabulary,-1.653017,54.630588,On or near Osborne Street,E01020801,County Durham 059A,Anti-social behaviour,,
,2024-05,Durham Constabulary,Durham Constabulary,-1.647273,54.626581,On or near Chapel Street,E01020801,County Durham 059A,Anti-social behaviour,,
9225ea7b328addcb16d24d156b49d693c090e18e87d6bc29f2454ca0ef2d89c6,2024-05,Durham Constabulary,Durham Constabulary,-1.653420,54.628711,On or near Braithwaite Street,E01020801,County Durham 059A,Criminal damage and arson,Investigation complete; no suspect identified,
e9bf44dd20e71b156013d520b382a8f7c55edd68a48b9b406614bb92509545f3,2024-05,Durham Constabulary,Durham Constabulary,-1.653103,54.633149,On or near Garbutt Street,E01020801,County Durham 059A,Criminal damage and arson,Investigation complete; no suspect identified,
c11b9298b3dcb3f8f7c0340db983b268356d6b929f5c304cf506fd6003a528b5,2024-05,Durham Constabulary,Durham Constabulary,-1.653017,54.630588,On or near Osborne Street,E01020801,County Durham 059A,Criminal damage and arson,Investigation complete; no suspect identified,
8306aefb5083220eac0af94d228dfe3846b7d0c0f19ce5e7c6ebce45f4254062,2024-05,Durham Constabulary,Durham Constabulary,-1.653017,54.630588,On or near Osborne Street,E01020801,County Durham 059A,Criminal damage and arson,Investigation complete; no suspect identified,
bc40b17aef0b868aadeb809c4acbc900ff9dfb90c7795aec121e9be038f46cb3,2024-05,Durham Constabulary,Durham Constabulary,-1.653420,54.628711,On or near Braithwaite Street,E01020801,County Durham 059A,Criminal damage and arson,Investigation complete; no suspect identified,
208caa525261b8219321b6f70b93bdf8563d383229552a9a5635de680ca56120,2024-05,Durham Constabulary,Durham Constabulary,-1.650325,54.628306,On or near Oxford Street,E01020801,County Durham 059A,Public order,Unable to prosecute suspect,
bba30c2de31ea98557e7932c8edca276cad66aa544a44b25ddfc96c5762f1a2b,2024-05,Durham Constabulary,Durham Constabulary,-1.652989,54.630183,On or near Regent Street,E01020801,County Durham 059A,Public order,Investigation complete; no suspect identified,
9573f71640df9cd2d2bc33896785ea5c20484a4d9f2348c77ebf7afa8d8909f7,2024-05,Durham Constabulary,Durham Constabulary,-1.652841,54.629365,On or near Ruby Street,E01020801,County Durham 059A,Shoplifting,Awaiting court outcome,
bc94899867f30e46316ace673acbd516d5f5208e702dda8c20b27d37b129c436,2024-05,Durham Constabulary,Durham Constabulary,-1.652841,54.629365,On or near Ruby Street,E01020801,County Durham 059A,Shoplifting,Investigation complete; no suspect identified,
cd11fb015ac96ec1d1fbfea06cc98e8d20fc80e0a19528ad1003bec2eda1939f,2024-05,Durham Constabulary,Durham Constabulary,-1.653017,54.630588,On or near Osborne Street,E01020801,County Durham 059A,Violence and sexual offences,Unable to prosecute suspect,
1bd937225fe4b6c7dfe8e8e84111270b442fdea4404d4750baab79d4bc67e067,2024-05,Durham Constabulary,Durham Constabulary,-1.653940,54.629503,On or near Lambton Street,E01020801,County Durham 059A,Violence and sexual offences,Unable to prosecute suspect,
1f82129027d64ef28c9ed1bae4d2345d95fe6b342e37df97f64841d5f5de47db,2024-05,Durham Constabulary,Durham Constabulary,-1.653103,54.633149,On or near Garbutt Street,E01020801,County Durham 059A,Violence and sexual offences,Under investigation,
,2024-05,Durham Constabulary,Durham Constabulary,-1.641434,54.623077,On or near All Saints' Road,E01020802,County Durham 059B,Anti-social behaviour,,
,2024-05,Durham Constabulary,Durham Constabulary,-1.641631,54.623581,On or near Bouch Street,E01020802,County Durham 059B,Anti-social behaviour,,
,2024-05,Durham Constabulary,Durham Constabulary,-1.647591,54.625719,On or near Adelaide Street,E01020802,County Durham 059B,Anti-social behaviour,,
,2024-05,Durham Constabulary,Durham Constabulary,-1.644978,54.626925,On or near Windsor Court,E01020802,County Durham 059B,Anti-social behaviour,,
52cff87ea4f841936ee9be16bdb9cc2b6b3d4ac43b9c26e6c36d6a2c80eb0f81,2024-05,Durham Constabulary,Durham Constabulary,-1.642577,54.623449,On or near Adamson Street,E01020802,County Durham 059B,Burglary,Investigation complete; no suspect identified,
6717c04572b77fe3c67314fc536e10d0fc2485aef6362ff10ee131a7ddd0957f,2024-05,Durham Constabulary,Durham Constabulary,-1.645678,54.624860,On or near Scott Street,E01020802,County Durham 059B,Criminal damage and arson,Unable to prosecute suspect,
48ea87db3fb0b0e85cbfa1b178ab14cb7874f3f54dca35b520ac81594964c5a8,2024-05,Durham Constabulary,Durham Constabulary,-1.643466,54.626309,On or near Victoria Street,E01020802,County Durham 059B,Criminal damage and arson,Investigation complete; no suspect identified,
1d48f62ed7ee11325704fd61b3716e8914906e1cf99e8457b46aa18b9a337853,2024-05,Durham Constabulary,Durham Constabulary,-1.646552,54.625815,On or near Strand Street,E01020802,County Durham 059B,Criminal damage and arson,Investigation complete; no suspect identified,
69500bd6ce3f550cd0bceb4abf0ea807d733be3568c0e9351919429bb40f5b03,2024-05,Durham Constabulary,Durham Constabulary,-1.639579,54.622721,On or near Walter Street,E01020802,County Durham 059B,Criminal damage and arson,Investigation complete; no suspect identified,
d622c09596669875ce31c0950c7f3a5b7a79211ed4117691fcb9f8a59bdedf79,2024-05,Durham Constabulary,Durham Constabulary,-1.639579,54.622721,On or near Walter Street,E01020802,County Durham 059B,Criminal damage and arson,Unable to prosecute suspect,
27bf8ef0daf1ee1b918df3c1f0da388eae983418ba6d9588f1dac686daeaa468,2024-05,Durham Constabulary,Durham Constabulary,-1.639579,54.622721,On or near Walter Street,E01020802,County Durham 059B,Criminal damage and arson,Investigation complete; no suspect identified,
f4fe621635f9313748cc4d6a645de3901534d1ea2180210342b60c10e8a5c71e,2024-05,Durham Constabulary,Durham Constabulary,-1.645678,54.624860,On or near Scott Street,E01020802,County Durham 059B,Drugs,Unable to prosecute suspect,
e13d427a8f85dbb0e2d7b579cd2f783968598a35b749f8ec773392c1f553a6ce,2024-05,Durham Constabulary,Durham Constabulary,-1.641631,54.623581,On or near Bouch Street,E01020802,County Durham 059B,Drugs,Under investigation,
8a615758587483c0b66df5ae523c1facc5269bd5b7b842b2702395c39e825c95,2024-05,Durham Constabulary,Durham Constabulary,-1.645678,54.624860,On or near Scott Street,E01020802,County Durham 059B,Drugs,Offender given a caution,
83d1bee33193e20bd88a782439d2e475938a850f7bd8430a5dacd1d5a81a1606,2024-05,Durham Constabulary,Durham Constabulary,-1.639579,54.622721,On or near Walter Street,E01020802,County Durham 059B,Drugs,Under investigation,
a08042be7ad6e93c3230f140c326df55c675bec958e1993e170b765457c4514e,2024-05,Durham Constabulary,Durham Constabulary,-1.646552,54.625815,On or near Strand Street,E01020802,County Durham 059B,Other theft,Investigation complete; no suspect identified,
0a0d61397be60b41b80b97275ca57f5740949c43e32804f82c3b8f6a267d2848,2024-05,Durham Constabulary,Durham Constabulary,-1.643506,54.623398,On or near Harrison Close,E01020802,County Durham 059B,Public order,Awaiting court outcome,
62f5f8e1d103b680188c90d5e5b05302bc7ebd42efb4822012cd3efbb933d1e6,2024-05,Durham Constabulary,Durham Constabulary,-1.639579,54.622721,On or near Walter Street,E01020802,County Durham 059B,Public order,Unable to prosecute suspect,
629c572afde8e50b00facaf0fd89d3f0d9e2557208cd5c77c4e990904f26f2b6,2024-05,Durham Constabulary,Durham Constabulary,-1.639123,54.621695,On or near Royal George Close,E01020802,County Durham 059B,Shoplifting,Awaiting court outcome,
c08f118315505eee72327b0def14520f19a1daf1e1debb4a40334a5454b33664,2024-05,Durham Constabulary,Durham Constabulary,-1.647591,54.625719,On or near Adelaide Street,E01020802,County Durham 059B,Vehicle crime,Investigation complete; no suspect identified,
7122ba5416f4e9c16f117c3d5ea8db5970392cc6e78ab8a34fd71901f88d83d2,2024-05,Durham Constabulary,Durham Constabulary,-1.656341,54.633140,On or near Waterloo Terrace,E01020802,County Durham 059B,Vehicle crime,Investigation complete; no suspect identified,
46c7796975f49f8fb1c0841a21f299c5d166d85bd6c76ec303eecdc6548d4936,2024-05,Durham Constabulary,Durham Constabulary,-1.641631,54.623581,On or near Bouch Street,E01020802,County Durham 059B,Vehicle crime,Unable to prosecute suspect,
f9246e37c565db24a948ebc23ea268a9a16415dc6b274a03162061129e3fdf95,2024-05,Durham Constabulary,Durham Constabulary,-1.643586,54.626669,On or near Soho Street,E01020802,County Durham 059B,Violence and sexual offences,Unable to prosecute suspect,
70934a26d69566f5b15a1881c8e17586bd88ed7c3b48b4792a59498d0c132929,2024-05,Durham Constabulary,Durham Constabulary,-1.643586,54.626669,On or near Soho Street,E01020802,County Durham 059B,Violence and sexual offences,Local resolution,
549b05f202ce1c3cdf74305b923b2d69aea30f0745560556951be10c5acce509,2024-05,Durham Constabulary,Durham Constabulary,-1.641405,54.626348,On or near Parking Area,E01020802,County Durham 059B,Violence and sexual offences,Local resolution,
b406d48f0a7e3b3af1818b7fb58f9d91d802808249a2952eac7bd264a4607b64,2024-05,Durham Constabulary,Durham Constabulary,-1.639579,54.622721,On or near Walter Street,E01020802,County Durham 059B,Violence and sexual offences,Unable to prosecute suspect,
0b908b2afded6ddd435b4d88e7ffb901e62376af4db7b39e638eb89f1a2c6331,2024-05,Durham Constabulary,Durham Constabulary,-1.639579,54.622721,On or near Walter Street,E01020802,County Durham 059B,Violence and sexual offences,Unable to prosecute suspect,
6e8737a7b6373f0d573385d8e867101dffadb6d772a884c040d5a0e23c4b3b78,2024-05,Durham Constabulary,Durham Constabulary,-1.639579,54.622721,On or near Walter Street,E01020802,County Durham 059B,Violence and sexual offences,Unable to prosecute suspect,
02d5dc1fd24f07d5d92276ba73c251cc5bb9f08e7daa6cf9c75c53528aa6f054,2024-05,Durham Constabulary,Durham Constabulary,-1.644236,54.624937,On or near Magnet Street,E01020802,County Durham 059B,Violence and sexual offences,Under investigation,
8074efed205b1438c8edd51c5552ed0f6b84c10dc3ed57b56c9df3f6dc06c114,2024-05,Durham Constabulary,Durham Constabulary,-1.641631,54.623581,On or near Bouch Street,E01020802,County Durham 059B,Violence and sexual offences,Under investigation,
cec1bac9d41702563eca43588bf6650c994d6ce61ade26621cc3a9648e5808ee,2024-05,Durham Constabulary,Durham Constabulary,-1.643586,54.626669,On or near Soho Street,E01020802,County Durham 059B,Violence and sexual offences,Unable to prosecute suspect,
3fa31600cebc36a3d2799306f6e7f97362d8061183063dbd62a12192402daff2,2024-05,Durham Constabulary,Durham Constabulary,-1.639579,54.622721,On or near Walter Street,E01020802,County Durham 059B,Violence and sexual offences,Unable to prosecute suspect,
c9fd6101e545a5e982551ef04e6e061e292bc93ed2186dea7ae24087d6aaf3ca,2024-05,Durham Constabulary,Durham Constabulary,-1.643586,54.626669,On or near Soho Street,E01020802,County Durham 059B,Violence and sexual offences,Unable to prosecute suspect,
cc5e29b919cb59ab6d397273a36f4219441fdd4d7e8b23aa16d03b39b8e400ea,2024-05,Durham Constabulary,Durham Constabulary,-1.643586,54.626669,On or near Soho Street,E01020802,County Durham 059B,Violence and sexual offences,Unable to prosecute suspect,
83a94896672b7b94879978505e8129f2f485e14be9852c2e14ed110ccd1ae185,2024-05,Durham Constabulary,Durham Constabulary,-1.643586,54.626669,On or near Soho Street,E01020802,County Durham 059B,Violence and sexual offences,Unable to prosecute suspect,
5b0a3e787616c2521ca9b461b2f1f0bd10f84fdba1f1893fcaa99d0b1728b7a4,2024-05,Durham Constabulary,Durham Constabulary,-1.659540,54.632251,On or near West Close,E01020802,County Durham 059B,Violence and sexual offences,Under investigation,
b7079fe1ed1bccf51a4fbd07073f09915238c356e64cac100464ce6f92bd2358,2024-05,Durham Constabulary,Durham Constabulary,-1.646252,54.622938,On or near Primrose Drive,E01020802,County Durham 059B,Violence and sexual offences,Unable to prosecute suspect,
74d4f9f59449e0e0fdbcc1733f040ecbfabed2e5697e78dc3105a3f5aa4c7465,2024-05,Durham Constabulary,Durham Constabulary,-1.647066,54.627281,On or near Middleton Road,E01020802,County Durham 059B,Other crime,Investigation complete; no suspect identified,
e1333011b89d0cacef374feec66008c7ae084a14f9f8ff2c942720c3dfe327d5,2024-05,Durham Constabulary,Durham Constabulary,-1.640842,54.623516,On or near Redworth Road,E01020802,County Durham 059B,Other crime,Under investigation,
,2024-05,Durham Constabulary,Durham Constabulary,-1.647098,54.634300,On or near Association Street,E01020838,County Durham 059C,Anti-social behaviour,,
,2024-05,Durham Constabulary,Durham Constabulary,-1.648658,54.633038,On or near Parking Area,E01020838,County Durham 059C,Anti-social behaviour,,
,2024-05,Durham Constabulary,Durham Constabulary,-1.649350,54.633633,On or near Dean Street,E01020838,County Durham 059C,Anti-social behaviour,,
8fd7da9113b00db6c3d2fb659869b06c8999be30e8ca711875129713745003a0,2024-05,Durham Constabulary,Durham Constabulary,-1.643937,54.636232,On or near Temperance Avenue,E01020838,County Durham 059C,Criminal damage and arson,Investigation complete; no suspect identified,
039467971face39e00ad5a31b92592425795c7957e2e317ee4a5ce5111e37a84,2024-05,Durham Constabulary,Durham Constabulary,-1.652768,54.634379,On or near Albion Avenue,E01020838,County Durham 059C,Criminal damage and arson,Investigation complete; no suspect identified,
cc3688ede43cbdeab56d13178c4981cf6a0c4d2d276eb4f750ce736b78386ebc,2024-05,Durham Constabulary,Durham Constabulary,-1.652768,54.634379,On or near Albion Avenue,E01020838,County Durham 059C,Criminal damage and arson,Unable to prosecute suspect,
8b3ecd7ed5e7d16252e3e089c331e46a6e8f4bcd102739d0aacc654d0f9399d9,2024-05,Durham Constabulary,Durham Constabulary,-1.652768,54.634379,On or near Albion Avenue,E01020838,County Durham 059C,Criminal damage and arson,Unable to prosecute suspect,
9dcb20c41adb141ac5152325764eb1d7f261af840815904a4b40e2b07079f024,2024-05,Durham Constabulary,Durham Constabulary,-1.641081,54.642083,On or near Eldon Bank,E01020838,County Durham 059C,Criminal damage and arson,Investigation complete; no suspect identified,
cda0c08b172a3338cccdb6379094e2a5bd1aca5861b0ca54d9e0ba20de6e529e,2024-05,Durham Constabulary,Durham Constabulary,-1.652768,54.634379,On or near Albion Avenue,E01020838,County Durham 059C,Criminal damage and arson,Investigation complete; no suspect identified,
fa765897182cbd740bd41f34b947b962a57549cead26f270445dccd7ad821f33,2024-05,Durham Constabulary,Durham Constabulary,-1.653900,54.634203,On or near College Street,E01020838,County Durham 059C,Criminal damage and arson,Investigation complete; no suspect identified,
b26836860da581b853229e583ad14b288a9f69ce913862b8be2df46ee3599ca7,2024-05,Durham Constabulary,Durham Constabulary,-1.648658,54.633038,On or near Parking Area,E01020838,County Durham 059C,Criminal damage and arson,Investigation complete; no suspect identified,
edc6b30d20c5d38820be133f00a80820cdcaf99ca97e293f89d475de7a375de3,2024-05,Durham Constabulary,Durham Constabulary,-1.645410,54.634295,On or near Spencely Street,E01020838,County Durham 059C,Criminal damage and arson,Investigation complete; no suspect identified,
379fb1bf29661cb979524d1b43eaf4d9d7ea557a5ea5ddda60422ef9bf32a0bb,2024-05,Durham Constabulary,Durham Constabulary,-1.653239,54.633644,On or near Co-Operative Street,E01020838,County Durham 059C,Criminal damage and arson,Unable to prosecute suspect,
633c2520dca5dc6512f8cd554f50522dac16539dc21c6948df7a7ca1e6fc535d,2024-05,Durham Constabulary,Durham Constabulary,-1.651627,54.633648,On or near East View Terrace,E01020838,County Durham 059C,Criminal damage and arson,Unable to prosecute suspect,
90f19d8c90ecc689c192187191bc236456a72e259c760c809457e1fef342fdf5,2024-05,Durham Constabulary,Durham Constabulary,-1.652768,54.634379,On or near Albion Avenue,E01020838,County Durham 059C,Criminal damage and arson,Formal action is not in the public interest,
faca610ed7f339ecd4a34bad019b7dbc2c2b9e6a6e6c8629edfd27792906f8e1,2024-05,Durham Constabulary,Durham Constabulary,-1.652768,54.634379,On or near Albion Avenue,E01020838,County Durham 059C,Criminal damage and arson,Unable to prosecute suspect,
58f623eaddcf2bb79f07ff961757bd8a4f3b7048cd611ab0e61ed87031ee3ac9,2024-05,Durham Constabulary,Durham Constabulary,-1.653239,54.633644,On or near Co-Operative Street,E01020838,County Durham 059C,Criminal damage and arson,Investigation complete; no suspect identified,
709a16749b0fb711d12d812a9c51cc89dcb5957ac97e39f9952fb047796202c8,2024-05,Durham Constabulary,Durham Constabulary,-1.645410,54.634295,On or near Spencely Street,E01020838,County Durham 059C,Criminal damage and arson,Investigation complete; no suspect identified,
6521dbcf7e594342483ec047ccbe1290b0b35759ef817ddb8126b0aa18433c8e,2024-05,Durham Constabulary,Durham Constabulary,-1.650612,54.634625,On or near Southlands Gardens,E01020838,County Durham 059C,Criminal damage and arson,Under investigation,
d36966d57c69754f51c80c86e27067a907a7026ab749061de22a8bdbf2e20440,2024-05,Durham Constabulary,Durham Constabulary,-1.652768,54.634379,On or near Albion Avenue,E01020838,County Durham 059C,Criminal damage and arson,Under investigation,
37214e6aba0ba7af1a64c84d1ec833aad1cb0bf3196bfc2e53911a631acc9986,2024-05,Durham Constabulary,Durham Constabulary,-1.651946,54.636237,On or near Highland Gardens,E01020838,County Durham 059C,Drugs,Under investigation,
93a407c45043efbfb778f159aeee4dc49daceea04b4010dd8b172935fe4f5883,2024-05,Durham Constabulary,Durham Constabulary,-1.652768,54.634379,On or near Albion Avenue,E01020838,County Durham 059C,Other theft,Further action is not in the public interest,
011d228c8a1128cb948eebf0d22205ea12dd38a58c4382b0e274b70fa796f7a3,2024-05,Durham Constabulary,Durham Constabulary,-1.652768,54.634379,On or near Albion Avenue,E01020838,County Durham 059C,Other theft,Unable to prosecute suspect,
46400f6ebfa4763497025be1e37b4d533a15426a5a17b0080ddc6a3fd2494f77,2024-05,Durham Constabulary,Durham Constabulary,-1.651946,54.636237,On or near Highland Gardens,E01020838,County Durham 059C,Other theft,Investigation complete; no suspect identified,
cbb86f7fc384d0afcc0f3e7fc9ff4b22228648dffece1b9679d912b3d2aee14a,2024-05,Durham Constabulary,Durham Constabulary,-1.651946,54.636237,On or near Highland Gardens,E01020838,County Durham 059C,Other theft,Investigation complete; no suspect identified,
be359c12fccdd35a9e031a175db298615ea8619811a0d89b2582e22c59b2e147,2024-05,Durham Constabulary,Durham Constabulary,-1.652768,54.634379,On or near Albion Avenue,E01020838,County Durham 059C,Possession of weapons,Unable to prosecute suspect,
eb1ccba8e4d98f7e08c22046fb42005cba9952fc5cff4ee70542fff97bcb93ae,2024-05,Durham Constabulary,Durham Constabulary,-1.645410,54.634295,On or near Spencely Street,E01020838,County Durham 059C,Public order,Unable to prosecute suspect,
d6123b3f8a08d0c15f3811bd7b0eedf96a6b6d740a6b22047756ab3fc4292644,2024-05,Durham Constabulary,Durham Constabulary,-1.652768,54.634379,On or near Albion Avenue,E01020838,County Durham 059C,Public order,Awaiting court outcome,
2d227e63f2a725412d0e35353fa55e8bfac8ff4cc826dc4054541b428a134d02,2024-05,Durham Constabulary,Durham Constabulary,-1.645410,54.634295,On or near Spencely Street,E01020838,County Durham 059C,Public order,Unable to prosecute suspect,
c631abc4061602693a3b73c1d0baf24241513ba7e75f17c2c3155f4fd3de3a95,2024-05,Durham Constabulary,Durham Constabulary,-1.648658,54.633038,On or near Parking Area,E01020838,County Durham 059C,Shoplifting,Investigation complete; no suspect identified,
dca7ce95de9b7e7452ae59e11faafd6d8a5e9f58593976fa249760b0bdcb0e02,2024-05,Durham Constabulary,Durham Constabulary,-1.647922,54.634042,On or near Parking Area,E01020838,County Durham 059C,Shoplifting,Unable to prosecute suspect,
891dc480a7d60dc0a64b3fb07a3ab1eaca1e2ff7972fb3a2313ac3eea5fbd273,2024-05,Durham Constabulary,Durham Constabulary,-1.648658,54.633038,On or near Parking Area,E01020838,County Durham 059C,Violence and sexual offences,Unable to prosecute suspect,
96a53fbbe85c174be45637ef468ec151fafe2a938db5b8e9551d6d9e465ff25f,2024-05,Durham Constabulary,Durham Constabulary,-1.648658,54.633038,On or near Parking Area,E01020838,County Durham 059C,Violence and sexual offences,Unable to prosecute suspect,
372cf94253dfc1d5aea81fdf21a2f60f43a3f7da1a1fdd6fa2e7534711bd5144,2024-05,Durham Constabulary,Durham Constabulary,-1.648658,54.633038,On or near Parking Area,E01020838,County Durham 059C,Violence and sexual offences,Unable to prosecute suspect,
2a44bc2e3457c8bf55ba6cbc6e5b6a890e011c4c75f1195ac47f3945fcd5a90f,2024-05,Durham Constabulary,Durham Constabulary,-1.651946,54.636237,On or near Highland Gardens,E01020838,County Durham 059C,Violence and sexual offences,Under investigation,
3352a01099f4a964c7cada8f2e53fb437d3879ba2667cb72de85cbd5c2c7b4c0,2024-05,Durham Constabulary,Durham Constabulary,-1.652768,54.634379,On or near Albion Avenue,E01020838,County Durham 059C,Violence and sexual offences,Unable to prosecute suspect,
e4d1b7670e9de3eeed0951b3905ba07f7897ea89da220e287a7c5ba8d79f63c9,2024-05,Durham Constabulary,Durham Constabulary,-1.652768,54.634379,On or near Albion Avenue,E01020838,County Durham 059C,Violence and sexual offences,Unable to prosecute suspect,
16b724f70f0bb221acc9555b33e39ebbb00e2de8d0edfae9a4c875796cf7f323,2024-05,Durham Constabulary,Durham Constabulary,-1.653239,54.633644,On or near Co-Operative Street,E01020838,County Durham 059C,Violence and sexual offences,Unable to prosecute suspect,
4e3ea3ba8306375c74e5d277628d03be5f81e494a5216a4b86dc9733801095a8,2024-05,Durham Constabulary,Durham Constabulary,-1.648658,54.633038,On or near Parking Area,E01020838,County Durham 059C,Violence and sexual offences,Under investigation,
0357f30e104a8d58c82b1d21c7571c04fad734b5f0fce777bc214eb956b711c4,2024-05,Durham Constabulary,Durham Constabulary,-1.648658,54.633038,On or near Parking Area,E01020838,County Durham 059C,Violence and sexual offences,Investigation complete; no suspect identified,
db7f41da9fbcdfcefc3aeb095746e027c5da64add29c428ebbfcfcde2f7a788c,2024-05,Durham Constabulary,Durham Constabulary,-1.652768,54.634379,On or near Albion Avenue,E01020838,County Durham 059C,Violence and sexual offences,Awaiting court outcome,
0ad7fe9c0fda6788f077ef434b9650febbb9489b55e22bb823b2107341406b3e,2024-05,Durham Constabulary,Durham Constabulary,-1.652768,54.634379,On or near Albion Avenue,E01020838,County Durham 059C,Violence and sexual offences,Action to be taken by another organisation,
acacad066353dbe3a4e1cdf6ea17295b3bc672ab787b57637b55e5cc40b49f2b,2024-05,Durham Constabulary,Durham Constabulary,-1.645410,54.634295,On or near Spencely Street,E01020838,County Durham 059C,Violence and sexual offences,Unable to prosecute suspect,
a779e33f6d7c676469f6d922349271b676d66f71ca6ffbbe782c18a8abce2009,2024-05,Durham Constabulary,Durham Constabulary,-1.644121,54.634597,On or near Robson Street,E01020838,County Durham 059C,Violence and sexual offences,Unable to prosecute suspect,
616dd0f0b3deebe81f7963cd80d316ce725a9bab9470f5a941ddafdb171d0f6f,2024-05,Durham Constabulary,Durham Constabulary,-1.652768,54.634379,On or near Albion Avenue,E01020838,County Durham 059C,Violence and sexual offences,Under investigation,
9b76427a9143d369ddb2238064fbdaa0afba4eca171b4562c9c486efbebafe72,2024-05,Durham Constabulary,Durham Constabulary,-1.640718,54.642819,On or near Eldon Bank,E01020838,County Durham 059C,Violence and sexual offences,Unable to prosecute suspect,
10fcbab06186fe11460f5151b98691f55072d3088e9b7f9831f07fcef97af7b6,2024-05,Durham Constabulary,Durham Constabulary,-1.648887,54.633443,On or near Primitive Street,E01020838,County Durham 059C,Other crime,Awaiting court outcome,
911ae9444d5b3ba811f852b7e0fe62c4f068b75e0854a9f2e3a04577acf844cc,2024-05,Durham Constabulary,Durham Constabulary,-1.640907,54.635441,On or near King Edward Street,E01020838,County Durham 059C,Other crime,Further investigation is not in the public interest,
,2024-05,Durham Constabulary,Durham Constabulary,-1.645606,54.631348,On or near Central Parade,E01020839,County Durham 059D,Anti-social behaviour,,
,2024-05,Durham Constabulary,Durham Constabulary,-1.645606,54.631348,On or near Central Parade,E01020839,County Durham 059D,Anti-social behaviour,,
,2024-05,Durham Constabulary,Durham Constabulary,-1.651389,54.632587,On or near Shopping Area,E01020839,County Durham 059D,Anti-social behaviour,,
,2024-05,Durham Constabulary,Durham Constabulary,-1.655715,54.633938,On or near Auckland Terrace,E01020839,County Durham 059D,Anti-social behaviour,,
,2024-05,Durham Constabulary,Durham Constabulary,-1.646207,54.633471,On or near John Street,E01020839,County Durham 059D,Anti-social behaviour,,
,2024-05,Durham Constabulary,Durham Constabulary,-1.641464,54.633789,On or near South View,E01020839,County Durham 059D,Anti-social behaviour,,
,2024-05,Durham Constabulary,Durham Constabulary,-1.643584,54.632223,On or near Windsor Terrace,E01020839,County Durham 059D,Anti-social behaviour,,
,2024-05,Durham Constabulary,Durham Constabulary,-1.645606,54.631348,On or near Central Parade,E01020839,County Durham 059D,Anti-social behaviour,,
,2024-05,Durham Constabulary,Durham Constabulary,-1.645606,54.631348,On or near Central Parade,E01020839,County Durham 059D,Anti-social behaviour,,
32b4f035a9c9cbf81503fbd58d3c99d3b04d424bea4b116f7857a484cb319bce,2024-05,Durham Constabulary,Durham Constabulary,-1.643176,54.634603,On or near Market Place,E01020839,County Durham 059D,Other theft,Unable to prosecute suspect,
01179f545c93f2a00586f10625f8ed3270dda272bed9324924cfd8354aeb3795,2024-05,Durham Constabulary,Durham Constabulary,-1.650179,54.632727,On or near Quarry Street,E01020839,County Durham 059D,Other theft,Unable to prosecute suspect,
3ba85dc17859581fe94d20b75d78709b3777a4c6bffa1a3865d3acbbc492dfd5,2024-05,Durham Constabulary,Durham Constabulary,-1.643059,54.633812,On or near Dent Street,E01020839,County Durham 059D,Public order,Unable to prosecute suspect,
45c0ef99ae316ef8e891122e5758c235ad9d458734e117965d5e6dab9394afc5,2024-05,Durham Constabulary,Durham Constabulary,-1.650179,54.632727,On or near Quarry Street,E01020839,County Durham 059D,Shoplifting,Awaiting court outcome,
536c4cdce724921e95365b5f90a15b019a0f2f08099ecf9601ae4eb48412f2de,2024-05,Durham Constabulary,Durham Constabulary,-1.650686,54.633196,On or near Brown Street,E01020839,County Durham 059D,Theft from the person,Investigation complete; no suspect identified,
0fdde9ceedfbec9d0c95961343f35e9fdd25011c2726a7b40ce688fdc1cf9731,2024-05,Durham Constabulary,Durham Constabulary,-1.651389,54.632587,On or near Shopping Area,E01020839,County Durham 059D,Violence and sexual offences,Further investigation is not in the public interest,
331e74459adf01d5297a0d1d46faccb3235bfea0649bff4c8ec83192a112546f,2024-05,Durham Constabulary,Durham Constabulary,-1.641464,54.633789,On or near South View,E01020839,County Durham 059D,Violence and sexual offences,Investigation complete; no suspect identified,
647d07cc2d1b36783ca909e4775a85f4e268d1dbc380cc716b27543f5beda12a,2024-05,Durham Constabulary,Durham Constabulary,-1.643176,54.634603,On or near Market Place,E01020839,County Durham 059D,Violence and sexual offences,Investigation complete; no suspect identified,
f3730b4592262174ddf5d1a12862329df410406b12a05bdf73cf4ce16495d5bb,2024-05,Durham Constabulary,Durham Constabulary,-1.651389,54.632587,On or near Shopping Area,E01020839,County Durham 059D,Violence and sexual offences,Further investigation is not in the public interest,
f92bbe947e6bf7615d2ee26c0d7afc418958aa72cec4c3045ebb066c2d1b17b9,2024-05,Durham Constabulary,Durham Constabulary,-1.655666,54.636005,On or near Elm Drive,E01020839,County Durham 059D,Violence and sexual offences,Under investigation,
37e4bdf0b78a52c7e6f33e96a8de896bdf894faeaa85c2c79aafe07b836981ba,2024-05,Durham Constabulary,Durham Constabulary,-1.651389,54.632587,On or near Shopping Area,E01020839,County Durham 059D,Violence and sexual offences,Further investigation is not in the public interest,
6c113ea9094ef005aa306bdcd9d15b6f3fa63cf065bda609a70bf6c896e4a579,2024-05,Durham Constabulary,Durham Constabulary,-1.641832,54.634222,On or near Albert Street,E01020839,County Durham 059D,Violence and sexual offences,Investigation complete; no suspect identified,
82938d066192765f639ad0fe1dd3be3542830465b0c42134e0a7fd313141f9be,2024-05,Durham Constabulary,Durham Constabulary,-1.646207,54.633471,On or near John Street,E01020839,County Durham 059D,Other crime,Investigation complete; no suspect identified,
172159c525551f476c2151a7d61812e43885ae021523d534e9aa7fb9811d0a58,2024-05,Durham Constabulary,Durham Constabulary,-1.641464,54.633789,On or near South View,E01020839,County Durham 059D,Other crime,Unable to prosecute suspect,
9a977e49163a50c367d9fafdcabf067cc133c68bfeaf2b67901046ff1bfd7624,2024-05,Durham Constabulary,Durham Constabulary,-1.643059,54.633812,On or near Dent Street,E01020839,County Durham 059D,Other crime,Investigation complete; no suspect identified,
,2024-05,Durham Constabulary,Durham Constabulary,-1.634317,54.625743,On or near Parking Area,E01020840,County Durham 059E,Anti-social behaviour,,
,2024-05,Durham Constabulary,Durham Constabulary,-1.631825,54.625564,On or near Peppercorn Close,E01020840,County Durham 059E,Anti-social behaviour,,
,2024-05,Durham Constabulary,Durham Constabulary,-1.633499,54.627178,On or near Linden Close,E01020840,County Durham 059E,Anti-social behaviour,,
,2024-05,Durham Constabulary,Durham Constabulary,-1.632367,54.629035,On or near Weardale Walk,E01020840,County Durham 059E,Anti-social behaviour,,
,2024-05,Durham Constabulary,Durham Constabulary,-1.638473,54.628078,On or near Sports/Recreation Area,E01020840,County Durham 059E,Anti-social behaviour,,
,2024-05,Durham Constabulary,Durham Constabulary,-1.631825,54.625564,On or near Peppercorn Close,E01020840,County Durham 059E,Anti-social behaviour,,
,2024-05,Durham Constabulary,Durham Constabulary,-1.634317,54.625743,On or near Parking Area,E01020840,County Durham 059E,Anti-social behaviour,,
23bc8a31df768f3ad128d4b24e78c88dfb38c48e53cf924789e897666bc5d52a,2024-05,Durham Constabulary,Durham Constabulary,-1.630979,54.630082,On or near Glaisdale Gardens,E01020840,County Durham 059E,Burglary,Investigation complete; no suspect identified,
d97d1fc6be6b93f3dd2ef232446d97d574503c1fa1658c8944ff481c7c06da81,2024-05,Durham Constabulary,Durham Constabulary,-1.633499,54.627178,On or near Linden Close,E01020840,County Durham 059E,Criminal damage and arson,Investigation complete; no suspect identified,
988ee5a23f9585f622274324b3a70dad1a5f2dcadd8a22e7b5efd75b833e308d,2024-05,Durham Constabulary,Durham Constabulary,-1.631825,54.625564,On or near Peppercorn Close,E01020840,County Durham 059E,Criminal damage and arson,Investigation complete; no suspect identified,
20bc21a9cd630af11d44e65eca496ac1b55a047ca3be71b9b4665ff0aa5a1b4d,2024-05,Durham Constabulary,Durham Constabulary,-1.636906,54.623711,On or near Dale Road,E01020840,County Durham 059E,Criminal damage and arson,Investigation complete; no suspect identified,
e8494cf38a39025ed8b9f490bc2efeb9f722efe420d555d2be97fe87ee37fc45,2024-05,Durham Constabulary,Durham Constabulary,-1.633881,54.629453,On or near Rosedale Crescent,E01020840,County Durham 059E,Criminal damage and arson,Investigation complete; no suspect identified,
8aa1167802b9fda82a0ca8133340312b7e39f6393fa06d5d0a5aa4d36ee8d94c,2024-05,Durham Constabulary,Durham Constabulary,-1.634021,54.627647,On or near Hilsdon Drive,E01020840,County Durham 059E,Drugs,Awaiting court outcome,
6b0d6788539ee72cf5bdf80e3b668c56a0908845efaa111393847ac408aa91f6,2024-05,Durham Constabulary,Durham Constabulary,-1.634021,54.627647,On or near Hilsdon Drive,E01020840,County Durham 059E,Other theft,Investigation complete; no suspect identified,
66e3441e7f5fc9386243d783b9a7900c5fff752d202529bbeba5db587b06854c,2024-05,Durham Constabulary,Durham Constabulary,-1.634317,54.625743,On or near Parking Area,E01020840,County Durham 059E,Other theft,Under investigation,
cb95013074cdae110935f50d4b3f85ba9568b76e0078ec6ec2ab3dfc0fc2d688,2024-05,Durham Constabulary,Durham Constabulary,-1.634021,54.627647,On or near Hilsdon Drive,E01020840,County Durham 059E,Public order,Awaiting court outcome,
85dc4923da84b53c3a9abfbb7f34c48b9d9a0db32829eb9ee9f8f78cc0e933bd,2024-05,Durham Constabulary,Durham Constabulary,-1.634021,54.627647,On or near Hilsdon Drive,E01020840,County Durham 059E,Public order,Awaiting court outcome,
af0bc49fa80756fc13f3e9b19f8299a64ccdb9beda02ef093226897b9beb899c,2024-05,Durham Constabulary,Durham Constabulary,-1.638473,54.628078,On or near Sports/Recreation Area,E01020840,County Durham 059E,Shoplifting,Investigation complete; no suspect identified,
7780c5a8d0dcbcc9695424b67348bb9b8ef23b74e5e357cde04dfbcc9676acf8,2024-05,Durham Constabulary,Durham Constabulary,-1.638473,54.628078,On or near Sports/Recreation Area,E01020840,County Durham 059E,Shoplifting,Awaiting court outcome,
7d18a82bcfffe46e93ecb686eec66b30cfe7bfa5691767825ebabf12e916ba7b,2024-05,Durham Constabulary,Durham Constabulary,-1.638473,54.628078,On or near Sports/Recreation Area,E01020840,County Durham 059E,Shoplifting,Awaiting court outcome,
1dde80ed3a7476ad19bc42c607d48e0bba7c25f1bdff477261412a1ba634c68f,2024-05,Durham Constabulary,Durham Constabulary,-1.638473,54.628078,On or near Sports/Recreation Area,E01020840,County Durham 059E,Shoplifting,Investigation complete; no suspect identified,
44ba35fa808296a2f6adf40e9d4a63b953736e16920b3dea92309e73762dd632,2024-05,Durham Constabulary,Durham Constabulary,-1.638473,54.628078,On or near Sports/Recreation Area,E01020840,County Durham 059E,Shoplifting,Further investigation is not in the public interest,
cbc2e68f993e8cf0e3c5ab42cf6e9f0f4e55ae2ab054d005d5c55c20d982392d,2024-05,Durham Constabulary,Durham Constabulary,-1.638473,54.628078,On or near Sports/Recreation Area,E01020840,County Durham 059E,Shoplifting,Further investigation is not in the public interest,
5305337dcb3499edf76891fc8c7577ff705eaea3edbd177a2c01254f19168385,2024-05,Durham Constabulary,Durham Constabulary,-1.638473,54.628078,On or near Sports/Recreation Area,E01020840,County Durham 059E,Shoplifting,Further investigation is not in the public interest,
22f881b746113010ba11a366ccffe38aa8e862e29cf7e0dcf38727d69531f857,2024-05,Durham Constabulary,Durham Constabulary,-1.634021,54.627647,On or near Hilsdon Drive,E01020840,County Durham 059E,Violence and sexual offences,Awaiting court outcome,
618fb4d58f050516c02aae24591cdc0eebda8b060c837902220b9d5673d599f2,2024-05,Durham Constabulary,Durham Constabulary,-1.636906,54.623711,On or near Dale Road,E01020840,County Durham 059E,Violence and sexual offences,Unable to prosecute suspect,
259b7829e4b1fc1465058f118cb26edb90259e6888bc48079a8cfc22723e8401,2024-05,Durham Constabulary,Durham Constabulary,-1.633881,54.629453,On or near Rosedale Crescent,E01020840,County Durham 059E,Violence and sexual offences,Awaiting court outcome,
3192ec9daf5fc9bc4f9312193834442315f8f51762edd48196619c0981a5346f,2024-05,Durham Constabulary,Durham Constabulary,-1.633319,54.629892,On or near Hazeldale Avenue,E01020840,County Durham 059E,Violence and sexual offences,Unable to prosecute suspect,
37d716090db5e6f7d23e87607368caac1cdb97fe7bfa80f79bda30bb88c3ae7c,2024-05,Durham Constabulary,Durham Constabulary,-1.634317,54.625743,On or near Parking Area,E01020840,County Durham 059E,Violence and sexual offences,Unable to prosecute suspect,
a13bf39ffdbaaf87afbfe2d3570f88ea9a2925c90139b4e4e0d496bf79c1c6cd,2024-05,Durham Constabulary,Durham Constabulary,-1.634317,54.625743,On or near Parking Area,E01020840,County Durham 059E,Violence and sexual offences,Unable to prosecute suspect,
effa13332f483c75bb3b1f408ec736cc1c244ff67f8880a75ecc6bd21a122a46,2024-05,Durham Constabulary,Durham Constabulary,-1.634317,54.625743,On or near Parking Area,E01020840,County Durham 059E,Violence and sexual offences,Unable to prosecute suspect,
06dadfb24e799e5697eea66fad6fc5091507279682d2bcd7953547779c8f5719,2024-05,Durham Constabulary,Durham Constabulary,-1.636388,54.626180,On or near Shildon,E01020840,County Durham 059E,Violence and sexual offences,Under investigation,
f39ebcfd760a32f3dabd6ceb2fc3920e53d65fbb225b078cc5320f645aab7200,2024-05,Durham Constabulary,Durham Constabulary,-1.636388,54.626180,On or near Shildon,E01020840,County Durham 059E,Violence and sexual offences,Further investigation is not in the public interest,
876c52fd1c104c375344a0cbffc89ffca0add792e091af6773ca3863feb7e1c1,2024-05,Durham Constabulary,Durham Constabulary,-1.636906,54.623711,On or near Dale Road,E01020840,County Durham 059E,Violence and sexual offences,Unable to prosecute suspect,
c11aa3e32f403586c0fe8bff668667eb01238b3f88fac41b182610392bb0638e,2024-05,Durham Constabulary,Durham Constabulary,-1.630979,54.630082,On or near Glaisdale Gardens,E01020840,County Durham 059E,Violence and sexual offences,Unable to prosecute suspect,
92e39499414840fc78aca82511f87bb87b1fa3ad5e0e6926865c00f59dc5319d,2024-05,Durham Constabulary,Durham Constabulary,-1.633881,54.629453,On or near Rosedale Crescent,E01020840,County Durham 059E,Violence and sexual offences,Awaiting court outcome,
23f178de1213d1a013aa076e4d5a462217c10e3def6282453947ecc7d7806fce,2024-05,Durham Constabulary,Durham Constabulary,-1.633881,54.629453,On or near Rosedale Crescent,E01020840,County Durham 059E,Violence and sexual offences,Unable to prosecute suspect,
019c1ad801784b11dc27cac3a096b43e4bfec5a4c28c549c4a3749041dba81c0,2024-05,Durham Constabulary,Durham Constabulary,-1.634317,54.625743,On or near Parking Area,E01020840,County Durham 059E,Other crime,Unable to prosecute suspect,
,2024-05,Durham Constabulary,Durham Constabulary,-1.637050,54.631898,On or near Coronation Avenue,E01020841,County Durham 059F,Anti-social behaviour,,
,2024-05,Durham Constabulary,Durham Constabulary,-1.633729,54.632535,On or near Larch Avenue,E01020841,County Durham 059F,Anti-social behaviour,,
,2024-05,Durham Constabulary,Durham Constabulary,-1.640048,54.631008,On or near Cedar Grove,E01020841,County Durham 059F,Anti-social behaviour,,
f45590880b62d4a20141af134f804ea0f1ee66da395df7c923eca26782106ea2,2024-05,Durham Constabulary,Durham Constabulary,-1.641411,54.632693,On or near Sycamore Square,E01020841,County Durham 059F,Burglary,Investigation complete; no suspect identified,
bd88dc1cbf69c3f00e1e70318a1b988f7031bdf4e05157f77df6a5879d42eebf,2024-05,Durham Constabulary,Durham Constabulary,-1.636474,54.630512,On or near Maple Avenue,E01020841,County Durham 059F,Criminal damage and arson,Investigation complete; no suspect identified,
28b6c08ec2bab5501656e2097671d94253ce1035479662909dacf95275590cfd,2024-05,Durham Constabulary,Durham Constabulary,-1.635865,54.632766,On or near Holly Hill,E01020841,County Durham 059F,Criminal damage and arson,Unable to prosecute suspect,
811e3c5dedabd48c7f3f2b15b9042db2faf8b7b05e7e287c4740bb2bda8172ad,2024-05,Durham Constabulary,Durham Constabulary,-1.635123,54.630796,On or near Pine Tree Crescent,E01020841,County Durham 059F,Criminal damage and arson,Investigation complete; no suspect identified,
1cb2ed4b5c89fb5d20bc7ea23857a7b5ca41495c41f9d043a6433987fd27ddcd,2024-05,Durham Constabulary,Durham Constabulary,-1.633298,54.632300,On or near Oak Lea,E01020841,County Durham 059F,Drugs,Local resolution,
b4c509749c7ca63b79717fcc2086412bd05b244119ff91967563c6fcfffddba4,2024-05,Durham Constabulary,Durham Constabulary,-1.638034,54.631038,On or near Firtree,E01020841,County Durham 059F,Public order,Investigation complete; no suspect identified,
550a81a40851d76c9774bd5f3eec009863e65156b2a3de54d196e7aa15002f80,2024-05,Durham Constabulary,Durham Constabulary,-1.639763,54.631609,On or near Jubilee Road,E01020841,County Durham 059F,Vehicle crime,Investigation complete; no suspect identified,
92df3031ec266ff18e93d983daf309e1eb9e2f6f3bc46335dea98104e2840701,2024-05,Durham Constabulary,Durham Constabulary,-1.635865,54.632766,On or near Holly Hill,E01020841,County Durham 059F,Violence and sexual offences,Awaiting court outcome,
000c5f87553d774c3c2b69f05cff5e3102da783cc8eafec9404819b147a83242,2024-05,Durham Constabulary,Durham Constabulary,-1.635865,54.632766,On or near Holly Hill,E01020841,County Durham 059F,Violence and sexual offences,Unable to prosecute suspect,
ad661300347330202e392e2e58067fb3d68d76699eff16d70efaa89e0c11183d,2024-05,Durham Constabulary,Durham Constabulary,-1.640048,54.631008,On or near Cedar Grove,E01020841,County Durham 059F,Violence and sexual offences,Unable to prosecute suspect,
f5ae4dc777c193f578496dbf0f6cb689c7c96c89b3ecddc212abdb5fb8014cb9,2024-05,Durham Constabulary,Durham Constabulary,-1.641231,54.632108,On or near Birch Avenue,E01020841,County Durham 059F,Violence and sexual offences,Investigation complete; no suspect identified,
3e1c3f381447657b2b522ac40b9d9f06d8c259c141d8fd4a995fd0ae569e837a,2024-05,Durham Constabulary,Durham Constabulary,-1.635123,54.630796,On or near Pine Tree Crescent,E01020841,County Durham 059F,Violence and sexual offences,Unable to prosecute suspect,
6b69680e8173b0437d48cfb7c83a7e5b96adec48f89a559701d17f1e1fe33b3c,2024-05,Durham Constabulary,Durham Constabulary,-1.635123,54.630796,On or near Pine Tree Crescent,E01020841,County Durham 059F,Violence and sexual offences,Investigation complete; no suspect identified,
a8a1c4e45415eda68e2018739d273116398cae6330ebde4d42f1c6b44e370ecd,2024-05,Durham Constabulary,Durham Constabulary,-1.640042,54.633372,On or near Sunnyside Avenue,E01020841,County Durham 059F,Violence and sexual offences,Unable to prosecute suspect,
a903cde474d78c26e0948e54c565d35bb3ca662352ae0ec4be864f682bfc5033,2024-05,Durham Constabulary,Durham Constabulary,-1.635865,54.632766,On or near Holly Hill,E01020841,County Durham 059F,Violence and sexual offences,Unable to prosecute suspect,
15a63aa58779be923be40fa67b6e8ff6f766075f89e1bb2ce2a5e373415b84a9,2024-05,Durham Constabulary,Durham Constabulary,-1.635865,54.632766,On or near Holly Hill,E01020841,County Durham 059F,Violence and sexual offences,Unable to prosecute suspect,
c661bc3c7e82a9183a6908d12366d38cc97e5032bd8d7fb32bfd68f98120da6f,2024-05,Durham Constabulary,Durham Constabulary,-1.633729,54.632535,On or near Larch Avenue,E01020841,County Durham 059F,Violence and sexual offences,Further investigation is not in the public interest,
a7f5e3d56e817797b6a246a43f57f8899e323535adffe800b0d4d4e46889181c,2024-05,Durham Constabulary,Durham Constabulary,-1.639763,54.631609,On or near Jubilee Road,E01020841,County Durham 059F,Violence and sexual offences,Unable to prosecute suspect,
6ff99fcdf62daf1cbf407409b39c54c9bdf754124b6305bdefdb5d7a4a516423,2024-05,Durham Constabulary,Durham Constabulary,-1.635865,54.632766,On or near Holly Hill,E01020841,County Durham 059F,Violence and sexual offences,Unable to prosecute suspect,
eb19231b4fcda888d7e50d57c5fb6957793ee3d2fed7992c2f76992cb6ec6661,2024-05,Durham Constabulary,Durham Constabulary,-1.635123,54.630796,On or near Pine Tree Crescent,E01020841,County Durham 059F,Violence and sexual offences,Unable to prosecute suspect,
e6be8419359e91f5fe195a2a4d89f90272ba7cd45ccc46da821478ddbb207329,2024-05,Durham Constabulary,Durham Constabulary,-1.635472,54.629970,On or near Rowan Avenue,E01020841,County Durham 059F,Violence and sexual offences,Unable to prosecute suspect,
68d8bd4bf326856614e124d69f45030f48ece54ab9bc038d22c048ae5a79d6c5,2024-05,Durham Constabulary,Durham Constabulary,-1.635123,54.630796,On or near Pine Tree Crescent,E01020841,County Durham 059F,Other crime,Further investigation is not in the public interest,
,2024-05,Durham Constabulary,Durham Constabulary,-1.595011,54.626912,On or near Lascelles Avenue,E01020813,County Durham 060A,Anti-social behaviour,,
06c63e3e219615e72242c38604b0615fda2af724b667cd2b97ed6eff6e8c56b2,2024-05,Durham Constabulary,Durham Constabulary,-1.598621,54.625234,On or near Rookwood Hunt,E01020813,County Durham 060A,Criminal damage and arson,Investigation complete; no suspect identified,
11a37d5d91530f26a4431e755c2290ef503a82096165f40329c64e53bb850d0b,2024-05,Durham Constabulary,Durham Constabulary,-1.588694,54.628203,On or near Alverton Drive,E01020813,County Durham 060A,Other theft,Investigation complete; no suspect identified,
a1bf6643107717fe4d8bc670f74f2e446cc9f1a8ea1376803ac2d9d22d96bff8,2024-05,Durham Constabulary,Durham Constabulary,-1.588694,54.628203,On or near Alverton Drive,E01020813,County Durham 060A,Public order,Unable to prosecute suspect,
9c7026b7f0f6c5f67f56f4d8defbf14c085bee4ab3b3d72ea498f23becd536ef,2024-05,Durham Constabulary,Durham Constabulary,-1.599201,54.624481,On or near Zetland Hunt,E01020813,County Durham 060A,Violence and sexual offences,Unable to prosecute suspect,
1f6c53cc2cd3b619f7c2e71f1779c170fc061218a17a7fa4c4bf97257b2f00fc,2024-05,Durham Constabulary,Durham Constabulary,-1.595543,54.626357,On or near Luttryngton Court,E01020813,County Durham 060A,Violence and sexual offences,Investigation complete; no suspect identified,
ee7a3836b75932f47bcab88a539b3f8b8745bd90c9eabb400d67ffa902d62c35,2024-05,Durham Constabulary,Durham Constabulary,-1.599201,54.624481,On or near Zetland Hunt,E01020813,County Durham 060A,Violence and sexual offences,Unable to prosecute suspect,
db9f31a3e1d8349f574fddfc76e75813fa62df94271df14730d5a982c41a716f,2024-05,Durham Constabulary,Durham Constabulary,-1.588694,54.628203,On or near Alverton Drive,E01020813,County Durham 060A,Violence and sexual offences,Unable to prosecute suspect,
7517f691099fce9ad9befaf77f6734ef69f1dc5f3cbfccfd8a8d709798359062,2024-05,Durham Constabulary,Durham Constabulary,-1.587261,54.630507,On or near Gamul Close,E01020813,County Durham 060A,Violence and sexual offences,Unable to prosecute suspect,
c1af2d9c2a807cd4018d0764ead247bce87c1d2c70e944d27a55871fba2a4914,2024-05,Durham Constabulary,Durham Constabulary,-1.593068,54.629188,On or near Middridge Road,E01020813,County Durham 060A,Violence and sexual offences,Unable to prosecute suspect,
834d7232e422406d30510f062e231795783119db966a8b1ddc5658e328796794,2024-05,Durham Constabulary,Durham Constabulary,-1.588694,54.628203,On or near Alverton Drive,E01020813,County Durham 060A,Violence and sexual offences,Unable to prosecute suspect,
,2024-05,Durham Constabulary,Durham Constabulary,-1.589657,54.626400,On or near Coverdale Court,E01020814,County Durham 060B,Anti-social behaviour,,
e13020bb2ed1471c49da8059fe487a9355d6aeb973c2f7062885795cbfcbc8ba,2024-05,Durham Constabulary,Durham Constabulary,-1.590205,54.624218,On or near Lockyer Close,E01020814,County Durham 060B,Other theft,Investigation complete; no suspect identified,
dfb9a6a464637ca075616c2b697f985b3a409930d11a4f82d50f716a48fadf76,2024-05,Durham Constabulary,Durham Constabulary,-1.589657,54.626400,On or near Coverdale Court,E01020814,County Durham 060B,Possession of weapons,Unable to prosecute suspect,
43670ab6a45307d2fc1ca6adf49546d1bba194d9c7d1dc9a34ff8ed09073a19c,2024-05,Durham Constabulary,Durham Constabulary,-1.588888,54.627359,On or near Wolviston Close,E01020814,County Durham 060B,Public order,Investigation complete; no suspect identified,
e8316884844ea5e1de928131a681fc2e8874046d3e06f770e2a5b25fec0b7e0c,2024-05,Durham Constabulary,Durham Constabulary,-1.592073,54.624808,On or near Cestria Way,E01020814,County Durham 060B,Violence and sexual offences,Unable to prosecute suspect,
,2024-05,Durham Constabulary,Durham Constabulary,-1.597059,54.623459,On or near Greenwood Court,E01020815,County Durham 060C,Anti-social behaviour,,
,2024-05,Durham Constabulary,Durham Constabulary,-1.597059,54.623459,On or near Greenwood Court,E01020815,County Durham 060C,Anti-social behaviour,,
,2024-05,Durham Constabulary,Durham Constabulary,-1.599220,54.622558,On or near Fewston Close,E01020815,County Durham 060C,Anti-social behaviour,,
,2024-05,Durham Constabulary,Durham Constabulary,-1.597059,54.623459,On or near Greenwood Court,E01020815,County Durham 060C,Anti-social behaviour,,
c6c7aeaf0bcf5fbdbc6528be794d15b0d95204cfcf9727449e920a08957f2f04,2024-05,Durham Constabulary,Durham Constabulary,-1.599220,54.622558,On or near Fewston Close,E01020815,County Durham 060C,Criminal damage and arson,Investigation complete; no suspect identified,
f8a52e2c80d25c1bb4a3fb1f1c1d645fc52012aafcdcdeca684a9be63013e13e,2024-05,Durham Constabulary,Durham Constabulary,-1.599220,54.622558,On or near Fewston Close,E01020815,County Durham 060C,Criminal damage and arson,Unable to prosecute suspect,
c551252617427208d6eac7dd0ab40c0cd353e3a9dc7638a109f81ebacf58f326,2024-05,Durham Constabulary,Durham Constabulary,-1.599220,54.622558,On or near Fewston Close,E01020815,County Durham 060C,Public order,Unable to prosecute suspect,
7cc8d77cc5210be86af84c5204097ccd4f7fe1c571bd85fdfbcbfdb7fe137422,2024-05,Durham Constabulary,Durham Constabulary,-1.609652,54.629683,On or near Northside Close,E01020815,County Durham 060C,Public order,Unable to prosecute suspect,
26bbdb7e386854ca2df4fa25ec75dffead1f2845b46ac52ebc3a0949f271619a,2024-05,Durham Constabulary,Durham Constabulary,-1.599220,54.622558,On or near Fewston Close,E01020815,County Durham 060C,Public order,Investigation complete; no suspect identified,
a434bfa1cc1387b2f094a6656909b6c37da5f5188df479e3fbeece77b1268034,2024-05,Durham Constabulary,Durham Constabulary,-1.610731,54.623827,On or near Walker'S Lane,E01020815,County Durham 060C,Public order,Under investigation,
7447e9309e69df4dbc5a027a10fd12d6f451d39b6bba70dfc6f95a425ef2e9d9,2024-05,Durham Constabulary,Durham Constabulary,-1.597059,54.623459,On or near Greenwood Court,E01020815,County Durham 060C,Shoplifting,Investigation complete; no suspect identified,
cbe5cba78c2b4cabcdfc1b609e2d1211ab5146659633f9cda8abc36ee05fd90f,2024-05,Durham Constabulary,Durham Constabulary,-1.599220,54.622558,On or near Fewston Close,E01020815,County Durham 060C,Violence and sexual offences,Unable to prosecute suspect,
6c3aabbab797fc6ab4a712d541ec3fbc2b78f46924d98e7a0d0e42d4e6e7c99e,2024-05,Durham Constabulary,Durham Constabulary,-1.602142,54.621543,On or near Malvern Way,E01020815,County Durham 060C,Violence and sexual offences,Action to be taken by another organisation,
c38db6cd9d2af8612401ea4a422429098828fbfee8e6017a25e5900eabf7be1b,2024-05,Durham Constabulary,Durham Constabulary,-1.599220,54.622558,On or near Fewston Close,E01020815,County Durham 060C,Violence and sexual offences,Unable to prosecute suspect,
8609897af642ecbbb5a658bf68896fd063c039af8df0434473be8b05882caeb8,2024-05,Durham Constabulary,Durham Constabulary,-1.599220,54.622558,On or near Fewston Close,E01020815,County Durham 060C,Violence and sexual offences,Unable to prosecute suspect,
c34938b243d85b3ba3623a431610a9a662454d966398778076990cdbeb1cf216,2024-05,Durham Constabulary,Durham Constabulary,-1.599220,54.622558,On or near Fewston Close,E01020815,County Durham 060C,Violence and sexual offences,Unable to prosecute suspect,
d6120f7efe6080ea2927c190c185c904efb1bd81a114b2d8ece2449c11e8f046,2024-05,Durham Constabulary,Durham Constabulary,-1.602142,54.621543,On or near Malvern Way,E01020815,County Durham 060C,Violence and sexual offences,Action to be taken by another organisation,
270df79d156f3d484374b4c8865a5f2627c86dfcb9297f39d759925d8b637a5a,2024-05,Durham Constabulary,Durham Constabulary,-1.601297,54.622367,On or near Belford Way,E01020815,County Durham 060C,Violence and sexual offences,Unable to prosecute suspect,
548ec881f39373d59d2b56a1668e959166be101f2aaa7908ef637d10757727ab,2024-05,Durham Constabulary,Durham Constabulary,-1.590859,54.630124,On or near Chestnut Way,E01020815,County Durham 060C,Violence and sexual offences,Unable to prosecute suspect,
9b63fd9a2f53f8f55f8776e4fbb96b9679330e6ae7381c33ec70886057371db8,2024-05,Durham Constabulary,Durham Constabulary,-1.598145,54.623256,On or near Blackton Close,E01020815,County Durham 060C,Violence and sexual offences,Unable to prosecute suspect,
21f4e65573625eebeb689d9d9a787d3c77a066c5b1f63de6197ecf1384c0a5c9,2024-05,Durham Constabulary,Durham Constabulary,-1.574187,54.629006,On or near Agnew Way,E01020848,County Durham 060D,Public order,Awaiting court outcome,
5e1d52759ffdd5a6eecf1a6149d0830666d55135eb5550bb06621e42e7acb6d2,2024-05,Durham Constabulary,Durham Constabulary,-1.564331,54.629502,On or near Mulgrave Court,E01020848,County Durham 060D,Violence and sexual offences,Under investigation,
,2024-05,Durham Constabulary,Durham Constabulary,-1.571170,54.630164,On or near The Moorland,E01020850,County Durham 060E,Anti-social behaviour,,
4d09d5f021aeed035a6ad1a474a5da7ed434e1c491710d2c7b750ec47ca2c36f,2024-05,Durham Constabulary,Durham Constabulary,-1.581786,54.629716,On or near Alan Gray Court,E01020850,County Durham 060E,Public order,Unable to prosecute suspect,
0cd64505383de52a2da0ff93f7f23b272ac9b810f8cb9d856d1ad380f35a4ffd,2024-05,Durham Constabulary,Durham Constabulary,-1.571176,54.631081,On or near The Coppice,E01020850,County Durham 060E,Public order,Unable to prosecute suspect,
56a7e8be14f8d42ea0d8eb098a0df721289f7fd838d8e3f5c9e1c5ab3207195f,2024-05,Durham Constabulary,Durham Constabulary,-1.581786,54.629716,On or near Alan Gray Court,E01020850,County Durham 060E,Shoplifting,Awaiting court outcome,
b067e01f36436082ec12a9ed6db38a68a86039185f403bec275adafd502ccfca,2024-05,Durham Constabulary,Durham Constabulary,-1.581786,54.629716,On or near Alan Gray Court,E01020850,County Durham 060E,Shoplifting,Awaiting court outcome,
70e0822d29596d60475aa79bf02b5c24ce045c6bde0068b27757e13087a3939c,2024-05,Durham Constabulary,Durham Constabulary,-1.581786,54.629716,On or near Alan Gray Court,E01020850,County Durham 060E,Shoplifting,Awaiting court outcome,
c1f3651569217f7b63955ae253d7918b353e2d73ea630b4581bbe95a0e780dd8,2024-05,Durham Constabulary,Durham Constabulary,-1.581786,54.629716,On or near Alan Gray Court,E01020850,County Durham 060E,Shoplifting,Awaiting court outcome,
559b1fe2d982bed69d6e0cedb7c76fd9a07e8ff5c0d12fc971f5b84f32d6baa5,2024-05,Durham Constabulary,Durham Constabulary,-1.581786,54.629716,On or near Alan Gray Court,E01020850,County Durham 060E,Shoplifting,Awaiting court outcome,
5b96d94be273492e795c93241e1b8e756580d8763a4ad1f3ee5fab79b3ef607e,2024-05,Durham Constabulary,Durham Constabulary,-1.581786,54.629716,On or near Alan Gray Court,E01020850,County Durham 060E,Shoplifting,Investigation complete; no suspect identified,
a0e560704943ab97b393490495d921ee6ef415baa95cdcf68fb7ff7c35d61a9a,2024-05,Durham Constabulary,Durham Constabulary,-1.581786,54.629716,On or near Alan Gray Court,E01020850,County Durham 060E,Shoplifting,Awaiting court outcome,
40ab95380df859ba631d3126b4a550d1de9eae6b14af8c4b1277296490d526cd,2024-05,Durham Constabulary,Durham Constabulary,-1.581786,54.629716,On or near Alan Gray Court,E01020850,County Durham 060E,Shoplifting,Awaiting court outcome,
09389a0edf122c06ff3b29334687a327ebc681cd5c9c7ea5d03970b9983df962,2024-05,Durham Constabulary,Durham Constabulary,-1.581786,54.629716,On or near Alan Gray Court,E01020850,County Durham 060E,Shoplifting,Awaiting court outcome,
949c2a79cab9a767bd01ae34c0e58c2a72022161a472cd6789bdd960cc7e0cea,2024-05,Durham Constabulary,Durham Constabulary,-1.581786,54.629716,On or near Alan Gray Court,E01020850,County Durham 060E,Violence and sexual offences,Unable to prosecute suspect,
74c0e6a190208077fbfe29b1e1f8c9be4d514a89a9444f4b92eff6607a33c425,2024-05,Durham Constabulary,Durham Constabulary,-1.571170,54.630164,On or near The Moorland,E01020850,County Durham 060E,Violence and sexual offences,Unable to prosecute suspect,
f17bfbb375f6b112d6f3dd30e9816d9132b194e535f421f0f94ac1d365278c63,2024-05,Durham Constabulary,Durham Constabulary,-1.581354,54.631008,On or near Sugar Hill Crescent,E01020850,County Durham 060E,Violence and sexual offences,Under investigation,
2370609dca7ead39ce5632663a500fb9e402cc1b306bc1ee2ef9b0e2ed6f9f7e,2024-05,Durham Constabulary,Durham Constabulary,-1.581786,54.629716,On or near Alan Gray Court,E01020850,County Durham 060E,Violence and sexual offences,Under investigation,
00ea512499a183e468eb7977c81130013e962a6a5ed0c58ff5f09b432d15bcc0,2024-05,Durham Constabulary,Durham Constabulary,-1.580958,54.633344,On or near Oldwood Close,E01020850,County Durham 060E,Violence and sexual offences,Unable to prosecute suspect,
f38f0e8116671338844fff3aab6c7d65071323348195575064205c1933c5ffbc,2024-05,Durham Constabulary,Durham Constabulary,-1.581786,54.629716,On or near Alan Gray Court,E01020850,County Durham 060E,Violence and sexual offences,Unable to prosecute suspect,
,2024-05,Durham Constabulary,Durham Constabulary,-1.567755,54.633791,On or near Pemberton Road,E01020851,County Durham 060F,Anti-social behaviour,,
,2024-05,Durham Constabulary,Durham Constabulary,-1.567755,54.633791,On or near Pemberton Road,E01020851,County Durham 060F,Anti-social behaviour,,
ae0f026e7b478cb93d1dd4b654af29608d8bd8ebfdac2a13db319ca9be98d7b3,2024-05,Durham Constabulary,Durham Constabulary,-1.564491,54.633330,On or near Hind Court,E01020851,County Durham 060F,Violence and sexual offences,Further investigation is not in the public interest,
fd96c2467e0d312990229712ce57a71aca8381e4425ae216eacc76a1ad96de2f,2024-05,Durham Constabulary,Durham Constabulary,-1.564491,54.633330,On or near Hind Court,E01020851,County Durham 060F,Violence and sexual offences,Unable to prosecute suspect,
,2024-05,Durham Constabulary,Durham Constabulary,-1.596292,54.624247,On or near Greenlee Garth,E01020816,County Durham 061A,Anti-social behaviour,,
,2024-05,Durham Constabulary,Durham Constabulary,-1.596764,54.621948,On or near Alston Crescent,E01020816,County Durham 061A,Anti-social behaviour,,
,2024-05,Durham Constabulary,Durham Constabulary,-1.594112,54.623889,On or near Stainmore Crescent,E01020816,County Durham 061A,Anti-social behaviour,,
,2024-05,Durham Constabulary,Durham Constabulary,-1.593631,54.617678,On or near Eskdale Place,E01020816,County Durham 061A,Anti-social behaviour,,
,2024-05,Durham Constabulary,Durham Constabulary,-1.593631,54.617678,On or near Eskdale Place,E01020816,County Durham 061A,Anti-social behaviour,,
,2024-05,Durham Constabulary,Durham Constabulary,-1.592256,54.620513,On or near Silverdale Place,E01020816,County Durham 061A,Anti-social behaviour,,
9e19e976783ec20208d4652e7ca7e7d3361610b49eba6010a3374101f5cac32d,2024-05,Durham Constabulary,Durham Constabulary,-1.596764,54.621948,On or near Alston Crescent,E01020816,County Durham 061A,Bicycle theft,Investigation complete; no suspect identified,
f88f3dd68d5cd92c94a98a033fc12897da7b2cf9f7c4c1eabb9b8d6d70ba0d38,2024-05,Durham Constabulary,Durham Constabulary,-1.592256,54.620513,On or near Silverdale Place,E01020816,County Durham 061A,Burglary,Investigation complete; no suspect identified,
a6761450d1430a51f6faec03759c5ad9b0b559c66433cf10005e35c6bb22f198,2024-05,Durham Constabulary,Durham Constabulary,-1.596292,54.624247,On or near Greenlee Garth,E01020816,County Durham 061A,Burglary,Awaiting court outcome,
df555cf062fb6571c55ef82b8277ab967b9a80db990a504901a8d4b9672d24f8,2024-05,Durham Constabulary,Durham Constabulary,-1.592256,54.620513,On or near Silverdale Place,E01020816,County Durham 061A,Burglary,Investigation complete; no suspect identified,
6f03c9a5725b14b1d5f59d8d38aa6e821b70d65df9a41eff857b0009f570f6aa,2024-05,Durham Constabulary,Durham Constabulary,-1.596292,54.624247,On or near Greenlee Garth,E01020816,County Durham 061A,Burglary,Under investigation,
cf076b09b1ec5559b60f43c6fe1b3b8c959bab0405aac4a87a40af3a4eb5aef8,2024-05,Durham Constabulary,Durham Constabulary,-1.592691,54.618825,On or near Langdale Place,E01020816,County Durham 061A,Burglary,Investigation complete; no suspect identified,
e1fef33ad6dfea135520e35c3e6c2b52d9d69c7809a0879860bc7bb14b77fc86,2024-05,Durham Constabulary,Durham Constabulary,-1.596764,54.621948,On or near Alston Crescent,E01020816,County Durham 061A,Burglary,Investigation complete; no suspect identified,
f152415fc06cc086cc1343aa7f728a4312236e7a791d3eb50ae34a84e4b11f5f,2024-05,Durham Constabulary,Durham Constabulary,-1.592256,54.620513,On or near Silverdale Place,E01020816,County Durham 061A,Criminal damage and arson,Investigation complete; no suspect identified,
23ac37b8e2c7465a6455ce86f21ce89185bb68592c356b4dc80f73b16129918a,2024-05,Durham Constabulary,Durham Constabulary,-1.594112,54.623889,On or near Stainmore Crescent,E01020816,County Durham 061A,Criminal damage and arson,Investigation complete; no suspect identified,
b6f8d4e586ee260655cb9d4bc5fa1be942008254ad920df5ce88e75b69b480df,2024-05,Durham Constabulary,Durham Constabulary,-1.592691,54.618825,On or near Langdale Place,E01020816,County Durham 061A,Criminal damage and arson,Investigation complete; no suspect identified,
9231fd0943f5fdb6ea6d7efee8afa2448ebb2b59e8c386b48659ac190d5d1202,2024-05,Durham Constabulary,Durham Constabulary,-1.592256,54.620513,On or near Silverdale Place,E01020816,County Durham 061A,Criminal damage and arson,Investigation complete; no suspect identified,
25fbed40b37dc27e0a75869838b775dde1eca7febb54de4267f5707a6248fd80,2024-05,Durham Constabulary,Durham Constabulary,-1.596292,54.624247,On or near Greenlee Garth,E01020816,County Durham 061A,Criminal damage and arson,Investigation complete; no suspect identified,
2b6ec0d90849a2ee2df9ee115a48a5afd65a8191f2da918b7ab1480202331841,2024-05,Durham Constabulary,Durham Constabulary,-1.594112,54.623889,On or near Stainmore Crescent,E01020816,County Durham 061A,Criminal damage and arson,Investigation complete; no suspect identified,
ff641f42d59fab0da447a09b40c5875327603f2e0566775383afcb02a46fb7d9,2024-05,Durham Constabulary,Durham Constabulary,-1.596488,54.619780,On or near Sports/Recreation Area,E01020816,County Durham 061A,Criminal damage and arson,Unable to prosecute suspect,
56d32a337eb01005886657d5bfb7a97aaa0275ae2163a3a31e4d6132840e9d4e,2024-05,Durham Constabulary,Durham Constabulary,-1.592256,54.620513,On or near Silverdale Place,E01020816,County Durham 061A,Criminal damage and arson,Investigation complete; no suspect identified,
d5999026d86b342e028ff2e13590c227da0b96dc3c69cde3d3689f3ec1eb2d12,2024-05,Durham Constabulary,Durham Constabulary,-1.596292,54.624247,On or near Greenlee Garth,E01020816,County Durham 061A,Criminal damage and arson,Investigation complete; no suspect identified,
290900ff566fc3784bce6626bba353874d411821680ae71b81f96c65ea2b42fa,2024-05,Durham Constabulary,Durham Constabulary,-1.592256,54.620513,On or near Silverdale Place,E01020816,County Durham 061A,Drugs,Further investigation is not in the public interest,
110fa98df3a783d2f022eb4ac44f82bbbdfbfc5d5a00f24aeae9fccc4e89f79d,2024-05,Durham Constabulary,Durham Constabulary,-1.592256,54.620513,On or near Silverdale Place,E01020816,County Durham 061A,Drugs,Formal action is not in the public interest,
c641b792e7dd36386a3af91ad7811b033be9686d8b734aa63d85dd89498fcb95,2024-05,Durham Constabulary,Durham Constabulary,-1.592701,54.623974,On or near Meadowfield Way,E01020816,County Durham 061A,Possession of weapons,Unable to prosecute suspect,
0de1e5a622be83e2965418e6a10a1cc1e95844e95935c6058e89ad1962a85bd4,2024-05,Durham Constabulary,Durham Constabulary,-1.596764,54.621948,On or near Alston Crescent,E01020816,County Durham 061A,Public order,Awaiting court outcome,
78297d50b06f787dec9015917563ffdac594d66313ae2cfa36efba0ff6c6d510,2024-05,Durham Constabulary,Durham Constabulary,-1.592256,54.620513,On or near Silverdale Place,E01020816,County Durham 061A,Public order,Unable to prosecute suspect,
6ad1f89ade50517001410a7d106484d04c3e2ee1cf041ca0e2f3ce2ca832c12f,2024-05,Durham Constabulary,Durham Constabulary,-1.596764,54.621948,On or near Alston Crescent,E01020816,County Durham 061A,Public order,Awaiting court outcome,
06b650c1781cc0ba15c3f41b8b878c22508ab928f738366dc4cf89ca1b4168a3,2024-05,Durham Constabulary,Durham Constabulary,-1.592691,54.618825,On or near Langdale Place,E01020816,County Durham 061A,Shoplifting,Investigation complete; no suspect identified,
62530187053fd194547b7e98e433dde2627c5d41797617bfb96648e5a63481e5,2024-05,Durham Constabulary,Durham Constabulary,-1.592691,54.618825,On or near Langdale Place,E01020816,County Durham 061A,Shoplifting,Unable to prosecute suspect,
f05f5f331fec88d90188353c56dc4625608b6cdfd5ecb4bcc0bcb60a291d34d4,2024-05,Durham Constabulary,Durham Constabulary,-1.592691,54.618825,On or near Langdale Place,E01020816,County Durham 061A,Shoplifting,Investigation complete; no suspect identified,
f1d9c7e4b89e839687d8a3d14e951d69264ebbf7e2e75bf7e7130c8c9b41f395,2024-05,Durham Constabulary,Durham Constabulary,-1.592701,54.623974,On or near Meadowfield Way,E01020816,County Durham 061A,Vehicle crime,Unable to prosecute suspect,
e0493e6895df2aeae6f6f76a150d3086ebdf4d934647726feeaeb5c56f0ce00a,2024-05,Durham Constabulary,Durham Constabulary,-1.592691,54.618825,On or near Langdale Place,E01020816,County Durham 061A,Vehicle crime,Investigation complete; no suspect identified,
757f90f8176386039fda09d58395d543c5fb790b4c31f3c5df8aed86b1723bc9,2024-05,Durham Constabulary,Durham Constabulary,-1.592256,54.620513,On or near Silverdale Place,E01020816,County Durham 061A,Violence and sexual offences,Unable to prosecute suspect,
9f94b3bd1402b2fbf06a5df82cf78e948330d607e588d70032c802e8365c4159,2024-05,Durham Constabulary,Durham Constabulary,-1.596764,54.621948,On or near Alston Crescent,E01020816,County Durham 061A,Violence and sexual offences,Unable to prosecute suspect,
cfb0d4896c04fe8b0e12b79b7f0f16da0b6b853006dbb463d74a6ce5de97687a,2024-05,Durham Constabulary,Durham Constabulary,-1.596292,54.624247,On or near Greenlee Garth,E01020816,County Durham 061A,Violence and sexual offences,Unable to prosecute suspect,
3bdc66ef8a2c34bf99e1867c5d8e430a21a2245e1ec016fbf23f4b01c8156a58,2024-05,Durham Constabulary,Durham Constabulary,-1.592256,54.620513,On or near Silverdale Place,E01020816,County Durham 061A,Violence and sexual offences,Awaiting court outcome,
a7b8dd862053daf77b0b05a61d16c1befd279d4468f35b00c73bba70b63691c5,2024-05,Durham Constabulary,Durham Constabulary,-1.592256,54.620513,On or near Silverdale Place,E01020816,County Durham 061A,Violence and sexual offences,Further investigation is not in the public interest,
056f0b01607b1b111c3124cb7322838110e485370af388e8f0681d49b572681c,2024-05,Durham Constabulary,Durham Constabulary,-1.596292,54.624247,On or near Greenlee Garth,E01020816,County Durham 061A,Violence and sexual offences,Unable to prosecute suspect,
3fd7572153c214d8dc2bab8efb2a5850c4f7bcb33c5759e7a73eab27f00f56d0,2024-05,Durham Constabulary,Durham Constabulary,-1.592256,54.620513,On or near Silverdale Place,E01020816,County Durham 061A,Violence and sexual offences,Unable to prosecute suspect,
132574b1945226b5cd43000da2f2741b6ef1adca8fc047638d6a0d58ec2dc988,2024-05,Durham Constabulary,Durham Constabulary,-1.596292,54.624247,On or near Greenlee Garth,E01020816,County Durham 061A,Violence and sexual offences,Awaiting court outcome,
f00352a9c3ef812fe39e0917403abc9d67ae349463ed2c813bb3e968189241ca,2024-05,Durham Constabulary,Durham Constabulary,-1.593631,54.617678,On or near Eskdale Place,E01020816,County Durham 061A,Violence and sexual offences,Under investigation,
becc8c17970665eff731b46888839605a654c6e28fa449378fd4ca710c98e82e,2024-05,Durham Constabulary,Durham Constabulary,-1.596292,54.624247,On or near Greenlee Garth,E01020816,County Durham 061A,Violence and sexual offences,Awaiting court outcome,
cce73b58a18350d44aefb089d0b7db419dcafd635df2e3e300315f3612a0bf65,2024-05,Durham Constabulary,Durham Constabulary,-1.596292,54.624247,On or near Greenlee Garth,E01020816,County Durham 061A,Violence and sexual offences,Awaiting court outcome,
1b821e1a29e7ce6c46cdb1d25927aa998e165731af76551e9635c89e312bec25,2024-05,Durham Constabulary,Durham Constabulary,-1.596764,54.621948,On or near Alston Crescent,E01020816,County Durham 061A,Violence and sexual offences,Under investigation,
6896684a2ebbd7577f8c3a431e1ea7083ac4d70a50450422724ddd3b75a2fd89,2024-05,Durham Constabulary,Durham Constabulary,-1.592701,54.623974,On or near Meadowfield Way,E01020816,County Durham 061A,Violence and sexual offences,Unable to prosecute suspect,
bd855c7d6386d342a9561284bfb107292551f25f7edc9b7b1f49954547e9632b,2024-05,Durham Constabulary,Durham Constabulary,-1.596292,54.624247,On or near Greenlee Garth,E01020816,County Durham 061A,Violence and sexual offences,Awaiting court outcome,
95412926ce353c08da1ae9cfeec09082d2ce6027760c8e2f1ae97b0acef4c7aa,2024-05,Durham Constabulary,Durham Constabulary,-1.596292,54.624247,On or near Greenlee Garth,E01020816,County Durham 061A,Violence and sexual offences,Awaiting court outcome,
d60b9c4d99ecccdc6142b808f4310fd65cca9b00d34188c50b3e1f8e36e2e9b0,2024-05,Durham Constabulary,Durham Constabulary,-1.596292,54.624247,On or near Greenlee Garth,E01020816,County Durham 061A,Violence and sexual offences,Awaiting court outcome,
2bb09465f2c9362f439c4945b110198928792f24634c08fcd9774480b92042ef,2024-05,Durham Constabulary,Durham Constabulary,-1.596292,54.624247,On or near Greenlee Garth,E01020816,County Durham 061A,Violence and sexual offences,Awaiting court outcome,
5b1d817d5ce4a9df0ebe184d6c4736b36fd8be3b2c091f04cff413c213bb0ab7,2024-05,Durham Constabulary,Durham Constabulary,-1.596292,54.624247,On or near Greenlee Garth,E01020816,County Durham 061A,Violence and sexual offences,Awaiting court outcome,
9beba48f57eba4bd3af80dd2a625358c5fc7923028fbed414acc8ab02149c09f,2024-05,Durham Constabulary,Durham Constabulary,-1.596764,54.621948,On or near Alston Crescent,E01020816,County Durham 061A,Other crime,Awaiting court outcome,
,2024-05,Durham Constabulary,Durham Constabulary,-1.589472,54.618634,On or near Kirkstone Place,E01020844,County Durham 061B,Anti-social behaviour,,
,2024-05,Durham Constabulary,Durham Constabulary,-1.585100,54.622160,On or near Hawes Place,E01020844,County Durham 061B,Anti-social behaviour,,
,2024-05,Durham Constabulary,Durham Constabulary,-1.589472,54.618634,On or near Kirkstone Place,E01020844,County Durham 061B,Anti-social behaviour,,
73d9e2e66b36b53c62a80df810c973f40f8186d8b8d625f58362eb116577d814,2024-05,Durham Constabulary,Durham Constabulary,-1.589472,54.618634,On or near Kirkstone Place,E01020844,County Durham 061B,Bicycle theft,Investigation complete; no suspect identified,
aeb129fd5f339e51ca498af2348f9fb5ba910080e6c6da830fbcf111aba4887c,2024-05,Durham Constabulary,Durham Constabulary,-1.589472,54.618634,On or near Kirkstone Place,E01020844,County Durham 061B,Burglary,Investigation complete; no suspect identified,
1ba228fc65e8fc8d22b08169666253dd70e633098a15bd201442b1ccdc75c369,2024-05,Durham Constabulary,Durham Constabulary,-1.589472,54.618634,On or near Kirkstone Place,E01020844,County Durham 061B,Burglary,Investigation complete; no suspect identified,
08eb55b3b2450c9efc9a2a69460f836444e3dc29a59a2d17514514ecc66ef0e0,2024-05,Durham Constabulary,Durham Constabulary,-1.591313,54.618793,On or near Williamfield Way,E01020844,County Durham 061B,Criminal damage and arson,Investigation complete; no suspect identified,
a59fac3c10e0b0f75a0a890853c15c464cd9339d3f52115a42b82caf0629d7ac,2024-05,Durham Constabulary,Durham Constabulary,-1.589472,54.618634,On or near Kirkstone Place,E01020844,County Durham 061B,Criminal damage and arson,Investigation complete; no suspect identified,
11094f4e7772c2ea8924184b30bd60bd31f562d916f1805032742f28f2e0e5fc,2024-05,Durham Constabulary,Durham Constabulary,-1.584141,54.615920,On or near Oakfield,E01020844,County Durham 061B,Violence and sexual offences,Unable to prosecute suspect,
883e81ab25286ce23ccc7527c08d0360234bc144d786045da908eec144c3104b,2024-05,Durham Constabulary,Durham Constabulary,-1.589472,54.618634,On or near Kirkstone Place,E01020844,County Durham 061B,Violence and sexual offences,Unable to prosecute suspect,
d3d23780e6a0e10194eb144727291be01c31cd7c49eb7de9722e313909f1cf09,2024-05,Durham Constabulary,Durham Constabulary,-1.585100,54.622160,On or near Hawes Place,E01020844,County Durham 061B,Violence and sexual offences,Unable to prosecute suspect,
e1b3b3f65f2d876b511a919b61aec67cdfabf6c2322006984b70cfe5d86db956,2024-05,Durham Constabulary,Durham Constabulary,-1.589472,54.618634,On or near Kirkstone Place,E01020844,County Durham 061B,Violence and sexual offences,Unable to prosecute suspect,
7615c9755daa4c6bf49ba6e480cabc219ce9d7e6f84917f724718e71340350e1,2024-05,Durham Constabulary,Durham Constabulary,-1.584141,54.615920,On or near Oakfield,E01020844,County Durham 061B,Violence and sexual offences,Unable to prosecute suspect,
0cf888b96f84a65daf0d704206f421c730d33c2a941d74a1c6b1a294a17d4073,2024-05,Durham Constabulary,Durham Constabulary,-1.589472,54.618634,On or near Kirkstone Place,E01020844,County Durham 061B,Violence and sexual offences,Unable to prosecute suspect,
c02d4e7567f2ab198beeececa61ee865285d568deeab9aea343944613de73547,2024-05,Durham Constabulary,Durham Constabulary,-1.589472,54.618634,On or near Kirkstone Place,E01020844,County Durham 061B,Violence and sexual offences,Investigation complete; no suspect identified,
1d0b51176a510e1caa054f551e2fbeca003db4e0b51c23665e998cf7c3034008,2024-05,Durham Constabulary,Durham Constabulary,-1.585100,54.622160,On or near Hawes Place,E01020844,County Durham 061B,Violence and sexual offences,Unable to prosecute suspect,
788ceb1cf5ece1ea8bee493a7ca1b70ff38dce683e19b3019f114052b19bba06,2024-05,Durham Constabulary,Durham Constabulary,-1.591313,54.618793,On or near Williamfield Way,E01020844,County Durham 061B,Violence and sexual offences,Unable to prosecute suspect,
,2024-05,Durham Constabulary,Durham Constabulary,-1.580055,54.626250,On or near Sid Chaplin Drive,E01020847,County Durham 061C,Anti-social behaviour,,
,2024-05,Durham Constabulary,Durham Constabulary,-1.586207,54.622892,On or near Stainforth Close,E01020847,County Durham 061C,Anti-social behaviour,,
,2024-05,Durham Constabulary,Durham Constabulary,-1.580055,54.626250,On or near Sid Chaplin Drive,E01020847,County Durham 061C,Anti-social behaviour,,
,2024-05,Durham Constabulary,Durham Constabulary,-1.580055,54.626250,On or near Sid Chaplin Drive,E01020847,County Durham 061C,Anti-social behaviour,,
,2024-05,Durham Constabulary,Durham Constabulary,-1.580055,54.626250,On or near Sid Chaplin Drive,E01020847,County Durham 061C,Anti-social behaviour,,
,2024-05,Durham Constabulary,Durham Constabulary,-1.584809,54.623310,On or near Keld Road,E01020847,County Durham 061C,Anti-social behaviour,,
,2024-05,Durham Constabulary,Durham Constabulary,-1.584809,54.623310,On or near Keld Road,E01020847,County Durham 061C,Anti-social behaviour,,
,2024-05,Durham Constabulary,Durham Constabulary,-1.584185,54.622301,On or near Aysgarth Close,E01020847,County Durham 061C,Anti-social behaviour,,
,2024-05,Durham Constabulary,Durham Constabulary,-1.580055,54.626250,On or near Sid Chaplin Drive,E01020847,County Durham 061C,Anti-social behaviour,,
,2024-05,Durham Constabulary,Durham Constabulary,-1.586207,54.622892,On or near Stainforth Close,E01020847,County Durham 061C,Anti-social behaviour,,
68b005f4c7611a5a13887c2f0b20190dcb71e7f7b151b82a2978708097adf377,2024-05,Durham Constabulary,Durham Constabulary,-1.586207,54.622892,On or near Stainforth Close,E01020847,County Durham 061C,Criminal damage and arson,Investigation complete; no suspect identified,
bdfbca99b09eb0614b47df1598e14b426aeee691b35b7db0a26b85925d2f55bd,2024-05,Durham Constabulary,Durham Constabulary,-1.583079,54.625874,On or near Merlin Court,E01020847,County Durham 061C,Criminal damage and arson,Investigation complete; no suspect identified,
5bb345a1fa2c0469cd43fd9b6d1d964e416f04993c048aacc9cdc357b41279d2,2024-05,Durham Constabulary,Durham Constabulary,-1.584276,54.624009,On or near Malham Crescent,E01020847,County Durham 061C,Criminal damage and arson,Investigation complete; no suspect identified,
4f1222d7ba7eba455c4a92ff417d6d5f1cb9e6138ab10614e63c430b0dde1eee,2024-05,Durham Constabulary,Durham Constabulary,-1.580055,54.626250,On or near Sid Chaplin Drive,E01020847,County Durham 061C,Criminal damage and arson,Investigation complete; no suspect identified,
752ef23c6c7def6fcb091113c85b40fd6adf1b66bcf71f8b38489d50e9511557,2024-05,Durham Constabulary,Durham Constabulary,-1.576744,54.625906,On or near Brockett Close,E01020847,County Durham 061C,Criminal damage and arson,Unable to prosecute suspect,
ddeaea8c43a9d2d0d74e254236faa2d456c8ba23eee66472461b09fd29f7c35a,2024-05,Durham Constabulary,Durham Constabulary,-1.580055,54.626250,On or near Sid Chaplin Drive,E01020847,County Durham 061C,Criminal damage and arson,Investigation complete; no suspect identified,
f4858a477e6ba94e99625c7239e219af28761b89beecce6079a6625e3d1e539c,2024-05,Durham Constabulary,Durham Constabulary,-1.580055,54.626250,On or near Sid Chaplin Drive,E01020847,County Durham 061C,Drugs,Under investigation,
64ce8b1cdf8920993572bd1f1642c1db9195655fc7e85334f271ab0877798bf8,2024-05,Durham Constabulary,Durham Constabulary,-1.583079,54.625874,On or near Merlin Court,E01020847,County Durham 061C,Other theft,Unable to prosecute suspect,
94f2b37726ea2814e47aead7807da68fb281b24fe5d5d82cf146233d7889652c,2024-05,Durham Constabulary,Durham Constabulary,-1.586207,54.622892,On or near Stainforth Close,E01020847,County Durham 061C,Other theft,Investigation complete; no suspect identified,
8d222bacb9de983ea72877a4685637b6ffd61d3405e94b8dc9c6ae43f78ef6f1,2024-05,Durham Constabulary,Durham Constabulary,-1.583079,54.625874,On or near Merlin Court,E01020847,County Durham 061C,Public order,Investigation complete; no suspect identified,
5b9106dc668be209c629b0eb0d09bed0a612ab51b9e637103ecc3c8924ede598,2024-05,Durham Constabulary,Durham Constabulary,-1.584940,54.622681,On or near Pateley Close,E01020847,County Durham 061C,Public order,Investigation complete; no suspect identified,
b14cfd932b7c62bdcf311981d0d656a63ca59ffa4f6f5988aa2484befd381024,2024-05,Durham Constabulary,Durham Constabulary,-1.584224,54.624530,On or near Reeth Place,E01020847,County Durham 061C,Public order,Unable to prosecute suspect,
c4989bdd493ef90c5a5a0af79054176c4fc56308a6465c80ab607a3a76fa31e5,2024-05,Durham Constabulary,Durham Constabulary,-1.583079,54.625874,On or near Merlin Court,E01020847,County Durham 061C,Robbery,Investigation complete; no suspect identified,
dcb40b6a56c0712d4cffd2e35b9ea1e6671e9459d41ebd9c694e291ad41183c0,2024-05,Durham Constabulary,Durham Constabulary,-1.583079,54.625874,On or near Merlin Court,E01020847,County Durham 061C,Shoplifting,Awaiting court outcome,
f5fa187d7bb7ee926045973ad9e8ebb4de713f5adbb2b544c854d74a1c5f8da1,2024-05,Durham Constabulary,Durham Constabulary,-1.576744,54.625906,On or near Brockett Close,E01020847,County Durham 061C,Violence and sexual offences,Unable to prosecute suspect,
ed84a44937d89629e6cf2363c0ed410a0ed24f9f101930122bf4ae0179347a91,2024-05,Durham Constabulary,Durham Constabulary,-1.584224,54.624530,On or near Reeth Place,E01020847,County Durham 061C,Violence and sexual offences,Under investigation,
95f87c08e4fbcbe9073bb4a8f753378a27ba70a210ddff31aaba290cd7462beb,2024-05,Durham Constabulary,Durham Constabulary,-1.576744,54.625906,On or near Brockett Close,E01020847,County Durham 061C,Violence and sexual offences,Under investigation,
502ec163da66a8328499907b2fb5dc8d90c652dc058df997180f00000baa9451,2024-05,Durham Constabulary,Durham Constabulary,-1.583079,54.625874,On or near Merlin Court,E01020847,County Durham 061C,Violence and sexual offences,Unable to prosecute suspect,
1e3347297fc6e3346331b008e9c2d49e68e26a227e58a49c489218b998efb19c,2024-05,Durham Constabulary,Durham Constabulary,-1.576744,54.625906,On or near Brockett Close,E01020847,County Durham 061C,Violence and sexual offences,Local resolution,
08771125db5ead5d7214870b18d3c120abf7decd5eb4728523f8e53fe260b547,2024-05,Durham Constabulary,Durham Constabulary,-1.580849,54.624374,On or near Kestrel Court,E01020847,County Durham 061C,Violence and sexual offences,Under investigation,
04b93fe38a95067bafef6e21b83e7627764243e5e1d9329e6b6ca58743e68291,2024-05,Durham Constabulary,Durham Constabulary,-1.576744,54.625906,On or near Brockett Close,E01020847,County Durham 061C,Violence and sexual offences,Unable to prosecute suspect,
d9da91cd5e9188876844e93957623160d17826ea8bd9e753e8145b7cd50f8dcb,2024-05,Durham Constabulary,Durham Constabulary,-1.580055,54.626250,On or near Sid Chaplin Drive,E01020847,County Durham 061C,Violence and sexual offences,Unable to prosecute suspect,
f404f53e4a9aded3d0161b72016e8ae3d6dbff6ac515394954564d0131ad742f,2024-05,Durham Constabulary,Durham Constabulary,-1.580849,54.624374,On or near Kestrel Court,E01020847,County Durham 061C,Violence and sexual offences,Under investigation,
f0c3cbdc2943963b72e6979cac9a1d5795ebfbc049ef74cbec8fbbfcd5761350,2024-05,Durham Constabulary,Durham Constabulary,-1.576744,54.625906,On or near Brockett Close,E01020847,County Durham 061C,Violence and sexual offences,Investigation complete; no suspect identified,
f84cbdb21863bb03e40ead3fb000818cf27487d9795253b8d300654455e95ea6,2024-05,Durham Constabulary,Durham Constabulary,-1.580123,54.627248,On or near Bates Close,E01020847,County Durham 061C,Violence and sexual offences,Under investigation,
86f331a2fdc80bdd8181fb40dd4e59b00fa8773ba3f70d4ddd21d55c3b7cebea,2024-05,Durham Constabulary,Durham Constabulary,-1.576744,54.625906,On or near Brockett Close,E01020847,County Durham 061C,Violence and sexual offences,Unable to prosecute suspect,
c4a45b805ac992a523896294655575d96f3a4ef97c7fe859c401b20ee576cd05,2024-05,Durham Constabulary,Durham Constabulary,-1.584940,54.622681,On or near Pateley Close,E01020847,County Durham 061C,Violence and sexual offences,Under investigation,
ec63a8660015e2dc11c6f094443f4f59f74e60de7aa9ac3b7949f2c6c14e3fad,2024-05,Durham Constabulary,Durham Constabulary,-1.577137,54.626824,On or near Burn Lane,E01020847,County Durham 061C,Violence and sexual offences,Unable to prosecute suspect,
5e021cd61ffb5659b4dd0e326ba9fec9ea0bc85569eb08abb616c2756c3a01d6,2024-05,Durham Constabulary,Durham Constabulary,-1.580055,54.626250,On or near Sid Chaplin Drive,E01020847,County Durham 061C,Violence and sexual offences,Unable to prosecute suspect,
fc3602154943749910455782be440028bfd7fb83e0c13514ec46aad139c92802,2024-05,Durham Constabulary,Durham Constabulary,-1.580849,54.624374,On or near Kestrel Court,E01020847,County Durham 061C,Other crime,Unable to prosecute suspect,
,2024-05,Durham Constabulary,Durham Constabulary,-1.576271,54.628259,On or near Kings Drive,E01020849,County Durham 061D,Anti-social behaviour,,
18b08aca207a76ac9634a440e941fb41e8706b81fe65be0774e23da17a75848c,2024-05,Durham Constabulary,Durham Constabulary,-1.574420,54.627479,On or near Cherry Blossom Mews,E01020849,County Durham 061D,Burglary,Investigation complete; no suspect identified,
181f01d47c2230976f15edd84ad6dbffdcf9c23ffc8daa33a2b4019e95fdff8c,2024-05,Durham Constabulary,Durham Constabulary,-1.579018,54.629239,On or near Petrol Station,E01020849,County Durham 061D,Other theft,Investigation complete; no suspect identified,
2131d358c2591a4d404c8be4559ed52a753fbeae94db0982a2ad5dd88c920cdb,2024-05,Durham Constabulary,Durham Constabulary,-1.576135,54.630891,On or near Well House Drive,E01020849,County Durham 061D,Other theft,Unable to prosecute suspect,
ce53d5970ebaa6c9ff6fc47b8dd7e0352792fee0732889c09185bcfc3a9d66e3,2024-05,Durham Constabulary,Durham Constabulary,-1.579018,54.629239,On or near Petrol Station,E01020849,County Durham 061D,Other theft,Investigation complete; no suspect identified,
65072155e5b00eaa40598a9015c5cffe71fc9efed21da0283276ce2a3e742cbf,2024-05,Durham Constabulary,Durham Constabulary,-1.579018,54.629239,On or near Petrol Station,E01020849,County Durham 061D,Public order,Unable to prosecute suspect,
2f38d31f1a8ae9b8a897278dce8c8c1a0091ff128bb184791cce4a2799f87423,2024-05,Durham Constabulary,Durham Constabulary,-1.576271,54.628259,On or near Kings Drive,E01020849,County Durham 061D,Public order,Offender given penalty notice,
b1f2f12b24cf51c953df8ce44fc82556dcfef4c0ba67919e45ac8c683958bd82,2024-05,Durham Constabulary,Durham Constabulary,-1.579018,54.629239,On or near Petrol Station,E01020849,County Durham 061D,Public order,Investigation complete; no suspect identified,
73f033e42d3a4cd6498b45629301a40c6577960274919d18dc309eafed9f9fa1,2024-05,Durham Constabulary,Durham Constabulary,-1.579018,54.629239,On or near Petrol Station,E01020849,County Durham 061D,Shoplifting,Awaiting court outcome,
998ab1dc9a9ced1437e7229be791f61525c750d0810b32f0b8230a66a388d5f8,2024-05,Durham Constabulary,Durham Constabulary,-1.579018,54.629239,On or near Petrol Station,E01020849,County Durham 061D,Shoplifting,Awaiting court outcome,
1532b0d5fc0f9fe132fde1f104ad25cafe3780ec5128525c3c535ba02ccb2976,2024-05,Durham Constabulary,Durham Constabulary,-1.576135,54.630891,On or near Well House Drive,E01020849,County Durham 061D,Theft from the person,Unable to prosecute suspect,
5773574e28595b3d04e9f8a5a870da0e61d2db62206a662d0aabc2640c432eb8,2024-05,Durham Constabulary,Durham Constabulary,-1.577684,54.629351,On or near Ida Place,E01020849,County Durham 061D,Vehicle crime,Investigation complete; no suspect identified,
07fb790dd33ce7a1aae7877d78b2f5a98c54a8a001b22fae962dd56cea796483,2024-05,Durham Constabulary,Durham Constabulary,-1.576135,54.630891,On or near Well House Drive,E01020849,County Durham 061D,Violence and sexual offences,Under investigation,
2a0e54f54148375b3316eac7e3404418d5c894b9cee711a892e928b596d7e48f,2024-05,Durham Constabulary,Durham Constabulary,-1.579018,54.629239,On or near Petrol Station,E01020849,County Durham 061D,Violence and sexual offences,Unable to prosecute suspect,
1232e1217b233e8e9fb0d9046867973381f548e1e96d91e12fdf24f5af406065,2024-05,Durham Constabulary,Durham Constabulary,-1.576135,54.630891,On or near Well House Drive,E01020849,County Durham 061D,Violence and sexual offences,Unable to prosecute suspect,
da4ce16a5fd7c88cc567b71c493fee9b6e5dfde4633c1e4a93dae6d6e62e94d7,2024-05,Durham Constabulary,Durham Constabulary,-1.572745,54.627743,On or near Heatherburn Court,E01020849,County Durham 061D,Violence and sexual offences,Unable to prosecute suspect,
e879bb7a20560b45c785da0f3af86604d483a0436cece34c129ba3ff5a90b82a,2024-05,Durham Constabulary,Durham Constabulary,-1.572745,54.627743,On or near Heatherburn Court,E01020849,County Durham 061D,Violence and sexual offences,Unable to prosecute suspect,
d9d29622341ea0a3b96ae471938b9379344a7bb7509daf847d9f867e6609d395,2024-05,Durham Constabulary,Durham Constabulary,-1.576135,54.630891,On or near Well House Drive,E01020849,County Durham 061D,Violence and sexual offences,Awaiting court outcome,
4e8d6fada31da00bda7f48441aaa03285a19f76638e444874161f1b970522a9c,2024-05,Durham Constabulary,Durham Constabulary,-1.576135,54.630891,On or near Well House Drive,E01020849,County Durham 061D,Violence and sexual offences,Awaiting court outcome,
931ca71a0811f689f09b90c31c3bba81804d9b00152f0771ba9183ab789bd2b6,2024-05,Durham Constabulary,Durham Constabulary,-1.576135,54.630891,On or near Well House Drive,E01020849,County Durham 061D,Violence and sexual offences,Awaiting court outcome,
8d407f6233e12a9aa7954e5d74c5f2d4fe5d449f052dbd6a976d4bb5c8391628,2024-05,Durham Constabulary,Durham Constabulary,-1.576135,54.630891,On or near Well House Drive,E01020849,County Durham 061D,Violence and sexual offences,Awaiting court outcome,
2604d6dfb480d594f6b5d819df01e70d468303252a7f4ddeedaef348e54f235f,2024-05,Durham Constabulary,Durham Constabulary,-1.579018,54.629239,On or near Petrol Station,E01020849,County Durham 061D,Violence and sexual offences,Further investigation is not in the public interest,
5c6de50445d1b1a4ffc6f3741c46e158d2d90c79dfb9ee13d8c7f8368d7e50d1,2024-05,Durham Constabulary,Durham Constabulary,-1.576135,54.630891,On or near Well House Drive,E01020849,County Durham 061D,Violence and sexual offences,Unable to prosecute suspect,
60119d9c98f7b7116ca72823c75af5b7f162cff0a05d0863d66568d333ae313b,2024-05,Durham Constabulary,Durham Constabulary,-1.572745,54.627743,On or near Heatherburn Court,E01020849,County Durham 061D,Other crime,Unable to prosecute suspect,
,2024-05,Durham Constabulary,Durham Constabulary,-1.567590,54.617192,On or near Crawford Road,E01020825,County Durham 062A,Anti-social behaviour,,
,2024-05,Durham Constabulary,Durham Constabulary,-1.560014,54.617498,On or near Gunn Lane,E01020825,County Durham 062A,Anti-social behaviour,,
fe9efeeaf87005733bc4eaec874e6d71718107ac17f244bba5d415f41740f085,2024-05,Durham Constabulary,Durham Constabulary,-1.562839,54.616933,On or near Bury Road,E01020825,County Durham 062A,Burglary,Investigation complete; no suspect identified,
07c06d5b216a500fb0ef8ed2d5c1811418e424227296285f837d8d400d248d2a,2024-05,Durham Constabulary,Durham Constabulary,-1.570607,54.618946,On or near Church Close,E01020825,County Durham 062A,Criminal damage and arson,Investigation complete; no suspect identified,
6701a1079a6d4d195f8876a96a87c8d51d3b25c7a286227905df08f536048398,2024-05,Durham Constabulary,Durham Constabulary,-1.561673,54.614439,On or near Gilpin Road,E01020825,County Durham 062A,Criminal damage and arson,Investigation complete; no suspect identified,
2224d24c3a67d9a22c10cd6ca60b4b1eef6d4d1f21951cf5fd488871352136c7,2024-05,Durham Constabulary,Durham Constabulary,-1.561673,54.614439,On or near Gilpin Road,E01020825,County Durham 062A,Criminal damage and arson,Unable to prosecute suspect,
f8e017379c160612a4036d4ec338244fcc754cf9dfad087200e2fd9818ec6e42,2024-05,Durham Constabulary,Durham Constabulary,-1.564599,54.615914,On or near Neville Parade,E01020825,County Durham 062A,Shoplifting,Further investigation is not in the public interest,
84ac1f42ba2d007130f2e27d436222122ad9fdd94017a94d566b11ce52efea01,2024-05,Durham Constabulary,Durham Constabulary,-1.564599,54.615914,On or near Neville Parade,E01020825,County Durham 062A,Shoplifting,Awaiting court outcome,
0a5a0cf11daafd39581327648efc680fdc7a58e45b291fd8c428908278f9b3ca,2024-05,Durham Constabulary,Durham Constabulary,-1.561673,54.614439,On or near Gilpin Road,E01020825,County Durham 062A,Violence and sexual offences,Unable to prosecute suspect,
471e4af42fd3d1b07966147cd041b111c91900ee9371037623edb1fb198a2f34,2024-05,Durham Constabulary,Durham Constabulary,-1.564599,54.615914,On or near Neville Parade,E01020825,County Durham 062A,Violence and sexual offences,Awaiting court outcome,
9f446fd0ba7bcfcb88fb4a08f247aa025c29cf0f31ed0564befe64cd33540a55,2024-05,Durham Constabulary,Durham Constabulary,-1.571965,54.617882,On or near Parking Area,E01020825,County Durham 062A,Violence and sexual offences,Offender given a caution,
4e1060ff0ae4f1255acfaed833f580267574ceb254f7706319f0529ed4fc0a2f,2024-05,Durham Constabulary,Durham Constabulary,-1.565420,54.617409,On or near Sheraton Close,E01020825,County Durham 062A,Violence and sexual offences,Unable to prosecute suspect,
f5b2439166f01cae2b229e93925bad8fcb730e5b6acbaf99cf78db01a2c01ee5,2024-05,Durham Constabulary,Durham Constabulary,-1.560014,54.617498,On or near Gunn Lane,E01020825,County Durham 062A,Violence and sexual offences,Unable to prosecute suspect,
2200690adb456184f8d58f426a65f85e571f593de8ce739e8136392e0835ab2d,2024-05,Durham Constabulary,Durham Constabulary,-1.561673,54.614439,On or near Gilpin Road,E01020825,County Durham 062A,Violence and sexual offences,Further investigation is not in the public interest,
6687d5fc4ca851ba07897bdd00d68c1ebb792b0c0d82d0663e1f2fe2f45fb924,2024-05,Durham Constabulary,Durham Constabulary,-1.568479,54.616566,On or near Hunter Road,E01020825,County Durham 062A,Violence and sexual offences,Unable to prosecute suspect,
8d2da00cc3fb244a4ea7cad0da8b716a1c7916819ef7a091aebcb71e82ee8d16,2024-05,Durham Constabulary,Durham Constabulary,-1.564599,54.615914,On or near Neville Parade,E01020825,County Durham 062A,Violence and sexual offences,Awaiting court outcome,
a411e5876cdb832217ac9f9229ce14749eb8cbd40d6a942b5b9b1e2422535b45,2024-05,Durham Constabulary,Durham Constabulary,-1.564599,54.615914,On or near Neville Parade,E01020825,County Durham 062A,Violence and sexual offences,Unable to prosecute suspect,
e652b830c662909f7d3d530e86d27a1e1b9ad4b447dc93dd69c22a0c2b89240b,2024-05,Durham Constabulary,Durham Constabulary,-1.574672,54.618161,On or near Lyon Walk,E01020825,County Durham 062A,Violence and sexual offences,Investigation complete; no suspect identified,
a2b729dd065384c26ecbf2c647f4eeb4a006aa6b1221cb63c94345607945ddc1,2024-05,Durham Constabulary,Durham Constabulary,-1.561673,54.614439,On or near Gilpin Road,E01020825,County Durham 062A,Violence and sexual offences,Unable to prosecute suspect,
410e406e0f34efb949a0467742cf84ceedd88bc6c705a11b92464e45286c3301,2024-05,Durham Constabulary,Durham Constabulary,-1.562439,54.613822,On or near Clanny Road,E01020825,County Durham 062A,Other crime,Unable to prosecute suspect,
,2024-05,Durham Constabulary,Durham Constabulary,-1.568289,54.621410,On or near Supermarket,E01020831,County Durham 062B,Anti-social behaviour,,
,2024-05,Durham Constabulary,Durham Constabulary,-1.568289,54.621410,On or near Supermarket,E01020831,County Durham 062B,Anti-social behaviour,,
,2024-05,Durham Constabulary,Durham Constabulary,-1.568289,54.621410,On or near Supermarket,E01020831,County Durham 062B,Anti-social behaviour,,
,2024-05,Durham Constabulary,Durham Constabulary,-1.565976,54.621860,On or near Central Avenue,E01020831,County Durham 062B,Anti-social behaviour,,
,2024-05,Durham Constabulary,Durham Constabulary,-1.568289,54.621410,On or near Supermarket,E01020831,County Durham 062B,Anti-social behaviour,,
,2024-05,Durham Constabulary,Durham Constabulary,-1.568289,54.621410,On or near Supermarket,E01020831,County Durham 062B,Anti-social behaviour,,
,2024-05,Durham Constabulary,Durham Constabulary,-1.568289,54.621410,On or near Supermarket,E01020831,County Durham 062B,Anti-social behaviour,,
,2024-05,Durham Constabulary,Durham Constabulary,-1.568289,54.621410,On or near Supermarket,E01020831,County Durham 062B,Anti-social behaviour,,
,2024-05,Durham Constabulary,Durham Constabulary,-1.564816,54.621793,On or near Shield Walk,E01020831,County Durham 062B,Anti-social behaviour,,
b245066c584ae210cc771921a35860326c6abdde358caa586d46a759b64dd0af,2024-05,Durham Constabulary,Durham Constabulary,-1.568289,54.621410,On or near Supermarket,E01020831,County Durham 062B,Bicycle theft,Investigation complete; no suspect identified,
46cc9e37c4924b327cbd0aaf8c099be51bd23ef9613857c5e582453012bdd4c7,2024-05,Durham Constabulary,Durham Constabulary,-1.568276,54.622605,On or near Petrol Station,E01020831,County Durham 062B,Criminal damage and arson,Investigation complete; no suspect identified,
61c84a0da4d3b76d6d5e4a45d0419d2f115f487b789fee9b1f79ef853746be1a,2024-05,Durham Constabulary,Durham Constabulary,-1.562838,54.624266,On or near Porter Close,E01020831,County Durham 062B,Criminal damage and arson,Investigation complete; no suspect identified,
9b588ea56380fccdbd190ac4e799f38911233db4720ef052fd2da068c48333a8,2024-05,Durham Constabulary,Durham Constabulary,-1.568289,54.621410,On or near Supermarket,E01020831,County Durham 062B,Criminal damage and arson,Investigation complete; no suspect identified,
456d7b38bdaf037d892b7a2d3cd2daed46e9d5ad9254815a9ae914d2bf4b6974,2024-05,Durham Constabulary,Durham Constabulary,-1.568276,54.622605,On or near Petrol Station,E01020831,County Durham 062B,Other theft,Unable to prosecute suspect,
6ffd0f8731773736ba02e33f7f69ea6f3bfa14fc16b7a620bb1932c2c888a861,2024-05,Durham Constabulary,Durham Constabulary,-1.568276,54.622605,On or near Petrol Station,E01020831,County Durham 062B,Other theft,Investigation complete; no suspect identified,
07d0a9bbccc094a2682dcbdada9cbad2e838bc0425b4ad60da4d8160266991ec,2024-05,Durham Constabulary,Durham Constabulary,-1.568276,54.622605,On or near Petrol Station,E01020831,County Durham 062B,Other theft,Investigation complete; no suspect identified,
3f6dd010e7e114cf16e55d768aa831f2be43956aa125a2d1acb6f9ba1d5c254c,2024-05,Durham Constabulary,Durham Constabulary,-1.568289,54.621410,On or near Supermarket,E01020831,County Durham 062B,Other theft,Investigation complete; no suspect identified,
700b8e873a87a0ae69e84380388982e60f1c86b83f9459d80efcf2d0348d336c,2024-05,Durham Constabulary,Durham Constabulary,-1.568289,54.621410,On or near Supermarket,E01020831,County Durham 062B,Public order,Unable to prosecute suspect,
624f927971953224fc286a89cbf1d5b14196d24b6603a7c90ecf7308b626f66a,2024-05,Durham Constabulary,Durham Constabulary,-1.568289,54.621410,On or near Supermarket,E01020831,County Durham 062B,Public order,Unable to prosecute suspect,
600c86a045380b3de59a9e5e8813122938793035b79e1adc004e83beee9c4656,2024-05,Durham Constabulary,Durham Constabulary,-1.568289,54.621410,On or near Supermarket,E01020831,County Durham 062B,Shoplifting,Awaiting court outcome,
667564386c9d86c4a3162cd8504a15fbbd717d3ccc625f3812553f72a3fc7c04,2024-05,Durham Constabulary,Durham Constabulary,-1.568276,54.622605,On or near Petrol Station,E01020831,County Durham 062B,Shoplifting,Formal action is not in the public interest,
dd4ccdf49617200ba4ed58f1b2ede10aacbdc9531a19715b00f4656b6158d7f4,2024-05,Durham Constabulary,Durham Constabulary,-1.568289,54.621410,On or near Supermarket,E01020831,County Durham 062B,Shoplifting,Investigation complete; no suspect identified,
703fb05bc3771c5b64fbae7439266e735f16168f5c5f7fbdcf8eb864f73f3e4c,2024-05,Durham Constabulary,Durham Constabulary,-1.568289,54.621410,On or near Supermarket,E01020831,County Durham 062B,Shoplifting,Further investigation is not in the public interest,
ae12177ad195e53e990cd0e279e4e8aaeda50909f81362b4ff0359e2905a78bd,2024-05,Durham Constabulary,Durham Constabulary,-1.568289,54.621410,On or near Supermarket,E01020831,County Durham 062B,Shoplifting,Awaiting court outcome,
764221489d09933358aac6b57f1736cdeea810ffb6cce9751ddf2ab6a59a881a,2024-05,Durham Constabulary,Durham Constabulary,-1.568276,54.622605,On or near Petrol Station,E01020831,County Durham 062B,Shoplifting,Investigation complete; no suspect identified,
fb5772ff7a1da2569a6a16c255ee389d5f926cbe0322c05e46f125eb016da750,2024-05,Durham Constabulary,Durham Constabulary,-1.568289,54.621410,On or near Supermarket,E01020831,County Durham 062B,Shoplifting,Unable to prosecute suspect,
ead701dc22590e3c0409696d9676508eb72943902ff6940ed71fad7ff1756a5f,2024-05,Durham Constabulary,Durham Constabulary,-1.568289,54.621410,On or near Supermarket,E01020831,County Durham 062B,Shoplifting,Investigation complete; no suspect identified,
6534a4a35b09c3b41467e4c7e9fc998a7c7ee78fda7b48df9475ca89e3d71183,2024-05,Durham Constabulary,Durham Constabulary,-1.568289,54.621410,On or near Supermarket,E01020831,County Durham 062B,Shoplifting,Unable to prosecute suspect,
19eccefca969ade15bf43000e30e1ecf7f09c611c97b6d88ef01ea710230f0fb,2024-05,Durham Constabulary,Durham Constabulary,-1.568289,54.621410,On or near Supermarket,E01020831,County Durham 062B,Shoplifting,Unable to prosecute suspect,
ee8ccb0c443896da5d2ca2d52d837b5abff560c75b77631e180b8d9cf1b974bc,2024-05,Durham Constabulary,Durham Constabulary,-1.568289,54.621410,On or near Supermarket,E01020831,County Durham 062B,Shoplifting,Unable to prosecute suspect,
82647be4753ae667c9b47c416e8a5b4076ffb101d75cdb27644b38346954e1c3,2024-05,Durham Constabulary,Durham Constabulary,-1.568289,54.621410,On or near Supermarket,E01020831,County Durham 062B,Shoplifting,Investigation complete; no suspect identified,
ec3fa12dece06426b23fda80b4aae6629500d0894c9d868e381ccd8bdc6c8d9b,2024-05,Durham Constabulary,Durham Constabulary,-1.568289,54.621410,On or near Supermarket,E01020831,County Durham 062B,Shoplifting,Awaiting court outcome,
c7e95ffd5af1e9b9e85741f98b9f8ee76ecbbca8b30c60a4be68dda231b993fb,2024-05,Durham Constabulary,Durham Constabulary,-1.568276,54.622605,On or near Petrol Station,E01020831,County Durham 062B,Violence and sexual offences,Investigation complete; no suspect identified,
e5214696539b35ab57f1d292a42ceb4b5a986d9973b3038f55ec7c6f3230195c,2024-05,Durham Constabulary,Durham Constabulary,-1.562931,54.621292,On or near Denham Place,E01020831,County Durham 062B,Violence and sexual offences,Unable to prosecute suspect,
2e30a2f2c88460b11a06718e2364d2dd5e0d93de4549c99c90ff37923ff60895,2024-05,Durham Constabulary,Durham Constabulary,-1.567817,54.623556,On or near Chapman Close,E01020831,County Durham 062B,Violence and sexual offences,Unable to prosecute suspect,
cbe4bd00823fdb57a50d9eaa76e3d36e024831c2134a14f823a0caa659a06f81,2024-05,Durham Constabulary,Durham Constabulary,-1.572195,54.624021,On or near Henson Grove,E01020831,County Durham 062B,Violence and sexual offences,Investigation complete; no suspect identified,
,2024-05,Durham Constabulary,Durham Constabulary,-1.562311,54.622790,On or near Eden Road,E01020833,County Durham 062C,Anti-social behaviour,,
,2024-05,Durham Constabulary,Durham Constabulary,-1.560149,54.626566,On or near Wolsey Close,E01020833,County Durham 062C,Anti-social behaviour,,
0f9e3d49c33d1815d4a359ed46b32620c50e2d0da76b9791ff8c9a1f9a5d6116,2024-05,Durham Constabulary,Durham Constabulary,-1.555765,54.623746,On or near St Oswalds Court,E01020833,County Durham 062C,Criminal damage and arson,Investigation complete; no suspect identified,
66feb5f09ff70b131993c87c5a5b65cabb64fb4226b16ec10f651abf8d5ff573,2024-05,Durham Constabulary,Durham Constabulary,-1.558114,54.625633,On or near Escomb Close,E01020833,County Durham 062C,Violence and sexual offences,Unable to prosecute suspect,
6220f36c95a7dfd338128c609e219dbda83f54961be1781c69f47f3fbdd7437b,2024-05,Durham Constabulary,Durham Constabulary,-1.555765,54.623746,On or near St Oswalds Court,E01020833,County Durham 062C,Violence and sexual offences,Unable to prosecute suspect,
e0a9e104840cb0ca4c926b31d0197c21eee655c270824b4c0c28855fbfbefade,2024-05,Durham Constabulary,Durham Constabulary,-1.559146,54.621943,On or near Bulmer Close,E01020833,County Durham 062C,Violence and sexual offences,Unable to prosecute suspect,
4dd112f89c727e31ecc17172c62a4513c12b13f04eafb0d0f3abd8ee8f677524,2024-05,Durham Constabulary,Durham Constabulary,-1.558404,54.618894,On or near Liddell Close,E01020834,County Durham 062D,Burglary,Investigation complete; no suspect identified,
1aa9e57e64c4f8f41023b08bbe6bc94ed7d0fd3c5ca15ac7e6a527cdbdac64ca,2024-05,Durham Constabulary,Durham Constabulary,-1.558404,54.618894,On or near Liddell Close,E01020834,County Durham 062D,Burglary,Investigation complete; no suspect identified,
fa67b28d102bfc76742ea712867a512956b2202b34fe7a43c05df25cbd4084f8,2024-05,Durham Constabulary,Durham Constabulary,-1.558404,54.618894,On or near Liddell Close,E01020834,County Durham 062D,Burglary,Investigation complete; no suspect identified,
d5b448d1836923d16025ca3854e9d06f9a27bef4f2850415b549de09bb107a8a,2024-05,Durham Constabulary,Durham Constabulary,-1.561530,54.620559,On or near Auckland Place,E01020834,County Durham 062D,Criminal damage and arson,Investigation complete; no suspect identified,
304c0b6c7c9076ccaa1b6a4a3c3396ae95e542c61a6c7488298e0dd6f71f88e2,2024-05,Durham Constabulary,Durham Constabulary,-1.566008,54.620332,On or near Biscop Crescent,E01020834,County Durham 062D,Other theft,Under investigation,
a4687451371d2c1002deccbf61ce66362fedbbda97d01a4af7de1536b0317b14,2024-05,Durham Constabulary,Durham Constabulary,-1.557643,54.617226,On or near Sports/Recreation Area,E01020834,County Durham 062D,Violence and sexual offences,Investigation complete; no suspect identified,
ac5182228e878c7d7901efbf0da89d43392b70d297298bc00f1118df737affb9,2024-05,Durham Constabulary,Durham Constabulary,-1.564854,54.618171,On or near Jenkins Court,E01020834,County Durham 062D,Violence and sexual offences,Unable to prosecute suspect,
2f3fc3b077093cf46c4b73b02c0931acbedefe0cd4dd978f8c8b9a90b25aca27,2024-05,Durham Constabulary,Durham Constabulary,-1.564854,54.618171,On or near Jenkins Court,E01020834,County Durham 062D,Violence and sexual offences,Unable to prosecute suspect,
34d81d09b015d7394e73cfef6cc063286a2fb506ef509e7f2186794f0ff322c4,2024-05,Durham Constabulary,Durham Constabulary,-1.566838,54.618052,On or near Sheraton Road,E01020834,County Durham 062D,Violence and sexual offences,Unable to prosecute suspect,
239feba9b2548b8c10115ebb0d6963d15411a664be3c4c35ff16ae85babb5900,2024-05,Durham Constabulary,Durham Constabulary,-1.560177,54.618190,On or near Swan Walk,E01020834,County Durham 062D,Violence and sexual offences,Investigation complete; no suspect identified,
d6f23b6fb08edbc772e2e0a89b87f2cf479b3a92c7f0fe08437a14009b508c86,2024-05,Durham Constabulary,Durham Constabulary,-1.558404,54.618894,On or near Liddell Close,E01020834,County Durham 062D,Violence and sexual offences,Unable to prosecute suspect,
afe796a4084b669bb16fa5db8a211557a9fcbdb8f1120a9e6dc7546138c0e21e,2024-05,Durham Constabulary,Durham Constabulary,-1.558404,54.618894,On or near Liddell Close,E01020834,County Durham 062D,Violence and sexual offences,Unable to prosecute suspect,
,2024-05,Durham Constabulary,Durham Constabulary,-1.581474,54.614752,On or near Crosby Road,E01020824,County Durham 063A,Anti-social behaviour,,
9911441faeeee5c90475bc9277e98c5507a86471caca1e122fbfd29a76740414,2024-05,Durham Constabulary,Durham Constabulary,-1.571750,54.613244,On or near Finchale Road,E01020824,County Durham 063A,Burglary,Investigation complete; no suspect identified,
57023d129bd6741fb8d9e8e0318f9b2ee790e89b3b2d3c6f85dcfb1e95f5e479,2024-05,Durham Constabulary,Durham Constabulary,-1.570407,54.612925,On or near Bradford Close,E01020824,County Durham 063A,Criminal damage and arson,Action to be taken by another organisation,
ae4a4c153d734f461ada280b32504cae51bd00984806701dad124feff48e1233,2024-05,Durham Constabulary,Durham Constabulary,-1.570555,54.613572,On or near Lambton Close,E01020824,County Durham 063A,Criminal damage and arson,Investigation complete; no suspect identified,
157c47615183204848a07f908e9651a98ec913035565361cf1d0b86afdb98ecc,2024-05,Durham Constabulary,Durham Constabulary,-1.575520,54.614039,On or near Low Moor Close,E01020824,County Durham 063A,Public order,Unable to prosecute suspect,
bb96dd86173f432f99b5c5e3ce585746bf01907382ebc76eb435b78b120f5182,2024-05,Durham Constabulary,Durham Constabulary,-1.571289,54.614464,On or near Lee Green,E01020824,County Durham 063A,Violence and sexual offences,Unable to prosecute suspect,
6cf854ec7e34ac44121fe2fab8236be329f0c599f755f4cb5578f3c157188ad2,2024-05,Durham Constabulary,Durham Constabulary,-1.581757,54.614330,On or near Doxford Close,E01020824,County Durham 063A,Violence and sexual offences,Under investigation,
1af2014623d813c107a5d784b6332f7694e34563b5a8b0c2c6025a38673fc40a,2024-05,Durham Constabulary,Durham Constabulary,-1.581474,54.614752,On or near Crosby Road,E01020824,County Durham 063A,Violence and sexual offences,Investigation complete; no suspect identified,
cee61945517dfd18b12781cf97aada81047daa97a9742d0b42b5705240d5b2c0,2024-05,Durham Constabulary,Durham Constabulary,-1.575858,54.615775,On or near Butler Road,E01020824,County Durham 063A,Violence and sexual offences,Under investigation,
,2024-05,Durham Constabulary,Durham Constabulary,-1.576780,54.610557,On or near Horndale Avenue,E01020826,County Durham 063B,Anti-social behaviour,,
,2024-05,Durham Constabulary,Durham Constabulary,-1.569468,54.605004,On or near Burtree Road,E01020826,County Durham 063B,Anti-social behaviour,,
5afcfdd3898cdea803486aedb69a0dfc3c7629e3c65567aeea74f2e5d5cb7305,2024-05,Durham Constabulary,Durham Constabulary,-1.562145,54.595029,On or near High Street,E01020826,County Durham 063B,Burglary,Investigation complete; no suspect identified,
d97e7f90a604f7defa7686b146bb56697cd241a01f4cf4c5e57dedf494fcfe56,2024-05,Durham Constabulary,Durham Constabulary,-1.566870,54.614970,On or near Havelock Close,E01020826,County Durham 063B,Burglary,Investigation complete; no suspect identified,
6a1e46d75c40fa35bf40c4a6c157492ce179170a270400a06e0db7a3614e3b09,2024-05,Durham Constabulary,Durham Constabulary,-1.562145,54.595029,On or near High Street,E01020826,County Durham 063B,Burglary,Investigation complete; no suspect identified,
c91628a2d428e8cb41769f2b697a5b1f228c362a3abb6167dc78fcfca0decb62,2024-05,Durham Constabulary,Durham Constabulary,-1.561498,54.611967,On or near Cargill Close,E01020826,County Durham 063B,Criminal damage and arson,Investigation complete; no suspect identified,
7ca6bb5f0e0066bf8b5a216195fc50235feb2f89a5e47c443056d49093bd943a,2024-05,Durham Constabulary,Durham Constabulary,-1.559449,54.601014,On or near Millfields,E01020826,County Durham 063B,Criminal damage and arson,Local resolution,
47944a9a556bd39273f4f6beccf96d6b0a8782bff156bcdd7063a59dce48c71a,2024-05,Durham Constabulary,Durham Constabulary,-1.559449,54.601014,On or near Millfields,E01020826,County Durham 063B,Possession of weapons,Under investigation,
07d99276ea67421797918ce049424cf11a8e36bca4118a6876f459ff73df0e2e,2024-05,Durham Constabulary,Durham Constabulary,-1.569981,54.615143,On or near B6443,E01020826,County Durham 063B,Public order,Unable to prosecute suspect,
46e5654bff81c93042a1ccf98119e0215554374a9019770865b75cc42c313856,2024-05,Durham Constabulary,Durham Constabulary,-1.561498,54.611967,On or near Cargill Close,E01020826,County Durham 063B,Vehicle crime,Investigation complete; no suspect identified,
2eced5872e0b223b4a28fe3cb4e6161d422a3d8d9e2d05ca15498364f1acfe58,2024-05,Durham Constabulary,Durham Constabulary,-1.568094,54.601791,On or near Rembrandt Way,E01020826,County Durham 063B,Vehicle crime,Investigation complete; no suspect identified,
acf9fc457c6c2e76d5e6cc16ee551783e5dd85dbec8a84bc7aaffda4fc946ccb,2024-05,Durham Constabulary,Durham Constabulary,-1.561498,54.611967,On or near Cargill Close,E01020826,County Durham 063B,Violence and sexual offences,Investigation complete; no suspect identified,
b53e93328d1f674f0d4160f1ec0d5a58c762a5cb5cd6042cc8d6d2357bc6f908,2024-05,Durham Constabulary,Durham Constabulary,-1.561498,54.611967,On or near Cargill Close,E01020826,County Durham 063B,Violence and sexual offences,Unable to prosecute suspect,
d976df6c003ff7c533ac6af22b42361145276f49a1e110f1bfc3ddb63e9064e4,2024-05,Durham Constabulary,Durham Constabulary,-1.567436,54.614145,On or near Anne Swyft Road,E01020826,County Durham 063B,Violence and sexual offences,Under investigation,
030338eb6b46102f5b1d6a396419e05ed9a20b9073aa088c16c00e34b1ea6152,2024-05,Durham Constabulary,Durham Constabulary,-1.564105,54.612884,On or near Clarence Chare,E01020826,County Durham 063B,Violence and sexual offences,Investigation complete; no suspect identified,
bc15179a0afce719050ccc3991a78ff5b118bbdf21120ac5bff60524dfdf8268,2024-05,Durham Constabulary,Durham Constabulary,-1.567436,54.614145,On or near Anne Swyft Road,E01020826,County Durham 063B,Violence and sexual offences,Investigation complete; no suspect identified,
824b25a34f1497c09c3d36c2d3d03cf62f9defd960f22ffe5be36ef2afbb0c6b,2024-05,Durham Constabulary,Durham Constabulary,-1.568624,54.614626,On or near Westcott Walk,E01020826,County Durham 063B,Violence and sexual offences,Unable to prosecute suspect,
90224cd36b34d4ad4dd01b886a796cacdadc368a1e2aa892214978f601c48c0e,2024-05,Durham Constabulary,Durham Constabulary,-1.562212,54.595919,On or near The Wynd,E01020826,County Durham 063B,Violence and sexual offences,Under investigation,
59b716107e4a2b4e79990af530ce02633d54e7cf4bfdf7d16ecd70ec24bd54ae,2024-05,Durham Constabulary,Durham Constabulary,-1.564105,54.612884,On or near Clarence Chare,E01020826,County Durham 063B,Violence and sexual offences,Unable to prosecute suspect,
adfb486f4a39a5c8925fb3411e9657b983a900164e7a5e5e9b4a11c2d0bbe8c5,2024-05,Durham Constabulary,Durham Constabulary,-1.566870,54.614970,On or near Havelock Close,E01020826,County Durham 063B,Violence and sexual offences,Action to be taken by another organisation,
9e86fcce491fa6030bfb59a6cf186b135d7a70e885836b91910996354029eb63,2024-05,Durham Constabulary,Durham Constabulary,-1.564105,54.612884,On or near Clarence Chare,E01020826,County Durham 063B,Violence and sexual offences,Under investigation,
,2024-05,Durham Constabulary,Durham Constabulary,-1.571359,54.619542,On or near Parking Area,E01020832,County Durham 063C,Anti-social behaviour,,
,2024-05,Durham Constabulary,Durham Constabulary,-1.573470,54.620547,On or near Lilburne Crescent,E01020832,County Durham 063C,Anti-social behaviour,,
,2024-05,Durham Constabulary,Durham Constabulary,-1.570579,54.620079,On or near Parking Area,E01020832,County Durham 063C,Anti-social behaviour,,
,2024-05,Durham Constabulary,Durham Constabulary,-1.572987,54.622343,On or near Hartley Road,E01020832,County Durham 063C,Anti-social behaviour,,
,2024-05,Durham Constabulary,Durham Constabulary,-1.570579,54.620079,On or near Parking Area,E01020832,County Durham 063C,Anti-social behaviour,,
,2024-05,Durham Constabulary,Durham Constabulary,-1.570579,54.620079,On or near Parking Area,E01020832,County Durham 063C,Anti-social behaviour,,
,2024-05,Durham Constabulary,Durham Constabulary,-1.570322,54.620650,On or near Supermarket,E01020832,County Durham 063C,Anti-social behaviour,,
,2024-05,Durham Constabulary,Durham Constabulary,-1.570322,54.620650,On or near Supermarket,E01020832,County Durham 063C,Anti-social behaviour,,
,2024-05,Durham Constabulary,Durham Constabulary,-1.572109,54.620444,On or near Greenwell Road,E01020832,County Durham 063C,Anti-social behaviour,,
,2024-05,Durham Constabulary,Durham Constabulary,-1.572109,54.620444,On or near Greenwell Road,E01020832,County Durham 063C,Anti-social behaviour,,
,2024-05,Durham Constabulary,Durham Constabulary,-1.570579,54.620079,On or near Parking Area,E01020832,County Durham 063C,Anti-social behaviour,,
,2024-05,Durham Constabulary,Durham Constabulary,-1.571359,54.619542,On or near Parking Area,E01020832,County Durham 063C,Anti-social behaviour,,
,2024-05,Durham Constabulary,Durham Constabulary,-1.570579,54.620079,On or near Parking Area,E01020832,County Durham 063C,Anti-social behaviour,,
7c68776324d213933f368e75fed3801d6dd233277ca3bd290f72be58fbd1359f,2024-05,Durham Constabulary,Durham Constabulary,-1.572109,54.620444,On or near Greenwell Road,E01020832,County Durham 063C,Burglary,Investigation complete; no suspect identified,
fb5d66d1656d9906ddf535a4058892d6709c6015742767dd6c0e484a1b17a974,2024-05,Durham Constabulary,Durham Constabulary,-1.572384,54.620732,On or near Parking Area,E01020832,County Durham 063C,Burglary,Unable to prosecute suspect,
ed85137b583b60497a6fbacd87edbffb7ee5ea4777b0d99a5d8614faafc5fee8,2024-05,Durham Constabulary,Durham Constabulary,-1.578716,54.622462,On or near Newburn Court,E01020832,County Durham 063C,Burglary,Investigation complete; no suspect identified,
686abcc7f19a1bd9a346020e66aa72ee5941e2312848bb36c06e20a2fa38f645,2024-05,Durham Constabulary,Durham Constabulary,-1.575622,54.622119,On or near Webb Close,E01020832,County Durham 063C,Burglary,Unable to prosecute suspect,
01955651cb1f48910c18ed1d031df842749b6d2222de77fc7a294845a8ace5c7,2024-05,Durham Constabulary,Durham Constabulary,-1.572109,54.620444,On or near Greenwell Road,E01020832,County Durham 063C,Criminal damage and arson,Investigation complete; no suspect identified,
c6cf671b494f3c34c2af863cbb788bbed8e292f2b2a037b47b86ce7016966d1b,2024-05,Durham Constabulary,Durham Constabulary,-1.571359,54.619542,On or near Parking Area,E01020832,County Durham 063C,Criminal damage and arson,Investigation complete; no suspect identified,
a05a34ef91b720714cd9c27383dc3c4dda3e7692d72413d135067ab27dd07678,2024-05,Durham Constabulary,Durham Constabulary,-1.571745,54.622599,On or near Faulkner Road,E01020832,County Durham 063C,Criminal damage and arson,Investigation complete; no suspect identified,
842983a58331ca4704c06407fde12e21221a2f0d65008e8ae081f9b43f16ac7c,2024-05,Durham Constabulary,Durham Constabulary,-1.572384,54.620732,On or near Parking Area,E01020832,County Durham 063C,Criminal damage and arson,Unable to prosecute suspect,
9f2ddcd3c008ba0e896cc5827797b20a6f3d026fa4e77973bafaffa86ee06281,2024-05,Durham Constabulary,Durham Constabulary,-1.569603,54.619837,On or near Police Station,E01020832,County Durham 063C,Criminal damage and arson,Awaiting court outcome,
707ff86dcc63ed76fa1ff4892d199063320d3ab34eaf12eaa9d2117d5a3024ab,2024-05,Durham Constabulary,Durham Constabulary,-1.569603,54.619837,On or near Police Station,E01020832,County Durham 063C,Drugs,Under investigation,
5d83872d307f8fa854b60357ea4590123904e83c8d5a5b3f2b26d5121dcbfd25,2024-05,Durham Constabulary,Durham Constabulary,-1.570579,54.620079,On or near Parking Area,E01020832,County Durham 063C,Public order,Further investigation is not in the public interest,
09a5dfb5d879576c867a07db8990d72d42809326bd4547c22436d64400a6990c,2024-05,Durham Constabulary,Durham Constabulary,-1.574957,54.619079,On or near Parking Area,E01020832,County Durham 063C,Public order,Investigation complete; no suspect identified,
5065cc30cb63c0220341f847c8c9b50ca68dc6e9d039cc4fc4c3bd338f1cd21a,2024-05,Durham Constabulary,Durham Constabulary,-1.570579,54.620079,On or near Parking Area,E01020832,County Durham 063C,Public order,Awaiting court outcome,
06169df2211f7244429b036efe9355748143902540b16bf8ee3eac0720a7e0ca,2024-05,Durham Constabulary,Durham Constabulary,-1.570322,54.620650,On or near Supermarket,E01020832,County Durham 063C,Public order,Investigation complete; no suspect identified,
696a2cdb65f0922454787b03c2c1ad2e241411735682f6b0898aaf933d2184a7,2024-05,Durham Constabulary,Durham Constabulary,-1.572384,54.620732,On or near Parking Area,E01020832,County Durham 063C,Public order,Unable to prosecute suspect,
1b2a09a15981b9bac9cccfd9964bba6ccee779c959400fda7b94d99ce5df8c8e,2024-05,Durham Constabulary,Durham Constabulary,-1.575326,54.623798,On or near Thurlow Grove,E01020832,County Durham 063C,Public order,Investigation complete; no suspect identified,
a1f6a56b3d83cb6b883f1759afca04d6d70f7cca484a62cf4fd9cb8821c2bc2f,2024-05,Durham Constabulary,Durham Constabulary,-1.573911,54.619857,On or near Parking Area,E01020832,County Durham 063C,Shoplifting,Investigation complete; no suspect identified,
6532612b3766f3b13debdb35a85716434d334f39adbe07045f19f573ff5be98f,2024-05,Durham Constabulary,Durham Constabulary,-1.570579,54.620079,On or near Parking Area,E01020832,County Durham 063C,Shoplifting,Awaiting court outcome,
6a388364771fcba82ff81f169412396380e84546a2475a7e4967e2cb7e230158,2024-05,Durham Constabulary,Durham Constabulary,-1.571359,54.619542,On or near Parking Area,E01020832,County Durham 063C,Shoplifting,Unable to prosecute suspect,
32b3b9f26bd105263a11fff403b72e2265ed91dcb52b987ddc18db158391f790,2024-05,Durham Constabulary,Durham Constabulary,-1.571359,54.619542,On or near Parking Area,E01020832,County Durham 063C,Shoplifting,Investigation complete; no suspect identified,
4077cc71b6335e7bd770f73db1259287e6323b7bd75160454d4160bd12ee02af,2024-05,Durham Constabulary,Durham Constabulary,-1.573911,54.619857,On or near Parking Area,E01020832,County Durham 063C,Shoplifting,Further investigation is not in the public interest,
db0f964fe7ff0adcd4801203f4665c0800975393d8a36571b369eb2d55619ff9,2024-05,Durham Constabulary,Durham Constabulary,-1.570322,54.620650,On or near Supermarket,E01020832,County Durham 063C,Vehicle crime,Investigation complete; no suspect identified,
51ca36c67ebeb75b230a4220427c72a3303a306b7d0128eafad0c3a2de5ca6b7,2024-05,Durham Constabulary,Durham Constabulary,-1.574743,54.621774,On or near Hullock Road,E01020832,County Durham 063C,Vehicle crime,Investigation complete; no suspect identified,
deeac7dec09a6033f87a9674c7b710f64af4be1040c0a8af29e4082c26fea184,2024-05,Durham Constabulary,Durham Constabulary,-1.573911,54.619857,On or near Parking Area,E01020832,County Durham 063C,Violence and sexual offences,Unable to prosecute suspect,
cc44861d42b20a1cc50c4760ff5d8106d799c2eaa066a8816d78323127d16af1,2024-05,Durham Constabulary,Durham Constabulary,-1.574286,54.621008,On or near Walcher Road,E01020832,County Durham 063C,Violence and sexual offences,Unable to prosecute suspect,
d324ef00648f87a859fd7b5164e694f2de90b7319ae8c89a4b09b57174ed35fa,2024-05,Durham Constabulary,Durham Constabulary,-1.573596,54.621869,On or near Dalton Way,E01020832,County Durham 063C,Violence and sexual offences,Local resolution,
dffd1136f08d3b5ed077c98ede49d9487c1fc3699cdc4c98d30bf00654c8f0d3,2024-05,Durham Constabulary,Durham Constabulary,-1.572987,54.622343,On or near Hartley Road,E01020832,County Durham 063C,Violence and sexual offences,Unable to prosecute suspect,
a281a0773d9b363e826217bcee97167105d22bae273e0d75892fbcb5c133d963,2024-05,Durham Constabulary,Durham Constabulary,-1.567292,54.624830,On or near Ewbank Close,E01020832,County Durham 063C,Violence and sexual offences,Unable to prosecute suspect,
,2024-05,Durham Constabulary,Durham Constabulary,-1.577776,54.620472,On or near Marshall Road,E01020845,County Durham 063D,Anti-social behaviour,,
,2024-05,Durham Constabulary,Durham Constabulary,-1.577776,54.620472,On or near Marshall Road,E01020845,County Durham 063D,Anti-social behaviour,,
9269e4cba30a27b176094477fbaa83c8a8ac019423c9c5adc26c3a49034fa983,2024-05,Durham Constabulary,Durham Constabulary,-1.576589,54.619947,On or near Burdon Close,E01020845,County Durham 063D,Burglary,Investigation complete; no suspect identified,
1dd31d9e43cf6203d1eb45753e5ef354256e3bb35c54b2e67d5e0bdf38db9096,2024-05,Durham Constabulary,Durham Constabulary,-1.579448,54.622060,On or near Humphrey Close,E01020845,County Durham 063D,Burglary,Investigation complete; no suspect identified,
172de5216ed690cf9d5f226d98a45b9dc695998b4dd5f40742044764189e9fe7,2024-05,Durham Constabulary,Durham Constabulary,-1.579398,54.619418,On or near Wright Close,E01020845,County Durham 063D,Criminal damage and arson,Investigation complete; no suspect identified,
e1c2d6654ff9b0563fc47c3a91e8e89f469d2f6f0a915ae70b87ee90541a9382,2024-05,Durham Constabulary,Durham Constabulary,-1.579398,54.619418,On or near Wright Close,E01020845,County Durham 063D,Criminal damage and arson,Investigation complete; no suspect identified,
ff183e44cddee32d086e8533f21425385d1eadb47a431c88da187f8a665a4579,2024-05,Durham Constabulary,Durham Constabulary,-1.579398,54.619418,On or near Wright Close,E01020845,County Durham 063D,Drugs,Further investigation is not in the public interest,
7bcadb5f8159f7ae632abf2df3c7f0a4142639976d0464dc72d5fc28411757b6,2024-05,Durham Constabulary,Durham Constabulary,-1.577551,54.618333,On or near Ebba Close,E01020845,County Durham 063D,Violence and sexual offences,Action to be taken by another organisation,
aaa4e38c654be9ba3410560ff83a1caccbe534bace2ab8bab44650ff892ab4d8,2024-05,Durham Constabulary,Durham Constabulary,-1.579398,54.619418,On or near Wright Close,E01020845,County Durham 063D,Violence and sexual offences,Unable to prosecute suspect,
a373e118bed145f765e440eb78f464e096b626ab8da4ded700786784bfc673df,2024-05,Durham Constabulary,Durham Constabulary,-1.580505,54.615647,On or near Pease Way,E01020845,County Durham 063D,Violence and sexual offences,Unable to prosecute suspect,
71210321465a937ee61066fff66eb2394f768934ee9a2427403796074b573796,2024-05,Durham Constabulary,Durham Constabulary,-1.579398,54.619418,On or near Wright Close,E01020845,County Durham 063D,Violence and sexual offences,Under investigation,
88dcd6620007176c97e5ca5f350aab22c7469738bc33d4234bfbb01d5ecaedb1,2024-05,Durham Constabulary,Durham Constabulary,-1.579398,54.619418,On or near Wright Close,E01020845,County Durham 063D,Violence and sexual offences,Unable to prosecute suspect,
8c441a8a86ab987db4f71a5dbd7650059cd332d2709f5535361eeef862b0cdc2,2024-05,Durham Constabulary,Durham Constabulary,-1.580196,54.620058,On or near Silkin Way,E01020845,County Durham 063D,Other crime,Unable to prosecute suspect,
,2024-05,Durham Constabulary,Durham Constabulary,-1.588023,54.614855,On or near Elmfield Place,E01020846,County Durham 063E,Anti-social behaviour,,
ed31abecb7b8bea62590e3a0d6750ce5894823bd62c77ada350f14637f63b0a0,2024-05,Durham Constabulary,Durham Constabulary,-1.591345,54.615621,On or near Linden Place,E01020846,County Durham 063E,Criminal damage and arson,Unable to prosecute suspect,
4c02fc7badd6f52a48bff376d648a34c14e03672ea8357591654833106d522c5,2024-05,Durham Constabulary,Durham Constabulary,-1.591345,54.615621,On or near Linden Place,E01020846,County Durham 063E,Criminal damage and arson,Investigation complete; no suspect identified,
8ec9af3ad1ce73e4a62fc9e991f668e2e6d89a8588a8cfc6b5cd34206c78eae1,2024-05,Durham Constabulary,Durham Constabulary,-1.586238,54.615289,On or near Beechfield,E01020846,County Durham 063E,Criminal damage and arson,Investigation complete; no suspect identified,
474443c15de850c62c7576bd868a2fdb40bf2b0ef4ff028b4965fdba3657a0b3,2024-05,Durham Constabulary,Durham Constabulary,-1.589473,54.613880,On or near Parking Area,E01020846,County Durham 063E,Criminal damage and arson,Investigation complete; no suspect identified,
0e674d6b0f5ba38e185ce766861de044a2d432e0fb542a1d83a1a011e3ba4714,2024-05,Durham Constabulary,Durham Constabulary,-1.588023,54.614855,On or near Elmfield Place,E01020846,County Durham 063E,Criminal damage and arson,Unable to prosecute suspect,
c041bd048a3cb571295a004dc0855da69da2c4a9b024e63c10d7360c67bed2d8,2024-05,Durham Constabulary,Durham Constabulary,-1.586238,54.615289,On or near Beechfield,E01020846,County Durham 063E,Other theft,Investigation complete; no suspect identified,
51f2590e6876bf9c04476c15ae501d6ec9a1495b2738c1c92a30ab7261956795,2024-05,Durham Constabulary,Durham Constabulary,-1.588023,54.614855,On or near Elmfield Place,E01020846,County Durham 063E,Public order,Unable to prosecute suspect,
531949af8626c10f8dc4cb0cae7338c2afb6bdf622cf9d9c73f36e5d429e945b,2024-05,Durham Constabulary,Durham Constabulary,-1.586238,54.615289,On or near Beechfield,E01020846,County Durham 063E,Shoplifting,Awaiting court outcome,
52e4079d0f4560c06cfa3dc64896f0051a990404f56b7c08c5ce7698ee1f289c,2024-05,Durham Constabulary,Durham Constabulary,-1.588023,54.614855,On or near Elmfield Place,E01020846,County Durham 063E,Vehicle crime,Investigation complete; no suspect identified,
8bd0ce08c0e8706c8c6f31f679135c581a2c91a01f984425f4096f1c077e80b4,2024-05,Durham Constabulary,Durham Constabulary,-1.591345,54.615621,On or near Linden Place,E01020846,County Durham 063E,Violence and sexual offences,Investigation complete; no suspect identified,
be23be24dafed24bced6ac33bc0e8362657f3a4e53817abf672e427ad2c2c9f5,2024-05,Durham Constabulary,Durham Constabulary,-1.591345,54.615621,On or near Linden Place,E01020846,County Durham 063E,Violence and sexual offences,Unable to prosecute suspect,
68eef7820179405b1454db9d49b6ea1a2b7786dcc548dd3e28f3f6e25caa916e,2024-05,Durham Constabulary,Durham Constabulary,-1.591345,54.615621,On or near Linden Place,E01020846,County Durham 063E,Violence and sexual offences,Action to be taken by another organisation,
ffb48119772b5a092b881e4ab3919473d649d178979e3d2f659dcf10329c7a0e,2024-05,Durham Constabulary,Durham Constabulary,-1.588023,54.614855,On or near Elmfield Place,E01020846,County Durham 063E,Violence and sexual offences,Unable to prosecute suspect,
eba6589e0f67a72dd77df6816c1a61ce2bdf1f283c361965986c9e0a74c27ee6,2024-05,Durham Constabulary,Durham Constabulary,-1.591345,54.615621,On or near Linden Place,E01020846,County Durham 063E,Violence and sexual offences,Unable to prosecute suspect,
a421077b2a65b7a01baad9dc690aca792d4e5dd762dab6f58906b5ead4349024,2024-05,Durham Constabulary,Durham Constabulary,-1.591345,54.615621,On or near Linden Place,E01020846,County Durham 063E,Violence and sexual offences,Unable to prosecute suspect,
581519c938251ed4093209223bbb3d249a70f8f9b5a3c7d68db7b89aa31cb849,2024-05,Durham Constabulary,Durham Constabulary,-1.588023,54.614855,On or near Elmfield Place,E01020846,County Durham 063E,Violence and sexual offences,Unable to prosecute suspect,
41f93ea79ccc7f7bfc0bd3ff45355df3aabad510942100eadce6f05711987eb8,2024-05,Durham Constabulary,Durham Constabulary,-1.588023,54.614855,On or near Elmfield Place,E01020846,County Durham 063E,Violence and sexual offences,Unable to prosecute suspect,
,2024-05,Durham Constabulary,Durham Constabulary,-1.809605,54.611407,On or near Coronation Terrace,E01020856,County Durham 064A,Anti-social behaviour,,
9e27b0bac2d78fb3d23f025353e0e71fe6adc31b3547fe6cbb87289fd1b9095e,2024-05,Durham Constabulary,Durham Constabulary,-1.807896,54.612590,On or near Model Terrace,E01020856,County Durham 064A,Criminal damage and arson,Unable to prosecute suspect,
a6e46875234684475454bc5ebeb1d3309b50ba25c8422193e2dcfd19e4b8cff5,2024-05,Durham Constabulary,Durham Constabulary,-1.808026,54.614514,On or near Manor Grove,E01020856,County Durham 064A,Possession of weapons,Investigation complete; no suspect identified,
b8dfe9bbbc7d53cf4d9dba0bb4f383e777d88fe21d8dfe2ec993b6cc48c2eebf,2024-05,Durham Constabulary,Durham Constabulary,-1.807896,54.612590,On or near Model Terrace,E01020856,County Durham 064A,Public order,Unable to prosecute suspect,
e1f921212f07c5f33274163d3080d65196aac13d2d943b80f2c1afca8301c606,2024-05,Durham Constabulary,Durham Constabulary,-1.810697,54.612882,On or near Petrol Station,E01020856,County Durham 064A,Public order,Unable to prosecute suspect,
50cf6feac5267d17e8a7716f5dd803f92f0e63c4943487b09fb08915da2d9027,2024-05,Durham Constabulary,Durham Constabulary,-1.808026,54.614514,On or near Manor Grove,E01020856,County Durham 064A,Public order,Investigation complete; no suspect identified,
86366cc16afcf7545f1a6f8082d6d111cc3338e4a58274633a297160931f4146,2024-05,Durham Constabulary,Durham Constabulary,-1.807600,54.612841,On or near Supermarket,E01020856,County Durham 064A,Shoplifting,Investigation complete; no suspect identified,
4afcae60e56d622c70f8471d2d9486671991e75fc1672fc2898a9e68bcb9435d,2024-05,Durham Constabulary,Durham Constabulary,-1.807600,54.612841,On or near Supermarket,E01020856,County Durham 064A,Shoplifting,Investigation complete; no suspect identified,
f88deb2e21dbf5c555773ad0e6237f1b05e9eb7a5485f74120d1cfa56802c57c,2024-05,Durham Constabulary,Durham Constabulary,-1.807600,54.612841,On or near Supermarket,E01020856,County Durham 064A,Shoplifting,Investigation complete; no suspect identified,
a8a11c819436fbf4b0ba2572eedab9a663aed132ea4bdcab631d83a9d8febdbc,2024-05,Durham Constabulary,Durham Constabulary,-1.805157,54.612289,On or near Watery Close,E01020856,County Durham 064A,Vehicle crime,Investigation complete; no suspect identified,
5fef7a3f9beb5143ff63c56bd446d9183f4cc15be5674b996f7d6eafd196f910,2024-05,Durham Constabulary,Durham Constabulary,-1.807566,54.610042,On or near Sports/Recreation Area,E01020856,County Durham 064A,Violence and sexual offences,Unable to prosecute suspect,
23a53bd9d2de0bb101f231a2943d1520109fb5572c986bac46175cf208f63e38,2024-05,Durham Constabulary,Durham Constabulary,-1.808026,54.614514,On or near Manor Grove,E01020856,County Durham 064A,Violence and sexual offences,Unable to prosecute suspect,
a7d914f1aa531551a162df3b8f0569ac8c7c4f38a959a259d76829abded873fa,2024-05,Durham Constabulary,Durham Constabulary,-1.805157,54.612289,On or near Watery Close,E01020856,County Durham 064A,Violence and sexual offences,Unable to prosecute suspect,
b40358531858506423c73dbf63267275f8db68ff32f06a4a9f5a4a12be6aeb98,2024-05,Durham Constabulary,Durham Constabulary,-1.805157,54.612289,On or near Watery Close,E01020856,County Durham 064A,Violence and sexual offences,Unable to prosecute suspect,
,2024-05,Durham Constabulary,Durham Constabulary,-1.745070,54.651306,On or near Rudland Way,E01020858,County Durham 064B,Anti-social behaviour,,
a19f3601645e20c0830bd72cf95a3a1c6bf619bb4cb72e63b86de4b4441275dd,2024-05,Durham Constabulary,Durham Constabulary,-1.743708,54.648598,On or near The Crescent,E01020858,County Durham 064B,Public order,Unable to prosecute suspect,
d7de0eb9b828139a00560aa1999eca7bb7790d37f7e1520925562f2475ce4636,2024-05,Durham Constabulary,Durham Constabulary,-1.758963,54.673828,On or near Park/Open Space,E01020858,County Durham 064B,Violence and sexual offences,Offender given a caution,
6c460091867461b94a024c119910cf1e770a1c87fcc86e6289b435c960cabde5,2024-05,Durham Constabulary,Durham Constabulary,-1.744955,54.647325,On or near Auckland View,E01020859,County Durham 064C,Criminal damage and arson,Unable to prosecute suspect,
a44ce396d62a4114ca7d5c309b7c5e9508fbc0d2ca2de67642f0553c592a1ec0,2024-05,Durham Constabulary,Durham Constabulary,-1.745506,54.648530,On or near Church Street,E01020859,County Durham 064C,Criminal damage and arson,Investigation complete; no suspect identified,
5f110a21670e6721b27cf9924a541beeacbbc3172db651efaec2706790be3468,2024-05,Durham Constabulary,Durham Constabulary,-1.745506,54.648530,On or near Church Street,E01020859,County Durham 064C,Public order,Investigation complete; no suspect identified,
78956bdb25a4ed6d00779854a30e9bb63abc5e1767f5a7a79584b0b6e97400ab,2024-05,Durham Constabulary,Durham Constabulary,-1.745536,54.646185,On or near Parking Area,E01020859,County Durham 064C,Vehicle crime,Unable to prosecute suspect,
6baf356501a7ce3ef1d186799f843e2d92807c19eee12053ab5a55bb65435479,2024-05,Durham Constabulary,Durham Constabulary,-1.746917,54.648802,On or near Sports/Recreation Area,E01020859,County Durham 064C,Violence and sexual offences,Investigation complete; no suspect identified,
8998b2673441ea50f60c1bc57e2e2546d023e0483bdd153c1fe21c4d5f98e505,2024-05,Durham Constabulary,Durham Constabulary,-1.733124,54.634322,On or near Etherley Bank,E01020859,County Durham 064C,Violence and sexual offences,Unable to prosecute suspect,
63f6e18ed3d15fc679ff5e3315b029846f2dcb506f46f9168034746e6267ddc7,2024-05,Durham Constabulary,Durham Constabulary,-1.743889,54.654296,On or near Bank Well,E01020859,County Durham 064C,Violence and sexual offences,Unable to prosecute suspect,
cceef2c47ea08380006b4a38475f0fec2d448dc4acdfbe42980ce618b325fc4f,2024-05,Durham Constabulary,Durham Constabulary,-1.744917,54.648484,On or near Garth Meadows,E01020859,County Durham 064C,Violence and sexual offences,Unable to prosecute suspect,
a856b7b360b6e020a95697cef5d85846f62d62e1e553bdfb8fd49aed49256629,2024-05,Durham Constabulary,Durham Constabulary,-1.745536,54.646185,On or near Parking Area,E01020859,County Durham 064C,Violence and sexual offences,Under investigation,
5afd61a8c007054d9657ef208c7c075a661c1fcf3df7b05b33748fb307040afc,2024-05,Durham Constabulary,Durham Constabulary,-1.744072,54.654737,On or near Bank Well,E01020859,County Durham 064C,Other crime,Investigation complete; no suspect identified,
,2024-05,Durham Constabulary,Durham Constabulary,-1.757382,54.618961,On or near Sadler Lane,E01020860,County Durham 064D,Anti-social behaviour,,
,2024-05,Durham Constabulary,Durham Constabulary,-1.762877,54.619403,On or near Chapel Street,E01020860,County Durham 064D,Anti-social behaviour,,
,2024-05,Durham Constabulary,Durham Constabulary,-1.760954,54.622428,On or near Shirley Close,E01020860,County Durham 064D,Anti-social behaviour,,
,2024-05,Durham Constabulary,Durham Constabulary,-1.761529,54.619562,On or near South View,E01020860,County Durham 064D,Anti-social behaviour,,
1c3186e6a66a8ca7f616758c43e9910b826a169b793963520f876ba8d8ed3fc3,2024-05,Durham Constabulary,Durham Constabulary,-1.762877,54.619403,On or near Chapel Street,E01020860,County Durham 064D,Criminal damage and arson,Unable to prosecute suspect,
8acbc661347bb6afbab90b622ca1514dcd1073753dde071cfcd015ca3c8b5bdb,2024-05,Durham Constabulary,Durham Constabulary,-1.764010,54.624330,On or near Osborne Terrace,E01020861,County Durham 064E,Criminal damage and arson,Investigation complete; no suspect identified,
afc2e31977a4cf8f2dd14898af0de0c046b02a2a7f2ec3f06636955e8fb1bb77,2024-05,Durham Constabulary,Durham Constabulary,-1.758188,54.616168,On or near Fairfield,E01020861,County Durham 064E,Criminal damage and arson,Unable to prosecute suspect,
31059ad5550011b5fca9ce209e753a9ab94671b40813e208018cb318cf12f07a,2024-05,Durham Constabulary,Durham Constabulary,-1.759262,54.617985,On or near Victoria Street,E01020861,County Durham 064E,Criminal damage and arson,Investigation complete; no suspect identified,
f90a914b1e3fd8cfbf6b2d2ff7f541e7f0b1215d109b128134b71a0186021bf7,2024-05,Durham Constabulary,Durham Constabulary,-1.754706,54.615801,On or near Evenwood Lane,E01020861,County Durham 064E,Other theft,Investigation complete; no suspect identified,
ba0ed4dd21614299b7947887133dc12cdbd937907ab0537c0c6a905276921639,2024-05,Durham Constabulary,Durham Constabulary,-1.758188,54.616168,On or near Fairfield,E01020861,County Durham 064E,Violence and sexual offences,Awaiting court outcome,
4e398edbf1b08a87840f4dbf4f1435aa24eb80b34a58c3219876fea3c6eae805,2024-05,Durham Constabulary,Durham Constabulary,-1.758188,54.616168,On or near Fairfield,E01020861,County Durham 064E,Violence and sexual offences,Unable to prosecute suspect,
17ba97fa00a7d73e757ee0c800a123b582bf0789a4392c4fac817efd61b059fd,2024-05,Durham Constabulary,Durham Constabulary,-1.766086,54.626895,On or near Oaks Bank,E01020861,County Durham 064E,Violence and sexual offences,Unable to prosecute suspect,
f3c6f92b0ff23f3a550504308d4e59fdeb1c4f2aa54ba02cdee91ed595ab6fb0,2024-05,Durham Constabulary,Durham Constabulary,-1.764010,54.624330,On or near Osborne Terrace,E01020861,County Durham 064E,Violence and sexual offences,Unable to prosecute suspect,
c3793cb10f08ba04587d6901325618f29eb140e5eb00865f4d0adac2fc566a2a,2024-05,Durham Constabulary,Durham Constabulary,-1.756657,54.621161,On or near Copeland Lane,E01020861,County Durham 064E,Violence and sexual offences,Unable to prosecute suspect,
,2024-05,Durham Constabulary,Durham Constabulary,-1.735786,54.579671,On or near Springwell,E01020862,County Durham 064F,Anti-social behaviour,,
,2024-05,Durham Constabulary,Durham Constabulary,-1.788628,54.544914,On or near High Garth,E01020862,County Durham 064F,Anti-social behaviour,,
,2024-05,Durham Constabulary,Durham Constabulary,-1.780720,54.546671,On or near Church Mews,E01020862,County Durham 064F,Anti-social behaviour,,
6f8ae7a1c4b94a3cd41b9f0ec5b37b6f6ed8f37290dda086b7363b3f9c088430,2024-05,Durham Constabulary,Durham Constabulary,-1.773003,54.558375,On or near Alwent Mill Lane,E01020862,County Durham 064F,Burglary,Investigation complete; no suspect identified,
fb8f0b8c53316a100978bc8d94e05c4710e8d14819c63782a21a0d01a13bc5ec,2024-05,Durham Constabulary,Durham Constabulary,-1.780720,54.546671,On or near Church Mews,E01020862,County Durham 064F,Burglary,Investigation complete; no suspect identified,
557ccfd06424eb42d3591986d38284ce6159b55eff48b281fab838450408f1be,2024-05,Durham Constabulary,Durham Constabulary,-1.773003,54.558375,On or near Alwent Mill Lane,E01020862,County Durham 064F,Other theft,Investigation complete; no suspect identified,
7c8e432953121309fbd09ea1b31e0a6aef781d9ca37bd961fe5e7a7a0efcacaf,2024-05,Durham Constabulary,Durham Constabulary,-1.773003,54.558375,On or near Alwent Mill Lane,E01020862,County Durham 064F,Other theft,Investigation complete; no suspect identified,
63e640662fca4d94ede3c5aa9dd6aec41afaeaa0e5bd1283ed211823782ef1d0,2024-05,Durham Constabulary,Durham Constabulary,-1.783520,54.555007,On or near Parking Area,E01020862,County Durham 064F,Other theft,Investigation complete; no suspect identified,
7e9ee023e30e7bc67d36dee65487b45767d4a640d9d9526c14ebbf29cec35057,2024-05,Durham Constabulary,Durham Constabulary,-1.735786,54.579671,On or near Springwell,E01020862,County Durham 064F,Vehicle crime,Investigation complete; no suspect identified,
6f4f4e405718c816a571dbdde9c81460c44ae9dec77e13f27723a60623e1d5ab,2024-05,Durham Constabulary,Durham Constabulary,-1.696204,54.597210,On or near Brownside Lane,E01020862,County Durham 064F,Vehicle crime,Investigation complete; no suspect identified,
f28f1243a9c1f808c6ff8819b8befc774908653943ba92d03260b5b4ac1023a4,2024-05,Durham Constabulary,Durham Constabulary,-1.736417,54.548982,On or near South View,E01020862,County Durham 064F,Violence and sexual offences,Under investigation,
8ef196c7bd116262088159fcf20a9a81f435779e84946e3854361545bc876ee5,2024-05,Durham Constabulary,Durham Constabulary,-1.830201,54.625250,On or near Diamond Hill,E01020864,County Durham 064G,Criminal damage and arson,Awaiting court outcome,
f4a20db7a1ee9cd1c676d602cd72e643e6844fbcd930289cadbe8d49560ec98e,2024-05,Durham Constabulary,Durham Constabulary,-1.830201,54.625250,On or near Diamond Hill,E01020864,County Durham 064G,Criminal damage and arson,Investigation complete; no suspect identified,
6ea2ec6304ae7bbbfc93a3c58503afa2e1e297d523b9d872194458f3b83d7c83,2024-05,Durham Constabulary,Durham Constabulary,-1.878841,54.628328,On or near Sun Road,E01020864,County Durham 064G,Other theft,Investigation complete; no suspect identified,
a52747d04deed53f7d538a1999731081024be86b583dc14be2ffae514a7ca6d5,2024-05,Durham Constabulary,Durham Constabulary,-1.900876,54.630621,On or near Middleton Road,E01020864,County Durham 064G,Vehicle crime,Under investigation,
763b9b33640d3ab29092975300774fbaf9a5b453a1e8737eaa1e6469b2612f5b,2024-05,Durham Constabulary,Durham Constabulary,-1.830201,54.625250,On or near Diamond Hill,E01020864,County Durham 064G,Violence and sexual offences,Awaiting court outcome,
a49b7af09a228d8c76d3137a1218b6e04a6c31e6d4735ebdb63c52a18b71711f,2024-05,Durham Constabulary,Durham Constabulary,-1.813379,54.673187,On or near Ladywell,E01020864,County Durham 064G,Violence and sexual offences,Unable to prosecute suspect,
35ffe8613ff36ed32fca303914d606c9156dd1cb1b14cf65c998111862c9767f,2024-05,Durham Constabulary,Durham Constabulary,-1.888725,54.633046,On or near Magdalene Place,E01020864,County Durham 064G,Violence and sexual offences,Unable to prosecute suspect,
e9067ab5bdd57275504bc21cf1c064a2a67b9eb0b81fd058f49e66c487706e7e,2024-05,Durham Constabulary,Durham Constabulary,-1.830201,54.625250,On or near Diamond Hill,E01020864,County Durham 064G,Violence and sexual offences,Awaiting court outcome,
ac2ab0c91d40465c552703a32af5f90a577a88fb6c0b89f8baedfad2945c80a0,2024-05,Durham Constabulary,Durham Constabulary,-1.900876,54.630621,On or near Middleton Road,E01020864,County Durham 064G,Violence and sexual offences,Unable to prosecute suspect,
d23121be22679d52f691f0bce9ae6e642cd8609fb79d8117294ea7788f416de1,2024-05,Durham Constabulary,Durham Constabulary,-1.830201,54.625250,On or near Diamond Hill,E01020864,County Durham 064G,Violence and sexual offences,Unable to prosecute suspect,
ee98b80c94cdf15872b8dac468b97b9e3f28fdfd91f1e32eeabfd2bfc90fa315,2024-05,Durham Constabulary,Durham Constabulary,-1.804361,54.581140,On or near Queens Head Wynd,E01020867,County Durham 064H,Public order,Investigation complete; no suspect identified,
460fe09da8018748ca28898c858ec5c73bfed1cfa6e169c41c5e27fe76cd45cc,2024-05,Durham Constabulary,Durham Constabulary,-1.809884,54.577922,On or near Sudburn Avenue,E01020867,County Durham 064H,Vehicle crime,Investigation complete; no suspect identified,
a29c58ff88efeac4ff7d4e36114669674438aa56f7c481ae719e6d80d0b1bf85,2024-05,Durham Constabulary,Durham Constabulary,-1.809884,54.577922,On or near Sudburn Avenue,E01020867,County Durham 064H,Violence and sexual offences,Unable to prosecute suspect,
d2af4c5641dc4163625c82badb4e566aa7d26210c7ce915ddece479797143963,2024-05,Durham Constabulary,Durham Constabulary,-1.888371,54.558591,On or near Stainton Bank,E01020867,County Durham 064H,Violence and sexual offences,Unable to prosecute suspect,
5a853e8de383411d3ca04f609975891a957c68d9928251b0be436e14326780b0,2024-05,Durham Constabulary,Durham Constabulary,-1.894127,54.563287,On or near Hesley Rise,E01020867,County Durham 064H,Violence and sexual offences,Local resolution,
2617f40348c2a64d2cca3a7268f641ce67df858adaec378212d8a39ade0becab,2024-05,Durham Constabulary,Durham Constabulary,-1.812172,54.578249,On or near Parking Area,E01020867,County Durham 064H,Violence and sexual offences,Unable to prosecute suspect,
94728507e493c10cda71eb7744b1c06c3713cc5c2184f87be35172e2e7524d3b,2024-05,Durham Constabulary,Durham Constabulary,-1.866163,54.587883,On or near Moor Lane,E01020867,County Durham 064H,Violence and sexual offences,Unable to prosecute suspect,
,2024-05,Durham Constabulary,Durham Constabulary,-2.055688,54.609638,On or near Cobbler Gate Lane,E01034511,County Durham 067A,Anti-social behaviour,,
,2024-05,Durham Constabulary,Durham Constabulary,-2.084658,54.625815,On or near Rose Terrace,E01034511,County Durham 067A,Anti-social behaviour,,
cb6a0e8a0b832130315ce032c1ce377da995060538f7e810728597674fb4130e,2024-05,Durham Constabulary,Durham Constabulary,-2.084658,54.625815,On or near Rose Terrace,E01034511,County Durham 067A,Criminal damage and arson,Awaiting court outcome,
f4b06d8de4180c8dfe99cf8129346ccbc38d3cb37832536e5e038a7df9076ec8,2024-05,Durham Constabulary,Durham Constabulary,-2.084658,54.625815,On or near Rose Terrace,E01034511,County Durham 067A,Criminal damage and arson,Awaiting court outcome,
e50075c29ef19d9213a4f81126148fb8be16f4cb43aa84a2a75af345a094a744,2024-05,Durham Constabulary,Durham Constabulary,-2.084658,54.625815,On or near Rose Terrace,E01034511,County Durham 067A,Criminal damage and arson,Investigation complete; no suspect identified,
685304e3e033ebbfa519be583ba9b4cfc45dd25c870b427be2467b771c0f7416,2024-05,Durham Constabulary,Durham Constabulary,-2.006344,54.594454,On or near Water Gap,E01034511,County Durham 067A,Public order,Unable to prosecute suspect,
cdd679c55bd7f61ca0f9442be812cba941d733814d8b68cfd57f749a4c5bdd67,2024-05,Durham Constabulary,Durham Constabulary,-2.084658,54.625815,On or near Rose Terrace,E01034511,County Durham 067A,Public order,Unable to prosecute suspect,
3203e841dcd2347cfa3b36a514d1ec1fc700f693bce3ff07a4116659f37b4db9,2024-05,Durham Constabulary,Durham Constabulary,-2.055688,54.609638,On or near Cobbler Gate Lane,E01034511,County Durham 067A,Public order,Investigation complete; no suspect identified,
7dc88b4679aef1fd925691bf4b9206efd6f2f5e36b9f877da919cfbc9cf0a62c,2024-05,Durham Constabulary,Durham Constabulary,-2.084658,54.625815,On or near Rose Terrace,E01034511,County Durham 067A,Public order,Unable to prosecute suspect,
5092ba063a876cc33b2ccac4a3482dfa736b16165b04392e474fba46abebe191,2024-05,Durham Constabulary,Durham Constabulary,-2.083417,54.624639,On or near Market Place,E01034511,County Durham 067A,Violence and sexual offences,Awaiting court outcome,
645244b383310c3e5793b51769cabe089b8d35094ef29a5fad398a9875508e45,2024-05,Durham Constabulary,Durham Constabulary,-2.009222,54.593600,On or near Sennings Lane,E01034511,County Durham 067A,Violence and sexual offences,Unable to prosecute suspect,
2b7ae54d636ededcbf3e4a84d4e134e965b158a91a1b0bab3e7380ffb73138f3,2024-05,Durham Constabulary,Durham Constabulary,-2.079000,54.623096,On or near Town End,E01034511,County Durham 067A,Violence and sexual offences,Unable to prosecute suspect,
f3fdec9715d253146f81b01a047a7dac68d66cdc7994e9f11d81fcb8da80e7d4,2024-05,Durham Constabulary,Durham Constabulary,-2.094637,54.627578,On or near Stacks Lane,E01034511,County Durham 067A,Violence and sexual offences,Under investigation,
16d815e527ab797a73f24990af14eed342afcc8c02f0cb6c10ac259ee3710fc2,2024-05,Durham Constabulary,Durham Constabulary,-2.094637,54.627578,On or near Stacks Lane,E01034511,County Durham 067A,Other crime,Unable to prosecute suspect,
,2024-05,Durham Constabulary,Durham Constabulary,-1.988744,54.604447,On or near Parking Area,E01020857,County Durham 067B,Anti-social behaviour,,
0a51228d19ba8a0505dd82ddb691425effa1f82c9ddc3c254ac2efc922dbb53e,2024-05,Durham Constabulary,Durham Constabulary,-1.972801,54.554783,On or near Lartington Lane,E01020857,County Durham 067B,Burglary,Investigation complete; no suspect identified,
f170b7f68a246e6bb546397aa41c4b85f5b13ce7905a7e994a79c276c4c95c29,2024-05,Durham Constabulary,Durham Constabulary,-1.924449,54.565331,On or near Parking Area,E01020857,County Durham 067B,Criminal damage and arson,Unable to prosecute suspect,
fce7f56f32c8da0c03be14fd3bf9d60f193ade1c336ac9595b51cfcaedd4a335,2024-05,Durham Constabulary,Durham Constabulary,-1.997769,54.608725,On or near Folly Bank,E01020857,County Durham 067B,Criminal damage and arson,Investigation complete; no suspect identified,
11aff20e5b215398d157f61901958f2cac69c613e657e665eaeab682aacde6a0,2024-05,Durham Constabulary,Durham Constabulary,-1.924449,54.565331,On or near Parking Area,E01020857,County Durham 067B,Criminal damage and arson,Investigation complete; no suspect identified,
e8ddf9ee523f826c0914199c4ec4f26fd5a10a575eb8054e5324445ff6f5d522,2024-05,Durham Constabulary,Durham Constabulary,-1.981191,54.568157,On or near Fitzhugh Court,E01020857,County Durham 067B,Violence and sexual offences,Unable to prosecute suspect,
36bfc31bdd3593c05b28f6c6ea8032b2616d785980bceb8780b82cc0c7b53e15,2024-05,Durham Constabulary,Durham Constabulary,-1.894105,54.553878,On or near The Oval,E01020857,County Durham 067B,Violence and sexual offences,Unable to prosecute suspect,
08ecefd23ce06540ecc740e748ab5052fd9b7a251434babd157efb376efa2bb0,2024-05,Durham Constabulary,Durham Constabulary,-1.894105,54.553878,On or near The Oval,E01020857,County Durham 067B,Violence and sexual offences,Local resolution,
dcc99d7d67f1f92b6bdfe81edcc840d3332c967ca0514abea3b85b5e0839fee9,2024-05,Durham Constabulary,Durham Constabulary,-1.997769,54.608725,On or near Folly Bank,E01020857,County Durham 067B,Violence and sexual offences,Unable to prosecute suspect,
,2024-05,Durham Constabulary,Durham Constabulary,-1.922309,54.552272,On or near Bouch Way,E01020855,County Durham 067C,Anti-social behaviour,,
dd2a09ff40e7b29295d26c187da2166d6d5411870ac6ea2a5b6d632ea73e109a,2024-05,Durham Constabulary,Durham Constabulary,-1.922309,54.552272,On or near Bouch Way,E01020855,County Durham 067C,Burglary,Investigation complete; no suspect identified,
5e24bfbebe926ae42a40f439055aee328b26b7732c588c0710a1f7ef70e84e83,2024-05,Durham Constabulary,Durham Constabulary,-1.926214,54.547467,On or near Cecil Road,E01020855,County Durham 067C,Burglary,Investigation complete; no suspect identified,
e87afd75fef7bf0af7adf89c83781818eddf6b0a42870f883f75a39fc447c2b7,2024-05,Durham Constabulary,Durham Constabulary,-1.920227,54.549395,On or near Fairfield Road,E01020855,County Durham 067C,Violence and sexual offences,Unable to prosecute suspect,
afa4adb21446530b952e9daf0bb799f7bf6cef1a7945bf6c4068514b5c96f480,2024-05,Durham Constabulary,Durham Constabulary,-1.905645,54.551299,On or near Sledwick Court,E01020853,County Durham 067D,Burglary,Investigation complete; no suspect identified,
4c5a5bd643a5301941de999e19b17d55e83fade468004ec7d5965e8b94760333,2024-05,Durham Constabulary,Durham Constabulary,-1.915267,54.548412,On or near Bede Road,E01020853,County Durham 067D,Criminal damage and arson,Investigation complete; no suspect identified,
8f758118e85ab2e05bda5340a1b3860117255cdf902190f2506b9235111e023f,2024-05,Durham Constabulary,Durham Constabulary,-1.916437,54.550947,On or near Woodlands Road,E01020853,County Durham 067D,Criminal damage and arson,Unable to prosecute suspect,
b31d79217615392c73e78dfe268c03b81f0b26dd6733250b8cc53505a2427d96,2024-05,Durham Constabulary,Durham Constabulary,-1.912530,54.548869,On or near Petrol Station,E01020853,County Durham 067D,Other theft,Investigation complete; no suspect identified,
e265dd08cbcff5a189b3c07a9dea13d12212407a92f7f99d0c3b2e543207bbf0,2024-05,Durham Constabulary,Durham Constabulary,-1.916154,54.546957,On or near Hospital,E01020853,County Durham 067D,Other theft,Investigation complete; no suspect identified,
41b3f668298e9b56a3da055fee280f008b217a1f1ac6302b6a06f698f653e623,2024-05,Durham Constabulary,Durham Constabulary,-1.912530,54.548869,On or near Petrol Station,E01020853,County Durham 067D,Shoplifting,Unable to prosecute suspect,
6b97fc92f1039cbff052ea5f9969f6bdbaabb0308c80eb291b087aa1e400a8ee,2024-05,Durham Constabulary,Durham Constabulary,-1.909944,54.550592,On or near A688,E01020853,County Durham 067D,Shoplifting,Local resolution,
a7e2d049d3cd98c5beb69516d54873bdd583fb39811cca9715ba5d0908778f98,2024-05,Durham Constabulary,Durham Constabulary,-1.911306,54.550063,On or near Nickleby Close,E01020853,County Durham 067D,Violence and sexual offences,Unable to prosecute suspect,
,2024-05,Durham Constabulary,Durham Constabulary,-1.922616,54.544948,On or near Parking Area,E01020852,County Durham 067E,Anti-social behaviour,,
,2024-05,Durham Constabulary,Durham Constabulary,-1.916496,54.544666,On or near Dawson Road,E01020852,County Durham 067E,Anti-social behaviour,,
,2024-05,Durham Constabulary,Durham Constabulary,-1.915540,54.543371,On or near Crook Lane,E01020852,County Durham 067E,Anti-social behaviour,,
,2024-05,Durham Constabulary,Durham Constabulary,-1.916496,54.544666,On or near Dawson Road,E01020852,County Durham 067E,Anti-social behaviour,,
,2024-05,Durham Constabulary,Durham Constabulary,-1.922616,54.544948,On or near Parking Area,E01020852,County Durham 067E,Anti-social behaviour,,
f239c54da35c99679ea7f1938abef5c940539f156f446aa5d0aa8279a50fa480,2024-05,Durham Constabulary,Durham Constabulary,-1.914719,54.544305,On or near Kalafat,E01020852,County Durham 067E,Burglary,Further action is not in the public interest,
00f9600aa19d4c31ad8e547f0d68e0ae647cb3dea9f230c862d01d8f017ae7ab,2024-05,Durham Constabulary,Durham Constabulary,-1.915540,54.543371,On or near Crook Lane,E01020852,County Durham 067E,Criminal damage and arson,Investigation complete; no suspect identified,
3c2768222535c5701bbd0db80fa698e6f77501a83ff482739aa3e04db7607f64,2024-05,Durham Constabulary,Durham Constabulary,-1.922616,54.544948,On or near Parking Area,E01020852,County Durham 067E,Criminal damage and arson,Investigation complete; no suspect identified,
e5049f0d3cdb27600172addc9c63450dccac71992d46ad7386d54ca3d3c1103a,2024-05,Durham Constabulary,Durham Constabulary,-1.923200,54.543627,On or near Theatre/Concert Hall,E01020852,County Durham 067E,Criminal damage and arson,Investigation complete; no suspect identified,
ea80c297721a0a499579148c206c0476952aca153a7b8690a8305acae8b79280,2024-05,Durham Constabulary,Durham Constabulary,-1.918168,54.543121,On or near Wilson Street,E01020852,County Durham 067E,Criminal damage and arson,Investigation complete; no suspect identified,
6079ffe0c2d78271cb75a240a475c095ea31f6d6b4337b902ca243ae2ee72ae2,2024-05,Durham Constabulary,Durham Constabulary,-1.919655,54.541504,On or near Hepworths Yard,E01020852,County Durham 067E,Criminal damage and arson,Investigation complete; no suspect identified,
dad3b982d6772368be127b41367563ebbdb0c72c9845e8ab9bd8178b56b102d6,2024-05,Durham Constabulary,Durham Constabulary,-1.915540,54.543371,On or near Crook Lane,E01020852,County Durham 067E,Other theft,Local resolution,
b5ed90f7e640cdabe4a8a1fefb31b8f5f60448da180b91986540f2b994b7df7d,2024-05,Durham Constabulary,Durham Constabulary,-1.916818,54.545816,On or near Richardson Fields,E01020852,County Durham 067E,Other theft,Unable to prosecute suspect,
257b06adf7091f064d14127c7587eab61abf0c29e2e304bd46d160ae08a3953d,2024-05,Durham Constabulary,Durham Constabulary,-1.916818,54.545816,On or near Richardson Fields,E01020852,County Durham 067E,Other theft,Investigation complete; no suspect identified,
36fc6ec36d724c183f81a988bf041f5778d8096859f1f949962f1efe93942bef,2024-05,Durham Constabulary,Durham Constabulary,-1.915540,54.543371,On or near Crook Lane,E01020852,County Durham 067E,Other theft,Unable to prosecute suspect,
e2e3d6d1519fa0fde9b004bd0a29270d7ca98f77d1e7879490d30bc66b61ee12,2024-05,Durham Constabulary,Durham Constabulary,-1.916496,54.544666,On or near Dawson Road,E01020852,County Durham 067E,Public order,Unable to prosecute suspect,
ef2480dc393686902b995630e9aa82b4b2e4b4b9d49fc199104e6bbf0fa5bb6b,2024-05,Durham Constabulary,Durham Constabulary,-1.913602,54.546191,On or near Sherwood Close,E01020852,County Durham 067E,Public order,Awaiting court outcome,
85a9a9c77e095b515f39289f09d00a10661f0ad0a5615fcc1d3b0efb0215bf19,2024-05,Durham Constabulary,Durham Constabulary,-1.922616,54.544948,On or near Parking Area,E01020852,County Durham 067E,Public order,Investigation complete; no suspect identified,
6d8ca976d276ad4fb07161d316df0caf13f1c12b0ceb18369f9af81a769e2739,2024-05,Durham Constabulary,Durham Constabulary,-1.924226,54.544033,On or near Horse Market,E01020852,County Durham 067E,Public order,Investigation complete; no suspect identified,
475a803f903dcb28b09b90672df7f92dbd8f261a75946751da1c5e75c4a33b27,2024-05,Durham Constabulary,Durham Constabulary,-1.922616,54.544948,On or near Parking Area,E01020852,County Durham 067E,Shoplifting,Investigation complete; no suspect identified,
a5725585336aeadcb5f96deac551975b8a6bd778d7c47bedd833279e37a06ac4,2024-05,Durham Constabulary,Durham Constabulary,-1.923901,54.544023,On or near Supermarket,E01020852,County Durham 067E,Shoplifting,Awaiting court outcome,
24cedae8f340a7bb44e7169ae130284aae6e47b1bea1f565cfb164a1194e543a,2024-05,Durham Constabulary,Durham Constabulary,-1.922616,54.544948,On or near Parking Area,E01020852,County Durham 067E,Shoplifting,Awaiting court outcome,
d0ef1d9f473d436007cc5db2370a8352abda498d351b8f652f0910707f17e82f,2024-05,Durham Constabulary,Durham Constabulary,-1.923901,54.544023,On or near Supermarket,E01020852,County Durham 067E,Shoplifting,Further investigation is not in the public interest,
57f0af2bd9cf4941404b83da2f50235ba7edad2b63d700262f197cc1d201bc23,2024-05,Durham Constabulary,Durham Constabulary,-1.923901,54.544023,On or near Supermarket,E01020852,County Durham 067E,Shoplifting,Further action is not in the public interest,
39a07b06fcd847b31ddd859fd0cf6ae28a5670a51455b6c9ca9faac031f93b15,2024-05,Durham Constabulary,Durham Constabulary,-1.923901,54.544023,On or near Supermarket,E01020852,County Durham 067E,Shoplifting,Further investigation is not in the public interest,
8cdd00058f36db06608936a771e3dc86c9c5d93302448d195569c9a29b2805c5,2024-05,Durham Constabulary,Durham Constabulary,-1.923901,54.544023,On or near Supermarket,E01020852,County Durham 067E,Shoplifting,Formal action is not in the public interest,
670ff97d9dde7582daacea7e2943173ad4f452ad42c9114e664800637522f5fa,2024-05,Durham Constabulary,Durham Constabulary,-1.923901,54.544023,On or near Supermarket,E01020852,County Durham 067E,Shoplifting,Awaiting court outcome,
c10a657fbdc09a99848882bae6e52d005310b73b460f8c4c28c18013cdf64b4a,2024-05,Durham Constabulary,Durham Constabulary,-1.923901,54.544023,On or near Supermarket,E01020852,County Durham 067E,Shoplifting,Investigation complete; no suspect identified,
fe9267347f7e900c140c01aa61cffb40c6dab59ca7332b65afb8db67aa0821a1,2024-05,Durham Constabulary,Durham Constabulary,-1.923901,54.544023,On or near Supermarket,E01020852,County Durham 067E,Shoplifting,Further investigation is not in the public interest,
0387d290a4d287054b987302a131eea350a20b7074b14fed421ab21432e906b9,2024-05,Durham Constabulary,Durham Constabulary,-1.922616,54.544948,On or near Parking Area,E01020852,County Durham 067E,Shoplifting,Awaiting court outcome,
cba0297fc5c8565fdc094f77a4f1685120f79da0609ed762685bcc267181df26,2024-05,Durham Constabulary,Durham Constabulary,-1.922616,54.544948,On or near Parking Area,E01020852,County Durham 067E,Shoplifting,Unable to prosecute suspect,
a48f447330b4579be45264346ef450b5632fe893726d82a0c07f790cd2989bf8,2024-05,Durham Constabulary,Durham Constabulary,-1.913602,54.546191,On or near Sherwood Close,E01020852,County Durham 067E,Violence and sexual offences,Unable to prosecute suspect,
258607858d61823c1208323f60121f30c91c6c86a135bdf7f2753f1587ab4fb0,2024-05,Durham Constabulary,Durham Constabulary,-1.916496,54.544666,On or near Dawson Road,E01020852,County Durham 067E,Violence and sexual offences,Investigation complete; no suspect identified,
d89047ca709609851a3c0ea6760d8c7d741619d545a4804ec54e8d63edefc8b7,2024-05,Durham Constabulary,Durham Constabulary,-1.924226,54.544033,On or near Horse Market,E01020852,County Durham 067E,Violence and sexual offences,Investigation complete; no suspect identified,
e2e20e6dbdcdee250974c020509a9edbe304144162dc66af49f3ce3bcb176a17,2024-05,Durham Constabulary,Durham Constabulary,-1.920720,54.542161,On or near Wood Street,E01020852,County Durham 067E,Violence and sexual offences,Unable to prosecute suspect,
2e362890aa31008683917f3df74745082a45c0f91980e90e6b5c37395240ca13,2024-05,Durham Constabulary,Durham Constabulary,-1.916818,54.545816,On or near Richardson Fields,E01020852,County Durham 067E,Violence and sexual offences,Unable to prosecute suspect,
c5bc40098778a4380a9cb0c5dfc08ac61a6c8f43ae625e10f6e8c40bc3108d58,2024-05,Durham Constabulary,Durham Constabulary,-1.922312,54.542477,On or near Parking Area,E01020852,County Durham 067E,Other crime,Unable to prosecute suspect,
,2024-05,Durham Constabulary,Durham Constabulary,-1.926757,54.537195,On or near Church Bank,E01020854,County Durham 067F,Anti-social behaviour,,
db325bf4a00f730cad1811777782124b52d0bbf3a7c6bc0e719a351af9b9671b,2024-05,Durham Constabulary,Durham Constabulary,-1.921176,54.546520,On or near Galgate,E01020854,County Durham 067F,Burglary,Under investigation,
de2c4bf350c6815734cdc663e9f682310f0e9471d5d01f6621d238fccd75f600,2024-05,Durham Constabulary,Durham Constabulary,-1.923842,54.542747,On or near Market Place,E01020854,County Durham 067F,Burglary,Awaiting court outcome,
6bfc8057d45025433aaadd61b1d20841b3ac35acb162e330862c42d7755fce8c,2024-05,Durham Constabulary,Durham Constabulary,-1.923372,54.546081,On or near Marshall Street,E01020854,County Durham 067F,Burglary,Further action is not in the public interest,
e6211a2309c3a22f1200108e5282e4ec382a8976fe02f2e3220325020229d7fa,2024-05,Durham Constabulary,Durham Constabulary,-1.922274,54.546026,On or near Baliol Street,E01020854,County Durham 067F,Criminal damage and arson,Unable to prosecute suspect,
58aac43aa945ac867195caa636af013d24ce2816859b18853c518289e2e0112a,2024-05,Durham Constabulary,Durham Constabulary,-1.923842,54.542747,On or near Market Place,E01020854,County Durham 067F,Other theft,Investigation complete; no suspect identified,
0a8891b946d94cb3fa8f8a13247f697890324a3d2f2452730f9ae565d0bfb261,2024-05,Durham Constabulary,Durham Constabulary,-1.923842,54.542747,On or near Market Place,E01020854,County Durham 067F,Shoplifting,Unable to prosecute suspect,
875f8c9a248f2daf420cf962f193719921337d836ceacdcbf5bcfd08721d712e,2024-05,Durham Constabulary,Durham Constabulary,-1.924643,54.544159,On or near Shopping Area,E01020854,County Durham 067F,Shoplifting,Investigation complete; no suspect identified,
6e6dce843c204829fbd50b21af0f68f102a3b32c127b4d9de247b123698cabb5,2024-05,Durham Constabulary,Durham Constabulary,-1.934491,54.543023,On or near Burnhope Way,E01020854,County Durham 067F,Vehicle crime,Investigation complete; no suspect identified,
816a605eb9937906f7f53469e3470424db787421b03d94634a19957ad0fb6e7a,2024-05,Durham Constabulary,Durham Constabulary,-1.925754,54.545175,On or near Flatts Road,E01020854,County Durham 067F,Vehicle crime,Investigation complete; no suspect identified,
ccff92bafb5fef8e2cf9de2544dfa94dd52c566f14b9ea26423ed7b952171c19,2024-05,Durham Constabulary,Durham Constabulary,-1.924559,54.539449,On or near Thorngate Place,E01020854,County Durham 067F,Violence and sexual offences,Unable to prosecute suspect,
b4af17b202362ff305ac36e2f0b274ad37e2e1a94138e98f4ed0f9281470c992,2024-05,Durham Constabulary,Durham Constabulary,-1.924717,54.545983,On or near Farmers Way,E01020854,County Durham 067F,Violence and sexual offences,Investigation complete; no suspect identified,
128483a4976662779ff0ecd785316688d4355e735b3fdc067aaf1223a7274ed2,2024-05,Durham Constabulary,Durham Constabulary,-1.934851,54.540183,On or near Dark Lane,E01020854,County Durham 067F,Violence and sexual offences,Unable to prosecute suspect,
c37b645d06349b918baa37c6a8521f31bcdc61f7e5deabb3672f51574c5df951,2024-05,Durham Constabulary,Durham Constabulary,-1.924717,54.545983,On or near Farmers Way,E01020854,County Durham 067F,Violence and sexual offences,Investigation complete; no suspect identified,
286f726b4e931aac8a0967baebf80dc226cf4d6eec97af43c751b11907229e79,2024-05,Durham Constabulary,Durham Constabulary,-1.934491,54.543023,On or near Burnhope Way,E01020854,County Durham 067F,Violence and sexual offences,Action to be taken by another organisation,
c75b5db30027c92c9d488835eb022f14a10b05ea57ba8f535ed3c8cffa51cb09,2024-05,Durham Constabulary,Durham Constabulary,-1.934491,54.543023,On or near Burnhope Way,E01020854,County Durham 067F,Violence and sexual offences,Action to be taken by another organisation,
8af5020828674b66def65e90cf669b0e37066eec5634a0c9a77484c02b87b0b9,2024-05,Durham Constabulary,Durham Constabulary,-1.924559,54.539449,On or near Thorngate Place,E01020854,County Durham 067F,Violence and sexual offences,Unable to prosecute suspect,
323c046a577be87967296fb446cb6a76294833140a45fd026fdac17d28adc2cd,2024-05,Durham Constabulary,Durham Constabulary,-1.934491,54.543023,On or near Burnhope Way,E01020854,County Durham 067F,Violence and sexual offences,Under investigation,
ac668a99a0e23595ecbbb08302267e0821e69f14bf3c99c3246c3c52396f4487,2024-05,Durham Constabulary,Durham Constabulary,-1.923372,54.546081,On or near Marshall Street,E01020854,County Durham 067F,Violence and sexual offences,Unable to prosecute suspect,
e4fdc927f322c9e974b68da76c90c41f182ef6d985c7b461338d324810ce29e7,2024-05,Durham Constabulary,Durham Constabulary,-1.934491,54.543023,On or near Burnhope Way,E01020854,County Durham 067F,Violence and sexual offences,Unable to prosecute suspect,
1169e07658f1a5377e73149bb580258fb5f7e3466931808e459f0ac6d4785db2,2024-05,Durham Constabulary,Durham Constabulary,-1.924643,54.544159,On or near Shopping Area,E01020854,County Durham 067F,Violence and sexual offences,Investigation complete; no suspect identified,
916188d34ba8e69bb973a97150f88419cb183c907b1f435695917035d9b3e703,2024-05,Durham Constabulary,Durham Constabulary,-1.934851,54.540183,On or near Dark Lane,E01020854,County Durham 067F,Violence and sexual offences,Unable to prosecute suspect,
ab31c9974a7a2e548e4707d765a5f16a5251aebfa00e38fd40162b6f4255e868,2024-05,Durham Constabulary,Durham Constabulary,-1.934491,54.543023,On or near Burnhope Way,E01020854,County Durham 067F,Violence and sexual offences,Unable to prosecute suspect,
1a7ccf362786c2091a18f92cee7f1e54ad7152862b7d4597a70f0ccda95c38d0,2024-05,Durham Constabulary,Durham Constabulary,-1.934491,54.543023,On or near Burnhope Way,E01020854,County Durham 067F,Violence and sexual offences,Unable to prosecute suspect,
7623e41271c1a30f5c3a1fd3a46cc4d38aeaa1b16ac02e0e998332fac20edf20,2024-05,Durham Constabulary,Durham Constabulary,-1.934491,54.543023,On or near Burnhope Way,E01020854,County Durham 067F,Other crime,Action to be taken by another organisation,
cafe6562a0911fcd33a94a4457c4abaa85e0fa08ccf0387189494d269f8a7092,2024-05,Durham Constabulary,Durham Constabulary,-1.934491,54.543023,On or near Burnhope Way,E01020854,County Durham 067F,Other crime,Under investigation,
e52d1b402993449211a31a6b1b94575d8b7f44a4df59cf9e663a5b1f4eedda01,2024-05,Durham Constabulary,Durham Constabulary,-1.922274,54.546026,On or near Baliol Street,E01020854,County Durham 067F,Other crime,Unable to prosecute suspect,
,2024-05,Durham Constabulary,Durham Constabulary,-1.949121,54.524418,On or near West Lane,E01020863,County Durham 067G,Anti-social behaviour,,
bcd122931e7e363ae8a90fb78f2bb00faaaf56fd542f0aae8cd7cbfb333cfbf0,2024-05,Durham Constabulary,Durham Constabulary,-1.873152,54.524884,On or near Mortham Lane,E01020863,County Durham 067G,Burglary,Investigation complete; no suspect identified,
e545cf8a0148bcd7fbe9f4908802b59efca1c545688077a98772b25697a8e98d,2024-05,Durham Constabulary,Durham Constabulary,-1.871070,54.489069,On or near Norbeck Bank,E01020863,County Durham 067G,Burglary,Investigation complete; no suspect identified,
f3c3fd8334c750393c8dae2fc99b6f91305de4ab65030a9aa3fedd908cb0f08d,2024-05,Durham Constabulary,Durham Constabulary,-1.804838,54.507107,On or near Parking Area,E01020863,County Durham 067G,Other theft,Investigation complete; no suspect identified,
9972da6e2fa0a435db4eeae72a207f302e062bf12bca08f0d0b1527c42002793,2024-05,Durham Constabulary,Durham Constabulary,-1.787199,54.531504,On or near Ovington Lane,E01020863,County Durham 067G,Possession of weapons,Action to be taken by another organisation,
94f18fe104a67f566d7b1776f78b8db4649bc12b77ba9b714b03987da6c483fa,2024-05,Durham Constabulary,Durham Constabulary,-1.946715,54.497511,On or near Stang Lane,E01020863,County Durham 067G,Public order,Investigation complete; no suspect identified,
,2024-05,Durham Constabulary,Durham Constabulary,-1.638987,54.575736,On or near Walworth Road,E01012334,Darlington 001B,Anti-social behaviour,,
,2024-05,Durham Constabulary,Durham Constabulary,-1.655289,54.590846,On or near Houghton Lane,E01012334,Darlington 001B,Anti-social behaviour,,
485edab451ac37cc0d4f7329ffad289a3dd07b17fbd706a1437f0bf82a3e10f2,2024-05,Durham Constabulary,Durham Constabulary,-1.616441,54.523786,On or near Nursery Lane,E01012334,Darlington 001B,Burglary,Investigation complete; no suspect identified,
682431272461890c0a37fba1b0549ec7a27af0bf4fcc5c36279f2e2f11be7662,2024-05,Durham Constabulary,Durham Constabulary,-1.636661,54.529375,On or near Parking Area,E01012334,Darlington 001B,Burglary,Investigation complete; no suspect identified,
238c09ae30fa4f82237e9b025a683bd2282827eefa9cd266c7ed2e9e76a1e655,2024-05,Durham Constabulary,Durham Constabulary,-1.636661,54.529375,On or near Parking Area,E01012334,Darlington 001B,Burglary,Investigation complete; no suspect identified,
2c6dae947b1db0bad688c468dc75c874dcdb154533c0bf6a05c4f53bbdab1aff,2024-05,Durham Constabulary,Durham Constabulary,-1.630684,54.604388,On or near High Road,E01012334,Darlington 001B,Criminal damage and arson,Under investigation,
2e7556df215c4e891587f4e0a3ec0fb8ad52d6179a253fa36f4dd37fad68e65c,2024-05,Durham Constabulary,Durham Constabulary,-1.588723,54.609897,On or near School Aycliffe Lane,E01012334,Darlington 001B,Criminal damage and arson,Investigation complete; no suspect identified,
30c3de0dadfe34d6458bde59f43a366b2a65eafe84277b4d608d1e9543d2deef,2024-05,Durham Constabulary,Durham Constabulary,-1.687506,54.566776,On or near Raby Chase,E01012334,Darlington 001B,Drugs,Investigation complete; no suspect identified,
3375cefc20d050b88477a49bf8e14058ef34f4ca95e52ea0f1051c6a18f03b3a,2024-05,Durham Constabulary,Durham Constabulary,-1.687506,54.566776,On or near Raby Chase,E01012334,Darlington 001B,Drugs,Further investigation is not in the public interest,
c75b09542cc2b38222dd15ab3cc1f5eef69bf32152e8456814f14de103d45b4d,2024-05,Durham Constabulary,Durham Constabulary,-1.645077,54.565716,On or near Walworth Road,E01012334,Darlington 001B,Other theft,Under investigation,
8ad42be865374ea2742edbf79683ee8c373206ff45c1d1b10e735775ed70ce9e,2024-05,Durham Constabulary,Durham Constabulary,-1.630684,54.604388,On or near High Road,E01012334,Darlington 001B,Vehicle crime,Unable to prosecute suspect,
ce9b7b9eb47c0584f957d17109692679fd219df4b1e65a323ea4bb65f7c3c8c0,2024-05,Durham Constabulary,Durham Constabulary,-1.616441,54.523786,On or near Nursery Lane,E01012334,Darlington 001B,Violence and sexual offences,Unable to prosecute suspect,
6e6363dce0a201fc8414b3161ce39116ba10a1a3639873f62a9bf6efe2b30b56,2024-05,Durham Constabulary,Durham Constabulary,-1.601749,54.604602,On or near Elderberry Close,E01012334,Darlington 001B,Violence and sexual offences,Local resolution,
e3d1b279aa4780f68eea57184eeee3fb1d9a35654c9875d70ea7d6ef4eec5243,2024-05,Durham Constabulary,Durham Constabulary,-1.636661,54.529375,On or near Parking Area,E01012334,Darlington 001B,Violence and sexual offences,Investigation complete; no suspect identified,
1886e2511771bf0fb085562ddbce77006b7d4789bcb80919ac4597738d56a63f,2024-05,Durham Constabulary,Durham Constabulary,-1.630684,54.604388,On or near High Road,E01012334,Darlington 001B,Violence and sexual offences,Investigation complete; no suspect identified,
7b44c4f31f65ed446f04000f0990572d6c9b52e7060af018c75c8c740fca59a5,2024-05,Durham Constabulary,Durham Constabulary,-1.615364,54.519972,On or near Gate Lane,E01012334,Darlington 001B,Violence and sexual offences,Offender given a caution,
d74fd1927f086a4f6c6f0aff3a155c2dd6e90373a2398c8b6ee0b8bd7552f15c,2024-05,Durham Constabulary,Durham Constabulary,-1.595458,54.605219,On or near Magnolia Close,E01012334,Darlington 001B,Violence and sexual offences,Unable to prosecute suspect,
ee28eeff270024db5bf2161558229b8f87d2a77b6cddbfe48c5519349753e267,2024-05,Durham Constabulary,Durham Constabulary,-1.615364,54.519972,On or near Gate Lane,E01012334,Darlington 001B,Violence and sexual offences,Unable to prosecute suspect,
945b7e74dfd37519f0e2e4106f756585dd3e1673abf07e1bf7398f8fadf36868,2024-05,Durham Constabulary,Durham Constabulary,-1.611907,54.521752,On or near Parking Area,E01012334,Darlington 001B,Other crime,Unable to prosecute suspect,
,2024-05,Durham Constabulary,Durham Constabulary,-1.612215,54.597968,On or near Kieran Maxwell Lane,E01012335,Darlington 001C,Anti-social behaviour,,
13421a326fcde38872f77226ca991a4d7ff6fc098b9a870459298a847c9e812c,2024-05,Durham Constabulary,Durham Constabulary,-1.623456,54.595855,On or near Greenhill Road,E01012335,Darlington 001C,Other theft,Investigation complete; no suspect identified,
ae40b0d4701ef707b8966b5381ca0146c2b112306ad454ade1ff4af56551cb56,2024-05,Durham Constabulary,Durham Constabulary,-1.622197,54.596436,On or near Highside Road,E01012335,Darlington 001C,Vehicle crime,Investigation complete; no suspect identified,
dcb5d7e3e4a0477219e123dee8c0984214503e4f399f19fa1b0fb121a5a28b70,2024-05,Durham Constabulary,Durham Constabulary,-1.618253,54.596127,On or near The Courtine,E01012335,Darlington 001C,Violence and sexual offences,Unable to prosecute suspect,
,2024-05,Durham Constabulary,Durham Constabulary,-1.497505,54.518956,On or near Parking Area,E01012366,Darlington 001D,Anti-social behaviour,,
,2024-05,Durham Constabulary,Durham Constabulary,-1.437326,54.585850,On or near Town Farm Close,E01012366,Darlington 001D,Anti-social behaviour,,
,2024-05,Durham Constabulary,Durham Constabulary,-1.435160,54.585822,On or near Church View,E01012366,Darlington 001D,Anti-social behaviour,,
dcb7529f015765cb5ee8055297f9b58f7f194962eca1008d74793e89bf12327e,2024-05,Durham Constabulary,Durham Constabulary,-1.472550,54.542207,On or near Roseberry View,E01012366,Darlington 001D,Burglary,Investigation complete; no suspect identified,
9ef86ee4c39caa6a05e462066e00869e796b0c37aff0aaf0312ce60bb2f3698e,2024-05,Durham Constabulary,Durham Constabulary,-1.553651,54.580574,On or near Brafferton Lane,E01012366,Darlington 001D,Criminal damage and arson,Investigation complete; no suspect identified,
829fd9dea1a2d21b71a99526a0d735c255a673b04a1cfdcc8d1e9d17ac4bec53,2024-05,Durham Constabulary,Durham Constabulary,-1.553651,54.580574,On or near Brafferton Lane,E01012366,Darlington 001D,Criminal damage and arson,Investigation complete; no suspect identified,
e8924cbf6c91d304386827120cae33f733e2a164a3b0055574559573d3d0b5dc,2024-05,Durham Constabulary,Durham Constabulary,-1.549203,54.561658,On or near Beaumont Hill,E01012366,Darlington 001D,Criminal damage and arson,Unable to prosecute suspect,
e6e930fdd44396913becaf13230e88f217485452b428df97f7aac22e2c6df494,2024-05,Durham Constabulary,Durham Constabulary,-1.497505,54.518956,On or near Parking Area,E01012366,Darlington 001D,Criminal damage and arson,Investigation complete; no suspect identified,
f59485ec815073b7b571bc786f68468c73db2fdeb56fbd5e1b5019269985823b,2024-05,Durham Constabulary,Durham Constabulary,-1.434529,54.583231,On or near Petrol Station,E01012366,Darlington 001D,Criminal damage and arson,Under investigation,
7b7d059b1752081a37b1f8a5c0484882b44d8383864eda293d6dbc77b236e5bb,2024-05,Durham Constabulary,Durham Constabulary,-1.497505,54.518956,On or near Parking Area,E01012366,Darlington 001D,Criminal damage and arson,Investigation complete; no suspect identified,
849209b1cd530b76219a6b135c6bc9180a2c3cbca31fec3bea5541b14adeb436,2024-05,Durham Constabulary,Durham Constabulary,-1.549020,54.559995,On or near Beaumont Hill,E01012366,Darlington 001D,Drugs,Offender given a caution,
b95355e5011543f9a2c1a7141e3cb721d6a0c64224f8041ed15213d4bcdb0527,2024-05,Durham Constabulary,Durham Constabulary,-1.497505,54.518956,On or near Parking Area,E01012366,Darlington 001D,Drugs,Awaiting court outcome,
8b29b6c8fb9e211e028edc20ef9e61c2a9d12b42b62c1845b6fab7c879b86f61,2024-05,Durham Constabulary,Durham Constabulary,-1.497505,54.518956,On or near Parking Area,E01012366,Darlington 001D,Other theft,Unable to prosecute suspect,
3bad10534df89ffb82b1fefef22fe3f0d3786d975b042688f9d94fc2826d0cda,2024-05,Durham Constabulary,Durham Constabulary,-1.466752,54.548256,On or near Norton Back Lane,E01012366,Darlington 001D,Other theft,Investigation complete; no suspect identified,
23632e683ed381fa920f89c6371472dbc432cc2d1e273bc12a1b4544d222f49c,2024-05,Durham Constabulary,Durham Constabulary,-1.497505,54.518956,On or near Parking Area,E01012366,Darlington 001D,Other theft,Further investigation is not in the public interest,
3ce402fc7ffb2454c8ee91877691d2a729885574bcb34dc896f6d21d797aa869,2024-05,Durham Constabulary,Durham Constabulary,-1.473639,54.546480,On or near The Orchard,E01012366,Darlington 001D,Other theft,Under investigation,
491eac9df1caab5ffd62c90d8f81eea194cd0575a10f8d398a299d322b57c51a,2024-05,Durham Constabulary,Durham Constabulary,-1.558710,54.579155,On or near Coatham Lane,E01012366,Darlington 001D,Other theft,Offender given a caution,
c1617b0db361fe4952fa5232f912c5e91c87efb8c57e2a2fb18eec177f19ef72,2024-05,Durham Constabulary,Durham Constabulary,-1.497505,54.518956,On or near Parking Area,E01012366,Darlington 001D,Other theft,Investigation complete; no suspect identified,
e6e4e8552b3f132a0fd8badfcc7a8cec8ac0f6c49315cf75f0cc8f30759b74f7,2024-05,Durham Constabulary,Durham Constabulary,-1.497505,54.518956,On or near Parking Area,E01012366,Darlington 001D,Other theft,Under investigation,
cf51d409c62e6f7a0f131114a9eb32a40688490e34a416733190373ef3690cb6,2024-05,Durham Constabulary,Durham Constabulary,-1.497505,54.518956,On or near Parking Area,E01012366,Darlington 001D,Other theft,Investigation complete; no suspect identified,
0b62c627f9a1fe8e334eb2d9e3b68d790a3efce74693cf42214818c670a6f9de,2024-05,Durham Constabulary,Durham Constabulary,-1.557052,54.579418,On or near A167,E01012366,Darlington 001D,Public order,Unable to prosecute suspect,
01cc9ceea5bff8c78afbcd878c22d74f16af505b2620f278c06b9db44ac09283,2024-05,Durham Constabulary,Durham Constabulary,-1.507873,54.542984,On or near Sports/Recreation Area,E01012366,Darlington 001D,Public order,Unable to prosecute suspect,
104991172e5af8df9d9abd323922d9a08d7a430f5fd61e8c209d005e1ac9d5e0,2024-05,Durham Constabulary,Durham Constabulary,-1.557052,54.579418,On or near A167,E01012366,Darlington 001D,Public order,Under investigation,
60d7c39fa026358b175da08af1aaf7154bc8afb526bfd694bcc28606e127ee86,2024-05,Durham Constabulary,Durham Constabulary,-1.557052,54.579418,On or near A167,E01012366,Darlington 001D,Public order,Unable to prosecute suspect,
e64bff1de33b24feefe90bb15fc467dd8cfc6eac34a6ca193c21710344a39c78,2024-05,Durham Constabulary,Durham Constabulary,-1.497505,54.518956,On or near Parking Area,E01012366,Darlington 001D,Shoplifting,Investigation complete; no suspect identified,
c1000051d781ca802b6e13851c725167a88a0c25fb9ddc7f78f9598805d883b8,2024-05,Durham Constabulary,Durham Constabulary,-1.497505,54.518956,On or near Parking Area,E01012366,Darlington 001D,Shoplifting,Investigation complete; no suspect identified,
cbcdd752dfeaf34efffcaf8375f63f368782a75061549eb947f78e26722f653a,2024-05,Durham Constabulary,Durham Constabulary,-1.497505,54.518956,On or near Parking Area,E01012366,Darlington 001D,Shoplifting,Investigation complete; no suspect identified,
51302cd8ed6abbc0f53ebc7c2d0056c5a542d2537ed0d9a97971c3c740e47d08,2024-05,Durham Constabulary,Durham Constabulary,-1.497505,54.518956,On or near Parking Area,E01012366,Darlington 001D,Shoplifting,Investigation complete; no suspect identified,
98bfdf9a6dc46065bc502b1bddc51e6ff6f9ec09e2764dff146ac3f73dccdd14,2024-05,Durham Constabulary,Durham Constabulary,-1.497505,54.518956,On or near Parking Area,E01012366,Darlington 001D,Shoplifting,Investigation complete; no suspect identified,
652c8a4f12e32551a1c8630639da6f12dfb055a4e5f641d698708fd79ed00990,2024-05,Durham Constabulary,Durham Constabulary,-1.497505,54.518956,On or near Parking Area,E01012366,Darlington 001D,Shoplifting,Investigation complete; no suspect identified,
1a15bb66a085d591673a7269beba5a33a3a4285b6d6d65b16493a57c01ef6bb0,2024-05,Durham Constabulary,Durham Constabulary,-1.472550,54.542207,On or near Roseberry View,E01012366,Darlington 001D,Vehicle crime,Investigation complete; no suspect identified,
fdfe4a78a61d4d2ec6b7ec1f499ec19baf1b0312d436f55c09e59c450a1ea19f,2024-05,Durham Constabulary,Durham Constabulary,-1.558710,54.579155,On or near Coatham Lane,E01012366,Darlington 001D,Vehicle crime,Investigation complete; no suspect identified,
ba140673c2e9ff598303283db897fc252a72e1861785baf24d08c4336952ed25,2024-05,Durham Constabulary,Durham Constabulary,-1.478904,54.591869,On or near Glebe Road,E01012366,Darlington 001D,Violence and sexual offences,Unable to prosecute suspect,
75578ecf5b1c614e562380b861e63821388f9cda3567e41d41cda18aab208a90,2024-05,Durham Constabulary,Durham Constabulary,-1.497505,54.518956,On or near Parking Area,E01012366,Darlington 001D,Violence and sexual offences,Unable to prosecute suspect,
2013583199735d55928fd9a9c98d29499b5583f250b71200a9ade8498a01f07f,2024-05,Durham Constabulary,Durham Constabulary,-1.558710,54.579155,On or near Coatham Lane,E01012366,Darlington 001D,Violence and sexual offences,Unable to prosecute suspect,
12b3bc1f334bc0040a3f810ca48c0bbb01c8c54c407dec8b8685b58a4022908d,2024-05,Durham Constabulary,Durham Constabulary,-1.497505,54.518956,On or near Parking Area,E01012366,Darlington 001D,Violence and sexual offences,Unable to prosecute suspect,
7cd62086b882a94a35946f90a7a15e655b898d9a6f22b59544c7b6c36d728f20,2024-05,Durham Constabulary,Durham Constabulary,-1.497505,54.518956,On or near Parking Area,E01012366,Darlington 001D,Violence and sexual offences,Investigation complete; no suspect identified,
,2024-05,Durham Constabulary,Durham Constabulary,-1.590667,54.544218,On or near Teeswater,E01033481,Darlington 001E,Anti-social behaviour,,
,2024-05,Durham Constabulary,Durham Constabulary,-1.583460,54.544598,On or near Bleath Ghyll,E01033481,Darlington 001E,Anti-social behaviour,,
,2024-05,Durham Constabulary,Durham Constabulary,-1.590667,54.544218,On or near Teeswater,E01033481,Darlington 001E,Anti-social behaviour,,
,2024-05,Durham Constabulary,Durham Constabulary,-1.590142,54.548764,On or near Turf Close,E01033481,Darlington 001E,Anti-social behaviour,,
bb66cb5f48c389bfe241ad332a6e62935d2d3a4c1d04c3439956a94f89cb2a53,2024-05,Durham Constabulary,Durham Constabulary,-1.591698,54.544671,On or near Colpitts Lane,E01033481,Darlington 001E,Other theft,Investigation complete; no suspect identified,
39efcb6460a17386f2fa67a72ab6a277c12b3d52a15b779f4a22e5566546515d,2024-05,Durham Constabulary,Durham Constabulary,-1.601615,54.546969,On or near Newton Lane,E01033481,Darlington 001E,Other theft,Investigation complete; no suspect identified,
555e9969ec54e8f928814e88c281d89689e2fa8061c0bce6521275c1eb309394,2024-05,Durham Constabulary,Durham Constabulary,-1.583460,54.544598,On or near Bleath Ghyll,E01033481,Darlington 001E,Public order,Investigation complete; no suspect identified,
41e45eef3fef9641a758f60ab1e455dca33ed67c0cb42a1239bdfe159a845671,2024-05,Durham Constabulary,Durham Constabulary,-1.587035,54.547244,On or near Supermarket,E01033481,Darlington 001E,Shoplifting,Investigation complete; no suspect identified,
92360de4971b41547905aa24baf88ecf1daafb27cd60369c5030608dbbdfe9c5,2024-05,Durham Constabulary,Durham Constabulary,-1.590667,54.544218,On or near Teeswater,E01033481,Darlington 001E,Violence and sexual offences,Formal action is not in the public interest,
6bdc716707944c4adb3f2ca238ad6035a2dae7ce19de57cc9998868f98f8730f,2024-05,Durham Constabulary,Durham Constabulary,-1.590667,54.544218,On or near Teeswater,E01033481,Darlington 001E,Violence and sexual offences,Investigation complete; no suspect identified,
13a4c15aa5128d70b91f88ea68163afe08ccc1279b9bfbbcbad121d10327396f,2024-05,Durham Constabulary,Durham Constabulary,-1.590667,54.544218,On or near Teeswater,E01033481,Darlington 001E,Violence and sexual offences,Unable to prosecute suspect,
6896af3548afd83b6a7abd0dcb2f01808f4cd58c880977f51c02ca6323260058,2024-05,Durham Constabulary,Durham Constabulary,-1.590667,54.544218,On or near Teeswater,E01033481,Darlington 001E,Violence and sexual offences,Formal action is not in the public interest,
7c39c7b2b56ed4d22f4eb43fddf37a4952e9a7c176402f575a9601495142877a,2024-05,Durham Constabulary,Durham Constabulary,-1.590667,54.544218,On or near Teeswater,E01033481,Darlington 001E,Violence and sexual offences,Action to be taken by another organisation,
b2f60ff6ff18216ab1461ffc06c3671087285916698eda8020ce4733de4a01d6,2024-05,Durham Constabulary,Durham Constabulary,-1.590667,54.544218,On or near Teeswater,E01033481,Darlington 001E,Violence and sexual offences,Action to be taken by another organisation,
8ac8dfd896cae37315d3e8b995f3a3ded646050cfee4ed4af8e89cb3eac1b584,2024-05,Durham Constabulary,Durham Constabulary,-1.590667,54.544218,On or near Teeswater,E01033481,Darlington 001E,Violence and sexual offences,Unable to prosecute suspect,
d44d168fbac656538c92858e8115cb946528930f8a29586283702d2c5a2209ce,2024-05,Durham Constabulary,Durham Constabulary,-1.591066,54.546017,On or near Collingsway,E01033481,Darlington 001E,Violence and sexual offences,Action to be taken by another organisation,
5081285b76d87d2d516f1ae2fb9322a4ecb09484bde0a7e46e230f2124ecdf9d,2024-05,Durham Constabulary,Durham Constabulary,-1.590667,54.544218,On or near Teeswater,E01033481,Darlington 001E,Violence and sexual offences,Unable to prosecute suspect,
b0a8b7951615994f27b1333a0d5b16367659ea38f86890c0e3c9f93ed0eca653,2024-05,Durham Constabulary,Durham Constabulary,-1.590667,54.544218,On or near Teeswater,E01033481,Darlington 001E,Violence and sexual offences,Unable to prosecute suspect,
e47215adbaf55a5c0a80c1e2b79f3e73b01f93e478ef8b48245e0ab3490fa69d,2024-05,Durham Constabulary,Durham Constabulary,-1.590667,54.544218,On or near Teeswater,E01033481,Darlington 001E,Violence and sexual offences,Unable to prosecute suspect,
88d100c9dfbbe6b0f5895090d61da25ebd597583ca404f41171dbebd32ff342f,2024-05,Durham Constabulary,Durham Constabulary,-1.591698,54.544671,On or near Colpitts Lane,E01033481,Darlington 001E,Violence and sexual offences,Further action is not in the public interest,
63603ccdc6443546ea7caa1544a7c9692b966db511bc3dfb2f9ea55624aacf19,2024-05,Durham Constabulary,Durham Constabulary,-1.590667,54.544218,On or near Teeswater,E01033481,Darlington 001E,Violence and sexual offences,Formal action is not in the public interest,
e6c5450517359bcac8c3e65b65a337e993d811a61c638247aed7449810eed85d,2024-05,Durham Constabulary,Durham Constabulary,-1.590667,54.544218,On or near Teeswater,E01033481,Darlington 001E,Violence and sexual offences,Formal action is not in the public interest,
c612fc47e00cdb5ffc6b6f4c3283f9ee20af9e02a0346093f1d55d163dda6a7f,2024-05,Durham Constabulary,Durham Constabulary,-1.590667,54.544218,On or near Teeswater,E01033481,Darlington 001E,Violence and sexual offences,Unable to prosecute suspect,
befc74f97faf7d8d2f66d2250fefa431dc4caa282fd9203ffe6f368acfe0b86f,2024-05,Durham Constabulary,Durham Constabulary,-1.601615,54.546969,On or near Newton Lane,E01033481,Darlington 001E,Violence and sexual offences,Unable to prosecute suspect,
84018f9b75728d9983f838c0124f4ce4aa011e84ba9ebc87b9709e96c706fe7e,2024-05,Durham Constabulary,Durham Constabulary,-1.592932,54.546500,On or near Edward Pease Way,E01033481,Darlington 001E,Violence and sexual offences,Investigation complete; no suspect identified,
09b4bd4137e64dd1d58e734a1452ead0bc2632556f5f3750710b315160d055d1,2024-05,Durham Constabulary,Durham Constabulary,-1.590667,54.544218,On or near Teeswater,E01033481,Darlington 001E,Violence and sexual offences,Unable to prosecute suspect,
,2024-05,Durham Constabulary,Durham Constabulary,-1.579942,54.545476,On or near Westgate Road,E01033482,Darlington 001F,Anti-social behaviour,,
,2024-05,Durham Constabulary,Durham Constabulary,-1.580845,54.543358,On or near Swinbridge,E01033482,Darlington 001F,Anti-social behaviour,,
36f80888435a7a496f311ca38ecb215c6a3a30c1ff3fbce463ef1934e237145f,2024-05,Durham Constabulary,Durham Constabulary,-1.571669,54.543360,On or near Bus/Coach Station,E01033482,Darlington 001F,Burglary,Investigation complete; no suspect identified,
4b0735a296606e1dea99263f454b42c254d9e3363ed4763c99a115cccc02bae2,2024-05,Durham Constabulary,Durham Constabulary,-1.578943,54.544933,On or near Faverdale Road,E01033482,Darlington 001F,Burglary,Investigation complete; no suspect identified,
0840a6ff2abf0ccbbe63ee9f91fc3e695c9df61325e6a82ecd6b7af75d6317ce,2024-05,Durham Constabulary,Durham Constabulary,-1.578943,54.544933,On or near Faverdale Road,E01033482,Darlington 001F,Shoplifting,Unable to prosecute suspect,
a12dac0e75b6f48ea01fe4f8726ad2f8448ac3e43375ee9f2909eb61d8e333b4,2024-05,Durham Constabulary,Durham Constabulary,-1.578943,54.544933,On or near Faverdale Road,E01033482,Darlington 001F,Violence and sexual offences,Unable to prosecute suspect,
a7db3a2a62e635a4c6564b3499378ad51b2c156ba63e4681092bbc1df285dc05,2024-05,Durham Constabulary,Durham Constabulary,-1.572393,54.542978,On or near Levy Way,E01033482,Darlington 001F,Other crime,Unable to prosecute suspect,
,2024-05,Durham Constabulary,Durham Constabulary,-1.548969,54.547782,On or near Bowman Street,E01012323,Darlington 002C,Anti-social behaviour,,
,2024-05,Durham Constabulary,Durham Constabulary,-1.548969,54.547782,On or near Bowman Street,E01012323,Darlington 002C,Anti-social behaviour,,
e7c6856cbfe446eeb25195b2f394c1ecd7490798fa1f26c8aaf2c4ed4d55d0a2,2024-05,Durham Constabulary,Durham Constabulary,-1.548969,54.547782,On or near Bowman Street,E01012323,Darlington 002C,Burglary,Investigation complete; no suspect identified,
7f593c2cb8643652bcfb99a053bf7901c3e6c9017e2d9a88437f67edbfae4d19,2024-05,Durham Constabulary,Durham Constabulary,-1.548969,54.547782,On or near Bowman Street,E01012323,Darlington 002C,Criminal damage and arson,Investigation complete; no suspect identified,
732bac3b71854c0ef8a15a0d6c5a81249727f26b938eee6bec295dc3223aa4c7,2024-05,Durham Constabulary,Durham Constabulary,-1.548969,54.547782,On or near Bowman Street,E01012323,Darlington 002C,Criminal damage and arson,Unable to prosecute suspect,
c3784fa3fb7dbfc58dad1f8e74c95af6c5b1b6a6387f579bfb334c171a35832d,2024-05,Durham Constabulary,Durham Constabulary,-1.559775,54.547750,On or near Whessoe Road,E01012323,Darlington 002C,Drugs,Awaiting court outcome,
c7d3919887fea04757702a78c73884598cdece6a308328cd6a640e6224795175,2024-05,Durham Constabulary,Durham Constabulary,-1.558845,54.546542,On or near Percy Road,E01012323,Darlington 002C,Public order,Unable to prosecute suspect,
0fb77f47bf5f8b2a87300a88c6464b35200a59f9b4165fddcbde72ed2a3ee33b,2024-05,Durham Constabulary,Durham Constabulary,-1.553205,54.547770,On or near Longfield Road,E01012323,Darlington 002C,Public order,Further action is not in the public interest,
818f9a6361649b0aab8f49a40bac347459066b0b23ebc69f5e1ca6eb18d7adfd,2024-05,Durham Constabulary,Durham Constabulary,-1.548969,54.547782,On or near Bowman Street,E01012323,Darlington 002C,Shoplifting,Investigation complete; no suspect identified,
c764277d04f546588a83bb5f10037bc7131a64ad7044c0e9ff02b4cce0583c1b,2024-05,Durham Constabulary,Durham Constabulary,-1.548969,54.547782,On or near Bowman Street,E01012323,Darlington 002C,Shoplifting,Local resolution,
b0604195890ff1f6c80fdfc9dd205d453f2771e45904beb921f5a76720e9476a,2024-05,Durham Constabulary,Durham Constabulary,-1.548969,54.547782,On or near Bowman Street,E01012323,Darlington 002C,Shoplifting,Investigation complete; no suspect identified,
2a276f74ce775a73c9803cfe01d8d3d8305f174d5de996eadc304b7c753576a7,2024-05,Durham Constabulary,Durham Constabulary,-1.556283,54.547629,On or near Huntershaw Way,E01012323,Darlington 002C,Violence and sexual offences,Unable to prosecute suspect,
a1bd31695a0124461c39487285cf18c077b5b8cacc5f313c88bce7680c8e1608,2024-05,Durham Constabulary,Durham Constabulary,-1.550579,54.547572,On or near Lowson Street,E01012323,Darlington 002C,Violence and sexual offences,Unable to prosecute suspect,
d99cce6dd3f5b432b91fd44911773c8ebe4890c2beb88d4d12827f6562b0c9d8,2024-05,Durham Constabulary,Durham Constabulary,-1.557498,54.546816,On or near Kitching Grove,E01012323,Darlington 002C,Violence and sexual offences,Unable to prosecute suspect,
c216aa0735097f7d6b41fcc22dfde8ff9c39bb9a6e95fb4f46de7e2f1a681cc8,2024-05,Durham Constabulary,Durham Constabulary,-1.551576,54.549751,On or near Sutcliffe Court,E01012323,Darlington 002C,Violence and sexual offences,Unable to prosecute suspect,
347554e2231afde165da64eb27425f6a42f8646d88e19f8a3ab65de31fde3ecd,2024-05,Durham Constabulary,Durham Constabulary,-1.557498,54.546816,On or near Kitching Grove,E01012323,Darlington 002C,Violence and sexual offences,Investigation complete; no suspect identified,
d35a59aef1d5bdd109d37bd392e1da3850c9a292ab09f0e7afcff2905d3b2868,2024-05,Durham Constabulary,Durham Constabulary,-1.553205,54.547770,On or near Longfield Road,E01012323,Darlington 002C,Violence and sexual offences,Action to be taken by another organisation,
8fdfe52d1c6551151178b27029803eced598cd9891c2eef65bd3577a4e90308a,2024-05,Durham Constabulary,Durham Constabulary,-1.548969,54.547782,On or near Bowman Street,E01012323,Darlington 002C,Violence and sexual offences,Unable to prosecute suspect,
789fe2e508e147d5f25d8ad7facd94754c70ee382bd83da00267ed79b548ba29,2024-05,Durham Constabulary,Durham Constabulary,-1.556283,54.547629,On or near Huntershaw Way,E01012323,Darlington 002C,Violence and sexual offences,Unable to prosecute suspect,
7f0b7fe072cc246bb6fca14421db727c16e3e90740d66e8754a865b0dae51fed,2024-05,Durham Constabulary,Durham Constabulary,-1.556283,54.547629,On or near Huntershaw Way,E01012323,Darlington 002C,Violence and sexual offences,Further investigation is not in the public interest,
,2024-05,Durham Constabulary,Durham Constabulary,-1.546028,54.546773,On or near Brian Road,E01012324,Darlington 002D,Anti-social behaviour,,
,2024-05,Durham Constabulary,Durham Constabulary,-1.548569,54.546208,On or near Primary Close,E01012324,Darlington 002D,Anti-social behaviour,,
,2024-05,Durham Constabulary,Durham Constabulary,-1.548569,54.546208,On or near Primary Close,E01012324,Darlington 002D,Anti-social behaviour,,
bc419cbfd9079a29a33d74241f006b1d269d6d495c0e9751fb33f723d18b62f7,2024-05,Durham Constabulary,Durham Constabulary,-1.548569,54.546208,On or near Primary Close,E01012324,Darlington 002D,Burglary,Unable to prosecute suspect,
c9b3094b1a4937da4b03430112b0700addce9a646fdc14dc783f84beb56ef94c,2024-05,Durham Constabulary,Durham Constabulary,-1.548569,54.546208,On or near Primary Close,E01012324,Darlington 002D,Drugs,Under investigation,
407f3967d1e7054fe7e5e935705a736c3ea95fda3022cba396f3226ab00a372a,2024-05,Durham Constabulary,Durham Constabulary,-1.548569,54.546208,On or near Primary Close,E01012324,Darlington 002D,Public order,Unable to prosecute suspect,
e872e60193d62a2d5a320728e5b4c45e11c49c88e85c694c4b5314567c7e1ef0,2024-05,Durham Constabulary,Durham Constabulary,-1.542970,54.547858,On or near Wayside Road,E01012324,Darlington 002D,Public order,Unable to prosecute suspect,
bbea4e78742577be3417d2df8347566ba366808ef20a7f034e21b3690b3c9578,2024-05,Durham Constabulary,Durham Constabulary,-1.548569,54.546208,On or near Primary Close,E01012324,Darlington 002D,Violence and sexual offences,Action to be taken by another organisation,
3e32ab5e1412e9dd85a40f66d177e9c3fd2f4227b5aa3f1558548ee76e351065,2024-05,Durham Constabulary,Durham Constabulary,-1.548569,54.546208,On or near Primary Close,E01012324,Darlington 002D,Violence and sexual offences,Unable to prosecute suspect,
7e9df7184fcc931d77cc21e10f950a4153ee4c961f52bcd79a0c8a1cbb00ec13,2024-05,Durham Constabulary,Durham Constabulary,-1.548569,54.546208,On or near Primary Close,E01012324,Darlington 002D,Violence and sexual offences,Under investigation,
36b8ef69178e98432147f3caf87f8fb4069718c4c4456ff156b89e4a2bc4c8e9,2024-05,Durham Constabulary,Durham Constabulary,-1.546028,54.546773,On or near Brian Road,E01012324,Darlington 002D,Violence and sexual offences,Unable to prosecute suspect,
,2024-05,Durham Constabulary,Durham Constabulary,-1.541628,54.553146,On or near Sorrel Close,E01032545,Darlington 002E,Anti-social behaviour,,
,2024-05,Durham Constabulary,Durham Constabulary,-1.545421,54.552675,On or near Bay Tree Road,E01032545,Darlington 002E,Anti-social behaviour,,
53669bac7725e19e8f9be1a7065ea8555d7eb76c0668012c6bd40f41dd00eaa6,2024-05,Durham Constabulary,Durham Constabulary,-1.543026,54.552549,On or near Glebe Road,E01032545,Darlington 002E,Criminal damage and arson,Unable to prosecute suspect,
c9f154c36f334dc745a7d44f3328a3c3be6e2d710cb324407d9fe204fd1a1fbd,2024-05,Durham Constabulary,Durham Constabulary,-1.545847,54.551949,On or near Mayfair Road,E01032545,Darlington 002E,Drugs,Further action is not in the public interest,
743e3b6455a0f0c1c5fefd8bc0196ca6942b9e352a7fb721c0c2314582a76822,2024-05,Durham Constabulary,Durham Constabulary,-1.543797,54.551312,On or near Foxglove Close,E01032545,Darlington 002E,Other theft,Investigation complete; no suspect identified,
ea2e5d14b6ae7994a61b2185fe49e418eb7930abea1f82244376e549c7d8e828,2024-05,Durham Constabulary,Durham Constabulary,-1.543026,54.552549,On or near Glebe Road,E01032545,Darlington 002E,Public order,Investigation complete; no suspect identified,
a07c90b5de1027daf0c483944b352a6773102c2611be2687cb0d8f1603abe34e,2024-05,Durham Constabulary,Durham Constabulary,-1.540913,54.550717,On or near Windrush Grove,E01032545,Darlington 002E,Violence and sexual offences,Unable to prosecute suspect,
6f4b15b9bc4a3f16ac7b23196bdea702561f94dd99f94eadf363f1c998df4e6d,2024-05,Durham Constabulary,Durham Constabulary,-1.544019,54.552212,On or near Myrtle Gardens,E01032545,Darlington 002E,Violence and sexual offences,Unable to prosecute suspect,
66214c17839801afea12db52f542a0febdea58f8337e1330442f288302d86da9,2024-05,Durham Constabulary,Durham Constabulary,-1.545847,54.551949,On or near Mayfair Road,E01032545,Darlington 002E,Violence and sexual offences,Unable to prosecute suspect,
cda755c795ef6ec729387e541a934c1bb26620ec919b6a1000c7f4a2781b1b5c,2024-05,Durham Constabulary,Durham Constabulary,-1.545435,54.551462,On or near Oakland Gardens,E01032545,Darlington 002E,Violence and sexual offences,Unable to prosecute suspect,
1b87efb1d6c14c273c9cb6ca516b407aa8d32ffabb1e29685d2164295acabdd0,2024-05,Durham Constabulary,Durham Constabulary,-1.545323,54.550338,On or near Elmcroft,E01032545,Darlington 002E,Violence and sexual offences,Action to be taken by another organisation,
3100a4ccbe24592743e5988751a4f45a5e7d84ccfebf7bcc995fd3e5c70c8851,2024-05,Durham Constabulary,Durham Constabulary,-1.543797,54.551312,On or near Foxglove Close,E01032545,Darlington 002E,Violence and sexual offences,Unable to prosecute suspect,
02f77cec3bf93e7db5e7ad512968be841cf2a68430ec4ff34624ef232491e484,2024-05,Durham Constabulary,Durham Constabulary,-1.545435,54.551462,On or near Oakland Gardens,E01032545,Darlington 002E,Violence and sexual offences,Unable to prosecute suspect,
ea30af263d381a1e7aa536918a10202bf85bb53d2cba01cfa77ad1cefd3d9eb5,2024-05,Durham Constabulary,Durham Constabulary,-1.548359,54.555409,On or near Beaumont Hill,E01032546,Darlington 002F,Other theft,Further investigation is not in the public interest,
6f5ef7cdf18c0d1d0cd49b47830de702b97eb44d42c4a3cb0c73252380c738b3,2024-05,Durham Constabulary,Durham Constabulary,-1.549489,54.551136,On or near Melrose Avenue,E01032546,Darlington 002F,Possession of weapons,Under investigation,
f0d5635c9437b42b843f0f4425a539c30822ad4b21169c4e754e5a48bfcb2f30,2024-05,Durham Constabulary,Durham Constabulary,-1.548359,54.555409,On or near Beaumont Hill,E01032546,Darlington 002F,Public order,Unable to prosecute suspect,
c8545749d5295a008df0dca1408b9f095f7043b73fd148848548007f11fe54e5,2024-05,Durham Constabulary,Durham Constabulary,-1.554542,54.554219,On or near Redruth Drive,E01032546,Darlington 002F,Public order,Unable to prosecute suspect,
5dff3b39c76efd56f6943e195ead31d5021ae0b62a88e49e03ef7863c9909d38,2024-05,Durham Constabulary,Durham Constabulary,-1.549666,54.551909,On or near Alwyn Road,E01032546,Darlington 002F,Violence and sexual offences,Unable to prosecute suspect,
8c64f41a1b3c780ee604023709584803538887fd08b816c6f008ef31093ed46a,2024-05,Durham Constabulary,Durham Constabulary,-1.554542,54.554219,On or near Redruth Drive,E01032546,Darlington 002F,Violence and sexual offences,Under investigation,
,2024-05,Durham Constabulary,Durham Constabulary,-1.518940,54.545779,On or near Cloverdale,E01012328,Darlington 003A,Anti-social behaviour,,
,2024-05,Durham Constabulary,Durham Constabulary,-1.518940,54.545779,On or near Cloverdale,E01012328,Darlington 003A,Anti-social behaviour,,
,2024-05,Durham Constabulary,Durham Constabulary,-1.518940,54.545779,On or near Cloverdale,E01012328,Darlington 003A,Anti-social behaviour,,
,2024-05,Durham Constabulary,Durham Constabulary,-1.526434,54.548801,On or near Argyll Close,E01012328,Darlington 003A,Anti-social behaviour,,
,2024-05,Durham Constabulary,Durham Constabulary,-1.526434,54.548801,On or near Argyll Close,E01012328,Darlington 003A,Anti-social behaviour,,
a535c323616e1d21c34df23e473aea8ff9d18945339e25568531dc6064894f51,2024-05,Durham Constabulary,Durham Constabulary,-1.521222,54.548915,On or near Kintyre Close,E01012328,Darlington 003A,Criminal damage and arson,Local resolution,
d1de682c6dddb549ead556660ebcec11f9f1aceadf52b41c69538a92060b236a,2024-05,Durham Constabulary,Durham Constabulary,-1.526434,54.548801,On or near Argyll Close,E01012328,Darlington 003A,Public order,Investigation complete; no suspect identified,
1d7285c840020d24a862c5f3723061d38b86e2002d18335fd0fd57d2237374de,2024-05,Durham Constabulary,Durham Constabulary,-1.522572,54.548534,On or near Lismore Drive,E01012328,Darlington 003A,Violence and sexual offences,Unable to prosecute suspect,
d512d8e76deb5a18400f960742f77b1bb31c5b1e97009c65511475057f5dcbfd,2024-05,Durham Constabulary,Durham Constabulary,-1.520564,54.548383,On or near Castlebay Court,E01012328,Darlington 003A,Violence and sexual offences,Action to be taken by another organisation,
39c84bab801ccdc60cf59337fd3d5f6c910ce3a24fbd2971991af8b5b0657231,2024-05,Durham Constabulary,Durham Constabulary,-1.523335,54.549355,On or near Ardmore Drive,E01012328,Darlington 003A,Violence and sexual offences,Awaiting court outcome,
504ec1dc2d8c7c42938642e36d0d29ec9b27a263206284858ea0af1104112850,2024-05,Durham Constabulary,Durham Constabulary,-1.518940,54.545779,On or near Cloverdale,E01012328,Darlington 003A,Violence and sexual offences,Under investigation,
,2024-05,Durham Constabulary,Durham Constabulary,-1.517005,54.549995,On or near Tayside,E01012329,Darlington 003B,Anti-social behaviour,,
,2024-05,Durham Constabulary,Durham Constabulary,-1.523093,54.545232,On or near Supermarket,E01012329,Darlington 003B,Anti-social behaviour,,
0b363488f37eccf1b78dcab9ce96767ca7bd8e20c1daa92bc26b9bde87e9797c,2024-05,Durham Constabulary,Durham Constabulary,-1.517005,54.549995,On or near Tayside,E01012329,Darlington 003B,Criminal damage and arson,Investigation complete; no suspect identified,
f99b87cc9ef322f93c9ed81290a0253051134e9c3ba6c31ebb8b6a922987de36,2024-05,Durham Constabulary,Durham Constabulary,-1.523093,54.545232,On or near Supermarket,E01012329,Darlington 003B,Shoplifting,Investigation complete; no suspect identified,
464f23835cfaa7af7f5ef6cd75d73f5f7e07fb8cc80b9ca88c00d07d3bc95919,2024-05,Durham Constabulary,Durham Constabulary,-1.523093,54.545232,On or near Supermarket,E01012329,Darlington 003B,Shoplifting,Investigation complete; no suspect identified,
182570691b9c96dd7ea4f5b499b441394138f034e3a2d896b1ab41d601ba6f12,2024-05,Durham Constabulary,Durham Constabulary,-1.523093,54.545232,On or near Supermarket,E01012329,Darlington 003B,Shoplifting,Investigation complete; no suspect identified,
59685e47cdd460f4c343e4ebf1dd1edb8d38e1e7d08e961200cad9066a494d43,2024-05,Durham Constabulary,Durham Constabulary,-1.523093,54.545232,On or near Supermarket,E01012329,Darlington 003B,Shoplifting,Unable to prosecute suspect,
d536aa68df05da086be06e4434cb93af8026702f68626b0cdae8cd896447f771,2024-05,Durham Constabulary,Durham Constabulary,-1.523093,54.545232,On or near Supermarket,E01012329,Darlington 003B,Shoplifting,Investigation complete; no suspect identified,
95c0b3778fa0c28269675f77125032c6090654260f41d90ef304f55d9ebc5a30,2024-05,Durham Constabulary,Durham Constabulary,-1.517005,54.549995,On or near Tayside,E01012329,Darlington 003B,Violence and sexual offences,Unable to prosecute suspect,
,2024-05,Durham Constabulary,Durham Constabulary,-1.534026,54.548106,On or near Sports/Recreation Area,E01012331,Darlington 003D,Anti-social behaviour,,
10b6753e3f566f8f5938b54772b221a58082be6c03b0a6011136c8bafb5031ac,2024-05,Durham Constabulary,Durham Constabulary,-1.529423,54.546970,On or near Balmoral Road,E01012331,Darlington 003D,Criminal damage and arson,Investigation complete; no suspect identified,
d524fc004669bc864beed95fb078f56b8ee79376b3504356aecc7621e73a2c51,2024-05,Durham Constabulary,Durham Constabulary,-1.534978,54.545114,On or near Hercules Street,E01012331,Darlington 003D,Other theft,Unable to prosecute suspect,
d8f20f54f77a44584204fd16bef30ecc8f15aaa817ae2f0985ab51b6c88753b1,2024-05,Durham Constabulary,Durham Constabulary,-1.528326,54.546957,On or near Cullen Close,E01012331,Darlington 003D,Vehicle crime,Investigation complete; no suspect identified,
c0811092c0e5cf8b00fa0725a6b8e015234cbf3541de821856f8bc79ecefb0cb,2024-05,Durham Constabulary,Durham Constabulary,-1.526525,54.546276,On or near Killin Road,E01012331,Darlington 003D,Violence and sexual offences,Unable to prosecute suspect,
,2024-05,Durham Constabulary,Durham Constabulary,-1.551638,54.536989,On or near Havelock Street,E01012349,Darlington 004A,Anti-social behaviour,,
,2024-05,Durham Constabulary,Durham Constabulary,-1.551194,54.540834,On or near Mellor Court,E01012349,Darlington 004A,Anti-social behaviour,,
,2024-05,Durham Constabulary,Durham Constabulary,-1.551275,54.536269,On or near George Short Close,E01012349,Darlington 004A,Anti-social behaviour,,
,2024-05,Durham Constabulary,Durham Constabulary,-1.551263,54.535990,On or near Albert Road,E01012349,Darlington 004A,Anti-social behaviour,,
,2024-05,Durham Constabulary,Durham Constabulary,-1.550386,54.537030,On or near Edmund Street,E01012349,Darlington 004A,Anti-social behaviour,,
,2024-05,Durham Constabulary,Durham Constabulary,-1.551275,54.536269,On or near George Short Close,E01012349,Darlington 004A,Anti-social behaviour,,
,2024-05,Durham Constabulary,Durham Constabulary,-1.551275,54.536269,On or near George Short Close,E01012349,Darlington 004A,Anti-social behaviour,,
,2024-05,Durham Constabulary,Durham Constabulary,-1.557414,54.538799,On or near Shopping Area,E01012349,Darlington 004A,Anti-social behaviour,,
,2024-05,Durham Constabulary,Durham Constabulary,-1.551638,54.536989,On or near Havelock Street,E01012349,Darlington 004A,Anti-social behaviour,,
,2024-05,Durham Constabulary,Durham Constabulary,-1.551638,54.536989,On or near Havelock Street,E01012349,Darlington 004A,Anti-social behaviour,,
,2024-05,Durham Constabulary,Durham Constabulary,-1.553731,54.540673,On or near Derby Street,E01012349,Darlington 004A,Anti-social behaviour,,
,2024-05,Durham Constabulary,Durham Constabulary,-1.551326,54.537267,On or near Katherine Street,E01012349,Darlington 004A,Anti-social behaviour,,
,2024-05,Durham Constabulary,Durham Constabulary,-1.551326,54.537267,On or near Katherine Street,E01012349,Darlington 004A,Anti-social behaviour,,
,2024-05,Durham Constabulary,Durham Constabulary,-1.551638,54.536989,On or near Havelock Street,E01012349,Darlington 004A,Anti-social behaviour,,
,2024-05,Durham Constabulary,Durham Constabulary,-1.551638,54.536989,On or near Havelock Street,E01012349,Darlington 004A,Anti-social behaviour,,
,2024-05,Durham Constabulary,Durham Constabulary,-1.551638,54.536989,On or near Havelock Street,E01012349,Darlington 004A,Anti-social behaviour,,
,2024-05,Durham Constabulary,Durham Constabulary,-1.551638,54.536989,On or near Havelock Street,E01012349,Darlington 004A,Anti-social behaviour,,
f38aba77aea8bb63d4c6c737dc6a33e03b57dab91eb83e7300f9c0a4b337b204,2024-05,Durham Constabulary,Durham Constabulary,-1.551194,54.540834,On or near Mellor Court,E01012349,Darlington 004A,Burglary,Unable to prosecute suspect,
8d3972e3967d24cc3e0bc1eb30f953f1ca6d08996c0013404667d79f61543450,2024-05,Durham Constabulary,Durham Constabulary,-1.555283,54.538611,On or near Petrol Station,E01012349,Darlington 004A,Burglary,Investigation complete; no suspect identified,
e2b94e5ca35f93d33c0d9043af4e9c42197ffe8314c6c58e0d0cb8e7df5b88b2,2024-05,Durham Constabulary,Durham Constabulary,-1.552697,54.536247,On or near A167,E01012349,Darlington 004A,Burglary,Awaiting court outcome,
f9d34785c9de89b554417946b61ba3fe366b009b57185dca2d1ef37d2c0ed0c7,2024-05,Durham Constabulary,Durham Constabulary,-1.551275,54.536269,On or near George Short Close,E01012349,Darlington 004A,Burglary,Investigation complete; no suspect identified,
5d52f87a3a935b44682d5d3acef23751389e3ef21789c16741df7c16db5efd90,2024-05,Durham Constabulary,Durham Constabulary,-1.550926,54.538559,On or near Shildon Street,E01012349,Darlington 004A,Burglary,Investigation complete; no suspect identified,
54b7cdbfa509d7ff6aad56fdd42c03f51b386259252d16374ef1c6e49e20b8cf,2024-05,Durham Constabulary,Durham Constabulary,-1.554765,54.536552,On or near Bonomi Way,E01012349,Darlington 004A,Burglary,Awaiting court outcome,
66decf74daa9fa1c107e4244889242faf0c60075f7f72c9855b31ee333feb5b2,2024-05,Durham Constabulary,Durham Constabulary,-1.550386,54.537030,On or near Edmund Street,E01012349,Darlington 004A,Burglary,Unable to prosecute suspect,
1c32232946b9b0cbf7b749bfd7761bb0ebb9b844ff83056d4d92f248eeeb6165,2024-05,Durham Constabulary,Durham Constabulary,-1.550921,54.537607,On or near Aldam Street,E01012349,Darlington 004A,Criminal damage and arson,Investigation complete; no suspect identified,
65d9ccee40330fd472bf9bd36314d28f53b59961ff4359f6ea566eb7e1113738,2024-05,Durham Constabulary,Durham Constabulary,-1.551263,54.535990,On or near Albert Road,E01012349,Darlington 004A,Criminal damage and arson,Investigation complete; no suspect identified,
9eefb4ebb3576c4469ae30da0c743436eb041a33e4d2ed6926d9b64a5db7b3cf,2024-05,Durham Constabulary,Durham Constabulary,-1.551194,54.540834,On or near Mellor Court,E01012349,Darlington 004A,Criminal damage and arson,Investigation complete; no suspect identified,
4ae48647c35e5fbe1f8852883e466455643ae28c5a2c4414f292abcbb71db165,2024-05,Durham Constabulary,Durham Constabulary,-1.551194,54.540834,On or near Mellor Court,E01012349,Darlington 004A,Criminal damage and arson,Investigation complete; no suspect identified,
23d722d909b65b090b0d628923a156cff9615776e4fe2b21cc21551ece3f78ee,2024-05,Durham Constabulary,Durham Constabulary,-1.551638,54.536989,On or near Havelock Street,E01012349,Darlington 004A,Criminal damage and arson,Investigation complete; no suspect identified,
1265d716a324445e2e492bc01ce53eccbffebf38ced631348702483a1a3409ff,2024-05,Durham Constabulary,Durham Constabulary,-1.550386,54.537030,On or near Edmund Street,E01012349,Darlington 004A,Other theft,Investigation complete; no suspect identified,
9321abb2a9d6b7f5aefe20bf56efe911728bf177e1a5f880a6763e0386406adc,2024-05,Durham Constabulary,Durham Constabulary,-1.551454,54.538274,On or near Charles Street,E01012349,Darlington 004A,Other theft,Investigation complete; no suspect identified,
e8ac34086a59d4d23e5d9ea92ead9c6d33846322489d67d0e3eb125f2a2d7c0c,2024-05,Durham Constabulary,Durham Constabulary,-1.554765,54.536552,On or near Bonomi Way,E01012349,Darlington 004A,Other theft,Under investigation,
e24fb0c09877ed45077a37c7d1e7bd52efe7f6d6596d294f0a3e9f69cb571597,2024-05,Durham Constabulary,Durham Constabulary,-1.551454,54.538274,On or near Charles Street,E01012349,Darlington 004A,Other theft,Investigation complete; no suspect identified,
ccdbbe0c25a517b4303a1648c61b7a5426a2139c7d174136191507a5c44058c5,2024-05,Durham Constabulary,Durham Constabulary,-1.555283,54.538611,On or near Petrol Station,E01012349,Darlington 004A,Other theft,Investigation complete; no suspect identified,
7704863a85c682750e3d46f1ec16b0455922ae32a5d96a15936aa73f40ed82fa,2024-05,Durham Constabulary,Durham Constabulary,-1.551263,54.535990,On or near Albert Road,E01012349,Darlington 004A,Other theft,Unable to prosecute suspect,
09f9106eb10095e869e72eb3f856cb8137817b47ac09bccdc0a32999614f552e,2024-05,Durham Constabulary,Durham Constabulary,-1.551263,54.535990,On or near Albert Road,E01012349,Darlington 004A,Public order,Investigation complete; no suspect identified,
be4fcb61896c217d31d89d9419782b832ec6a1874c21038d1e9ba5288b4cfba7,2024-05,Durham Constabulary,Durham Constabulary,-1.551454,54.538274,On or near Charles Street,E01012349,Darlington 004A,Public order,Unable to prosecute suspect,
3fc392bd6a4e102698ac09861dd62148214ebdfe897474e0546f5b36aee34993,2024-05,Durham Constabulary,Durham Constabulary,-1.550253,54.537847,On or near Gurney Street,E01012349,Darlington 004A,Robbery,Unable to prosecute suspect,
1803b2afc069f089074df1cc3031081d144bab532daf4a14c5b5da24af37d2a3,2024-05,Durham Constabulary,Durham Constabulary,-1.551263,54.535990,On or near Albert Road,E01012349,Darlington 004A,Shoplifting,Awaiting court outcome,
2dd26ec1eea4479e256f271d9ebe6c52926cd70907eccf091de369c9b1c5fe73,2024-05,Durham Constabulary,Durham Constabulary,-1.551263,54.535990,On or near Albert Road,E01012349,Darlington 004A,Shoplifting,Investigation complete; no suspect identified,
c337e2b75cf2a83f828cdd1d2c7d60c275930ffb4278f68df2162513d909d42b,2024-05,Durham Constabulary,Durham Constabulary,-1.551454,54.538274,On or near Charles Street,E01012349,Darlington 004A,Shoplifting,Unable to prosecute suspect,
6d1d82d526fcbf4f4d76b47f92c21e09f82dac7b7c65c3d0ffb354458d6bc220,2024-05,Durham Constabulary,Durham Constabulary,-1.551454,54.538274,On or near Charles Street,E01012349,Darlington 004A,Shoplifting,Awaiting court outcome,
b218830134b7f4f5c2ec8b8b8ff3c87ebf211f60985567e807f1ead8a76c3d6f,2024-05,Durham Constabulary,Durham Constabulary,-1.551263,54.535990,On or near Albert Road,E01012349,Darlington 004A,Shoplifting,Investigation complete; no suspect identified,
5d8989f7a375e57b47c460eb596f174556b4568f25112e5ca07b3928834e3c17,2024-05,Durham Constabulary,Durham Constabulary,-1.551263,54.535990,On or near Albert Road,E01012349,Darlington 004A,Shoplifting,Investigation complete; no suspect identified,
b693351f4eab6a1cbf99afc2e04b04b682e9f7755880f7646ee844e992eeec36,2024-05,Durham Constabulary,Durham Constabulary,-1.551263,54.535990,On or near Albert Road,E01012349,Darlington 004A,Shoplifting,Awaiting court outcome,
3eb1e33b2a54e38414bb09c7bdbbd4ac365f9f612176985c972decb07c453616,2024-05,Durham Constabulary,Durham Constabulary,-1.557414,54.538799,On or near Shopping Area,E01012349,Darlington 004A,Shoplifting,Local resolution,
75cf4756938fce53b809b0aeff6991568607cb69485902c2468496fd0e01f75c,2024-05,Durham Constabulary,Durham Constabulary,-1.551263,54.535990,On or near Albert Road,E01012349,Darlington 004A,Shoplifting,Investigation complete; no suspect identified,
0dd294f9416b2af5bbe90cdfa36d3879f45a88c70e8b95decccbd58bd458631d,2024-05,Durham Constabulary,Durham Constabulary,-1.551263,54.535990,On or near Albert Road,E01012349,Darlington 004A,Shoplifting,Investigation complete; no suspect identified,
501ca537447ab07f27d812f7c6a9fca1af69c79567a9c4ba074346276ee0d7c7,2024-05,Durham Constabulary,Durham Constabulary,-1.552697,54.536247,On or near A167,E01012349,Darlington 004A,Shoplifting,Awaiting court outcome,
a10f8e445f023540a0c282babc1f457e5fac32baff0a1953b31ed209acce626d,2024-05,Durham Constabulary,Durham Constabulary,-1.551263,54.535990,On or near Albert Road,E01012349,Darlington 004A,Shoplifting,Investigation complete; no suspect identified,
2e347b8e615d9aa50fe17c36507a52a8e9e7a77745bf7a2ef9b1ab34ea072b56,2024-05,Durham Constabulary,Durham Constabulary,-1.551638,54.536989,On or near Havelock Street,E01012349,Darlington 004A,Shoplifting,Awaiting court outcome,
64958b29ac52e76089a1a083d0b5fee462f8872d9c9072d3a39841a367ef0ee8,2024-05,Durham Constabulary,Durham Constabulary,-1.549595,54.540127,On or near St Paul'S Terrace,E01012349,Darlington 004A,Vehicle crime,Investigation complete; no suspect identified,
4b5ec91882dc03ddcc711f25e2eed7fd068f2e01a7a9dbda7229a575c2cf383d,2024-05,Durham Constabulary,Durham Constabulary,-1.557414,54.538799,On or near Shopping Area,E01012349,Darlington 004A,Vehicle crime,Awaiting court outcome,
428d94cb9f63975206e395f547b37668a4aaa9ebd7c2d89488e47b7b0cc4e728,2024-05,Durham Constabulary,Durham Constabulary,-1.551194,54.540834,On or near Mellor Court,E01012349,Darlington 004A,Vehicle crime,Investigation complete; no suspect identified,
9979beeacd396cad3bb7530398feb4727f6289691ee1f5eb8681b0e83c51470f,2024-05,Durham Constabulary,Durham Constabulary,-1.550253,54.537847,On or near Gurney Street,E01012349,Darlington 004A,Violence and sexual offences,Under investigation,
9592bfbfe32da518ecb28d0cf1c47318c95454739f6b914e27a2910d50ad5bdd,2024-05,Durham Constabulary,Durham Constabulary,-1.551275,54.536269,On or near George Short Close,E01012349,Darlington 004A,Violence and sexual offences,Unable to prosecute suspect,
b33ee7c488f263c57563afa967e1d6f21b6997c740f0a0d054c523db92a24975,2024-05,Durham Constabulary,Durham Constabulary,-1.551454,54.538274,On or near Charles Street,E01012349,Darlington 004A,Violence and sexual offences,Unable to prosecute suspect,
ddd7b5858d71d512a495a000a9265ef878cc833050cc08baa215b8952d2c96dd,2024-05,Durham Constabulary,Durham Constabulary,-1.551454,54.538274,On or near Charles Street,E01012349,Darlington 004A,Violence and sexual offences,Awaiting court outcome,
62b6f0545cfcc886b9d8765598578bea1cd474e39be8ca7e257432d75fd0b33b,2024-05,Durham Constabulary,Durham Constabulary,-1.551454,54.538274,On or near Charles Street,E01012349,Darlington 004A,Violence and sexual offences,Awaiting court outcome,
5f2bb60e88a9ac03d31ebbf77bd4129eaa9ba086fedecd0c22fa923c83ca5038,2024-05,Durham Constabulary,Durham Constabulary,-1.550253,54.537847,On or near Gurney Street,E01012349,Darlington 004A,Violence and sexual offences,Unable to prosecute suspect,
0405b4801394262eaa8a8dbcee51b9998e9f649b009b2ec7f6793d776811c8b4,2024-05,Durham Constabulary,Durham Constabulary,-1.551194,54.540834,On or near Mellor Court,E01012349,Darlington 004A,Violence and sexual offences,Under investigation,
633cba8616ea84d7c92323bfb387ff6b60094f5e10540e737c738857d13ddb13,2024-05,Durham Constabulary,Durham Constabulary,-1.549827,54.538654,On or near Henry Street,E01012349,Darlington 004A,Violence and sexual offences,Unable to prosecute suspect,
,2024-05,Durham Constabulary,Durham Constabulary,-1.552483,54.545970,On or near Thompson Street West,E01012350,Darlington 004B,Anti-social behaviour,,
,2024-05,Durham Constabulary,Durham Constabulary,-1.548360,54.545515,On or near Ruby Street,E01012350,Darlington 004B,Anti-social behaviour,,
,2024-05,Durham Constabulary,Durham Constabulary,-1.548551,54.540896,On or near Askrigg Street,E01012350,Darlington 004B,Anti-social behaviour,,
,2024-05,Durham Constabulary,Durham Constabulary,-1.548384,54.542019,On or near Wensleydale Road,E01012350,Darlington 004B,Anti-social behaviour,,
009b9f0ded1614d5b0d4fae1fb3152242887134350d4c20c39676592fa18b9c5,2024-05,Durham Constabulary,Durham Constabulary,-1.552483,54.545970,On or near Thompson Street West,E01012350,Darlington 004B,Criminal damage and arson,Investigation complete; no suspect identified,
474d1575ef89690190b0ddda95a7c1831e92caffbdb4b18fbd431ad77d446728,2024-05,Durham Constabulary,Durham Constabulary,-1.548360,54.545515,On or near Ruby Street,E01012350,Darlington 004B,Criminal damage and arson,Unable to prosecute suspect,
358f3f5a75fd7370a840b3754f9ba7e8376d8db1cf2da9df2ef45bf19c1ac9c2,2024-05,Durham Constabulary,Durham Constabulary,-1.550913,54.542478,On or near Cumberland Street,E01012350,Darlington 004B,Drugs,Investigation complete; no suspect identified,
d9e481e2dd6afa25df71f7725d7f85f5647cb1556dc7105ecb81906a68fd9e03,2024-05,Durham Constabulary,Durham Constabulary,-1.552302,54.546922,On or near Crosby Street,E01012350,Darlington 004B,Other theft,Investigation complete; no suspect identified,
53e09e6aac8b554c6150c8a405c34907010694c8e0ccb61ca25e33c6de35db6e,2024-05,Durham Constabulary,Durham Constabulary,-1.548360,54.545515,On or near Ruby Street,E01012350,Darlington 004B,Robbery,Unable to prosecute suspect,
cb539ebb93a28033e66254905b4a4083d5ff149aafe6ed1485f63d8bc6fd5981,2024-05,Durham Constabulary,Durham Constabulary,-1.549798,54.542671,On or near North Rise,E01012350,Darlington 004B,Shoplifting,Investigation complete; no suspect identified,
0f1d0ccf78e050bba1121ea37f7f454e2a580e38d05bbcb20510388e2b9df5f6,2024-05,Durham Constabulary,Durham Constabulary,-1.548316,54.539736,On or near Pendleton Road South,E01012350,Darlington 004B,Violence and sexual offences,Unable to prosecute suspect,
05eb22911eae7cff0bb1f2daefb26eb739234147902e727f0232603b30289ae1,2024-05,Durham Constabulary,Durham Constabulary,-1.549484,54.537494,On or near Stephen Court,E01012350,Darlington 004B,Violence and sexual offences,Unable to prosecute suspect,
849a946c5cf67e83921af59ff6d0af579c05f9c6b38986455314b699b26ce17c,2024-05,Durham Constabulary,Durham Constabulary,-1.548316,54.539736,On or near Pendleton Road South,E01012350,Darlington 004B,Violence and sexual offences,Local resolution,
c4e920ed886c5dc1394f26d2b13486c9599b586d5f8a319621f7a7939d4b9c54,2024-05,Durham Constabulary,Durham Constabulary,-1.549281,54.540495,On or near St Andrew'S Street,E01012350,Darlington 004B,Violence and sexual offences,Unable to prosecute suspect,
c602d713eab6b9c21579080cc84eecb3202cf3132ca453e56c6c4e4c1ed9ea85,2024-05,Durham Constabulary,Durham Constabulary,-1.549484,54.537494,On or near Stephen Court,E01012350,Darlington 004B,Violence and sexual offences,Unable to prosecute suspect,
c0ba3f1f491def42f20c6210d3f582fe06d572c8e53c511469564ce9967c295c,2024-05,Durham Constabulary,Durham Constabulary,-1.552302,54.546922,On or near Crosby Street,E01012350,Darlington 004B,Violence and sexual offences,Unable to prosecute suspect,
7755b12e6ab4d7567e8f046943a928d69c8b884fa610cc80d0d9a05f769af188,2024-05,Durham Constabulary,Durham Constabulary,-1.548585,54.537769,On or near Richard Court,E01012350,Darlington 004B,Violence and sexual offences,Investigation complete; no suspect identified,
cd06b8d29c8108bc85972a2e552e5367f0671526b1f097fcbb5d4c98675227ad,2024-05,Durham Constabulary,Durham Constabulary,-1.550913,54.542478,On or near Cumberland Street,E01012350,Darlington 004B,Violence and sexual offences,Unable to prosecute suspect,
80ab4315aa2300e2155a8a590f11f9c1613b0fb95d9d91b538243e86ff1fe8f3,2024-05,Durham Constabulary,Durham Constabulary,-1.545396,54.540983,On or near Campion Road,E01012351,Darlington 004C,Violence and sexual offences,Unable to prosecute suspect,
8a91403c4f04ce1b7cc56957e5b13190c0ac2c238d850718f2073ff2ff321c06,2024-05,Durham Constabulary,Durham Constabulary,-1.543718,54.540375,On or near Peterhouse Close,E01012351,Darlington 004C,Violence and sexual offences,Unable to prosecute suspect,
910df54194d330b57c7d8985ce87a2673f9a6b639d72f2122856d4cea017a992,2024-05,Durham Constabulary,Durham Constabulary,-1.545044,54.544837,On or near Cavendish Drive,E01012351,Darlington 004C,Violence and sexual offences,Unable to prosecute suspect,
,2024-05,Durham Constabulary,Durham Constabulary,-1.557680,54.539968,On or near William Street,E01012352,Darlington 004D,Anti-social behaviour,,
,2024-05,Durham Constabulary,Durham Constabulary,-1.552779,54.541496,On or near Lansdowne Street,E01012352,Darlington 004D,Anti-social behaviour,,
,2024-05,Durham Constabulary,Durham Constabulary,-1.555939,54.540852,On or near Marske Grove,E01012352,Darlington 004D,Anti-social behaviour,,
,2024-05,Durham Constabulary,Durham Constabulary,-1.552779,54.541496,On or near Lansdowne Street,E01012352,Darlington 004D,Anti-social behaviour,,
,2024-05,Durham Constabulary,Durham Constabulary,-1.557680,54.539968,On or near William Street,E01012352,Darlington 004D,Anti-social behaviour,,
,2024-05,Durham Constabulary,Durham Constabulary,-1.557680,54.539968,On or near William Street,E01012352,Darlington 004D,Anti-social behaviour,,
,2024-05,Durham Constabulary,Durham Constabulary,-1.554361,54.542374,On or near Haig Street,E01012352,Darlington 004D,Anti-social behaviour,,
,2024-05,Durham Constabulary,Durham Constabulary,-1.554361,54.542374,On or near Haig Street,E01012352,Darlington 004D,Anti-social behaviour,,
77c4c2059a5deb627a8186272a138470d44b301e7eb4edc0f06adf2ff8ba8296,2024-05,Durham Constabulary,Durham Constabulary,-1.557809,54.540921,On or near Harry Street,E01012352,Darlington 004D,Criminal damage and arson,Investigation complete; no suspect identified,
27861c95f6b1ee58d66e489105090de2088f6e2b2786cbb8bdcecfb78feb3900,2024-05,Durham Constabulary,Durham Constabulary,-1.555939,54.540852,On or near Marske Grove,E01012352,Darlington 004D,Criminal damage and arson,Investigation complete; no suspect identified,
fbeb7d8e679d7940733438a743b034747feaa460d6454192f9c3194a7e971295,2024-05,Durham Constabulary,Durham Constabulary,-1.555526,54.541911,On or near Eldon Place,E01012352,Darlington 004D,Criminal damage and arson,Unable to prosecute suspect,
f001a3ab6623880f29ca25077bac6acce82ac4d6d7644acc7ed2b3e091ddb1be,2024-05,Durham Constabulary,Durham Constabulary,-1.557680,54.539968,On or near William Street,E01012352,Darlington 004D,Criminal damage and arson,Investigation complete; no suspect identified,
f44fe853734f80af1a12390cdc5a05f5a80b6fc4ddd14ba4ebe1304ca6328f9a,2024-05,Durham Constabulary,Durham Constabulary,-1.557809,54.540921,On or near Harry Street,E01012352,Darlington 004D,Criminal damage and arson,Awaiting court outcome,
d644934acdcf0b36b01c8bb84bd8765f0289bd4fb579169b11c13c97051f8179,2024-05,Durham Constabulary,Durham Constabulary,-1.557680,54.539968,On or near William Street,E01012352,Darlington 004D,Criminal damage and arson,Unable to prosecute suspect,
78fba9ef53b49ffe10af92c0be0c127f6672bc32f1fb6d2101a44c13959dcd96,2024-05,Durham Constabulary,Durham Constabulary,-1.552779,54.541496,On or near Lansdowne Street,E01012352,Darlington 004D,Criminal damage and arson,Investigation complete; no suspect identified,
19a1d561d2fc383b0beef4861edbcce89b9990f7ae7a73d68cfe9e40827b282c,2024-05,Durham Constabulary,Durham Constabulary,-1.552779,54.541496,On or near Lansdowne Street,E01012352,Darlington 004D,Criminal damage and arson,Unable to prosecute suspect,
2a9a68d711ddfa250513bfc7723ed32c8e53cb6a47adc28f22476227a4750eb3,2024-05,Durham Constabulary,Durham Constabulary,-1.552779,54.541496,On or near Lansdowne Street,E01012352,Darlington 004D,Criminal damage and arson,Investigation complete; no suspect identified,
5cacf529ec6b97ffa9ee504c0bf1d13c0423cb29efe943b735ce64a0eeba3a65,2024-05,Durham Constabulary,Durham Constabulary,-1.558436,54.542955,On or near Spring Hill,E01012352,Darlington 004D,Criminal damage and arson,Investigation complete; no suspect identified,
99e0b9c9876b85c20be826dff5cfa42555eceabe5bf651214674965382d2ba3d,2024-05,Durham Constabulary,Durham Constabulary,-1.558960,54.541618,On or near Prospect Place,E01012352,Darlington 004D,Public order,Investigation complete; no suspect identified,
a50cad5e4a15852cc50874c60a0ba5317ac8ca72f41d88ce1dc5447a62f9824d,2024-05,Durham Constabulary,Durham Constabulary,-1.558436,54.542955,On or near Spring Hill,E01012352,Darlington 004D,Vehicle crime,Awaiting court outcome,
87dee5c995787a03a687a75d5b8a1775002e51bba7d8e28576485f03107676d0,2024-05,Durham Constabulary,Durham Constabulary,-1.555526,54.541911,On or near Eldon Place,E01012352,Darlington 004D,Vehicle crime,Awaiting court outcome,
8f442163595f39f748e07b96a9a1c97a58d8bddaff705912d57367b711776d04,2024-05,Durham Constabulary,Durham Constabulary,-1.560747,54.543610,On or near Elmtree Street,E01012352,Darlington 004D,Violence and sexual offences,Investigation complete; no suspect identified,
7b7a5c86013df17cb36e899024c7478a4a0a65c29368f0a6922ef501a4bf1b6e,2024-05,Durham Constabulary,Durham Constabulary,-1.554536,54.540514,On or near Appleton Close,E01012352,Darlington 004D,Violence and sexual offences,Unable to prosecute suspect,
e946d6c6bd96009429002a9ec4b3cb89adc2244bd5e96b907f690a7de0132e24,2024-05,Durham Constabulary,Durham Constabulary,-1.558436,54.542955,On or near Spring Hill,E01012352,Darlington 004D,Violence and sexual offences,Investigation complete; no suspect identified,
6cf4141de37271318b38e48543f08df38de1965baa75617f9bd2f276f7ca38f5,2024-05,Durham Constabulary,Durham Constabulary,-1.556845,54.543866,On or near Sports/Recreation Area,E01012352,Darlington 004D,Violence and sexual offences,Action to be taken by another organisation,
9109386a0a04696d1ab0a14f671d305edf678c195847123e24bc5b8715d3e7db,2024-05,Durham Constabulary,Durham Constabulary,-1.552779,54.541496,On or near Lansdowne Street,E01012352,Darlington 004D,Other crime,Unable to prosecute suspect,
d29716657a33d326b4801ae3b6e91703ed0644bd7d6b618343af3a4f89fb2ed0,2024-05,Durham Constabulary,Durham Constabulary,-1.556845,54.543866,On or near Sports/Recreation Area,E01012352,Darlington 004D,Other crime,Unable to prosecute suspect,
,2024-05,Durham Constabulary,Durham Constabulary,-1.514108,54.538795,On or near St David'S Green,E01012325,Darlington 005A,Anti-social behaviour,,
,2024-05,Durham Constabulary,Durham Constabulary,-1.518802,54.541770,On or near Gouldsmith Gardens,E01012325,Darlington 005A,Anti-social behaviour,,
cdd015626253e00de81d0e660407ce8c266a867499ad2fc6919fcae73d7844c7,2024-05,Durham Constabulary,Durham Constabulary,-1.521068,54.538319,On or near Rose Lane,E01012325,Darlington 005A,Drugs,Local resolution,
135bd80deeb0114dec2e150f831adacdac2675df6d6f56e8124ea736a26f63ab,2024-05,Durham Constabulary,Durham Constabulary,-1.522197,54.538288,On or near Rymers Court,E01012325,Darlington 005A,Public order,Local resolution,
8c91fffe59fd26cd267ea1a0f90299bc044213b562264036857d14fb96b97f86,2024-05,Durham Constabulary,Durham Constabulary,-1.516964,54.540370,On or near Stockton Road,E01012325,Darlington 005A,Public order,Investigation complete; no suspect identified,
7f890bb12b6324e50bd13b994117ee9d2f9ab339719b6293d46c79d226cec28b,2024-05,Durham Constabulary,Durham Constabulary,-1.515465,54.539007,On or near Brecon Side,E01012325,Darlington 005A,Violence and sexual offences,Unable to prosecute suspect,
,2024-05,Durham Constabulary,Durham Constabulary,-1.527028,54.537471,On or near Cottage Mews,E01012326,Darlington 005B,Anti-social behaviour,,
,2024-05,Durham Constabulary,Durham Constabulary,-1.524528,54.539807,On or near Bishop Close,E01012326,Darlington 005B,Anti-social behaviour,,
7d6399c5e6c6bb82183d1d33cff7845daa8e4efca9c55176b3535312338f4a15,2024-05,Durham Constabulary,Durham Constabulary,-1.524528,54.539807,On or near Bishop Close,E01012326,Darlington 005B,Bicycle theft,Under investigation,
4e0f5a7c44895af859bf8e086a71b360394447cd3b4a2b4a88a2e3fd50246a8e,2024-05,Durham Constabulary,Durham Constabulary,-1.530262,54.534464,On or near Blackett Road,E01012326,Darlington 005B,Shoplifting,Investigation complete; no suspect identified,
ea66ba17704ecfbe3b6b2b27331bce754998b5a900faef1e78c47100434dd007,2024-05,Durham Constabulary,Durham Constabulary,-1.519669,54.540381,On or near Feetham Avenue,E01012326,Darlington 005B,Vehicle crime,Unable to prosecute suspect,
c77878a1cccf2440f0d52d7344890dff2b454131c9d90cff7780c282a8ebdd7b,2024-05,Durham Constabulary,Durham Constabulary,-1.524528,54.539807,On or near Bishop Close,E01012326,Darlington 005B,Violence and sexual offences,Unable to prosecute suspect,
632aea4e851afc732e2a413b11f2e35330552534e39aaaa43f688a61a7ac0ef0,2024-05,Durham Constabulary,Durham Constabulary,-1.529599,54.538353,On or near Latimer Road,E01012326,Darlington 005B,Violence and sexual offences,Unable to prosecute suspect,
7c2f0313f278cbbac681a4d0c64c71c8c85171b7c5379e3a7d752d844ea1bb10,2024-05,Durham Constabulary,Durham Constabulary,-1.524528,54.539807,On or near Bishop Close,E01012326,Darlington 005B,Violence and sexual offences,Action to be taken by another organisation,
e5dc9085a8eaefe9cb63b6ff0875e02d5f7c2f2041cc3bdeef08c74c65c293e4,2024-05,Durham Constabulary,Durham Constabulary,-1.519669,54.540381,On or near Feetham Avenue,E01012326,Darlington 005B,Violence and sexual offences,Unable to prosecute suspect,
0d4f8b7a5941ad0713576b6a9dc5c6e28442a77e724c2e71db771d3b548204a4,2024-05,Durham Constabulary,Durham Constabulary,-1.521695,54.537630,On or near Haughton Green,E01012326,Darlington 005B,Violence and sexual offences,Unable to prosecute suspect,
,2024-05,Durham Constabulary,Durham Constabulary,-1.534040,54.543349,On or near Lammermuir Close,E01012332,Darlington 005C,Anti-social behaviour,,
,2024-05,Durham Constabulary,Durham Constabulary,-1.529599,54.545093,On or near Lyonette Road,E01012332,Darlington 005C,Anti-social behaviour,,
1b0ee9069ce9ec13f626b5d1fca3cb5d7dbb61e383be997b2135182066c46c3d,2024-05,Durham Constabulary,Durham Constabulary,-1.532180,54.545103,On or near Falstone Terrace,E01012332,Darlington 005C,Criminal damage and arson,Unable to prosecute suspect,
a27d1d43c7abacdb9ba55865846f4aee6dec712274f1e69c4f0c0785c269d32a,2024-05,Durham Constabulary,Durham Constabulary,-1.534040,54.543349,On or near Lammermuir Close,E01012332,Darlington 005C,Criminal damage and arson,Further action is not in the public interest,
e0997bc8a52061b8fd27d87426422aa8e73ba0f49fa1b4d810f2313507f30608,2024-05,Durham Constabulary,Durham Constabulary,-1.530396,54.544377,On or near Salters Close,E01012332,Darlington 005C,Vehicle crime,Investigation complete; no suspect identified,
0b3b60f686b6c2123cfd05996aae93f02378d1168912c4f436717e56f8f651c8,2024-05,Durham Constabulary,Durham Constabulary,-1.528029,54.543181,On or near Nightingale Avenue,E01012332,Darlington 005C,Violence and sexual offences,Unable to prosecute suspect,
6fe05d83d493ef65ff8660073388cd9ab056a2bfd6e04d48d9236f525e7d77ab,2024-05,Durham Constabulary,Durham Constabulary,-1.534510,54.544132,On or near Ajax Street,E01012332,Darlington 005C,Violence and sexual offences,Unable to prosecute suspect,
8af24e62d13ffc405c5afcde8dac9e5d8e03f3b14393cf57f57777e0d1ee80c6,2024-05,Durham Constabulary,Durham Constabulary,-1.532986,54.543605,On or near Morpeth Avenue,E01012332,Darlington 005C,Other crime,Unable to prosecute suspect,
b9959e9cdc71466e57e7dce7c87262a39e32c0c69aa976bceea44b9f19d92f34,2024-05,Durham Constabulary,Durham Constabulary,-1.532986,54.543605,On or near Morpeth Avenue,E01012332,Darlington 005C,Other crime,Unable to prosecute suspect,
,2024-05,Durham Constabulary,Durham Constabulary,-1.532713,54.541771,On or near Alnwick Place,E01012333,Darlington 005D,Anti-social behaviour,,
,2024-05,Durham Constabulary,Durham Constabulary,-1.536266,54.541973,On or near Martindale Road,E01012333,Darlington 005D,Anti-social behaviour,,
,2024-05,Durham Constabulary,Durham Constabulary,-1.535319,54.540990,On or near Cragwellside,E01012333,Darlington 005D,Anti-social behaviour,,
,2024-05,Durham Constabulary,Durham Constabulary,-1.534767,54.540610,On or near Littlebeck Drive,E01012333,Darlington 005D,Anti-social behaviour,,
,2024-05,Durham Constabulary,Durham Constabulary,-1.536829,54.542757,On or near Quantock Close,E01012333,Darlington 005D,Anti-social behaviour,,
,2024-05,Durham Constabulary,Durham Constabulary,-1.532951,54.538509,On or near Riverside Way,E01012333,Darlington 005D,Anti-social behaviour,,
2dd74fb031ccb589a18f1cf20cc854be13dfce267e43ce9f441934dca66702e7,2024-05,Durham Constabulary,Durham Constabulary,-1.532012,54.539530,On or near Hutton Avenue,E01012333,Darlington 005D,Criminal damage and arson,Investigation complete; no suspect identified,
523dcf7c386471ca5d952acb828d1ff983201c4c5eeba3aaf825064a79845c24,2024-05,Durham Constabulary,Durham Constabulary,-1.534767,54.540610,On or near Littlebeck Drive,E01012333,Darlington 005D,Criminal damage and arson,Local resolution,
3e2b9ebe40ef27af3cc7171ce1761a9b5bcdc7d829e2f7022d05032283923775,2024-05,Durham Constabulary,Durham Constabulary,-1.534767,54.540610,On or near Littlebeck Drive,E01012333,Darlington 005D,Public order,Further investigation is not in the public interest,
77c53fbce71629c1d4b655761001fbc27bee544f5847e13ab35f3830043734da,2024-05,Durham Constabulary,Durham Constabulary,-1.534767,54.540610,On or near Littlebeck Drive,E01012333,Darlington 005D,Public order,Further investigation is not in the public interest,
ba1a37f79a5c9729dff7935eafcb2211585f0823b886a5d66b3c380e787fcbf3,2024-05,Durham Constabulary,Durham Constabulary,-1.530070,54.541814,On or near Wallington Drive,E01012333,Darlington 005D,Vehicle crime,Investigation complete; no suspect identified,
e4e34fc82053004b34520597ce4d6800db68b7b5145dc8912d4fbaf8b1419675,2024-05,Durham Constabulary,Durham Constabulary,-1.538739,54.541992,On or near Scira Court,E01012333,Darlington 005D,Violence and sexual offences,Further action is not in the public interest,
3bc140c3760084a68b4f67cc74ab40efbd192fd68a8ecbee96c183d1b031754a,2024-05,Durham Constabulary,Durham Constabulary,-1.534767,54.540610,On or near Littlebeck Drive,E01012333,Darlington 005D,Violence and sexual offences,Under investigation,
0e3d6a25da1e95b401a2bbfb79b4280537cb00f20b767dc66847efea76d73b32,2024-05,Durham Constabulary,Durham Constabulary,-1.532012,54.539530,On or near Hutton Avenue,E01012333,Darlington 005D,Violence and sexual offences,Unable to prosecute suspect,
9164229e9879e3cf388bb4c1ce0c2c716cc4c7bd52932d2d8aa038b554733dfc,2024-05,Durham Constabulary,Durham Constabulary,-1.534767,54.540610,On or near Littlebeck Drive,E01012333,Darlington 005D,Violence and sexual offences,Unable to prosecute suspect,
8dea35e70252568979d3a361befb8d6529f31a33820068269266e566b368e912,2024-05,Durham Constabulary,Durham Constabulary,-1.558918,54.536935,On or near Granville Place,E01012309,Darlington 006A,Criminal damage and arson,Awaiting court outcome,
372d94accc78054b1b19f19341985f4577daae7d72e5cfb633a129336b0ad8b2,2024-05,Durham Constabulary,Durham Constabulary,-1.559872,54.537334,On or near Barlby Drive,E01012309,Darlington 006A,Other theft,Investigation complete; no suspect identified,
fb85597e17ee15abcea05ef07135254f5590091a18b75e9929043af7761fa299,2024-05,Durham Constabulary,Durham Constabulary,-1.558918,54.536935,On or near Granville Place,E01012309,Darlington 006A,Possession of weapons,Awaiting court outcome,
7a952cb94aeb4fb7485cbb12408f8a08ed1bc8f326c58db51a134154075b7a68,2024-05,Durham Constabulary,Durham Constabulary,-1.565348,54.536869,On or near Desmond Way,E01012309,Darlington 006A,Public order,Unable to prosecute suspect,
ac7b09f54af13b9479effe09ff12328083b131b04418bbf81311b5d266327c7e,2024-05,Durham Constabulary,Durham Constabulary,-1.558918,54.536935,On or near Granville Place,E01012309,Darlington 006A,Public order,Unable to prosecute suspect,
4389ae6677534afda8bcf8da90a857d7feea1a0ac4d412c4dca14c1fd23e2fbc,2024-05,Durham Constabulary,Durham Constabulary,-1.558918,54.536935,On or near Granville Place,E01012309,Darlington 006A,Vehicle crime,Investigation complete; no suspect identified,
bfbc3302f0b652c87839eeb69a3b214beee3e9cad65e433fe6508365b95c06d4,2024-05,Durham Constabulary,Durham Constabulary,-1.566962,54.540613,On or near Tristram Avenue,E01012309,Darlington 006A,Vehicle crime,Investigation complete; no suspect identified,
7c55226d6bcd57399c2eddac53c6286469972071341e14cfc9fd166f1f5bcde6,2024-05,Durham Constabulary,Durham Constabulary,-1.562195,54.538313,On or near Sildale Close,E01012309,Darlington 006A,Vehicle crime,Investigation complete; no suspect identified,
a8d52898d98b1b0049e6231235e35ef3108d78b0dc4c5c0b3dc059d7a0edf1c7,2024-05,Durham Constabulary,Durham Constabulary,-1.563398,54.539998,On or near Aldgrove Way,E01012309,Darlington 006A,Violence and sexual offences,Unable to prosecute suspect,
14c682440977cbaabf7af26953ff4d025cc53ad81cf9443fa0a1450ab5ee9076,2024-05,Durham Constabulary,Durham Constabulary,-1.558918,54.536935,On or near Granville Place,E01012309,Darlington 006A,Violence and sexual offences,Awaiting court outcome,
,2024-05,Durham Constabulary,Durham Constabulary,-1.584492,54.535839,On or near Mary Court,E01012310,Darlington 006B,Anti-social behaviour,,
,2024-05,Durham Constabulary,Durham Constabulary,-1.583027,54.538548,On or near Stooperdale Avenue,E01012310,Darlington 006B,Anti-social behaviour,,
aa62b1c7ec0c6cf54656698dfb8d74ab2fc00888a6548f34bd1d87ceb352ce49,2024-05,Durham Constabulary,Durham Constabulary,-1.580427,54.538836,On or near Leach Grove,E01012310,Darlington 006B,Public order,Investigation complete; no suspect identified,
27c3e5dc2382477d6cf35ddce99c5082e49879c68d2649deca2d2cccf90374be,2024-05,Durham Constabulary,Durham Constabulary,-1.584492,54.535839,On or near Mary Court,E01012310,Darlington 006B,Public order,Investigation complete; no suspect identified,
751f209cb39641090c383268af3d05ad700799a612f9a53727f5f32638ce2333,2024-05,Durham Constabulary,Durham Constabulary,-1.580875,54.540401,On or near Crossfield Road,E01012310,Darlington 006B,Violence and sexual offences,Under investigation,
63fdff9ec923ec63cb75de8177f11d73b2f7a54725590ca44665f02e47b3347d,2024-05,Durham Constabulary,Durham Constabulary,-1.585819,54.540625,On or near Meadowfield Road,E01012310,Darlington 006B,Violence and sexual offences,Investigation complete; no suspect identified,
d23a35124e53a3e4d26297d588cc385d6f09812ebca51ff3f6584c692bf481a6,2024-05,Durham Constabulary,Durham Constabulary,-1.578678,54.540600,On or near Bowen Road,E01012310,Darlington 006B,Violence and sexual offences,Unable to prosecute suspect,
5fda11dab5daca1c35bdee998dcffcf2d2f7793262ff2562f03e82ca26757451,2024-05,Durham Constabulary,Durham Constabulary,-1.586888,54.541851,On or near Richmond Close,E01012310,Darlington 006B,Violence and sexual offences,Investigation complete; no suspect identified,
8b1da679e1156fa526bff4886fc944539e20297d290c0ccabb45a52b8a4fd524,2024-05,Durham Constabulary,Durham Constabulary,-1.582393,54.540101,On or near Walworth Crescent,E01012310,Darlington 006B,Violence and sexual offences,Investigation complete; no suspect identified,
1229dfaeb3cec9aff75e491afd014ead81df4ef5235b188a352cd88067bbdc85,2024-05,Durham Constabulary,Durham Constabulary,-1.570974,54.536799,On or near Rye Hill,E01012311,Darlington 006C,Other theft,Investigation complete; no suspect identified,
79adc18fd321ee39eaff6f27e9d880836b0f84147cec2504e19aa940b6c68599,2024-05,Durham Constabulary,Durham Constabulary,-1.575940,54.539378,On or near A68,E01012311,Darlington 006C,Violence and sexual offences,Unable to prosecute suspect,
ba09db43ef571c4cf94a498b7e891bd8a4973028fc49f414f05869ef3d117b77,2024-05,Durham Constabulary,Durham Constabulary,-1.575940,54.539378,On or near A68,E01012311,Darlington 006C,Violence and sexual offences,Unable to prosecute suspect,
14251b497d8ed03f01f07f7b7ecb5b926b44b1885e1b2b31c4ce4ef25222bb71,2024-05,Durham Constabulary,Durham Constabulary,-1.577241,54.540595,On or near Spring Court,E01012311,Darlington 006C,Violence and sexual offences,Offender given a caution,
e179ef23d055c485023a2bdc5e6f1756001fb77677c1948726cd41eb7a36abf4,2024-05,Durham Constabulary,Durham Constabulary,-1.572273,54.538205,On or near Bluebell Close,E01012311,Darlington 006C,Violence and sexual offences,Unable to prosecute suspect,
,2024-05,Durham Constabulary,Durham Constabulary,-1.590595,54.540587,On or near Norham Drive,E01012312,Darlington 006D,Anti-social behaviour,,
69714ce7bdc85e303f9cf719d1ba2b7c6dc35449ea5c82b5f380dee494fde6cc,2024-05,Durham Constabulary,Durham Constabulary,-1.591221,54.541362,On or near Arundel Drive,E01012312,Darlington 006D,Criminal damage and arson,Investigation complete; no suspect identified,
d11554d884a3822136f08f500d8be94595bb70f5990cee370b177780d1842ea7,2024-05,Durham Constabulary,Durham Constabulary,-1.591221,54.541362,On or near Arundel Drive,E01012312,Darlington 006D,Criminal damage and arson,Investigation complete; no suspect identified,
4523db48ec600f3fb0b413a6923dfe092418261b1345b5db402954ae0d02f4ad,2024-05,Durham Constabulary,Durham Constabulary,-1.593196,54.541675,On or near Wentworth Way,E01012312,Darlington 006D,Criminal damage and arson,Offender given a caution,
885c0444ed0eb57e6d3ce75c95de41ffec7ddca8740945327cc0a8a4863a55fe,2024-05,Durham Constabulary,Durham Constabulary,-1.590225,54.542015,On or near Minors Crescent,E01012312,Darlington 006D,Violence and sexual offences,Unable to prosecute suspect,
b662783387344d249e3c94de11ac5101880c96e7977d6e9c6fa4e4be955eb7c7,2024-05,Durham Constabulary,Durham Constabulary,-1.590225,54.542015,On or near Minors Crescent,E01012312,Darlington 006D,Violence and sexual offences,Unable to prosecute suspect,
390b451c847d429bb7fe64588e2bd53905a8a425f11b197920ea2e2f93c567ae,2024-05,Durham Constabulary,Durham Constabulary,-1.590225,54.542015,On or near Minors Crescent,E01012312,Darlington 006D,Violence and sexual offences,Unable to prosecute suspect,
a974758ce690222427b9c7f52d5686357eef089b36c61e405730549a150af123,2024-05,Durham Constabulary,Durham Constabulary,-1.590225,54.542015,On or near Minors Crescent,E01012312,Darlington 006D,Violence and sexual offences,Under investigation,
781202a3ea309a32652936363895fd928c3e320617ae87000124b34c01546d76,2024-05,Durham Constabulary,Durham Constabulary,-1.590225,54.542015,On or near Minors Crescent,E01012312,Darlington 006D,Violence and sexual offences,Unable to prosecute suspect,
,2024-05,Durham Constabulary,Durham Constabulary,-1.581287,54.534858,On or near Hill Garth,E01012313,Darlington 006E,Anti-social behaviour,,
,2024-05,Durham Constabulary,Durham Constabulary,-1.579395,54.534042,On or near Forcett Street,E01012313,Darlington 006E,Anti-social behaviour,,
,2024-05,Durham Constabulary,Durham Constabulary,-1.588370,54.535943,On or near Dryburgh View,E01012313,Darlington 006E,Anti-social behaviour,,
,2024-05,Durham Constabulary,Durham Constabulary,-1.590870,54.537838,On or near Easby Place,E01012313,Darlington 006E,Anti-social behaviour,,
,2024-05,Durham Constabulary,Durham Constabulary,-1.590408,54.539203,On or near Newton Lane,E01012313,Darlington 006E,Anti-social behaviour,,
c7b3eb1d99f72dc447ee6ea08a2be6b90cdae91acd3b8095f5eaa7b626c98357,2024-05,Durham Constabulary,Durham Constabulary,-1.592145,54.537088,On or near Finchale Crescent,E01012313,Darlington 006E,Criminal damage and arson,Investigation complete; no suspect identified,
6002752bb6c9c198a32feb6e73eac5d3e341a702082bb1595099f4dbb4ce853c,2024-05,Durham Constabulary,Durham Constabulary,-1.581287,54.534858,On or near Hill Garth,E01012313,Darlington 006E,Criminal damage and arson,Under investigation,
241317724db32884dddd580efa5b6df50f3a44ef158f763a5ee9f547f970c8a3,2024-05,Durham Constabulary,Durham Constabulary,-1.590870,54.537838,On or near Easby Place,E01012313,Darlington 006E,Other theft,Investigation complete; no suspect identified,
4d78a3d4afe37eaad7a9b8dc8a6afe886099778bb78f357753be77efbd17de8f,2024-05,Durham Constabulary,Durham Constabulary,-1.590870,54.537838,On or near Easby Place,E01012313,Darlington 006E,Public order,Offender given a caution,
23e61060941e8c9d3ef3968aeefbbd7338f400dc41854559230743d50cf5bef0,2024-05,Durham Constabulary,Durham Constabulary,-1.579395,54.534042,On or near Forcett Street,E01012313,Darlington 006E,Shoplifting,Awaiting court outcome,
b3b1093ac8c3ebbad787ee08d86b4da8a7c6e00e6d5ed05751eefdfe7249d703,2024-05,Durham Constabulary,Durham Constabulary,-1.579395,54.534042,On or near Forcett Street,E01012313,Darlington 006E,Violence and sexual offences,Unable to prosecute suspect,
30288a81e32987600fcd4de570c60af2f1ca768677e5563020087eb90d3120f9,2024-05,Durham Constabulary,Durham Constabulary,-1.578817,54.533115,On or near Parking Area,E01012313,Darlington 006E,Violence and sexual offences,Unable to prosecute suspect,
e73bc1a660e0ee800efc5729b72e5333d7c81732a6dd71ce44542d04aaa0fb2d,2024-05,Durham Constabulary,Durham Constabulary,-1.588370,54.535943,On or near Dryburgh View,E01012313,Darlington 006E,Violence and sexual offences,Unable to prosecute suspect,
7842fa2cd9f86d0fad8c142c32bf5fe9e4ce2e587f19d8d800d5ae9f4a1d0ff9,2024-05,Durham Constabulary,Durham Constabulary,-1.579395,54.534042,On or near Forcett Street,E01012313,Darlington 006E,Violence and sexual offences,Unable to prosecute suspect,
9adf991e6aaa01e9a1d353d028343a258134f09e8758e8c8adf3bc0f7fd2633c,2024-05,Durham Constabulary,Durham Constabulary,-1.581287,54.534858,On or near Hill Garth,E01012313,Darlington 006E,Violence and sexual offences,Under investigation,
b2b1160f0518ed7902d98149a0b6bfdfe2543cc142702b17d3bd69d351004e35,2024-05,Durham Constabulary,Durham Constabulary,-1.594023,54.537849,On or near Bylands Way,E01012313,Darlington 006E,Violence and sexual offences,Unable to prosecute suspect,
6cd23e16d2b32b89bdf4eac534bb55bb0c4bfa3014ac42230c97473365d86139,2024-05,Durham Constabulary,Durham Constabulary,-1.581287,54.534858,On or near Hill Garth,E01012313,Darlington 006E,Violence and sexual offences,Under investigation,
d9e0216d92b157360fce37818bbbfc2eb7aa34fa84ab9261e74928989a630032,2024-05,Durham Constabulary,Durham Constabulary,-1.589866,54.537736,On or near Bolton Close,E01012313,Darlington 006E,Violence and sexual offences,Unable to prosecute suspect,
c574b4e677f48235efffbdbd31e16700dc1e6a17b2a735121ff1f01cb53b5695,2024-05,Durham Constabulary,Durham Constabulary,-1.588370,54.535943,On or near Dryburgh View,E01012313,Darlington 006E,Violence and sexual offences,Unable to prosecute suspect,
,2024-05,Durham Constabulary,Durham Constabulary,-1.596797,54.538595,On or near Ampleforth Way,E01012314,Darlington 006F,Anti-social behaviour,,
,2024-05,Durham Constabulary,Durham Constabulary,-1.598768,54.539366,On or near Atherstone Way,E01012314,Darlington 006F,Anti-social behaviour,,
,2024-05,Durham Constabulary,Durham Constabulary,-1.598768,54.539366,On or near Atherstone Way,E01012314,Darlington 006F,Anti-social behaviour,,
,2024-05,Durham Constabulary,Durham Constabulary,-1.599644,54.541408,On or near Jedburgh Drive,E01012314,Darlington 006F,Anti-social behaviour,,
,2024-05,Durham Constabulary,Durham Constabulary,-1.601750,54.537866,On or near Sherborne Close,E01012314,Darlington 006F,Anti-social behaviour,,
,2024-05,Durham Constabulary,Durham Constabulary,-1.598768,54.539366,On or near Atherstone Way,E01012314,Darlington 006F,Anti-social behaviour,,
,2024-05,Durham Constabulary,Durham Constabulary,-1.599037,54.538746,On or near Dunster Close,E01012314,Darlington 006F,Anti-social behaviour,,
,2024-05,Durham Constabulary,Durham Constabulary,-1.600699,54.541043,On or near Tintern Avenue,E01012314,Darlington 006F,Anti-social behaviour,,
840ff908c98c7e3341a6abab6f10a23ee84723d0e0def110c83ea9f694852de2,2024-05,Durham Constabulary,Durham Constabulary,-1.596797,54.538595,On or near Ampleforth Way,E01012314,Darlington 006F,Criminal damage and arson,Action to be taken by another organisation,
197d7e770a4458a8e4fa7db880526648f65fb17d8d8d4e1f68274fd7ae6fa469,2024-05,Durham Constabulary,Durham Constabulary,-1.599644,54.541408,On or near Jedburgh Drive,E01012314,Darlington 006F,Criminal damage and arson,Investigation complete; no suspect identified,
58c11ff44af14a471d3ef28f5dd3f1cc0984e670c3e9b483f628e84daf474937,2024-05,Durham Constabulary,Durham Constabulary,-1.601997,54.541075,On or near Marrick Avenue,E01012314,Darlington 006F,Criminal damage and arson,Investigation complete; no suspect identified,
9580b6c6baa08377454bf4c3bbe22fc4d0e22cb893f2eb6c354959c3b5703a95,2024-05,Durham Constabulary,Durham Constabulary,-1.598768,54.539366,On or near Atherstone Way,E01012314,Darlington 006F,Criminal damage and arson,Investigation complete; no suspect identified,
0e9277385a9d08d45cdd41a330b9172a6d941a95ca36eaac74fef032702fccd8,2024-05,Durham Constabulary,Durham Constabulary,-1.598768,54.539366,On or near Atherstone Way,E01012314,Darlington 006F,Criminal damage and arson,Investigation complete; no suspect identified,
f02980882066d59297d488bfba2f8a7aa75e1da4199f45ed9122a21ff57e4d24,2024-05,Durham Constabulary,Durham Constabulary,-1.598425,54.541279,On or near Hexham Way,E01012314,Darlington 006F,Other theft,Investigation complete; no suspect identified,
d248599831a5744b45aef1e9aebc26cd3357b1399efe7eb416b4162eeb220060,2024-05,Durham Constabulary,Durham Constabulary,-1.599644,54.541408,On or near Jedburgh Drive,E01012314,Darlington 006F,Other theft,Investigation complete; no suspect identified,
d6f2c7821963c450a0d680c380e32b4430d88ae9812e8fee702704ad2c9889aa,2024-05,Durham Constabulary,Durham Constabulary,-1.601997,54.541075,On or near Marrick Avenue,E01012314,Darlington 006F,Other theft,Investigation complete; no suspect identified,
b2eef02430959553fd9434167fa5e0faa2c69a626c51108723ffdceda863890e,2024-05,Durham Constabulary,Durham Constabulary,-1.601997,54.541075,On or near Marrick Avenue,E01012314,Darlington 006F,Other theft,Investigation complete; no suspect identified,
1e668c7f4371121e0a809bea3f5411d3d9c80a3e321f688b07d1813c4e4de368,2024-05,Durham Constabulary,Durham Constabulary,-1.602538,54.539486,On or near Malvern Crescent,E01012314,Darlington 006F,Public order,Unable to prosecute suspect,
09fd702a87ccf92c00b02d2af3158a9ca48d10c1f0b8b093a5900a3eca8d31da,2024-05,Durham Constabulary,Durham Constabulary,-1.601750,54.537866,On or near Sherborne Close,E01012314,Darlington 006F,Violence and sexual offences,Under investigation,
43f3f4ac6672f92926349f39bf65b941b1aef892b1a3febcceca584345cbeadd,2024-05,Durham Constabulary,Durham Constabulary,-1.601997,54.541075,On or near Marrick Avenue,E01012314,Darlington 006F,Violence and sexual offences,Unable to prosecute suspect,
fb05b346308494d584a27ca806cdcebdc80b40c8f30bc97a9d6f82a2cdf8d67a,2024-05,Durham Constabulary,Durham Constabulary,-1.601997,54.541075,On or near Marrick Avenue,E01012314,Darlington 006F,Violence and sexual offences,Under investigation,
cf9131cd3e73fc3e37d814df3d6b0d6e01518886b93964fca5520d2a8ebeab9c,2024-05,Durham Constabulary,Durham Constabulary,-1.597083,54.540942,On or near Wimborne Close,E01012314,Darlington 006F,Violence and sexual offences,Unable to prosecute suspect,
1e482f8d63e8a79e7f31b7e4b10ff70ed30990e18e5141a82fa55980f9865db9,2024-05,Durham Constabulary,Durham Constabulary,-1.598425,54.541279,On or near Hexham Way,E01012314,Darlington 006F,Violence and sexual offences,Further action is not in the public interest,
b4ecf59ac5da1b711193576e12f8de26c11085ca6d5819f27909fab45bcbc9ed,2024-05,Durham Constabulary,Durham Constabulary,-1.602538,54.539486,On or near Malvern Crescent,E01012314,Darlington 006F,Violence and sexual offences,Unable to prosecute suspect,
eca666df5edb0821bea7723752ace60483f44475da2a8a6c4b12dd338bd61f59,2024-05,Durham Constabulary,Durham Constabulary,-1.601997,54.541075,On or near Marrick Avenue,E01012314,Darlington 006F,Violence and sexual offences,Unable to prosecute suspect,
f0e9e1d19e388f24356d45541cd1f0150b656944cea12c5ce329a298ebf77dbf,2024-05,Durham Constabulary,Durham Constabulary,-1.601997,54.541075,On or near Marrick Avenue,E01012314,Darlington 006F,Other crime,Further investigation is not in the public interest,
ce3ced00fa0e600b9096ccb126ade277df52b59cf75d287b7561670cae7082d7,2024-05,Durham Constabulary,Durham Constabulary,-1.597083,54.540942,On or near Wimborne Close,E01012314,Darlington 006F,Other crime,Unable to prosecute suspect,
f8651c1d3007d24761fa6276f8457123155f9cd1025007fe2d665c3eaf1f892b,2024-05,Durham Constabulary,Durham Constabulary,-1.599037,54.538746,On or near Dunster Close,E01012314,Darlington 006F,Other crime,Further investigation is not in the public interest,
,2024-05,Durham Constabulary,Durham Constabulary,-1.533568,54.535924,On or near Sussex Way,E01012307,Darlington 009A,Anti-social behaviour,,
,2024-05,Durham Constabulary,Durham Constabulary,-1.541138,54.532034,On or near Engine House Lane,E01012307,Darlington 009A,Anti-social behaviour,,
683754dfb7cc163500e6852411f30b8794b7332e7b187c4c926260014aeb75d4,2024-05,Durham Constabulary,Durham Constabulary,-1.546632,54.531309,On or near East Mount Road,E01012307,Darlington 009A,Burglary,Investigation complete; no suspect identified,
a83ea4492a9bb2a5dbd3cfe941d25ed5260718ec90bc5b6528268c812ea17eec,2024-05,Durham Constabulary,Durham Constabulary,-1.536443,54.533140,On or near Haughton Road,E01012307,Darlington 009A,Criminal damage and arson,Unable to prosecute suspect,
2cdd1f87b187395502317ac924eb6ada5b87444c2a0958dec129f64b76b81e80,2024-05,Durham Constabulary,Durham Constabulary,-1.536443,54.533140,On or near Haughton Road,E01012307,Darlington 009A,Criminal damage and arson,Investigation complete; no suspect identified,
ccc5f48047e15ba37bd931d50b0c16d748b3cc382d78f19a92a4dbe71c9ef14a,2024-05,Durham Constabulary,Durham Constabulary,-1.532910,54.534034,On or near Throstlenest Avenue,E01012307,Darlington 009A,Criminal damage and arson,Investigation complete; no suspect identified,
564ef49d09c8f195cf0123d903628795672a3c9798044d8e265db3286bc2e087,2024-05,Durham Constabulary,Durham Constabulary,-1.538790,54.534667,On or near Nestfield Street,E01012307,Darlington 009A,Criminal damage and arson,Unable to prosecute suspect,
f78402adc4561b77a3741ee6ef3d327f5eb279968deb88ee1a94b2b24c6fed6e,2024-05,Durham Constabulary,Durham Constabulary,-1.546215,54.531307,On or near Dumfries Street,E01012307,Darlington 009A,Criminal damage and arson,Under investigation,
1cb0e4985beac8b4ddec463a81b974c5b37894f6e88badb8cd1940887c341440,2024-05,Durham Constabulary,Durham Constabulary,-1.533014,54.532974,On or near Frosterley Drive,E01012307,Darlington 009A,Criminal damage and arson,Further action is not in the public interest,
4f9299c6a7a3924e43e4c88c541c347f87ea77b7070887eb6df9a904dad06334,2024-05,Durham Constabulary,Durham Constabulary,-1.546215,54.531307,On or near Dumfries Street,E01012307,Darlington 009A,Criminal damage and arson,Unable to prosecute suspect,
6d00547b49a7695829ef599e4f13410422d60b6b2e7e4ff798eca66efc6586c2,2024-05,Durham Constabulary,Durham Constabulary,-1.534896,54.533331,On or near Alexander Street,E01012307,Darlington 009A,Criminal damage and arson,Investigation complete; no suspect identified,
36eefcde5c513189de99f1f983f9de78632448ce5b1264049604b1bfbb2e5317,2024-05,Durham Constabulary,Durham Constabulary,-1.546632,54.531309,On or near East Mount Road,E01012307,Darlington 009A,Criminal damage and arson,Investigation complete; no suspect identified,
593a886f632020cc07802931f2aed40de9c600893c39092c147a463e41af2030,2024-05,Durham Constabulary,Durham Constabulary,-1.541906,54.533852,On or near Lucknow Street,E01012307,Darlington 009A,Drugs,Further investigation is not in the public interest,
21f531a2adb73bbd29f67c3f4ff8ccddd922aac8a3b71d83619b8a0ed641f840,2024-05,Durham Constabulary,Durham Constabulary,-1.541906,54.533852,On or near Lucknow Street,E01012307,Darlington 009A,Drugs,Local resolution,
30fed62fc4668120b53f33df2e0e3121afcfc809416b3ce5f5f619d423fe82ac,2024-05,Durham Constabulary,Durham Constabulary,-1.541906,54.533852,On or near Lucknow Street,E01012307,Darlington 009A,Drugs,Local resolution,
554e66b8d72b32be5eb3086a8292dc6c8ac8121496eac784f9a39f05381f27c5,2024-05,Durham Constabulary,Durham Constabulary,-1.542716,54.531923,On or near The Sidings,E01012307,Darlington 009A,Other theft,Investigation complete; no suspect identified,
cae959babde6c60a13308bec42cb6794f7bdcff616588d60b90b4c9cdde25b7e,2024-05,Durham Constabulary,Durham Constabulary,-1.541906,54.533852,On or near Lucknow Street,E01012307,Darlington 009A,Possession of weapons,Awaiting court outcome,
d821426a955854285d3b6eb0f277e627c2e4d491552dfb7581971b7ced17f0fa,2024-05,Durham Constabulary,Durham Constabulary,-1.531736,54.535341,On or near Gloucester Place,E01012307,Darlington 009A,Public order,Investigation complete; no suspect identified,
a5ee493242d16270d8a82568365fe8f559e5e812d340b7382630df8767d121f8,2024-05,Durham Constabulary,Durham Constabulary,-1.538248,54.533461,On or near Barton Street,E01012307,Darlington 009A,Shoplifting,Awaiting court outcome,
4279da063ae99c2456245c57c4ec5806f8b48fa33526b4573704748bdd3c9a0f,2024-05,Durham Constabulary,Durham Constabulary,-1.549298,54.535593,On or near Shopping Area,E01012307,Darlington 009A,Shoplifting,Awaiting court outcome,
3cb4830667056f12e1777b455e69bf403a46c626f7d698809431abaac554547a,2024-05,Durham Constabulary,Durham Constabulary,-1.538248,54.533461,On or near Barton Street,E01012307,Darlington 009A,Shoplifting,Awaiting court outcome,
5de8e8f0c7d7daac31f210c337b2976a6a4ce138667e193cf0ed925557032bf3,2024-05,Durham Constabulary,Durham Constabulary,-1.533014,54.532974,On or near Frosterley Drive,E01012307,Darlington 009A,Shoplifting,Awaiting court outcome,
f2f09e1496468544cc907d798426d3b2c6659b8f54286082cd0610235192d7db,2024-05,Durham Constabulary,Durham Constabulary,-1.549298,54.535593,On or near Shopping Area,E01012307,Darlington 009A,Shoplifting,Under investigation,
72d1ca63df3c6cc96fab1cadec70ad27466db6fe94f15536460d7d5f7bff559d,2024-05,Durham Constabulary,Durham Constabulary,-1.549298,54.535593,On or near Shopping Area,E01012307,Darlington 009A,Vehicle crime,Unable to prosecute suspect,
d02136279462d81bea538788b7408ed4421df9f13be6fb790a0e4e188c38d719,2024-05,Durham Constabulary,Durham Constabulary,-1.539629,54.532891,On or near St James Court,E01012307,Darlington 009A,Violence and sexual offences,Local resolution,
f2be03a585237602a05c2749761d09bb2480518676ab1f218e3b63d123ea1384,2024-05,Durham Constabulary,Durham Constabulary,-1.533568,54.535924,On or near Sussex Way,E01012307,Darlington 009A,Violence and sexual offences,Unable to prosecute suspect,
0b2ba1b8a3a34d82231e3321efa0353584498f5af4041ae40ff96e42571db6c5,2024-05,Durham Constabulary,Durham Constabulary,-1.541074,54.533652,On or near Killinghall Street,E01012307,Darlington 009A,Violence and sexual offences,Offender given a caution,
9259a6f550cc95214a4ff03edea6386051fbd95a151a08c2537ed0678a773c85,2024-05,Durham Constabulary,Durham Constabulary,-1.537365,54.534950,On or near Church Grove,E01012307,Darlington 009A,Violence and sexual offences,Unable to prosecute suspect,
bc9f5cbf00374a31b3d9af32b881eb3bfff757a09a2a64a5f2a9e213703510d1,2024-05,Durham Constabulary,Durham Constabulary,-1.535938,54.532715,On or near Westgarth Terrace,E01012307,Darlington 009A,Violence and sexual offences,Unable to prosecute suspect,
d2ee1450d478089ddd8eafbdfc21a361036b4f0d727a68436569ef3d389575e0,2024-05,Durham Constabulary,Durham Constabulary,-1.549298,54.535593,On or near Shopping Area,E01012307,Darlington 009A,Violence and sexual offences,Awaiting court outcome,
b534c98278a89605abc932ec4c15ebf28587b6aee2ba6adbd3bdd51246bff141,2024-05,Durham Constabulary,Durham Constabulary,-1.533014,54.532974,On or near Frosterley Drive,E01012307,Darlington 009A,Violence and sexual offences,Further investigation is not in the public interest,
24b01445524658e9763a7473ebda0fe6330aff29f947db9ba907569df7e0fa56,2024-05,Durham Constabulary,Durham Constabulary,-1.533014,54.532974,On or near Frosterley Drive,E01012307,Darlington 009A,Violence and sexual offences,Unable to prosecute suspect,
1d9e584203e37dbcf6be28cebc81e2bdc972648b0b33c78275e2d2f8d6626c14,2024-05,Durham Constabulary,Durham Constabulary,-1.541074,54.533652,On or near Killinghall Street,E01012307,Darlington 009A,Violence and sexual offences,Unable to prosecute suspect,
05c2b580625e1e7dbe1dbec0577d6deb6c045ba8077472f9336b05ac60a09bf8,2024-05,Durham Constabulary,Durham Constabulary,-1.537365,54.534950,On or near Church Grove,E01012307,Darlington 009A,Violence and sexual offences,Unable to prosecute suspect,
2a63582cc2ee8a57bb0386e7779be66ac459a909d856969113059ded0d3f05c5,2024-05,Durham Constabulary,Durham Constabulary,-1.537365,54.534950,On or near Church Grove,E01012307,Darlington 009A,Violence and sexual offences,Unable to prosecute suspect,
9d935e6345a245f7290df7a67ad683c40e092e0b7ffa422e65f9e5b69cad57b7,2024-05,Durham Constabulary,Durham Constabulary,-1.537365,54.534950,On or near Church Grove,E01012307,Darlington 009A,Violence and sexual offences,Unable to prosecute suspect,
914824f1919d1ff7d6eb98f8c90c0fa7865dee6f1abfbac2045d9ed1d65a752b,2024-05,Durham Constabulary,Durham Constabulary,-1.533014,54.532974,On or near Frosterley Drive,E01012307,Darlington 009A,Violence and sexual offences,Unable to prosecute suspect,
a263dd2c501e7b819aa6cfe8ee3c79b83e92929f95e88f621c806f955c6a4f13,2024-05,Durham Constabulary,Durham Constabulary,-1.538879,54.533706,On or near Grey Street,E01012307,Darlington 009A,Violence and sexual offences,Unable to prosecute suspect,
0cc61b0a800f10cc7e46ab0e0c8dfe59266db79d695ee01ed1d27e475d7e4f4c,2024-05,Durham Constabulary,Durham Constabulary,-1.541074,54.533652,On or near Killinghall Street,E01012307,Darlington 009A,Violence and sexual offences,Unable to prosecute suspect,
,2024-05,Durham Constabulary,Durham Constabulary,-1.516628,54.533467,On or near White Hart Crescent,E01012327,Darlington 009B,Anti-social behaviour,,
,2024-05,Durham Constabulary,Durham Constabulary,-1.511366,54.532852,On or near Anfield Court,E01012327,Darlington 009B,Anti-social behaviour,,
,2024-05,Durham Constabulary,Durham Constabulary,-1.516628,54.533467,On or near White Hart Crescent,E01012327,Darlington 009B,Anti-social behaviour,,
,2024-05,Durham Constabulary,Durham Constabulary,-1.523153,54.533178,On or near Red Hall Drive,E01012327,Darlington 009B,Anti-social behaviour,,
,2024-05,Durham Constabulary,Durham Constabulary,-1.516781,54.532308,On or near Coombe Drive,E01012327,Darlington 009B,Anti-social behaviour,,
46e967ab4b438b62d4d8f9b42f99ca3be60ec6269c1b3a626b0a23b3ff6106be,2024-05,Durham Constabulary,Durham Constabulary,-1.516628,54.533467,On or near White Hart Crescent,E01012327,Darlington 009B,Criminal damage and arson,Unable to prosecute suspect,
efb24d9860e78f097f6a3dd7680c7d6109ee687b57cf3800f0345381e6283422,2024-05,Durham Constabulary,Durham Constabulary,-1.516628,54.533467,On or near White Hart Crescent,E01012327,Darlington 009B,Criminal damage and arson,Unable to prosecute suspect,
6654b1a4b44bbbf31ee90517a7982a5480ca41845706c2f15838cdffbf4c434a,2024-05,Durham Constabulary,Durham Constabulary,-1.521293,54.533629,On or near Harringay Crescent,E01012327,Darlington 009B,Criminal damage and arson,Investigation complete; no suspect identified,
7248d5106c3f5f586b95e005270996728bc48b171147b5b086cb02f6238853b4,2024-05,Durham Constabulary,Durham Constabulary,-1.516628,54.533467,On or near White Hart Crescent,E01012327,Darlington 009B,Criminal damage and arson,Unable to prosecute suspect,
c4379c45a817512db311d53e8daab146d0ef6420849b952d6b324c9e39457c58,2024-05,Durham Constabulary,Durham Constabulary,-1.516757,54.534195,On or near Sports/Recreation Area,E01012327,Darlington 009B,Criminal damage and arson,Investigation complete; no suspect identified,
d7c3ebeb1da24e6ff06fe392bc315b1d9ba3a22f227712d1e00db38ab694ae8b,2024-05,Durham Constabulary,Durham Constabulary,-1.511366,54.532852,On or near Anfield Court,E01012327,Darlington 009B,Possession of weapons,Further investigation is not in the public interest,
0736f69a7654c0cc100c171f57548703118f2b475198c7a8c627e56e8c5b7501,2024-05,Durham Constabulary,Durham Constabulary,-1.516628,54.533467,On or near White Hart Crescent,E01012327,Darlington 009B,Public order,Unable to prosecute suspect,
5df39fb5f922d73c99a15296a117072bfeeb7a69d148a38602bf9e45ed13ff3a,2024-05,Durham Constabulary,Durham Constabulary,-1.514588,54.533458,On or near Bramall Lane,E01012327,Darlington 009B,Public order,Unable to prosecute suspect,
663e4186e457df7091eb2976982eeebe1df52a54293d2ed2ab9966e3f8a7910b,2024-05,Durham Constabulary,Durham Constabulary,-1.511366,54.532852,On or near Anfield Court,E01012327,Darlington 009B,Violence and sexual offences,Further investigation is not in the public interest,
9b21cc63d15f8fbc07eb7fdafb772f8a277a1b0670416ca3162153c0d6076966,2024-05,Durham Constabulary,Durham Constabulary,-1.511366,54.532852,On or near Anfield Court,E01012327,Darlington 009B,Violence and sexual offences,Further investigation is not in the public interest,
9480c1031b385ea3a9d3bf009f846f884857be5f261e6097a40e3a02e08cfa20,2024-05,Durham Constabulary,Durham Constabulary,-1.511940,54.532630,On or near Aintree Court,E01012327,Darlington 009B,Violence and sexual offences,Unable to prosecute suspect,
f98c6ae2e24882fffd634f36b09124ea27fe3970a191313a296aad02fbcbd077,2024-05,Durham Constabulary,Durham Constabulary,-1.519250,54.533917,On or near Trafford Close,E01012327,Darlington 009B,Violence and sexual offences,Unable to prosecute suspect,
73cfa3d33247823a56cf096eb1adc7beb34b0557321f725267ed6661f2b9dabb,2024-05,Durham Constabulary,Durham Constabulary,-1.516757,54.534195,On or near Sports/Recreation Area,E01012327,Darlington 009B,Violence and sexual offences,Under investigation,
12a43a9685d0480bccde119820a0e01aefd64b459b44e53530a735b7a0bbacb4,2024-05,Durham Constabulary,Durham Constabulary,-1.516757,54.534195,On or near Sports/Recreation Area,E01012327,Darlington 009B,Violence and sexual offences,Investigation complete; no suspect identified,
b970517660595b5cc2135a34faad7bb00180308e872980df809b1a254596a655,2024-05,Durham Constabulary,Durham Constabulary,-1.516757,54.534195,On or near Sports/Recreation Area,E01012327,Darlington 009B,Violence and sexual offences,Under investigation,
b7caf6593f59d8b0e6c2f70efb5afe10f673f627024fbf857a545a1523c27597,2024-05,Durham Constabulary,Durham Constabulary,-1.511741,54.533788,On or near Chepstow Court,E01012327,Darlington 009B,Violence and sexual offences,Unable to prosecute suspect,
7902b93f179fb48af93ac5ab4147c2e670b9821a25219e22d3da2105948bbe56,2024-05,Durham Constabulary,Durham Constabulary,-1.513034,54.534234,On or near Hickstead Court,E01012327,Darlington 009B,Violence and sexual offences,Under investigation,
7b64f7e8534865461935a11f59264fd50435f820c114308c1caff5c6f24a748f,2024-05,Durham Constabulary,Durham Constabulary,-1.513034,54.534234,On or near Hickstead Court,E01012327,Darlington 009B,Violence and sexual offences,Unable to prosecute suspect,
b83fad8716657f22cf7bf8d0cc06880a3bafb81c1cfdc0c24d4c4ede604aabbe,2024-05,Durham Constabulary,Durham Constabulary,-1.513695,54.533176,On or near Deepdale Way,E01012327,Darlington 009B,Violence and sexual offences,Awaiting court outcome,
03658540c3df6c79db0f51b6f5dda7f0ee6539365e85cbc82727d9061b4c50f5,2024-05,Durham Constabulary,Durham Constabulary,-1.515070,54.534566,On or near Mallory Court,E01012327,Darlington 009B,Violence and sexual offences,Unable to prosecute suspect,
d644f094c37a82ed13b856b62eef6d7ca3e51594fcbfa02198e6a1d82aef170e,2024-05,Durham Constabulary,Durham Constabulary,-1.516628,54.533467,On or near White Hart Crescent,E01012327,Darlington 009B,Violence and sexual offences,Unable to prosecute suspect,
845feb025b4ee53d9a22a084c7e1903ed78c9df18faccb40842294d581cfbf89,2024-05,Durham Constabulary,Durham Constabulary,-1.510644,54.533784,On or near Bisley Court,E01012327,Darlington 009B,Violence and sexual offences,Under investigation,
b0a06e96bbd47ed0f3c2f453bc24ab67ec943ca666d8d815d22663a8c7e55267,2024-05,Durham Constabulary,Durham Constabulary,-1.516757,54.534195,On or near Sports/Recreation Area,E01012327,Darlington 009B,Violence and sexual offences,Under investigation,
c79d59aef746dae6f4b63fae4de717530fa7d5011f239315029864a02109925d,2024-05,Durham Constabulary,Durham Constabulary,-1.523153,54.533178,On or near Red Hall Drive,E01012327,Darlington 009B,Violence and sexual offences,Unable to prosecute suspect,
e64e07fd9124340b796a652be6a84f71aedc67fb7a347e8488183487ae8d2d4a,2024-05,Durham Constabulary,Durham Constabulary,-1.516757,54.534195,On or near Sports/Recreation Area,E01012327,Darlington 009B,Violence and sexual offences,Under investigation,
f9f6a51918a0bb72931abdbaca580b628dd244519fba4b3bfa3aaac119b3b66d,2024-05,Durham Constabulary,Durham Constabulary,-1.521293,54.533629,On or near Harringay Crescent,E01012327,Darlington 009B,Violence and sexual offences,Unable to prosecute suspect,
5c01daf395b6622497c836666dce4ed19e6722cfbe2d82a42a65833a3595f752,2024-05,Durham Constabulary,Durham Constabulary,-1.510644,54.533784,On or near Bisley Court,E01012327,Darlington 009B,Violence and sexual offences,Local resolution,
5751e264a3eb53cba046c6dfd113b534cac7e68b4b5acc48f4d28442c392253f,2024-05,Durham Constabulary,Durham Constabulary,-1.515070,54.534566,On or near Mallory Court,E01012327,Darlington 009B,Violence and sexual offences,Unable to prosecute suspect,
aeb6cef2260b98a1c1d4a1f206750be742fb259d289c57b05c22695af4fd8384,2024-05,Durham Constabulary,Durham Constabulary,-1.515070,54.534566,On or near Mallory Court,E01012327,Darlington 009B,Violence and sexual offences,Unable to prosecute suspect,
726e837d6e3c2251222084c0805e15ff648da0153dc2f5abe862a16b9ccb9bf5,2024-05,Durham Constabulary,Durham Constabulary,-1.511366,54.532852,On or near Anfield Court,E01012327,Darlington 009B,Violence and sexual offences,Further investigation is not in the public interest,
fcee850e27008e473612eb5a9ecd37f50bdb0aa85f6199c3d0ae8b56a5be5eb0,2024-05,Durham Constabulary,Durham Constabulary,-1.514588,54.533458,On or near Bramall Lane,E01012327,Darlington 009B,Other crime,Unable to prosecute suspect,
4e2c73a5a35a0a2dd6309104658bf68e9a80632f9776a7824c3087d5646e55db,2024-05,Durham Constabulary,Durham Constabulary,-1.513850,54.534453,On or near Kempton Court,E01012327,Darlington 009B,Other crime,Under investigation,
,2024-05,Durham Constabulary,Durham Constabulary,-1.538163,54.528671,On or near John Williams Boulevard,E01012342,Darlington 009C,Anti-social behaviour,,
,2024-05,Durham Constabulary,Durham Constabulary,-1.536061,54.527324,On or near Yellowley Court,E01012342,Darlington 009C,Anti-social behaviour,,
,2024-05,Durham Constabulary,Durham Constabulary,-1.533902,54.525644,On or near Kingfisher Way,E01012342,Darlington 009C,Anti-social behaviour,,
,2024-05,Durham Constabulary,Durham Constabulary,-1.528892,54.525957,On or near The Causeway,E01012342,Darlington 009C,Anti-social behaviour,,
,2024-05,Durham Constabulary,Durham Constabulary,-1.528892,54.525957,On or near The Causeway,E01012342,Darlington 009C,Anti-social behaviour,,
,2024-05,Durham Constabulary,Durham Constabulary,-1.536061,54.527324,On or near Yellowley Court,E01012342,Darlington 009C,Anti-social behaviour,,
,2024-05,Durham Constabulary,Durham Constabulary,-1.528892,54.525957,On or near The Causeway,E01012342,Darlington 009C,Anti-social behaviour,,
,2024-05,Durham Constabulary,Durham Constabulary,-1.536844,54.530544,On or near Byron Road,E01012342,Darlington 009C,Anti-social behaviour,,
,2024-05,Durham Constabulary,Durham Constabulary,-1.538163,54.528671,On or near John Williams Boulevard,E01012342,Darlington 009C,Anti-social behaviour,,
,2024-05,Durham Constabulary,Durham Constabulary,-1.538770,54.525492,On or near Rennie Close,E01012342,Darlington 009C,Anti-social behaviour,,
,2024-05,Durham Constabulary,Durham Constabulary,-1.536023,54.526605,On or near Poplar Grove,E01012342,Darlington 009C,Anti-social behaviour,,
,2024-05,Durham Constabulary,Durham Constabulary,-1.536061,54.527324,On or near Yellowley Court,E01012342,Darlington 009C,Anti-social behaviour,,
0f66ae848a354b1c9df52098f8c9f73cce91276f9749af67a959bc85302da53b,2024-05,Durham Constabulary,Durham Constabulary,-1.541700,54.530122,On or near Further/Higher Educational Building,E01012342,Darlington 009C,Bicycle theft,Under investigation,
d4448ca34c8d254541142ad8f0e796a5e393817451f95c9dfe4138475ffa7580,2024-05,Durham Constabulary,Durham Constabulary,-1.539426,54.526249,On or near John Dixon Lane,E01012342,Darlington 009C,Burglary,Investigation complete; no suspect identified,
e13f643fd1e39d858c5bff0a048beeca05e1f2bd4ed5c3b84d1f81071128a89a,2024-05,Durham Constabulary,Durham Constabulary,-1.536844,54.530544,On or near Byron Road,E01012342,Darlington 009C,Criminal damage and arson,Local resolution,
b1a0ce4586c386ec24e8c0ee52515cbd936b22dbd61dea526838675b9ff2255e,2024-05,Durham Constabulary,Durham Constabulary,-1.534170,54.523740,On or near The Mead,E01012342,Darlington 009C,Criminal damage and arson,Awaiting court outcome,
ec613ff803d21024cae80249998fc849bb5dc8549a26c6504f831e69bf51efde,2024-05,Durham Constabulary,Durham Constabulary,-1.536794,54.523956,On or near Dinsdale Crescent,E01012342,Darlington 009C,Other theft,Investigation complete; no suspect identified,
59a6e9b2b5f5089620822f2d6841ec40f5d6e7a87d27dd7a75c656d7cf6e065c,2024-05,Durham Constabulary,Durham Constabulary,-1.534170,54.523740,On or near The Mead,E01012342,Darlington 009C,Other theft,Unable to prosecute suspect,
9ec9e0d26c770f56415443489b5ab83c76aebe1875498920d1ef9373d53c657b,2024-05,Durham Constabulary,Durham Constabulary,-1.531579,54.526039,On or near Lapwing Drive,E01012342,Darlington 009C,Possession of weapons,Unable to prosecute suspect,
a8e1aa3d74ba63204e8c5ef2e4e25b530c3c08b1ae367ab33baf34b99792c9ab,2024-05,Durham Constabulary,Durham Constabulary,-1.541700,54.530122,On or near Further/Higher Educational Building,E01012342,Darlington 009C,Public order,Awaiting court outcome,
f77e6800fc2a302d7d45d74fc0dabbeb065edb8c235b0b31bcfd529278e6e950,2024-05,Durham Constabulary,Durham Constabulary,-1.534170,54.523740,On or near The Mead,E01012342,Darlington 009C,Public order,Unable to prosecute suspect,
a30ce9e0ddc38f8d5b1e7f5ec236fdaf42e7c0a40799a620b0f0eeddb914d8f8,2024-05,Durham Constabulary,Durham Constabulary,-1.531579,54.526039,On or near Lapwing Drive,E01012342,Darlington 009C,Public order,Awaiting court outcome,
cbe6d027b1cb239d0ab36d7af5d91579a8343a2f307675af6f68f13b667f68b1,2024-05,Durham Constabulary,Durham Constabulary,-1.531579,54.526039,On or near Lapwing Drive,E01012342,Darlington 009C,Public order,Awaiting court outcome,
9fb5fea57f48f82c2d2f9dc28a933cb9f70a47f220f3c153387fe0ba45070f4a,2024-05,Durham Constabulary,Durham Constabulary,-1.531579,54.526039,On or near Lapwing Drive,E01012342,Darlington 009C,Theft from the person,Unable to prosecute suspect,
698f7ad4592a7a8f7df2750834c9d9d82cdd487dccc5fec5e73fd23b003eae09,2024-05,Durham Constabulary,Durham Constabulary,-1.537146,54.531165,On or near Shelley Road,E01012342,Darlington 009C,Vehicle crime,Investigation complete; no suspect identified,
a42a41b0518e25d5f88b0f97d667de3be6c5f177803c479ac5d30ac436d8476b,2024-05,Durham Constabulary,Durham Constabulary,-1.536794,54.523956,On or near Dinsdale Crescent,E01012342,Darlington 009C,Violence and sexual offences,Investigation complete; no suspect identified,
a344d3ce60aa2dc54f28af5bd7c47e03494c0ef7296209ccf974ac77471f199d,2024-05,Durham Constabulary,Durham Constabulary,-1.536844,54.530544,On or near Byron Road,E01012342,Darlington 009C,Violence and sexual offences,Unable to prosecute suspect,
043cdea6efd1a832ba8b1e2fde4474bf720a422a2bad4b192ad9447bb385678f,2024-05,Durham Constabulary,Durham Constabulary,-1.536794,54.523956,On or near Dinsdale Crescent,E01012342,Darlington 009C,Violence and sexual offences,Unable to prosecute suspect,
3ac78b0b6042ef60d499acf899f8fd07d785657ca3d839977b1fbcb1fd4b452b,2024-05,Durham Constabulary,Durham Constabulary,-1.535374,54.526584,On or near Haven Close,E01012342,Darlington 009C,Violence and sexual offences,Under investigation,
60efa3a9caaf19f378129e385268e229d74a8192f687a92b155f185ab39b6101,2024-05,Durham Constabulary,Durham Constabulary,-1.536794,54.523956,On or near Dinsdale Crescent,E01012342,Darlington 009C,Violence and sexual offences,Unable to prosecute suspect,
b05a2148e5d8b153b6c7dd94358cd63fffe32b8cda83ff60e1a1dfcb841b2bc6,2024-05,Durham Constabulary,Durham Constabulary,-1.531579,54.526039,On or near Lapwing Drive,E01012342,Darlington 009C,Violence and sexual offences,Unable to prosecute suspect,
036a39d92eb8133cc598803bd12d84fa86e2eae8fc35478abc1a4e12d23c2c67,2024-05,Durham Constabulary,Durham Constabulary,-1.531579,54.526039,On or near Lapwing Drive,E01012342,Darlington 009C,Violence and sexual offences,Unable to prosecute suspect,
c9e608de70af7e948a43437070f99e40ddc2392fe81e48e009b55d05d290768a,2024-05,Durham Constabulary,Durham Constabulary,-1.534170,54.523740,On or near The Mead,E01012342,Darlington 009C,Violence and sexual offences,Awaiting court outcome,
e797cc264d72711d3960e1d4fa54ea2da798583f793b33d3bf79de5e66cffe63,2024-05,Durham Constabulary,Durham Constabulary,-1.540002,54.531383,On or near Further/Higher Educational Building,E01012342,Darlington 009C,Violence and sexual offences,Unable to prosecute suspect,
1fca9da05de3b7a9b876a127bcafd43e29f25192b48f6e3bb2ab376542b3a419,2024-05,Durham Constabulary,Durham Constabulary,-1.538562,54.530281,On or near Water Lily Drive,E01012342,Darlington 009C,Violence and sexual offences,Further investigation is not in the public interest,
f275383068d2cb2a27408a582cec4fb33f7a7903f4638322ac4fe3cf27dde2a6,2024-05,Durham Constabulary,Durham Constabulary,-1.530696,54.526260,On or near Pintail Close,E01012342,Darlington 009C,Violence and sexual offences,Unable to prosecute suspect,
61a369aa4fe4bf4a1cfc52278e8808b50d1c77510e310889b0ffa9e47be05fde,2024-05,Durham Constabulary,Durham Constabulary,-1.531579,54.526039,On or near Lapwing Drive,E01012342,Darlington 009C,Violence and sexual offences,Unable to prosecute suspect,
,2024-05,Durham Constabulary,Durham Constabulary,-1.517448,54.522545,On or near Shopping Area,E01035183,Darlington 009E,Anti-social behaviour,,
,2024-05,Durham Constabulary,Durham Constabulary,-1.523633,54.523797,On or near Heron Drive,E01035183,Darlington 009E,Anti-social behaviour,,
4c286fe40c922dbff81f7d60e0de11c90ecab469fb1d29a636fb396467043446,2024-05,Durham Constabulary,Durham Constabulary,-1.512472,54.521749,On or near Barrington Way,E01035183,Darlington 009E,Bicycle theft,Investigation complete; no suspect identified,
f22629c1a82feb943aab3fd89389622fa1e091c06808fbfffd63fa0ead29bc2c,2024-05,Durham Constabulary,Durham Constabulary,-1.517448,54.522545,On or near Shopping Area,E01035183,Darlington 009E,Criminal damage and arson,Investigation complete; no suspect identified,
72056b4be6ff40c8bf938c3e6f46af84f1e73a0f63df15e7e5bd7df84c997efa,2024-05,Durham Constabulary,Durham Constabulary,-1.523664,54.525074,On or near Shearwater Avenue,E01035183,Darlington 009E,Criminal damage and arson,Investigation complete; no suspect identified,
e33e9cd04a55c2d7435e49cf331b3cb169b4b8a7697ab7cf13eb3e7244be6d60,2024-05,Durham Constabulary,Durham Constabulary,-1.517448,54.522545,On or near Shopping Area,E01035183,Darlington 009E,Shoplifting,Formal action is not in the public interest,
bb7aa3fc7631231e92e31646139e8f7793fa6f45c0c33dd78f09345d553d2120,2024-05,Durham Constabulary,Durham Constabulary,-1.518010,54.523739,On or near Earl Carlson Grove,E01035183,Darlington 009E,Shoplifting,Investigation complete; no suspect identified,
20c458488789f9459469e0ec20810c49532f2cba15c74fe30adb9e284b90c8fa,2024-05,Durham Constabulary,Durham Constabulary,-1.518010,54.523739,On or near Earl Carlson Grove,E01035183,Darlington 009E,Shoplifting,Investigation complete; no suspect identified,
d7892744f37d33e2d93e17300c71d5b7404e6487879294f2fd75783aed0176eb,2024-05,Durham Constabulary,Durham Constabulary,-1.512616,54.529074,On or near Centrepoint Road,E01035183,Darlington 009E,Vehicle crime,Unable to prosecute suspect,
e9f3cf9bc5af8bee7d8c763f383215cadd9a869bb4d217a44c83fae34be8b603,2024-05,Durham Constabulary,Durham Constabulary,-1.512472,54.521749,On or near Barrington Way,E01035183,Darlington 009E,Violence and sexual offences,Under investigation,
99ef2b36e36bc173c1f51c43972443e1ce90a38b11a80c28c9d52edb037ddfc2,2024-05,Durham Constabulary,Durham Constabulary,-1.517448,54.522545,On or near Shopping Area,E01035183,Darlington 009E,Violence and sexual offences,Under investigation,
,2024-05,Durham Constabulary,Durham Constabulary,-1.525633,54.523185,On or near Supermarket,E01035184,Darlington 009F,Anti-social behaviour,,
,2024-05,Durham Constabulary,Durham Constabulary,-1.525095,54.522931,On or near Supermarket,E01035184,Darlington 009F,Anti-social behaviour,,
,2024-05,Durham Constabulary,Durham Constabulary,-1.529550,54.525160,On or near The Crossway,E01035184,Darlington 009F,Anti-social behaviour,,
,2024-05,Durham Constabulary,Durham Constabulary,-1.519076,54.522368,On or near Mallard Road,E01035184,Darlington 009F,Anti-social behaviour,,
ad02ea08e7885faaf775d14feaa4fce632c75dcec373e8f7e2c59566edfd631c,2024-05,Durham Constabulary,Durham Constabulary,-1.519911,54.522336,On or near Widgeon Road,E01035184,Darlington 009F,Criminal damage and arson,Unable to prosecute suspect,
7466ae9bf42361c0ed90b742aa3fe7a514e02c187907f5ce6368af25424c8c92,2024-05,Durham Constabulary,Durham Constabulary,-1.520346,54.523497,On or near Kestrel Close,E01035184,Darlington 009F,Criminal damage and arson,Investigation complete; no suspect identified,
9177d3bc772006b95ae82903f95cab767cea45c16132918caf418b2cf0f815f1,2024-05,Durham Constabulary,Durham Constabulary,-1.525095,54.522931,On or near Supermarket,E01035184,Darlington 009F,Criminal damage and arson,Unable to prosecute suspect,
2495ab902e97afa736a4615558c70abb102b26fc306baddd6ce6ce7809bee114,2024-05,Durham Constabulary,Durham Constabulary,-1.525095,54.522931,On or near Supermarket,E01035184,Darlington 009F,Possession of weapons,Investigation complete; no suspect identified,
84861a092c9fd4c3fbd3210e3f38f0b2505b6dfbd9b1b7a9b40d4929d0da0b70,2024-05,Durham Constabulary,Durham Constabulary,-1.529748,54.524100,On or near The Stray,E01035184,Darlington 009F,Shoplifting,Investigation complete; no suspect identified,
b4421c90b89d3d89f7647cb8fdfab0db9584345d938c0018f2826b9e4e3562cb,2024-05,Durham Constabulary,Durham Constabulary,-1.519911,54.522336,On or near Widgeon Road,E01035184,Darlington 009F,Vehicle crime,Investigation complete; no suspect identified,
bbf6cb0bb96c3aa1965682a3e4009756cbc91cf6f04e4303e73db83b2953c907,2024-05,Durham Constabulary,Durham Constabulary,-1.519911,54.522336,On or near Widgeon Road,E01035184,Darlington 009F,Vehicle crime,Investigation complete; no suspect identified,
a3b96e572a7c4784e8a0ec7089a745917fd682793dea1622c75406655cddb44c,2024-05,Durham Constabulary,Durham Constabulary,-1.526609,54.524258,On or near The Byway,E01035184,Darlington 009F,Vehicle crime,Investigation complete; no suspect identified,
65d104f16166cc9b32b51046a25e3d3e92f0c385f682cfbe3156eca4bbca8a5a,2024-05,Durham Constabulary,Durham Constabulary,-1.521562,54.523807,On or near Teal Road,E01035184,Darlington 009F,Vehicle crime,Investigation complete; no suspect identified,
a8810b7d737db9f0a582b3dae0d72eadb8386e71e01ea70d77498be94b69cd1e,2024-05,Durham Constabulary,Durham Constabulary,-1.520346,54.523497,On or near Kestrel Close,E01035184,Darlington 009F,Violence and sexual offences,Unable to prosecute suspect,
58268728ed8df6aafa94c37579179fe735849598c0089278644413d6ee1c8c91,2024-05,Durham Constabulary,Durham Constabulary,-1.525095,54.522931,On or near Supermarket,E01035184,Darlington 009F,Violence and sexual offences,Unable to prosecute suspect,
82f35b21e181aeee4d4b1535b6ab2de8cb1e904c6775875384e320e35c7bb2ed,2024-05,Durham Constabulary,Durham Constabulary,-1.522572,54.523380,On or near Flamingo Close,E01035184,Darlington 009F,Violence and sexual offences,Investigation complete; no suspect identified,
027cadf687b814976eeb17a71eb8e8701cf2881638f8938c5a70a7673b56744a,2024-05,Durham Constabulary,Durham Constabulary,-1.520346,54.523497,On or near Kestrel Close,E01035184,Darlington 009F,Violence and sexual offences,Unable to prosecute suspect,
7ec68175258b6f43f5b345fd31fbebc01ed4da5ec796aff1675956104a64fc59,2024-05,Durham Constabulary,Durham Constabulary,-1.531253,54.524879,On or near The Fairway,E01035184,Darlington 009F,Violence and sexual offences,Further action is not in the public interest,
,2024-05,Durham Constabulary,Durham Constabulary,-1.571610,54.523348,On or near Westbourne Grove,E01012315,Darlington 010A,Anti-social behaviour,,
,2024-05,Durham Constabulary,Durham Constabulary,-1.576619,54.526007,On or near Breck Road,E01012315,Darlington 010A,Anti-social behaviour,,
5effd13a1286351af6d1396363ec8fb5163dc31332f8eb20566e26a47ff03bef,2024-05,Durham Constabulary,Durham Constabulary,-1.573897,54.524794,On or near Elton Road,E01012315,Darlington 010A,Other theft,Investigation complete; no suspect identified,
7fa62828813baf20f74cba55e5b56a27901a7a2de9ab276c0cc21947be3a6879,2024-05,Durham Constabulary,Durham Constabulary,-1.573923,54.529683,On or near Barlow Street,E01012315,Darlington 010A,Violence and sexual offences,Unable to prosecute suspect,
ec7bd7943edf85a8c4a7d25896a854c44a97952e53fd17a32971465abeac4d30,2024-05,Durham Constabulary,Durham Constabulary,-1.577244,54.529802,On or near Highbury Road,E01012315,Darlington 010A,Violence and sexual offences,Offender given a caution,
bbd533708f8ab866110a61fc91f6d8a07f22e980dcfbe50094a764aa232e821e,2024-05,Durham Constabulary,Durham Constabulary,-1.577244,54.529802,On or near Highbury Road,E01012315,Darlington 010A,Violence and sexual offences,Offender given a caution,
,2024-05,Durham Constabulary,Durham Constabulary,-1.563396,54.518465,On or near Harewood Terrace,E01012360,Darlington 010C,Anti-social behaviour,,
,2024-05,Durham Constabulary,Durham Constabulary,-1.569915,54.515505,On or near Blackwell Lane,E01012360,Darlington 010C,Anti-social behaviour,,
0f71ca560724c6f45d703555795e2724d5b1de565565d6ff38bb5d8b6296e828,2024-05,Durham Constabulary,Durham Constabulary,-1.565504,54.516343,On or near Upsall Drive,E01012360,Darlington 010C,Public order,Unable to prosecute suspect,
8f3c896a0058a23335079d9b1946365b85e0ce4cbda916bd873500a1c3c03a6b,2024-05,Durham Constabulary,Durham Constabulary,-1.563396,54.518465,On or near Harewood Terrace,E01012360,Darlington 010C,Violence and sexual offences,Investigation complete; no suspect identified,
bd9d2a089ad84d7f340493aa377b9684984289786b5e53b043d164bf289d6666,2024-05,Durham Constabulary,Durham Constabulary,-1.563396,54.518465,On or near Harewood Terrace,E01012360,Darlington 010C,Violence and sexual offences,Unable to prosecute suspect,
66626bb9fc7a3a75a09db84793a4f374de1e2062f8a3212806f8bf723e6bc9e9,2024-05,Durham Constabulary,Durham Constabulary,-1.563396,54.518465,On or near Harewood Terrace,E01012360,Darlington 010C,Violence and sexual offences,Unable to prosecute suspect,
7700e9a57d2877879e502c9fe42aa52d1ed62bd161dce4f19f6f8aa7bf0140e1,2024-05,Durham Constabulary,Durham Constabulary,-1.563396,54.518465,On or near Harewood Terrace,E01012360,Darlington 010C,Violence and sexual offences,Unable to prosecute suspect,
e333a911e0c6261465a956851f6c7ceb4386f1c38718c605ca8577ea1bc816fa,2024-05,Durham Constabulary,Durham Constabulary,-1.563396,54.518465,On or near Harewood Terrace,E01012360,Darlington 010C,Violence and sexual offences,Unable to prosecute suspect,
,2024-05,Durham Constabulary,Durham Constabulary,-1.574391,54.530709,On or near Heatherwood Grove,E01035185,Darlington 010D,Anti-social behaviour,,
,2024-05,Durham Constabulary,Durham Constabulary,-1.570349,54.530128,On or near Petrol Station,E01035185,Darlington 010D,Anti-social behaviour,,
,2024-05,Durham Constabulary,Durham Constabulary,-1.576201,54.530517,On or near Thornbury Rise,E01035185,Darlington 010D,Anti-social behaviour,,
32c20c2ef49c4c840a136256f8d5ece8727d784f59483cddd2ed993873952b4c,2024-05,Durham Constabulary,Durham Constabulary,-1.572750,54.528106,On or near Milbank Road,E01035185,Darlington 010D,Criminal damage and arson,Investigation complete; no suspect identified,
2a9d8a5be21b64227089dab8f36f6f65ada2c38f718feeb316c13f78987538b8,2024-05,Durham Constabulary,Durham Constabulary,-1.570349,54.530128,On or near Petrol Station,E01035185,Darlington 010D,Other theft,Further investigation is not in the public interest,
6fcfe03f710a6a0b8db06873c8a8798ab018a89b62ac58071b162e642e21d80a,2024-05,Durham Constabulary,Durham Constabulary,-1.565035,54.522668,On or near Langholm Crescent,E01035186,Darlington 010E,Possession of weapons,Investigation complete; no suspect identified,
5ce7bd3017f51e19410e05024c55036c8c0e8481ca6e0c566750bcdc2d731a3b,2024-05,Durham Constabulary,Durham Constabulary,-1.565035,54.522668,On or near Langholm Crescent,E01035186,Darlington 010E,Shoplifting,Investigation complete; no suspect identified,
1d47844db22409b9c26339efa60d2c0ceb77d583c90952b004d241b86a837e11,2024-05,Durham Constabulary,Durham Constabulary,-1.564718,54.527799,On or near Woodland Road South Back,E01035186,Darlington 010E,Theft from the person,Unable to prosecute suspect,
f7f9d67bd83bcc160a0c86106f7c553c0e37cbdc4aa26584e67ee2da75f70063,2024-05,Durham Constabulary,Durham Constabulary,-1.564236,54.523699,On or near Burleigh Place,E01035186,Darlington 010E,Vehicle crime,Awaiting court outcome,
2ad7eb28502c9d3cf1cce3e2f0e648e60f0f3b298d5beb9035f47abae894c995,2024-05,Durham Constabulary,Durham Constabulary,-1.565035,54.522668,On or near Langholm Crescent,E01035186,Darlington 010E,Violence and sexual offences,Investigation complete; no suspect identified,
eefa6257d8e4e29b290111de620bbd57ba17825c17de0177cfc871ae35029208,2024-05,Durham Constabulary,Durham Constabulary,-1.564640,54.526468,On or near Vane Terrace,E01035186,Darlington 010E,Violence and sexual offences,Investigation complete; no suspect identified,
9e30961d3dad4ee51a0cd49359d6bdc06514122c24bc63ed2b74993211b219c2,2024-05,Durham Constabulary,Durham Constabulary,-1.562919,54.522625,On or near Scarth Street,E01035186,Darlington 010E,Violence and sexual offences,Under investigation,
9edff65059cb458d51f9d696290313a4e5383d56803606d4c0f51a517e710c7e,2024-05,Durham Constabulary,Durham Constabulary,-1.565035,54.522668,On or near Langholm Crescent,E01035186,Darlington 010E,Violence and sexual offences,Under investigation,
79fd5e433e949c1869b66f29dbb6ca2908011072b4078888588a4bacc6e87284,2024-05,Durham Constabulary,Durham Constabulary,-1.565035,54.522668,On or near Langholm Crescent,E01035186,Darlington 010E,Other crime,Further investigation is not in the public interest,
,2024-05,Durham Constabulary,Durham Constabulary,-1.600285,54.526438,On or near Alwent Close,E01012336,Darlington 011A,Anti-social behaviour,,
155603cf3fdb05981e6f4dc50d5ea0a56460aa976d661cf7f765a657f057364c,2024-05,Durham Constabulary,Durham Constabulary,-1.587586,54.527825,On or near Wilton Drive,E01012336,Darlington 011A,Other theft,Investigation complete; no suspect identified,
7e79a7e92ea3ced4cec4e1a53e5d720763d5f81dccf7379c9465bd03c2d9b3a1,2024-05,Durham Constabulary,Durham Constabulary,-1.593252,54.522029,On or near Edinburgh Drive,E01012336,Darlington 011A,Other theft,Investigation complete; no suspect identified,
bfbda9c69ad117ce1046a250eb1dc348a3e8b78df34dda1b7ddc6b4662cee6c2,2024-05,Durham Constabulary,Durham Constabulary,-1.593252,54.522029,On or near Edinburgh Drive,E01012336,Darlington 011A,Violence and sexual offences,Action to be taken by another organisation,
,2024-05,Durham Constabulary,Durham Constabulary,-1.586989,54.518090,On or near Salutation Road,E01012337,Darlington 011B,Anti-social behaviour,,
ff3a3df6b6557ac5511f8432e3d8a9c5e3cbc5ef86dea5f27ebbc3e32c490e8c,2024-05,Durham Constabulary,Durham Constabulary,-1.578548,54.523255,On or near Rowan Court,E01012337,Darlington 011B,Public order,Investigation complete; no suspect identified,
84d7f82a1cf6a57b277164d0f75cd1b003e30e3efa92c4ecf1264166213e85c9,2024-05,Durham Constabulary,Durham Constabulary,-1.585101,54.526019,On or near Broadmeadows,E01012337,Darlington 011B,Violence and sexual offences,Unable to prosecute suspect,
7b422740ea4d36f97da837ca08e5a9024bc095e65fc41e3b7d6b4fb8fd72a06d,2024-05,Durham Constabulary,Durham Constabulary,-1.585101,54.526019,On or near Broadmeadows,E01012337,Darlington 011B,Violence and sexual offences,Action to be taken by another organisation,
bc438d85ff8031675b042b9a495b2b98c644043288e78467e6b7043a90ada43e,2024-05,Durham Constabulary,Durham Constabulary,-1.585101,54.526019,On or near Broadmeadows,E01012337,Darlington 011B,Violence and sexual offences,Investigation complete; no suspect identified,
ffb39020ef434a86a8991e9160825e7634bce10767ee6b08415dd40316ee5b73,2024-05,Durham Constabulary,Durham Constabulary,-1.585101,54.526019,On or near Broadmeadows,E01012337,Darlington 011B,Violence and sexual offences,Unable to prosecute suspect,
3fc9a48a152b6626eede0346cec81a81d9a9426a85ae6777ca163bbff1480efb,2024-05,Durham Constabulary,Durham Constabulary,-1.585223,54.530800,On or near Lunedale Road,E01012347,Darlington 011C,Vehicle crime,Investigation complete; no suspect identified,
,2024-05,Durham Constabulary,Durham Constabulary,-1.590154,54.530601,On or near Conyers Avenue,E01012348,Darlington 011D,Anti-social behaviour,,
55b7b17d0454f17ee76de90109907fa6ecbfbdbc331ae23f48691b14b6f1efcf,2024-05,Durham Constabulary,Durham Constabulary,-1.594425,54.526886,On or near Supermarket,E01012348,Darlington 011D,Criminal damage and arson,Investigation complete; no suspect identified,
9342b46d938869a7636216e5e6e5cf5d2726d22e22ff34e2a1d44a01d31b4b35,2024-05,Durham Constabulary,Durham Constabulary,-1.594425,54.526886,On or near Supermarket,E01012348,Darlington 011D,Violence and sexual offences,Unable to prosecute suspect,
daaae3bbe5c7c06296bec7ac69ba9b84d9578ddae1ce704542f20a91594088ec,2024-05,Durham Constabulary,Durham Constabulary,-1.594214,54.532547,On or near Edgecombe Drive,E01012348,Darlington 011D,Violence and sexual offences,Under investigation,
b0f73d5a77e017d189b5747c9edc685387cf64c93723c73b52a7c9d77a3a4ea9,2024-05,Durham Constabulary,Durham Constabulary,-1.586085,54.529572,On or near Lazenby Close,E01012348,Darlington 011D,Violence and sexual offences,Unable to prosecute suspect,
67314f0cba713cb4d9a47e9912a3be54a7f6758fb507c23bf59aef04ae9ef6b1,2024-05,Durham Constabulary,Durham Constabulary,-1.591511,54.530876,On or near Conyers Grove,E01012348,Darlington 011D,Other crime,Investigation complete; no suspect identified,
,2024-05,Durham Constabulary,Durham Constabulary,-1.574321,54.507738,On or near A66,E01012361,Darlington 011E,Anti-social behaviour,,
,2024-05,Durham Constabulary,Durham Constabulary,-1.601068,54.519036,On or near Parking Area,E01012361,Darlington 011E,Anti-social behaviour,,
4a976f7d53d18eccf504dacba58f59f902cb08b2a24bf1a98cb605280b71e3e6,2024-05,Durham Constabulary,Durham Constabulary,-1.574761,54.513015,On or near Carmel Road South,E01012361,Darlington 011E,Criminal damage and arson,Investigation complete; no suspect identified,
b4782ff3b4fd9c8c48443c42e17d86f8fb1866e69d030fc9fe4f7c4bfe071cfb,2024-05,Durham Constabulary,Durham Constabulary,-1.577495,54.517464,On or near Petrol Station,E01012361,Darlington 011E,Other theft,Awaiting court outcome,
1bcdd8337c67290b621e4faa60801d9b7fa42d75824bd27faf867dff79f10f1d,2024-05,Durham Constabulary,Durham Constabulary,-1.578825,54.508320,On or near Farr Holme,E01012361,Darlington 011E,Public order,Unable to prosecute suspect,
fb01f29b1947b9238289cb4c13afad8d8981afaf5980de4efd546db5996e1f3c,2024-05,Durham Constabulary,Durham Constabulary,-1.574321,54.507738,On or near A66,E01012361,Darlington 011E,Vehicle crime,Investigation complete; no suspect identified,
,2024-05,Durham Constabulary,Durham Constabulary,-1.543001,54.521571,On or near Thomas Street,E01012304,Darlington 012A,Anti-social behaviour,,
4e32c948bd64e5d8b77c6a750192dc5f31e668095103f2e2c27baab80090bac2,2024-05,Durham Constabulary,Durham Constabulary,-1.539484,54.525189,On or near Brunel Way,E01012304,Darlington 012A,Bicycle theft,Investigation complete; no suspect identified,
71ef01290a30777ec07f28b37bdb99afb5ebbc9d736cb576fbe72f622ece53b0,2024-05,Durham Constabulary,Durham Constabulary,-1.539876,54.523303,On or near B6280,E01012304,Darlington 012A,Burglary,Investigation complete; no suspect identified,
381b12632f549d3f8bb26ec7e3f87162471633983171add723836b426285f2cc,2024-05,Durham Constabulary,Durham Constabulary,-1.543001,54.521571,On or near Thomas Street,E01012304,Darlington 012A,Burglary,Awaiting court outcome,
cf855eff3defcefc765e512076dda8868d8d63436a8f42deb6cfbffeb475b969,2024-05,Durham Constabulary,Durham Constabulary,-1.541747,54.523193,On or near Wesley Street,E01012304,Darlington 012A,Burglary,Investigation complete; no suspect identified,
998e44a97e1a93f6400c1a72038d7c26f09a0f504841fc89af0220fad4fb2426,2024-05,Durham Constabulary,Durham Constabulary,-1.543274,54.523460,On or near Green Street,E01012304,Darlington 012A,Criminal damage and arson,Investigation complete; no suspect identified,
7d69554170961c42f9c4dd908d3d5d1c368f4ca2643389f1dc44180122c943e4,2024-05,Durham Constabulary,Durham Constabulary,-1.542439,54.523510,On or near Peel Street,E01012304,Darlington 012A,Criminal damage and arson,Investigation complete; no suspect identified,
7e1b110501430afa12620a83e40167a6c87e962e3ac36bc0573ce9f5b33bbc1b,2024-05,Durham Constabulary,Durham Constabulary,-1.542162,54.522027,On or near King William Street,E01012304,Darlington 012A,Criminal damage and arson,Investigation complete; no suspect identified,
dcd78bbf7d6287a074ed107c9ad9319c01d0c463e04cde29e6fdce47f6c7c5ed,2024-05,Durham Constabulary,Durham Constabulary,-1.539876,54.523303,On or near B6280,E01012304,Darlington 012A,Criminal damage and arson,Investigation complete; no suspect identified,
81f7cbb61c7be57634fffcca4938ffd170f417aad521aed731aeb93c1fbd2f7d,2024-05,Durham Constabulary,Durham Constabulary,-1.542805,54.522523,On or near St John'S Crescent,E01012304,Darlington 012A,Criminal damage and arson,Investigation complete; no suspect identified,
f94fa63977b6f3f3092aa6342e6011fbcdc5373e54a1e93eddc5b04f0d631006,2024-05,Durham Constabulary,Durham Constabulary,-1.541721,54.524128,On or near Rocket Street,E01012304,Darlington 012A,Criminal damage and arson,Investigation complete; no suspect identified,
3ce4718923ebe761aca2218988feb796d0bd2c4cabfc3aaf68a8460cffee4a4f,2024-05,Durham Constabulary,Durham Constabulary,-1.542162,54.522027,On or near King William Street,E01012304,Darlington 012A,Criminal damage and arson,Investigation complete; no suspect identified,
9cda8df4640763088d3f6cabf3c98db40dae0844e7ebce6dd75cf5499507ab46,2024-05,Durham Constabulary,Durham Constabulary,-1.541721,54.524128,On or near Rocket Street,E01012304,Darlington 012A,Other theft,Unable to prosecute suspect,
7c655ff0a970d6868f6a6aaaaaf1d15d4d1b5bc8dae40a412fdf6059d95dfa31,2024-05,Durham Constabulary,Durham Constabulary,-1.541747,54.523193,On or near Wesley Street,E01012304,Darlington 012A,Public order,Investigation complete; no suspect identified,
d5722d5809fa507c5022a18e5214605ce71d4ee8900224ab8d1e3bbc580e9041,2024-05,Durham Constabulary,Durham Constabulary,-1.539876,54.523303,On or near B6280,E01012304,Darlington 012A,Public order,Unable to prosecute suspect,
180ec0cabacf66292f6ac52c56a5aedcbd72ae2f54ad788f5cf4bd2a80331853,2024-05,Durham Constabulary,Durham Constabulary,-1.542439,54.523510,On or near Peel Street,E01012304,Darlington 012A,Shoplifting,Awaiting court outcome,
1c23162cca2da7920c725fe1c31c1c1800686a3a2ed2e982bdc6f706832b0351,2024-05,Durham Constabulary,Durham Constabulary,-1.539876,54.523303,On or near B6280,E01012304,Darlington 012A,Vehicle crime,Investigation complete; no suspect identified,
e4756aec2f5b9aae884918d84185a65bd7eebe3a15068e268b76491a048f53e2,2024-05,Durham Constabulary,Durham Constabulary,-1.542162,54.522027,On or near King William Street,E01012304,Darlington 012A,Violence and sexual offences,Further investigation is not in the public interest,
5884db8af8bb270dfdb1b2923fe40d551164190133e10acd0272ee507ed34933,2024-05,Durham Constabulary,Durham Constabulary,-1.539844,54.524795,On or near Telford Drive,E01012304,Darlington 012A,Violence and sexual offences,Awaiting court outcome,
b9bf44fdece7d7b00a09b6ec349b9c84977dfbb942f96cf3ddd8758ee076ec39,2024-05,Durham Constabulary,Durham Constabulary,-1.542805,54.522523,On or near St John'S Crescent,E01012304,Darlington 012A,Violence and sexual offences,Awaiting court outcome,
eeb378c587312b1392a57ca680dedb2d23e69fdacb727827d7ddd655fc808ccc,2024-05,Durham Constabulary,Durham Constabulary,-1.540414,54.523575,On or near Stanley Street,E01012304,Darlington 012A,Violence and sexual offences,Under investigation,
d071c87bd16e76bfcb72f5c5f484bf6ba73273df3f694841551ef3dad10a10b0,2024-05,Durham Constabulary,Durham Constabulary,-1.539844,54.524795,On or near Telford Drive,E01012304,Darlington 012A,Violence and sexual offences,Unable to prosecute suspect,
7521ff4dfd366cc3e75329b03aae1603ef3586916345c029dc58a17592679207,2024-05,Durham Constabulary,Durham Constabulary,-1.539279,54.522797,On or near Lawrence Street,E01012304,Darlington 012A,Violence and sexual offences,Under investigation,
51b9b6f210c52124da0704d9172ff53cc9eb4cfd5fd55fd667959715c7ed334c,2024-05,Durham Constabulary,Durham Constabulary,-1.542805,54.522523,On or near St John'S Crescent,E01012304,Darlington 012A,Violence and sexual offences,Unable to prosecute suspect,
e5c226197d2b3ed3553e7270f93aa14960b8dbfffeb93501bee95ef6bbcb9757,2024-05,Durham Constabulary,Durham Constabulary,-1.541747,54.523193,On or near Wesley Street,E01012304,Darlington 012A,Violence and sexual offences,Unable to prosecute suspect,
fcd36f23ea18ca7db706d79051473333d26b8e8bf00658506e42dadc7327d868,2024-05,Durham Constabulary,Durham Constabulary,-1.542805,54.522523,On or near St John'S Crescent,E01012304,Darlington 012A,Violence and sexual offences,Investigation complete; no suspect identified,
29f231b6a6f8cdac95df71cfee393fd8ef0adc0175e508e9f1ff51e799e77d5e,2024-05,Durham Constabulary,Durham Constabulary,-1.540414,54.523575,On or near Stanley Street,E01012304,Darlington 012A,Violence and sexual offences,Unable to prosecute suspect,
,2024-05,Durham Constabulary,Durham Constabulary,-1.539867,54.521353,On or near Louisa Street,E01012305,Darlington 012B,Anti-social behaviour,,
1657ba0e73cba94bd87aebaf2b7f8c00500756f346cfce74d086ce0647bd1a09,2024-05,Durham Constabulary,Durham Constabulary,-1.540896,54.520575,On or near Pattison Street,E01012305,Darlington 012B,Burglary,Offender given a caution,
466deaabbc39773885876bba8f38d2036671ec9e6eca6c244b5675a7d8eb8962,2024-05,Durham Constabulary,Durham Constabulary,-1.540896,54.520575,On or near Pattison Street,E01012305,Darlington 012B,Burglary,Investigation complete; no suspect identified,
05c12115630e4a1a801a01cc9da8f2e36741d853b4aedf668b31c82fa0d5cbc4,2024-05,Durham Constabulary,Durham Constabulary,-1.544646,54.520319,On or near Supermarket,E01012305,Darlington 012B,Burglary,Awaiting court outcome,
7f05bf13f323456e804e0d9ee7ced2673fff5fcfd55ac3ac5d8ba4a558a15323,2024-05,Durham Constabulary,Durham Constabulary,-1.543446,54.519111,On or near Leonard Street,E01012305,Darlington 012B,Criminal damage and arson,Investigation complete; no suspect identified,
5d84b48faa9426b73dae4298f35925e2b15b0bf23a557661ae49e3b4324418d1,2024-05,Durham Constabulary,Durham Constabulary,-1.542449,54.519781,On or near Brighton Road,E01012305,Darlington 012B,Criminal damage and arson,Investigation complete; no suspect identified,
daaf4672351b07471659ad9073ed3bf87f6d62477972d878cfc390dadebc9297,2024-05,Durham Constabulary,Durham Constabulary,-1.540867,54.520341,On or near Belgrave Street,E01012305,Darlington 012B,Criminal damage and arson,Investigation complete; no suspect identified,
47c87d8ab06df0ed92a05b8e4517e0f3559e7d5fa461769ae29785a99cbbec2b,2024-05,Durham Constabulary,Durham Constabulary,-1.542449,54.519781,On or near Brighton Road,E01012305,Darlington 012B,Drugs,Further investigation is not in the public interest,
429f0f7ccd9e31dd1f27d5bdf1a0f1cdbb3051cc7b93bf60b989e3d363e53911,2024-05,Durham Constabulary,Durham Constabulary,-1.544646,54.520319,On or near Supermarket,E01012305,Darlington 012B,Shoplifting,Awaiting court outcome,
da5ca5ca96c7f0c7192885d2f2b95336a91f8a501271b3314550033cffd5aa8c,2024-05,Durham Constabulary,Durham Constabulary,-1.544646,54.520319,On or near Supermarket,E01012305,Darlington 012B,Shoplifting,Investigation complete; no suspect identified,
27817415c55dd5a2606732c8d0832e50ca0c0e99daaf664f8a7fdba831a28f02,2024-05,Durham Constabulary,Durham Constabulary,-1.544646,54.520319,On or near Supermarket,E01012305,Darlington 012B,Shoplifting,Awaiting court outcome,
09fd3165a749c9cbb4a3d941bbccf70cfb340313b4938a84fac7f3cae6fa8f19,2024-05,Durham Constabulary,Durham Constabulary,-1.540896,54.520575,On or near Pattison Street,E01012305,Darlington 012B,Theft from the person,Investigation complete; no suspect identified,
c512e6ae48e6c88341e37fe778923e58e7a64c4d0564a1aa34dc28c089bd6623,2024-05,Durham Constabulary,Durham Constabulary,-1.540867,54.520341,On or near Belgrave Street,E01012305,Darlington 012B,Vehicle crime,Awaiting court outcome,
80506bd41645f670ddc756864eaa6a6311b83b426b7fb2548af58886a887cca5,2024-05,Durham Constabulary,Durham Constabulary,-1.544733,54.518612,On or near Bank Top Mews,E01012305,Darlington 012B,Vehicle crime,Investigation complete; no suspect identified,
1613fe585b7529116b508e05cc331181d949c9d0e5cf97a2a9fa5c393747ca9d,2024-05,Durham Constabulary,Durham Constabulary,-1.544733,54.518612,On or near Bank Top Mews,E01012305,Darlington 012B,Vehicle crime,Investigation complete; no suspect identified,
05f76f48d8be1cee1b0b12f669a670dac2c1b27d6bf80867b7397d5ef9cd3663,2024-05,Durham Constabulary,Durham Constabulary,-1.544646,54.520319,On or near Supermarket,E01012305,Darlington 012B,Violence and sexual offences,Unable to prosecute suspect,
5daf53335bc10e3e1ef5e59774d9ed4b0883292451557557411f40204a84a23b,2024-05,Durham Constabulary,Durham Constabulary,-1.539867,54.521353,On or near Louisa Street,E01012305,Darlington 012B,Violence and sexual offences,Under investigation,
d1be2b6cd7165ad6e3d666a59c9d98a3d9db6bef3b898a1b15024ae837001f0e,2024-05,Durham Constabulary,Durham Constabulary,-1.540867,54.520341,On or near Belgrave Street,E01012305,Darlington 012B,Violence and sexual offences,Unable to prosecute suspect,
afbd93f2c3537cb767b914933f7320a7300e47cf77c5d9ffa89b4f6b46e265e0,2024-05,Durham Constabulary,Durham Constabulary,-1.542098,54.519402,On or near Lewes Road,E01012305,Darlington 012B,Violence and sexual offences,Investigation complete; no suspect identified,
75612e43ac50c979b0a375e66502a72b502af022aca1850bdf5d5fbba0ad4bfa,2024-05,Durham Constabulary,Durham Constabulary,-1.539867,54.521353,On or near Louisa Street,E01012305,Darlington 012B,Violence and sexual offences,Unable to prosecute suspect,
,2024-05,Durham Constabulary,Durham Constabulary,-1.538049,54.520968,On or near Eastbourne Road,E01012306,Darlington 012C,Anti-social behaviour,,
,2024-05,Durham Constabulary,Durham Constabulary,-1.538498,54.522264,On or near Ridsdale Street,E01012306,Darlington 012C,Anti-social behaviour,,
c7a28ba91d6cae3def17e914529abad3dd0b2bdb01e57ec1cbc0c5c02a67bf44,2024-05,Durham Constabulary,Durham Constabulary,-1.533856,54.518778,On or near Keats Court,E01012306,Darlington 012C,Burglary,Unable to prosecute suspect,
b4afe0486a89ff4aab9b5f6108761c5157dddf26fb616002664fd28087306349,2024-05,Durham Constabulary,Durham Constabulary,-1.535064,54.521245,On or near Kay Grove,E01012306,Darlington 012C,Possession of weapons,Awaiting court outcome,
2dbbfb6c538508cc301d10477075e73dcc7e9827c74f379550a3e2b7a69a8b60,2024-05,Durham Constabulary,Durham Constabulary,-1.535064,54.521245,On or near Kay Grove,E01012306,Darlington 012C,Violence and sexual offences,Unable to prosecute suspect,
ce98e0373cc18c166474867f20827ad0fa1a8f8378df488fdf79e67c62dd0abb,2024-05,Durham Constabulary,Durham Constabulary,-1.538049,54.520968,On or near Eastbourne Road,E01012306,Darlington 012C,Violence and sexual offences,Unable to prosecute suspect,
544c2b0f2a42cfe86053a7f3b3bf7db48302ce679f2dee8eddf47619810b7c4b,2024-05,Durham Constabulary,Durham Constabulary,-1.533856,54.518778,On or near Keats Court,E01012306,Darlington 012C,Violence and sexual offences,Under investigation,
9f6b914564fcb9efa2ae98d5c8643f473267345390a904c4f690d7902bbad4e9,2024-05,Durham Constabulary,Durham Constabulary,-1.534281,54.522176,On or near Pease Street,E01012306,Darlington 012C,Violence and sexual offences,Unable to prosecute suspect,
4faad7de357b53f096e3417ae8185efadb83971b508ab0e61cd8deacfad9426c,2024-05,Durham Constabulary,Durham Constabulary,-1.533856,54.518778,On or near Keats Court,E01012306,Darlington 012C,Violence and sexual offences,Under investigation,
bdf6aede546e34c00f99d5fefad045bc1645874cfe3daa1cdfdd1179893a7415,2024-05,Durham Constabulary,Durham Constabulary,-1.535064,54.521245,On or near Kay Grove,E01012306,Darlington 012C,Violence and sexual offences,Unable to prosecute suspect,
184f31a07bd7d1a774ac4ebb9a46db5a846447850c985ce5250c53973a2d9dd6,2024-05,Durham Constabulary,Durham Constabulary,-1.538049,54.520968,On or near Eastbourne Road,E01012306,Darlington 012C,Violence and sexual offences,Local resolution,
9b68c477fc254677830952e5e2f0cf5589f6265a1d8989489722801b1107dd62,2024-05,Durham Constabulary,Durham Constabulary,-1.531831,54.520226,On or near Cobden Court,E01012306,Darlington 012C,Other crime,Unable to prosecute suspect,
,2024-05,Durham Constabulary,Durham Constabulary,-1.535854,54.516961,On or near Mickleton Close,E01012340,Darlington 012D,Anti-social behaviour,,
,2024-05,Durham Constabulary,Durham Constabulary,-1.540839,54.517375,On or near Aysgarth Road,E01012340,Darlington 012D,Anti-social behaviour,,
,2024-05,Durham Constabulary,Durham Constabulary,-1.539784,54.519115,On or near Falmer Road,E01012340,Darlington 012D,Anti-social behaviour,,
b8f0c5e1d542a014aeb4d3df2df6d040a8ca6d8e3e7001858a03b66a2ea6eb3e,2024-05,Durham Constabulary,Durham Constabulary,-1.541417,54.518159,On or near Thirlmere Road,E01012340,Darlington 012D,Burglary,Unable to prosecute suspect,
30b9c0846f64cff931392d3aba4a04c9eba2ab15080e3dfc04f676d7a22b2128,2024-05,Durham Constabulary,Durham Constabulary,-1.535854,54.516961,On or near Mickleton Close,E01012340,Darlington 012D,Criminal damage and arson,Investigation complete; no suspect identified,
b4bc00c1cb949ce4bce71d47104ac0db9895113d3f48060f8c982088dc12ee90,2024-05,Durham Constabulary,Durham Constabulary,-1.535854,54.516961,On or near Mickleton Close,E01012340,Darlington 012D,Criminal damage and arson,Investigation complete; no suspect identified,
44bb053955770f6085d2e8c52186378793f0e7222cbf3a74f70310d86799b2ae,2024-05,Durham Constabulary,Durham Constabulary,-1.542230,54.517282,On or near Neasham Road,E01012340,Darlington 012D,Drugs,Awaiting court outcome,
90d3782e8cb30447901a37a01b7443815941b53bd1def0dafc516588e70fe0fe,2024-05,Durham Constabulary,Durham Constabulary,-1.542948,54.515271,On or near Tebay Close,E01012340,Darlington 012D,Other theft,Under investigation,
254647325ee0208ab2e2077302c459c3a7c20a1269221e175dba837c7c77b135,2024-05,Durham Constabulary,Durham Constabulary,-1.537476,54.516967,On or near Headlam Road,E01012340,Darlington 012D,Public order,Further action is not in the public interest,
275eff938d1386196a768b15cf6dfacf9700551d03606291b6bd9182651e0637,2024-05,Durham Constabulary,Durham Constabulary,-1.537476,54.516967,On or near Headlam Road,E01012340,Darlington 012D,Public order,Further action is not in the public interest,
de964d5c94455e383779b274a4be0eb5deb3103bf7a30d246fb26a682fc4f548,2024-05,Durham Constabulary,Durham Constabulary,-1.543481,54.518670,On or near Walton Street,E01012340,Darlington 012D,Vehicle crime,Investigation complete; no suspect identified,
55407eb55d9e511772900a192976232793cc235ee0e083dd9cf7a924703b8deb,2024-05,Durham Constabulary,Durham Constabulary,-1.540711,54.517788,On or near Langdale Road,E01012340,Darlington 012D,Violence and sexual offences,Unable to prosecute suspect,
31641e957ff5a36afbd1993b1f84123cbe3b6cf9e9bea11984e67c1558db3057,2024-05,Durham Constabulary,Durham Constabulary,-1.545834,54.514051,On or near Railway View,E01012340,Darlington 012D,Violence and sexual offences,Under investigation,
eacb1c1b62df5f1237b316b3b22b3a81149251c3c7040902a0e94c43e201c0dd,2024-05,Durham Constabulary,Durham Constabulary,-1.539784,54.519115,On or near Falmer Road,E01012340,Darlington 012D,Violence and sexual offences,Awaiting court outcome,
1c2a7377bf8d37daedb34df6a449392b87d2aed103c151e507f1a59567177b05,2024-05,Durham Constabulary,Durham Constabulary,-1.546184,54.514547,On or near Pudsey Walk,E01012340,Darlington 012D,Violence and sexual offences,Unable to prosecute suspect,
7dc1705896299ed3008c790f2bcdf6ee5164904811acb0ef3b54248b396bc9e8,2024-05,Durham Constabulary,Durham Constabulary,-1.535854,54.516961,On or near Mickleton Close,E01012340,Darlington 012D,Violence and sexual offences,Awaiting court outcome,
5ca1635c18ee4f74492a44eb80852f69b3deba7f7201688871d5358d73f0d288,2024-05,Durham Constabulary,Durham Constabulary,-1.537476,54.516967,On or near Headlam Road,E01012340,Darlington 012D,Violence and sexual offences,Unable to prosecute suspect,
76b61ba9e91f127db091f56168c8ba4f905efccacf1e35db81f677551cc74a40,2024-05,Durham Constabulary,Durham Constabulary,-1.539784,54.519115,On or near Falmer Road,E01012340,Darlington 012D,Violence and sexual offences,Awaiting court outcome,
4f6ff8d5744de45358b4ec12a267a795c360370d11f98da6d04cef51f869b2a3,2024-05,Durham Constabulary,Durham Constabulary,-1.539784,54.519115,On or near Falmer Road,E01012340,Darlington 012D,Violence and sexual offences,Awaiting court outcome,
8e89d98bcf3d3880465e1d3a1b7e1ad3e632220d70d1435be208ab67fc779148,2024-05,Durham Constabulary,Durham Constabulary,-1.537476,54.516967,On or near Headlam Road,E01012340,Darlington 012D,Violence and sexual offences,Unable to prosecute suspect,
eb96bde4b73eae22bde73341d49c86ebef989e7d2528fe570fad25be54cc68b9,2024-05,Durham Constabulary,Durham Constabulary,-1.540839,54.517375,On or near Aysgarth Road,E01012340,Darlington 012D,Violence and sexual offences,Awaiting court outcome,
ab551387219d00768364ec590e2495a3fc01e3045211bb4224f17ac7c2735e6d,2024-05,Durham Constabulary,Durham Constabulary,-1.540779,54.518624,On or near Grasmere Road,E01012340,Darlington 012D,Violence and sexual offences,Action to be taken by another organisation,
fbd3feea64aa353954a3d5417979781dc89b0d6a4af891d41e8b98583e777f3d,2024-05,Durham Constabulary,Durham Constabulary,-1.542948,54.515271,On or near Tebay Close,E01012340,Darlington 012D,Violence and sexual offences,Under investigation,
7c5c9b17d2f990817ba57bb308c09081282406a3700181cf83ac31247104e533,2024-05,Durham Constabulary,Durham Constabulary,-1.540779,54.518624,On or near Grasmere Road,E01012340,Darlington 012D,Violence and sexual offences,Action to be taken by another organisation,
eb7bc63dcff06deb19229bdc176a3b5504c94ab103e8dc4abf673b0cbf26a325,2024-05,Durham Constabulary,Durham Constabulary,-1.537476,54.516967,On or near Headlam Road,E01012340,Darlington 012D,Other crime,Unable to prosecute suspect,
,2024-05,Durham Constabulary,Durham Constabulary,-1.532058,54.516569,On or near Cliffe Way,E01012341,Darlington 012E,Anti-social behaviour,,
,2024-05,Durham Constabulary,Durham Constabulary,-1.532058,54.516569,On or near Cliffe Way,E01012341,Darlington 012E,Anti-social behaviour,,
,2024-05,Durham Constabulary,Durham Constabulary,-1.531180,54.517725,On or near Gilling Crescent,E01012341,Darlington 012E,Anti-social behaviour,,
,2024-05,Durham Constabulary,Durham Constabulary,-1.532058,54.516569,On or near Cliffe Way,E01012341,Darlington 012E,Anti-social behaviour,,
,2024-05,Durham Constabulary,Durham Constabulary,-1.531180,54.517725,On or near Gilling Crescent,E01012341,Darlington 012E,Anti-social behaviour,,
dc78a40d38f45c43b90c0be06e40434d18943370da398c5ca20b6b3cfa91df3c,2024-05,Durham Constabulary,Durham Constabulary,-1.533377,54.514723,On or near Huxley Grove,E01012341,Darlington 012E,Burglary,Investigation complete; no suspect identified,
89b58d7971931623919f08cefbecd9ebe833b5e8713ddad6df636a29387839aa,2024-05,Durham Constabulary,Durham Constabulary,-1.532986,54.516536,On or near Fenby Avenue,E01012341,Darlington 012E,Burglary,Unable to prosecute suspect,
05fdefff7a6e4c94f16e96ae05be381fd4b9a9e0c0b72b5337cb6f81cc876a0c,2024-05,Durham Constabulary,Durham Constabulary,-1.531180,54.517725,On or near Gilling Crescent,E01012341,Darlington 012E,Burglary,Investigation complete; no suspect identified,
16195fd3f91c3262bfbc49c04b3d3ba9b3032843aea5b9b09d15d66e8275b3a2,2024-05,Durham Constabulary,Durham Constabulary,-1.535389,54.514407,On or near Spencer Grove,E01012341,Darlington 012E,Burglary,Investigation complete; no suspect identified,
a8bc04887ac30c49c7638a8306e54016f4307fc1342472b0ad386af44ac89f3d,2024-05,Durham Constabulary,Durham Constabulary,-1.532986,54.516536,On or near Fenby Avenue,E01012341,Darlington 012E,Criminal damage and arson,Unable to prosecute suspect,
22367a9f95c964ed1ff6903f5d02df89a6f631998d9b7580ecd626520708c3c8,2024-05,Durham Constabulary,Durham Constabulary,-1.535389,54.514407,On or near Spencer Grove,E01012341,Darlington 012E,Public order,Unable to prosecute suspect,
590a2d4ee816893aa682b13b5709b0baa70e7deea419a781e3928dbac81cc5b3,2024-05,Durham Constabulary,Durham Constabulary,-1.537923,54.515720,On or near Coxwold Drive,E01012341,Darlington 012E,Violence and sexual offences,Unable to prosecute suspect,
b14f395964bb5d57d2a42d4ad0d6fa421f3d915c39e6217e8dba6e5f034c5f72,2024-05,Durham Constabulary,Durham Constabulary,-1.537923,54.515720,On or near Coxwold Drive,E01012341,Darlington 012E,Violence and sexual offences,Unable to prosecute suspect,
d52cda6d5b981ee110a6ce511274a21eacba86ef0e805850b7531876e8338d4a,2024-05,Durham Constabulary,Durham Constabulary,-1.536429,54.515300,On or near Grinton Park Way,E01012341,Darlington 012E,Violence and sexual offences,Unable to prosecute suspect,
62d3b955efe28878045ebdd56885dd99495601a436dcf5963e6219f478c9e134,2024-05,Durham Constabulary,Durham Constabulary,-1.536282,54.516037,On or near Scargill,E01012341,Darlington 012E,Violence and sexual offences,Investigation complete; no suspect identified,
0f8b7dbfff3bd8e4bf1b989d2b6b58cb22913a8636883a3121f24928f3c218bf,2024-05,Durham Constabulary,Durham Constabulary,-1.536429,54.515300,On or near Grinton Park Way,E01012341,Darlington 012E,Violence and sexual offences,Investigation complete; no suspect identified,
67254fe221fb60051a6fe7627f561a5193389c557d402761ec9af3b91754ebc1,2024-05,Durham Constabulary,Durham Constabulary,-1.535224,54.515314,On or near Selset Close,E01012341,Darlington 012E,Violence and sexual offences,Under investigation,
6bc2b7a8cbc4822bb72faeb9a161a6e734d9ec36e459aa79953570365038e8ef,2024-05,Durham Constabulary,Durham Constabulary,-1.535224,54.515314,On or near Selset Close,E01012341,Darlington 012E,Violence and sexual offences,Action to be taken by another organisation,
8129a170fb85a407b7fb7e09f9348beaa7d36c5ac0647c6e30a9e9d9a50616d1,2024-05,Durham Constabulary,Durham Constabulary,-1.531919,54.517970,On or near Melsonby Crescent,E01012341,Darlington 012E,Violence and sexual offences,Investigation complete; no suspect identified,
5696b9043b780968c5bc29df38262cae5ecbb2902015b7fcc2cb8df59d96ea1b,2024-05,Durham Constabulary,Durham Constabulary,-1.531180,54.517725,On or near Gilling Crescent,E01012341,Darlington 012E,Violence and sexual offences,Unable to prosecute suspect,
17a77636c7e3cfdc7d457ac57d557143268c5047b0f232b873f0f6d82cee3e45,2024-05,Durham Constabulary,Durham Constabulary,-1.535389,54.514407,On or near Spencer Grove,E01012341,Darlington 012E,Violence and sexual offences,Unable to prosecute suspect,
1ab345c57cc8c08561885da19f76a8d6c8cd034570e4931a2dc9a2e20ec0869f,2024-05,Durham Constabulary,Durham Constabulary,-1.535389,54.514407,On or near Spencer Grove,E01012341,Darlington 012E,Violence and sexual offences,Unable to prosecute suspect,
717e5e4303f35dbb269a27b91de625ec986e5d164673c445e9d027e9715dc414,2024-05,Durham Constabulary,Durham Constabulary,-1.536282,54.516037,On or near Scargill,E01012341,Darlington 012E,Violence and sexual offences,Action to be taken by another organisation,
2716a4b870d7ff7d95afa81a996802f6797fb9b22b021ecc0756035c590b25b1,2024-05,Durham Constabulary,Durham Constabulary,-1.535389,54.514407,On or near Spencer Grove,E01012341,Darlington 012E,Other crime,Investigation complete; no suspect identified,
,2024-05,Durham Constabulary,Durham Constabulary,-1.537699,54.513670,On or near Claremont Road,E01012317,Darlington 013A,Anti-social behaviour,,
1f4c65562198f7b3e3168f998c109d59da23cd37e79f0cdca5e2a80264c1d6a1,2024-05,Durham Constabulary,Durham Constabulary,-1.536272,54.511462,On or near Hildon Drive,E01012317,Darlington 013A,Criminal damage and arson,Awaiting court outcome,
7c4ef167b9fe8845894d6c7dceba68f6836bd55cee93fd7c1caea3a01b795de0,2024-05,Durham Constabulary,Durham Constabulary,-1.536272,54.511462,On or near Hildon Drive,E01012317,Darlington 013A,Possession of weapons,Awaiting court outcome,
86a294bf206c256dd1b808e12513341239a3b7fd5a8d687e4df8ef0e8ce6cb68,2024-05,Durham Constabulary,Durham Constabulary,-1.544570,54.512447,On or near Geneva Gardens,E01012317,Darlington 013A,Possession of weapons,Awaiting court outcome,
8374172a3327553ae7f7bedda77bc97c109ca231467a3589569ee54707697b74,2024-05,Durham Constabulary,Durham Constabulary,-1.536272,54.511462,On or near Hildon Drive,E01012317,Darlington 013A,Violence and sexual offences,Unable to prosecute suspect,
d9b9002e4bf0dafda54f2a9872047c6d27649158b781d796d591a2e9c895b19f,2024-05,Durham Constabulary,Durham Constabulary,-1.537336,54.511601,On or near Neasham Drive,E01012317,Darlington 013A,Violence and sexual offences,Offender given a caution,
46f06b00571cabf191b2259a60f7d1a16ffdbe1dd8cf8c55ee781c246e4e965c,2024-05,Durham Constabulary,Durham Constabulary,-1.537336,54.511601,On or near Neasham Drive,E01012317,Darlington 013A,Violence and sexual offences,Unable to prosecute suspect,
f73e611998f5b0e664b0c771fc84516d0ec5dfae396c842db3a78bde30268434,2024-05,Durham Constabulary,Durham Constabulary,-1.542007,54.512338,On or near Ripon Drive,E01012317,Darlington 013A,Violence and sexual offences,Investigation complete; no suspect identified,
fba5717507fe12c531bbf3cb084693f1495672f2bb5424642a3b70c0a52d9d96,2024-05,Durham Constabulary,Durham Constabulary,-1.536272,54.511462,On or near Hildon Drive,E01012317,Darlington 013A,Other crime,Unable to prosecute suspect,
,2024-05,Durham Constabulary,Durham Constabulary,-1.524134,54.512593,On or near Blackmoor Close,E01012318,Darlington 013B,Anti-social behaviour,,
,2024-05,Durham Constabulary,Durham Constabulary,-1.523173,54.511564,On or near Pinewood Close,E01012318,Darlington 013B,Anti-social behaviour,,
,2024-05,Durham Constabulary,Durham Constabulary,-1.529256,54.513098,On or near Emley Moor Road,E01012318,Darlington 013B,Anti-social behaviour,,
,2024-05,Durham Constabulary,Durham Constabulary,-1.527758,54.515788,On or near Westminster Road,E01012318,Darlington 013B,Anti-social behaviour,,
,2024-05,Durham Constabulary,Durham Constabulary,-1.527820,54.511726,On or near Edgemoor Road,E01012318,Darlington 013B,Anti-social behaviour,,
,2024-05,Durham Constabulary,Durham Constabulary,-1.526908,54.513161,On or near Helmsley Moor Way,E01012318,Darlington 013B,Anti-social behaviour,,
80874b68196a94b7f60f925e456bfbddfe185965f2613a0eaef6d25e9036fa32,2024-05,Durham Constabulary,Durham Constabulary,-1.528174,54.514532,On or near Holgate Moor Green,E01012318,Darlington 013B,Burglary,Investigation complete; no suspect identified,
81a8711db13a183481ed6bc585bf60a937f6a68573acd372c662d9a2df0be915,2024-05,Durham Constabulary,Durham Constabulary,-1.523212,54.513533,On or near Oakmoor Close,E01012318,Darlington 013B,Burglary,Investigation complete; no suspect identified,
f73b8a116021d3aec72767b3daa12aa03b9dce19d8ec69ff825d300af80a82ed,2024-05,Durham Constabulary,Durham Constabulary,-1.534151,54.513243,On or near Pilmoor Green,E01012318,Darlington 013B,Burglary,Investigation complete; no suspect identified,
1d14d56d1d50fde7e761d544fef306e512553c825e2cb219d1a752bcc04db1eb,2024-05,Durham Constabulary,Durham Constabulary,-1.530847,54.513131,On or near Stocksmoor Close,E01012318,Darlington 013B,Burglary,Investigation complete; no suspect identified,
8c2d0724ffe7d7058b768ae5609d67d87ab5c4a7c7bfcb4622804be92c73c977,2024-05,Durham Constabulary,Durham Constabulary,-1.533798,54.511660,On or near West Moor Road,E01012318,Darlington 013B,Criminal damage and arson,Investigation complete; no suspect identified,
92c9e65daf31e65214fe1d76e0a5a96ac6c29a88c1995a6e66f57c248efe9de8,2024-05,Durham Constabulary,Durham Constabulary,-1.531675,54.515013,On or near Geneva Road,E01012318,Darlington 013B,Criminal damage and arson,Investigation complete; no suspect identified,
53d6d7276b6c6c08d2cb3ed2e3ff65d00d2071f3589c2e704d157893f9450710,2024-05,Durham Constabulary,Durham Constabulary,-1.531159,54.511443,On or near Pateley Moor Crescent,E01012318,Darlington 013B,Criminal damage and arson,Investigation complete; no suspect identified,
8a7923f76d33e4a36e03d49b1cdaedbcf42fa601f07a6ad7c487fe40537e6faa,2024-05,Durham Constabulary,Durham Constabulary,-1.524134,54.512593,On or near Blackmoor Close,E01012318,Darlington 013B,Criminal damage and arson,Investigation complete; no suspect identified,
d3f8f5d4c1583a8af3d03d562cf17de0002cb10374530f1ea499f26c8d211259,2024-05,Durham Constabulary,Durham Constabulary,-1.534151,54.513243,On or near Pilmoor Green,E01012318,Darlington 013B,Other theft,Investigation complete; no suspect identified,
e4707aefefc8dba81066f1d90b18a9df6e04371b10a6b6f412844b4785bca97b,2024-05,Durham Constabulary,Durham Constabulary,-1.533798,54.511660,On or near West Moor Road,E01012318,Darlington 013B,Public order,Action to be taken by another organisation,
3b019560b8bd4c629f6a63baf66a55747c7bd9649b277f79247514508dbbfec5,2024-05,Durham Constabulary,Durham Constabulary,-1.522141,54.512621,On or near Redwood Close,E01012318,Darlington 013B,Vehicle crime,Investigation complete; no suspect identified,
10010d1ca67dfbb6211ca1e58ed2166da63b3d78b8c1d8d81d252e6688511cba,2024-05,Durham Constabulary,Durham Constabulary,-1.531862,54.512093,On or near Barden Moor Road,E01012318,Darlington 013B,Violence and sexual offences,Unable to prosecute suspect,
a43921857e6ef48a79fa59db77b2878331a0184e4c82f7c966e47317ca1301f4,2024-05,Durham Constabulary,Durham Constabulary,-1.527758,54.515788,On or near Westminster Road,E01012318,Darlington 013B,Violence and sexual offences,Unable to prosecute suspect,
f67e085f17bd00f9c011adbd8e23c8756013c0eb442a8c3e81b62d4b0a302930,2024-05,Durham Constabulary,Durham Constabulary,-1.530847,54.513131,On or near Stocksmoor Close,E01012318,Darlington 013B,Violence and sexual offences,Unable to prosecute suspect,
028bd9e15878eb3ca19e2977d22f30a2a11302a73cb2ae0641af001ccf116079,2024-05,Durham Constabulary,Durham Constabulary,-1.527455,54.515230,On or near Burnside Road,E01012318,Darlington 013B,Violence and sexual offences,Under investigation,
1aba2021b6afd50cb710755785fef83bd1ebdbe9f909b113dc84088685da1d20,2024-05,Durham Constabulary,Durham Constabulary,-1.525077,54.512488,On or near Forest Moor Road,E01012318,Darlington 013B,Violence and sexual offences,Unable to prosecute suspect,
014cd03cd56cb7ae00fb8ffd997b20812f0133ddc64857b488233dc6336a2c73,2024-05,Durham Constabulary,Durham Constabulary,-1.528334,54.511387,On or near Skipton Moor Close,E01012318,Darlington 013B,Violence and sexual offences,Unable to prosecute suspect,
c80256714ebbfb5f5b64bf498f17e11a6e11a05c93c94f1d9dbf0c510649888b,2024-05,Durham Constabulary,Durham Constabulary,-1.524325,54.512054,On or near Southmoor Close,E01012318,Darlington 013B,Violence and sexual offences,Action to be taken by another organisation,
87967c5da23d3bf12a12f86f63eb7127f724601b758e7e9c9f5f57315def3082,2024-05,Durham Constabulary,Durham Constabulary,-1.526882,54.512657,On or near Masham Moor Way,E01012318,Darlington 013B,Violence and sexual offences,Under investigation,
a4917e135fc815d2ca21f666a17600bc96ff45a8ee6304fd5b5bb529c4d1462a,2024-05,Durham Constabulary,Durham Constabulary,-1.527758,54.515788,On or near Westminster Road,E01012318,Darlington 013B,Violence and sexual offences,Unable to prosecute suspect,
08c7112e9d1a02dc25d3b612e43aa23a382812e951eab2d6043a1945da2ce3ea,2024-05,Durham Constabulary,Durham Constabulary,-1.530847,54.513131,On or near Stocksmoor Close,E01012318,Darlington 013B,Violence and sexual offences,Unable to prosecute suspect,
76a4f8c474da63a3ecb2112fe6b0c5b00eeac490f484627d5c69d034793bc1e5,2024-05,Durham Constabulary,Durham Constabulary,-1.534151,54.513243,On or near Pilmoor Green,E01012318,Darlington 013B,Violence and sexual offences,Unable to prosecute suspect,
be32ac1d5e43cfee01768996e0868f7826fd8bc2d99af207e70bf4e2462b2e5b,2024-05,Durham Constabulary,Durham Constabulary,-1.531159,54.511443,On or near Pateley Moor Crescent,E01012318,Darlington 013B,Other crime,Action to be taken by another organisation,
,2024-05,Durham Constabulary,Durham Constabulary,-1.520858,54.515330,On or near Warren Close,E01012319,Darlington 013C,Anti-social behaviour,,
,2024-05,Durham Constabulary,Durham Constabulary,-1.517571,54.519010,On or near Salters Lane,E01012319,Darlington 013C,Anti-social behaviour,,
,2024-05,Durham Constabulary,Durham Constabulary,-1.522289,54.515857,On or near Firthmoor Crescent,E01012319,Darlington 013C,Anti-social behaviour,,
,2024-05,Durham Constabulary,Durham Constabulary,-1.517571,54.519010,On or near Salters Lane,E01012319,Darlington 013C,Anti-social behaviour,,
24d86d3190f306b914788b6ed1fdb80ddfe98f1446e46da719252fc306dfc063,2024-05,Durham Constabulary,Durham Constabulary,-1.522669,54.518977,On or near Tansley Gardens,E01012319,Darlington 013C,Burglary,Investigation complete; no suspect identified,
1a639f4251eb4b9a0b8cf48bee3291234fb43a6d5864595ee463538e29f85b50,2024-05,Durham Constabulary,Durham Constabulary,-1.527776,54.519590,On or near Harris Street,E01012319,Darlington 013C,Burglary,Investigation complete; no suspect identified,
2d42df41246ebf556b0837a385c60ca861b5578d768a93cc703651c17a16deb6,2024-05,Durham Constabulary,Durham Constabulary,-1.527776,54.519590,On or near Harris Street,E01012319,Darlington 013C,Burglary,Investigation complete; no suspect identified,
f94daba82f5fb9846f035197340908ffbac8c7090f3af49ec565e2b51369f2cd,2024-05,Durham Constabulary,Durham Constabulary,-1.525572,54.517811,On or near Brignall Moor Crescent,E01012319,Darlington 013C,Criminal damage and arson,Unable to prosecute suspect,
7aa4c69b06bbc8f28165c093d0888e7b23bf3350f21bd8c5e22dc13716b3fd23,2024-05,Durham Constabulary,Durham Constabulary,-1.524681,54.521348,On or near Hewitson Road,E01012319,Darlington 013C,Criminal damage and arson,Unable to prosecute suspect,
e897876e33f659f10213239197dd7b133735001c57146733f1caef3b87d29665,2024-05,Durham Constabulary,Durham Constabulary,-1.527776,54.519590,On or near Harris Street,E01012319,Darlington 013C,Criminal damage and arson,Investigation complete; no suspect identified,
44ccdec0ae67b062866304c65333b5c220712342643623eb3066ae9ef0454ee9,2024-05,Durham Constabulary,Durham Constabulary,-1.525572,54.517811,On or near Brignall Moor Crescent,E01012319,Darlington 013C,Criminal damage and arson,Unable to prosecute suspect,
9e945bbe4a81f8ce8989580762d1747a97401979073e63da2e97501c1a96fde7,2024-05,Durham Constabulary,Durham Constabulary,-1.522289,54.515857,On or near Firthmoor Crescent,E01012319,Darlington 013C,Criminal damage and arson,Unable to prosecute suspect,
5078b9653ee4f9994b4fd25162376ccbb083dda33c782d7b951594565a480aa7,2024-05,Durham Constabulary,Durham Constabulary,-1.524985,54.516710,On or near Sports/Recreation Area,E01012319,Darlington 013C,Robbery,Unable to prosecute suspect,
39fcca0fbd55e2f007b95f26ba901ef8e82e69d6fbdfa34c548d2a683bb5bbb0,2024-05,Durham Constabulary,Durham Constabulary,-1.522289,54.515857,On or near Firthmoor Crescent,E01012319,Darlington 013C,Violence and sexual offences,Unable to prosecute suspect,
bcf5c31e13959f10b8ed5ee241e3421bb7ad222bd2221eec6d4a741244389407,2024-05,Durham Constabulary,Durham Constabulary,-1.522289,54.515857,On or near Firthmoor Crescent,E01012319,Darlington 013C,Violence and sexual offences,Unable to prosecute suspect,
ff82cdb0ca9b2708d5c37c31a433e7a9418f90de71b00f096357e67ecb5ad3c4,2024-05,Durham Constabulary,Durham Constabulary,-1.522289,54.515857,On or near Firthmoor Crescent,E01012319,Darlington 013C,Violence and sexual offences,Unable to prosecute suspect,
576eec86a08c7e37efb27f8aff523a12f8bda843c22882ef6fecfc1888143a4d,2024-05,Durham Constabulary,Durham Constabulary,-1.523604,54.518288,On or near Hewitson Road South,E01012319,Darlington 013C,Violence and sexual offences,Unable to prosecute suspect,
bb8971fea0c4d7d28ac8218df051699b228462d6beaa0e994c75f2340afa17a5,2024-05,Durham Constabulary,Durham Constabulary,-1.522289,54.515857,On or near Firthmoor Crescent,E01012319,Darlington 013C,Violence and sexual offences,Unable to prosecute suspect,
19a05bec97d0826873a23e0d49eb520817b865b85abf6ba8e895541dabc40c32,2024-05,Durham Constabulary,Durham Constabulary,-1.520829,54.515159,On or near Richmond Way,E01012319,Darlington 013C,Violence and sexual offences,Under investigation,
f095910993e972a2a3a753cf9e1e799b0959d8c481d5a818cfa22144276eac4e,2024-05,Durham Constabulary,Durham Constabulary,-1.523604,54.518288,On or near Hewitson Road South,E01012319,Darlington 013C,Violence and sexual offences,Unable to prosecute suspect,
,2024-05,Durham Constabulary,Durham Constabulary,-1.554206,54.521200,On or near South Terrace,E01012356,Darlington 014A,Anti-social behaviour,,
,2024-05,Durham Constabulary,Durham Constabulary,-1.553562,54.519301,On or near Roslyn Street,E01012356,Darlington 014A,Anti-social behaviour,,
,2024-05,Durham Constabulary,Durham Constabulary,-1.554206,54.521200,On or near South Terrace,E01012356,Darlington 014A,Anti-social behaviour,,
,2024-05,Durham Constabulary,Durham Constabulary,-1.554206,54.521200,On or near South Terrace,E01012356,Darlington 014A,Anti-social behaviour,,
,2024-05,Durham Constabulary,Durham Constabulary,-1.556814,54.521479,On or near Petrol Station,E01012356,Darlington 014A,Anti-social behaviour,,
,2024-05,Durham Constabulary,Durham Constabulary,-1.554206,54.521200,On or near South Terrace,E01012356,Darlington 014A,Anti-social behaviour,,
63138e474c292af31aa40848b333435c04bca0fbe37820aca8aa294c924d6e01,2024-05,Durham Constabulary,Durham Constabulary,-1.557438,54.520888,On or near Supermarket,E01012356,Darlington 014A,Bicycle theft,Investigation complete; no suspect identified,
609a506faeb5c2f71a3c176cdce5487d122164bd7515e6278e9a0cfcce7bf6ee,2024-05,Durham Constabulary,Durham Constabulary,-1.554552,54.519152,On or near Victoria Embankment,E01012356,Darlington 014A,Burglary,Unable to prosecute suspect,
b0b380c117079c64c5be184dad22cc1ee2f1abcc8eb12ffeed28b934a4b38547,2024-05,Durham Constabulary,Durham Constabulary,-1.556814,54.521479,On or near Petrol Station,E01012356,Darlington 014A,Criminal damage and arson,Investigation complete; no suspect identified,
3039eb6fc5f20c5c9e3fd38cdfb869d282fb763c8b8309d6bc865517744e28f9,2024-05,Durham Constabulary,Durham Constabulary,-1.556814,54.521479,On or near Petrol Station,E01012356,Darlington 014A,Criminal damage and arson,Investigation complete; no suspect identified,
c6a55b6c4d03cbb8d02e3fd88115d23cd8ead207599eebd35c31cfceb92e6353,2024-05,Durham Constabulary,Durham Constabulary,-1.558264,54.520235,On or near Quaker Lane,E01012356,Darlington 014A,Other theft,Investigation complete; no suspect identified,
bcb6cdb9dbfd9fad28d210835d854781b527a9b0410b5489cd3cfc2c05ddebe5,2024-05,Durham Constabulary,Durham Constabulary,-1.559701,54.520186,On or near Polam Road,E01012356,Darlington 014A,Public order,Action to be taken by another organisation,
c74ac233ea290c1b144c6a56b29c0e8fd5274f10a713a3c757b41c564dc50d52,2024-05,Durham Constabulary,Durham Constabulary,-1.551946,54.518747,On or near Chatsworth Terrace,E01012356,Darlington 014A,Public order,Investigation complete; no suspect identified,
3f9c3f5a85ecd0276545049eba259bbca0d1159af4f9aa1f597c06bee3ab38b4,2024-05,Durham Constabulary,Durham Constabulary,-1.557438,54.520888,On or near Supermarket,E01012356,Darlington 014A,Public order,Awaiting court outcome,
3931500abf1eaf9ed6572db2d87254448cb0763738cbba5a689132f7dffa06ee,2024-05,Durham Constabulary,Durham Constabulary,-1.557438,54.520888,On or near Supermarket,E01012356,Darlington 014A,Shoplifting,Investigation complete; no suspect identified,
01dc9545309fcadd9ba33068ca421b2085a7c295c6f269de0d783ed50072370b,2024-05,Durham Constabulary,Durham Constabulary,-1.557438,54.520888,On or near Supermarket,E01012356,Darlington 014A,Shoplifting,Investigation complete; no suspect identified,
b1933d1363c819c3d1673971222504e4b7bc60d298dd7c337721209afee50a26,2024-05,Durham Constabulary,Durham Constabulary,-1.557438,54.520888,On or near Supermarket,E01012356,Darlington 014A,Shoplifting,Awaiting court outcome,
55d65bf2b6f67c052354c8b317ebf450b710d2bbd21ca21500814793233404d3,2024-05,Durham Constabulary,Durham Constabulary,-1.557438,54.520888,On or near Supermarket,E01012356,Darlington 014A,Shoplifting,Awaiting court outcome,
1a100b2dde543f6f994441d3bdfc0396acf46fdf2e2de29503d91fec19647ab8,2024-05,Durham Constabulary,Durham Constabulary,-1.557438,54.520888,On or near Supermarket,E01012356,Darlington 014A,Shoplifting,Investigation complete; no suspect identified,
828e63a048f62bec0b5a4c0c75360f152050e247f3dd2f839b8c79e4d2f0c2a2,2024-05,Durham Constabulary,Durham Constabulary,-1.557438,54.520888,On or near Supermarket,E01012356,Darlington 014A,Shoplifting,Investigation complete; no suspect identified,
680eeaaa076d484e4d01ae08a4dab3879322748ecee9b012ba7115c4aced963b,2024-05,Durham Constabulary,Durham Constabulary,-1.557438,54.520888,On or near Supermarket,E01012356,Darlington 014A,Shoplifting,Awaiting court outcome,
0dca0a00759a3b41d6160dee711c7b2c7781d1b6253164b7623b51ef5b7c4e7d,2024-05,Durham Constabulary,Durham Constabulary,-1.557438,54.520888,On or near Supermarket,E01012356,Darlington 014A,Shoplifting,Further investigation is not in the public interest,
4f1b95145870677c7ccc73549470c330fc5146a5d4c686b9e50a6fe5b9ec2e5a,2024-05,Durham Constabulary,Durham Constabulary,-1.557438,54.520888,On or near Supermarket,E01012356,Darlington 014A,Shoplifting,Awaiting court outcome,
a97164f3a3c47dcafe684d5fed0db247c13eee14faae8efeb4c2755e0763d159,2024-05,Durham Constabulary,Durham Constabulary,-1.563565,54.521450,On or near Westcliffe Court,E01012356,Darlington 014A,Vehicle crime,Investigation complete; no suspect identified,
87f4418c863553b71a288601ffd51ab981d95ace180201d56d2a8fd3091e08b4,2024-05,Durham Constabulary,Durham Constabulary,-1.554552,54.519152,On or near Victoria Embankment,E01012356,Darlington 014A,Vehicle crime,Awaiting court outcome,
56e114248015e88724558d7166fd27b8a27dd3a80f9b54fce3aa5b276d7c0852,2024-05,Durham Constabulary,Durham Constabulary,-1.554552,54.519152,On or near Victoria Embankment,E01012356,Darlington 014A,Vehicle crime,Awaiting court outcome,
ec9c25fa8fa9417b989fd1eb24ed598682a60106706d2f54f0028a6cb22cb4f7,2024-05,Durham Constabulary,Durham Constabulary,-1.554552,54.519152,On or near Victoria Embankment,E01012356,Darlington 014A,Violence and sexual offences,Further action is not in the public interest,
c89ccf32869998e5f75f5941a54395cce0bbe670348b1e61b6c2b18fc71e928c,2024-05,Durham Constabulary,Durham Constabulary,-1.561236,54.519689,On or near Grange Road,E01012356,Darlington 014A,Violence and sexual offences,Action to be taken by another organisation,
87160655452a77caa47325970341b5c160b8ec431a7ba502a46254f891ecf4fb,2024-05,Durham Constabulary,Durham Constabulary,-1.552578,54.520322,On or near Rockingham Street,E01012356,Darlington 014A,Violence and sexual offences,Unable to prosecute suspect,
50093193d5f0d29b2862bc15a2a6b984c52aef7ed9661eb5821cb0446f46dba0,2024-05,Durham Constabulary,Durham Constabulary,-1.554552,54.519152,On or near Victoria Embankment,E01012356,Darlington 014A,Violence and sexual offences,Unable to prosecute suspect,
50b45d14da5c2e424121111154870d9059898cf40a88cedb747759e471791264,2024-05,Durham Constabulary,Durham Constabulary,-1.551163,54.519742,On or near Greenwell Street,E01012356,Darlington 014A,Violence and sexual offences,Unable to prosecute suspect,
ba223f57fb570c91d210fbb1ddab8560fbaae0cc1b5593510cabe8134f552b52,2024-05,Durham Constabulary,Durham Constabulary,-1.551163,54.519742,On or near Greenwell Street,E01012356,Darlington 014A,Violence and sexual offences,Investigation complete; no suspect identified,
1251235f5cbf600db22f18ec3fa6ffd65b78aace684724085a04625d8d860759,2024-05,Durham Constabulary,Durham Constabulary,-1.551828,54.521083,On or near Herbert Street,E01012356,Darlington 014A,Violence and sexual offences,Unable to prosecute suspect,
a94a15d9c8f43f52898869a4823dfc36d76dfe3aa56a72c5986872b7f2e7951d,2024-05,Durham Constabulary,Durham Constabulary,-1.560918,54.520496,On or near Southend Avenue,E01012356,Darlington 014A,Violence and sexual offences,Unable to prosecute suspect,
dd69b1e4acefc89b3540fa672d28d008bde5dab61cb54aa65da9550432bac61b,2024-05,Durham Constabulary,Durham Constabulary,-1.560918,54.520496,On or near Southend Avenue,E01012356,Darlington 014A,Violence and sexual offences,Unable to prosecute suspect,
3ba5ffd9fc1b66b0d5901c3f79786f8c43b4d71a3957b31f2803daf4c2df0949,2024-05,Durham Constabulary,Durham Constabulary,-1.554552,54.519152,On or near Victoria Embankment,E01012356,Darlington 014A,Violence and sexual offences,Unable to prosecute suspect,
7627b6e878a8d793b6994a6c3fa00e0f8c4fc143702efc4e4374402a55711f66,2024-05,Durham Constabulary,Durham Constabulary,-1.556814,54.521479,On or near Petrol Station,E01012356,Darlington 014A,Violence and sexual offences,Investigation complete; no suspect identified,
,2024-05,Durham Constabulary,Durham Constabulary,-1.546213,54.521673,On or near Darlington,E01012357,Darlington 014B,Anti-social behaviour,,
,2024-05,Durham Constabulary,Durham Constabulary,-1.547383,54.520680,On or near Parking Area,E01012357,Darlington 014B,Anti-social behaviour,,
,2024-05,Durham Constabulary,Durham Constabulary,-1.550227,54.519118,On or near Nelson Terrace,E01012357,Darlington 014B,Anti-social behaviour,,
,2024-05,Durham Constabulary,Durham Constabulary,-1.546213,54.521673,On or near Darlington,E01012357,Darlington 014B,Anti-social behaviour,,
,2024-05,Durham Constabulary,Durham Constabulary,-1.547383,54.520680,On or near Parking Area,E01012357,Darlington 014B,Anti-social behaviour,,
,2024-05,Durham Constabulary,Durham Constabulary,-1.551776,54.517326,On or near Clifton Road,E01012357,Darlington 014B,Anti-social behaviour,,
,2024-05,Durham Constabulary,Durham Constabulary,-1.551776,54.517326,On or near Clifton Road,E01012357,Darlington 014B,Anti-social behaviour,,
,2024-05,Durham Constabulary,Durham Constabulary,-1.551776,54.517326,On or near Clifton Road,E01012357,Darlington 014B,Anti-social behaviour,,
6403012c3d9b99473f0b34c78604f78bec4619f9042764c8bea5b5cf3767537c,2024-05,Durham Constabulary,Durham Constabulary,-1.547383,54.520680,On or near Parking Area,E01012357,Darlington 014B,Public order,Investigation complete; no suspect identified,
0440832e59b2eb25b143697370c7d2e37840a6673f980ad4e599c2f536487371,2024-05,Durham Constabulary,Durham Constabulary,-1.550474,54.517762,On or near Milner Road,E01012357,Darlington 014B,Public order,Investigation complete; no suspect identified,
5c0b779893ef61f2bb1c53224a967e7521995ffcc4f14c7f2f7cc58182f48b65,2024-05,Durham Constabulary,Durham Constabulary,-1.548842,54.517253,On or near Park Lane,E01012357,Darlington 014B,Shoplifting,Unable to prosecute suspect,
fcea29267cdaebab32457b347857e63fcacfa172171ad65176f11ceeac3103aa,2024-05,Durham Constabulary,Durham Constabulary,-1.549530,54.517875,On or near Grainger Street,E01012357,Darlington 014B,Vehicle crime,Investigation complete; no suspect identified,
bcac616166d7b659f2cbc22f6611a318c68b8cb7cd3eb78ab51b7718c85a0d14,2024-05,Durham Constabulary,Durham Constabulary,-1.550227,54.519118,On or near Nelson Terrace,E01012357,Darlington 014B,Violence and sexual offences,Unable to prosecute suspect,
9a72a671fbf827bc72adda1b788e324667c379b1224d95a1de5be92322daf49a,2024-05,Durham Constabulary,Durham Constabulary,-1.550624,54.518203,On or near Grosvenor Street,E01012357,Darlington 014B,Violence and sexual offences,Unable to prosecute suspect,
92f319a885b13f0e2b75a06bde98b1f7939eb50e87e34b449df7bcc89f406a89,2024-05,Durham Constabulary,Durham Constabulary,-1.548842,54.517253,On or near Park Lane,E01012357,Darlington 014B,Violence and sexual offences,Unable to prosecute suspect,
f10fdd7ac1e974183f24be3cd24ec1ce8e038bd0bd802eb34d98e97ffe3582b6,2024-05,Durham Constabulary,Durham Constabulary,-1.550227,54.519118,On or near Nelson Terrace,E01012357,Darlington 014B,Violence and sexual offences,Unable to prosecute suspect,
6e08822053ed5947e8b7e9eb6181379d1d01c88fb4874ab1c746b7bb1dcb5761,2024-05,Durham Constabulary,Durham Constabulary,-1.548842,54.517253,On or near Park Lane,E01012357,Darlington 014B,Violence and sexual offences,Unable to prosecute suspect,
2dcb91ec8c5aa725120d77c2c2e9ea769119a939040e9d60af19d83bffb74977,2024-05,Durham Constabulary,Durham Constabulary,-1.551776,54.517326,On or near Clifton Road,E01012357,Darlington 014B,Violence and sexual offences,Unable to prosecute suspect,
7e2eeab776dfde31878f67902e4f9b09ebdea1ffeb49cee9f0145b8f687fae51,2024-05,Durham Constabulary,Durham Constabulary,-1.550227,54.519118,On or near Nelson Terrace,E01012357,Darlington 014B,Violence and sexual offences,Investigation complete; no suspect identified,
65cff312f3a23a4dde185971cc9a290089dc1479fb83c5c3fa36d71e59870d9e,2024-05,Durham Constabulary,Durham Constabulary,-1.548493,54.520846,On or near Back Lane,E01012357,Darlington 014B,Violence and sexual offences,Action to be taken by another organisation,
bba12132248b93a0d0d3fbb0ccd375a8a93c1719e113f8a0e2228b93f73eb5c6,2024-05,Durham Constabulary,Durham Constabulary,-1.548842,54.517253,On or near Park Lane,E01012357,Darlington 014B,Violence and sexual offences,Unable to prosecute suspect,
e045169a96017c4516bd1e76085b69c81b4be48b8ff4531e550013cdc93bd713,2024-05,Durham Constabulary,Durham Constabulary,-1.548493,54.520846,On or near Back Lane,E01012357,Darlington 014B,Violence and sexual offences,Unable to prosecute suspect,
f88e736432301b64f481abf75f14487b2186b345b7f9ea4b644f962b9df6637d,2024-05,Durham Constabulary,Durham Constabulary,-1.548842,54.517253,On or near Park Lane,E01012357,Darlington 014B,Other crime,Investigation complete; no suspect identified,
,2024-05,Durham Constabulary,Durham Constabulary,-1.558061,54.516082,On or near Park/Open Space,E01012358,Darlington 014C,Anti-social behaviour,,
,2024-05,Durham Constabulary,Durham Constabulary,-1.561037,54.512265,On or near Lakeside,E01012358,Darlington 014C,Anti-social behaviour,,
,2024-05,Durham Constabulary,Durham Constabulary,-1.563447,54.516578,On or near Penny Lane,E01012358,Darlington 014C,Anti-social behaviour,,
,2024-05,Durham Constabulary,Durham Constabulary,-1.558257,54.510790,On or near Hammond Drive,E01012358,Darlington 014C,Anti-social behaviour,,
,2024-05,Durham Constabulary,Durham Constabulary,-1.563447,54.516578,On or near Penny Lane,E01012358,Darlington 014C,Anti-social behaviour,,
,2024-05,Durham Constabulary,Durham Constabulary,-1.552491,54.514094,On or near Kingsbury Mews,E01012358,Darlington 014C,Anti-social behaviour,,
,2024-05,Durham Constabulary,Durham Constabulary,-1.558061,54.516082,On or near Park/Open Space,E01012358,Darlington 014C,Anti-social behaviour,,
,2024-05,Durham Constabulary,Durham Constabulary,-1.552491,54.514094,On or near Kingsbury Mews,E01012358,Darlington 014C,Anti-social behaviour,,
,2024-05,Durham Constabulary,Durham Constabulary,-1.558061,54.516082,On or near Park/Open Space,E01012358,Darlington 014C,Anti-social behaviour,,
65d2d2dc6d41e081791b6285b996d57c5fd6aec9b6dcee6da2fec56363a61da0,2024-05,Durham Constabulary,Durham Constabulary,-1.553825,54.510791,On or near Swale Grove,E01012358,Darlington 014C,Criminal damage and arson,Investigation complete; no suspect identified,
a8682eaa9e59a06a219e503bd0d763e60549c3fe3cbd475db26faf0e04dba2fe,2024-05,Durham Constabulary,Durham Constabulary,-1.558813,54.513749,On or near Heslop Drive,E01012358,Darlington 014C,Other theft,Investigation complete; no suspect identified,
4effe0a8599a401f447dddb11bdd9578ee5d5e92acfa758f0dc571a7daaa8e43,2024-05,Durham Constabulary,Durham Constabulary,-1.549570,54.514236,On or near Clifton Avenue,E01012358,Darlington 014C,Other theft,Investigation complete; no suspect identified,
fb6eedb1cdf3e990d9792030bd01517e9f83d58582279ed189508286d72e65ba,2024-05,Durham Constabulary,Durham Constabulary,-1.563447,54.516578,On or near Penny Lane,E01012358,Darlington 014C,Public order,Investigation complete; no suspect identified,
daf4da72dd0ae3db32e04d25fea3163c4395724df97d6aba3554e7531d972240,2024-05,Durham Constabulary,Durham Constabulary,-1.561037,54.512265,On or near Lakeside,E01012358,Darlington 014C,Vehicle crime,Investigation complete; no suspect identified,
4178cb891c34143c74a4d9464718291d7c072a3d91341cfaa20729bbda70a862,2024-05,Durham Constabulary,Durham Constabulary,-1.558061,54.516082,On or near Park/Open Space,E01012358,Darlington 014C,Violence and sexual offences,Investigation complete; no suspect identified,
f844bd84c3d345866ca69ddaf4334123c6045427800a12d256e731b64158825d,2024-05,Durham Constabulary,Durham Constabulary,-1.561037,54.512265,On or near Lakeside,E01012358,Darlington 014C,Violence and sexual offences,Unable to prosecute suspect,
73438fdcfb659362958b877586fe8616a4be7e6c0abd1f6ac711908fa8e177a6,2024-05,Durham Constabulary,Durham Constabulary,-1.549591,54.515143,On or near Park Crescent,E01012358,Darlington 014C,Violence and sexual offences,Unable to prosecute suspect,
62cb996ca20f254d690ba4a7105a344f246888a49c60e0d0d715657c8fac51cb,2024-05,Durham Constabulary,Durham Constabulary,-1.558061,54.516082,On or near Park/Open Space,E01012358,Darlington 014C,Violence and sexual offences,Investigation complete; no suspect identified,
6fdbc377b20ced2dfe0c99789446d250242365151ed5928abcc14f490749b969,2024-05,Durham Constabulary,Durham Constabulary,-1.561037,54.512265,On or near Lakeside,E01012358,Darlington 014C,Violence and sexual offences,Unable to prosecute suspect,
,2024-05,Durham Constabulary,Durham Constabulary,-1.554521,54.509302,On or near Thames Way,E01012359,Darlington 014D,Anti-social behaviour,,
,2024-05,Durham Constabulary,Durham Constabulary,-1.554521,54.509302,On or near Thames Way,E01012359,Darlington 014D,Anti-social behaviour,,
bd194385152fbe8834331901274c15fcaace9899406d0e17be758446c1cfd1f6,2024-05,Durham Constabulary,Durham Constabulary,-1.551069,54.511356,On or near Ruskin Road,E01012359,Darlington 014D,Bicycle theft,Investigation complete; no suspect identified,
4ca17311f0377c29d69a3a08f248c6b68f575a09b63491dcbe48298174545db3,2024-05,Durham Constabulary,Durham Constabulary,-1.549231,54.509975,On or near Esk Road,E01012359,Darlington 014D,Criminal damage and arson,Unable to prosecute suspect,
89320f58e1e1a696dd2dbc820d35e563760aec7941bd90aa532491d795ae1043,2024-05,Durham Constabulary,Durham Constabulary,-1.553800,54.508814,On or near Arkle Crescent,E01012359,Darlington 014D,Criminal damage and arson,Investigation complete; no suspect identified,
85256e3aad1eb0b3f85633aa8fe89f7659efa18ee48bff67f47f15ecb7a2bd82,2024-05,Durham Constabulary,Durham Constabulary,-1.549231,54.509975,On or near Esk Road,E01012359,Darlington 014D,Drugs,Under investigation,
4b052070b571e55e3951fd45538d0379f7da48dc21cb5a0066470077ec657e21,2024-05,Durham Constabulary,Durham Constabulary,-1.549215,54.512796,On or near Chaucer Road,E01012359,Darlington 014D,Other theft,Investigation complete; no suspect identified,
84d19c73ecab80071b86370117d91b141893d4189430999a46ce8a8028fa4c97,2024-05,Durham Constabulary,Durham Constabulary,-1.551015,54.512102,On or near Wordsworth Road,E01012359,Darlington 014D,Other theft,Unable to prosecute suspect,
d3fa3e193f4f4c6ec13c4c8b7ac7f875700e04fd5f7b3207fc1b7563c6d37c6e,2024-05,Durham Constabulary,Durham Constabulary,-1.551067,54.510152,On or near Tees Drive,E01012359,Darlington 014D,Other theft,Unable to prosecute suspect,
bbc8ba53c5c518dbc29aa74b2e7aa1d8f502d46f679717a12fae37eb4f2eede4,2024-05,Durham Constabulary,Durham Constabulary,-1.554521,54.509302,On or near Thames Way,E01012359,Darlington 014D,Vehicle crime,Investigation complete; no suspect identified,
e3e309477d732b28e221863c83a490ca501a583bc7b0547b7ff82fa94ce9dbf6,2024-05,Durham Constabulary,Durham Constabulary,-1.554521,54.509302,On or near Thames Way,E01012359,Darlington 014D,Violence and sexual offences,Unable to prosecute suspect,
79302638e84112c21e97ac320c7baeeb5f91f9829dc6dd1d32e14f3f723269f1,2024-05,Durham Constabulary,Durham Constabulary,-1.549215,54.512796,On or near Chaucer Road,E01012359,Darlington 014D,Violence and sexual offences,Unable to prosecute suspect,
348fbce77ed85cb6764f40ab4458405678934814d0118a3ab5924b7ce7da65c8,2024-05,Durham Constabulary,Durham Constabulary,-1.554521,54.509302,On or near Thames Way,E01012359,Darlington 014D,Violence and sexual offences,Action to be taken by another organisation,
3abc419722a0343862ee5dc3fd9b89de5332ee2b8d7918040264e9d187df632b,2024-05,Durham Constabulary,Durham Constabulary,-1.549231,54.509975,On or near Esk Road,E01012359,Darlington 014D,Other crime,Action to be taken by another organisation,
ed8f042e63e060faf49154caf498b6d865a220a187db50bbbea90c30248e84e7,2024-05,Durham Constabulary,Durham Constabulary,-1.550922,54.510700,On or near Severn Way,E01012359,Darlington 014D,Other crime,Unable to prosecute suspect,
,2024-05,Durham Constabulary,Durham Constabulary,-1.521853,54.487016,On or near Strait Lane,E01012338,Darlington 015A,Anti-social behaviour,,
,2024-05,Durham Constabulary,Durham Constabulary,-1.523028,54.485564,On or near Church Row,E01012338,Darlington 015A,Anti-social behaviour,,
,2024-05,Durham Constabulary,Durham Constabulary,-1.552828,54.507337,On or near Foss Court,E01012338,Darlington 015A,Anti-social behaviour,,
,2024-05,Durham Constabulary,Durham Constabulary,-1.504631,54.485347,On or near Hurworth Road,E01012338,Darlington 015A,Anti-social behaviour,,
,2024-05,Durham Constabulary,Durham Constabulary,-1.553094,54.484295,On or near Tees View,E01012338,Darlington 015A,Anti-social behaviour,,
,2024-05,Durham Constabulary,Durham Constabulary,-1.550916,54.506997,On or near Calder Avenue,E01012338,Darlington 015A,Anti-social behaviour,,
8c0f4d44985c808f83595b6324ba21d63dba70d4e551f4dbc1e6b19f95ddb150,2024-05,Durham Constabulary,Durham Constabulary,-1.528530,54.487563,On or near Malvern Close,E01012338,Darlington 015A,Public order,Further action is not in the public interest,
7c0f52ac8c143e151624113e6c21c8c0f8e2fa24ad82f3a38bcd22780997e0a7,2024-05,Durham Constabulary,Durham Constabulary,-1.540400,54.505520,On or near Parking Area,E01012338,Darlington 015A,Vehicle crime,Awaiting court outcome,
0d451651c72b75f02b0291c1aacacdd000c142cfb47b2486604d6827df629aec,2024-05,Durham Constabulary,Durham Constabulary,-1.540400,54.505520,On or near Parking Area,E01012338,Darlington 015A,Vehicle crime,Awaiting court outcome,
322aae0f484fc464cbe99f16fc36b9fa1d859cbe0c5bc6b92d3a9ce9a00c5201,2024-05,Durham Constabulary,Durham Constabulary,-1.540400,54.505520,On or near Parking Area,E01012338,Darlington 015A,Vehicle crime,Awaiting court outcome,
c8922def53818999419b208385e9f599966f8cac0b289fc81704d5aa909d02e9,2024-05,Durham Constabulary,Durham Constabulary,-1.550916,54.506997,On or near Calder Avenue,E01012338,Darlington 015A,Violence and sexual offences,Under investigation,
7803788bee8f45d9241a43cda29dc02a681bb8a19e30f97da1b571e7b4d22b6e,2024-05,Durham Constabulary,Durham Constabulary,-1.504631,54.485347,On or near Hurworth Road,E01012338,Darlington 015A,Violence and sexual offences,Unable to prosecute suspect,
,2024-05,Durham Constabulary,Durham Constabulary,-1.544032,54.484441,On or near Hunters Close,E01012339,Darlington 015B,Anti-social behaviour,,
c6d2e7085abffbc5540933d9615ff53ab5dc739c84dddd42a69074f8bb2ddc4e,2024-05,Durham Constabulary,Durham Constabulary,-1.531027,54.486557,On or near Greenside Court,E01012339,Darlington 015B,Public order,Further investigation is not in the public interest,
7e1c79df3b4fc02ed24718e1fe8782b7b1a72dc83ff0e110c6ef55f8753415ce,2024-05,Durham Constabulary,Durham Constabulary,-1.544032,54.484441,On or near Hunters Close,E01012339,Darlington 015B,Public order,Investigation complete; no suspect identified,
63db52fc46cdc0cb267f35701e1be38b6ad3fa88ea0ea243f65791c7d8b6e915,2024-05,Durham Constabulary,Durham Constabulary,-1.530106,54.488836,On or near Westfield Drive,E01012339,Darlington 015B,Violence and sexual offences,Further investigation is not in the public interest,
8071ee88a80ddfe3115d985769b5ebf5de395d9f1dc2f7654f3025ed012d68a2,2024-05,Durham Constabulary,Durham Constabulary,-1.532570,54.488001,On or near Roundhill Close,E01012339,Darlington 015B,Violence and sexual offences,Investigation complete; no suspect identified,
81bfc83a0f1251e1d74de5800f851806174dae689092af95258f54a66d6d965c,2024-05,Durham Constabulary,Durham Constabulary,-1.547684,54.485048,On or near Manor Road,E01012339,Darlington 015B,Violence and sexual offences,Under investigation,
e97184250b0bd465f16735e3303b4c46e42a2e63d8b447ecc14c86be579d8750,2024-05,Durham Constabulary,Durham Constabulary,-1.551776,54.483508,On or near Baxby Terrace,E01012339,Darlington 015B,Violence and sexual offences,Action to be taken by another organisation,
3d227f90784e5eaefae6f799a5c60d1b9f64cefb1768d3a975c71102f70f8781,2024-05,Durham Constabulary,Durham Constabulary,-1.531027,54.486557,On or near Greenside Court,E01012339,Darlington 015B,Violence and sexual offences,Action to be taken by another organisation,
0d353975da6cb3f10a392218a2d13c3b26bd1abf9f919393b7b7405dd7f0e48b,2024-05,Durham Constabulary,Durham Constabulary,-1.532570,54.488001,On or near Roundhill Close,E01012339,Darlington 015B,Violence and sexual offences,Unable to prosecute suspect,
172cb9a3d3fe2785cea252ad688867277ef666f820bf3dabce2ee9e8608d9d64,2024-05,Durham Constabulary,Durham Constabulary,-1.538881,54.484080,On or near Elmfield Road,E01012339,Darlington 015B,Violence and sexual offences,Unable to prosecute suspect,
,2024-05,Durham Constabulary,Durham Constabulary,-1.463387,54.516023,On or near Elm Gardens,E01012344,Darlington 015C,Anti-social behaviour,,
cce3b1aa2c696a61d4865100c0c580ccd8a8033553a8d9cd0162a4b2087bc370,2024-05,Durham Constabulary,Durham Constabulary,-1.465276,54.512149,On or near Pinetree Grove,E01012344,Darlington 015C,Public order,Unable to prosecute suspect,
87743e28e12c99f58671139014f830bd419c73773d27a27c670d8474d898d693,2024-05,Durham Constabulary,Durham Constabulary,-1.467571,54.515044,On or near Dinsdale,E01012344,Darlington 015C,Violence and sexual offences,Unable to prosecute suspect,
c480fcf9bc2d6a34f18a8cc5b173ccea17d886e09567c1e08b1903cf118cd12e,2024-05,Durham Constabulary,Durham Constabulary,-1.467777,54.517437,On or near Sports/Recreation Area,E01012344,Darlington 015C,Violence and sexual offences,Investigation complete; no suspect identified,
54314d277a71a8196d13e36bb70c9f21880b294172637d3e39d3dc6b8dbf185a,2024-05,Durham Constabulary,Durham Constabulary,-1.471590,54.512357,On or near Pounteys Close,E01012344,Darlington 015C,Violence and sexual offences,Under investigation,
97c23fc235e38bc367dd29e544fa6ff28c1c494c56ba1bc7477a977a57f18c65,2024-05,Durham Constabulary,Durham Constabulary,-1.470473,54.511579,On or near Hermitage Grove,E01012344,Darlington 015C,Violence and sexual offences,Unable to prosecute suspect,
4ec728c218c054e95041eb54851bf471416124a5756378a300fb64514fa3b3c9,2024-05,Durham Constabulary,Durham Constabulary,-1.471590,54.512357,On or near Pounteys Close,E01012344,Darlington 015C,Violence and sexual offences,Unable to prosecute suspect,
aff491ff794b4d93acba072cd70399cb22ce5cdc303d32d0214d0920b0e81a08,2024-05,Durham Constabulary,Durham Constabulary,-1.467777,54.517437,On or near Sports/Recreation Area,E01012344,Darlington 015C,Violence and sexual offences,Investigation complete; no suspect identified,
8d9a273bc000827f8f9d0c6527b106a9c9ec293846ed1d5ae6e09cdee9275364,2024-05,Durham Constabulary,Durham Constabulary,-1.468622,54.505433,On or near Church Close,E01012345,Darlington 015D,Burglary,Under investigation,
5d7d2403f74a8cf0114ce3c5c9a95ce0222adc23ae79795e78c2a07b35f9a942,2024-05,Durham Constabulary,Durham Constabulary,-1.448429,54.516432,On or near Alexandria Drive,E01012345,Darlington 015D,Public order,Awaiting court outcome,
3e1a2fae5dccb5998296195b490194289b11c6d6e49c66cbc7399cff7bbcf22d,2024-05,Durham Constabulary,Durham Constabulary,-1.453356,54.501455,On or near The Front,E01012345,Darlington 015D,Vehicle crime,Investigation complete; no suspect identified,
b5721bd75d17b5edba14da31e39cd7502329ffef5b7d6b6a488a6885d19f3cae,2024-05,Durham Constabulary,Durham Constabulary,-1.433158,54.517108,On or near Hospital,E01012345,Darlington 015D,Violence and sexual offences,Unable to prosecute suspect,
6221d0835b989994364d94e8027a57d0a83c56255d380d59461c2aafe0522620,2024-05,Durham Constabulary,Durham Constabulary,-1.448429,54.516432,On or near Alexandria Drive,E01012345,Darlington 015D,Violence and sexual offences,Unable to prosecute suspect,
f7a1bf034fe0214e49a30a12e0ae4e4d23350b618f3cf4e0993f636b28826f30,2024-05,Durham Constabulary,Durham Constabulary,-1.433158,54.517108,On or near Hospital,E01012345,Darlington 015D,Violence and sexual offences,Under investigation,
297aa2475986213e57ff13824ed65fd17a22697c1d8dd90b27e32434d236597b,2024-05,Durham Constabulary,Durham Constabulary,-1.448429,54.516432,On or near Alexandria Drive,E01012345,Darlington 015D,Violence and sexual offences,Unable to prosecute suspect,
3761f776cb60011fe2d615e215d7622d8c316c7483f41f04b751c779dfd160b6,2024-05,Durham Constabulary,Durham Constabulary,-1.433158,54.517108,On or near Hospital,E01012345,Darlington 015D,Violence and sexual offences,Under investigation,
,2024-05,Durham Constabulary,Durham Constabulary,-1.469133,54.520830,On or near Page Drive,E01012346,Darlington 015E,Anti-social behaviour,,
,2024-05,Durham Constabulary,Durham Constabulary,-1.476196,54.523053,On or near St George'S Gate,E01012346,Darlington 015E,Anti-social behaviour,,
,2024-05,Durham Constabulary,Durham Constabulary,-1.469797,54.516069,On or near Grendon Gardens,E01012346,Darlington 015E,Anti-social behaviour,,
f51c735b15b39fe462ba959d6a364565a97e81059065f213ce910fb67681c91e,2024-05,Durham Constabulary,Durham Constabulary,-1.471885,54.513454,On or near Thorntree Gardens,E01012346,Darlington 015E,Burglary,Investigation complete; no suspect identified,
80d4ebbf9f888dd803338a5f2186ff1fc4406135d9db1d937fe829d67d42369b,2024-05,Durham Constabulary,Durham Constabulary,-1.470767,54.518716,On or near Station Road,E01012346,Darlington 015E,Public order,Further investigation is not in the public interest,
fc7188d5494d9b35d866f303de086273d310f6dd5f92405c8189cf5921d98d96,2024-05,Durham Constabulary,Durham Constabulary,-1.470767,54.518716,On or near Station Road,E01012346,Darlington 015E,Public order,Unable to prosecute suspect,
c44c3f0f44447abcff15c73159365c47232581472e34b4e250d4d02969e03e48,2024-05,Durham Constabulary,Durham Constabulary,-1.469797,54.516069,On or near Grendon Gardens,E01012346,Darlington 015E,Vehicle crime,Investigation complete; no suspect identified,
44541a14bcccf49329c3c7b724ccb8aab7942a7c4e19bf100b5c866bb0497cb5,2024-05,Durham Constabulary,Durham Constabulary,-1.471885,54.513454,On or near Thorntree Gardens,E01012346,Darlington 015E,Violence and sexual offences,Under investigation,
d8bf4ba51c848b1b46dc0d055511ce3e735d72b6ddc9cf59e5844ff450651864,2024-05,Durham Constabulary,Durham Constabulary,-1.462965,54.516390,On or near The Beeches,E01012346,Darlington 015E,Violence and sexual offences,Local resolution,
,2024-05,Durham Constabulary,Durham Constabulary,-1.562601,54.536499,On or near Coronation Street,E01012362,Darlington 016A,Anti-social behaviour,,
,2024-05,Durham Constabulary,Durham Constabulary,-1.557175,54.536632,On or near Otley Terrace,E01012362,Darlington 016A,Anti-social behaviour,,
,2024-05,Durham Constabulary,Durham Constabulary,-1.561743,54.535813,On or near Fairfield Street,E01012362,Darlington 016A,Anti-social behaviour,,
,2024-05,Durham Constabulary,Durham Constabulary,-1.561743,54.535813,On or near Fairfield Street,E01012362,Darlington 016A,Anti-social behaviour,,
304f0f5523c16ebaaa18d13a9483a81671721d32c50983a5dac45ee0564feadd,2024-05,Durham Constabulary,Durham Constabulary,-1.556279,54.535128,On or near Hopetown Lane,E01012362,Darlington 016A,Bicycle theft,Investigation complete; no suspect identified,
5fff6467e0e81bd3887fb0aa3dc60b024963b50b8f7eeb033cf8a4745681a91f,2024-05,Durham Constabulary,Durham Constabulary,-1.562601,54.536499,On or near Coronation Street,E01012362,Darlington 016A,Criminal damage and arson,Unable to prosecute suspect,
fa366f5c158bae5a68b498567ed2b8e32e5751d62f64ece1633e3b60fa715e80,2024-05,Durham Constabulary,Durham Constabulary,-1.561694,54.536020,On or near Stewart Street,E01012362,Darlington 016A,Criminal damage and arson,Investigation complete; no suspect identified,
f47ca6f882ba38869f5b4b4196b1045c6773ea8240c0f152b1642277913b0040,2024-05,Durham Constabulary,Durham Constabulary,-1.562601,54.536499,On or near Coronation Street,E01012362,Darlington 016A,Drugs,Offender given a caution,
eac7e68288641f96022cd1af2493ec3741b58481bdd11df955e668c545184128,2024-05,Durham Constabulary,Durham Constabulary,-1.561743,54.535813,On or near Fairfield Street,E01012362,Darlington 016A,Public order,Unable to prosecute suspect,
dd4884ef789d52ee715b3c5afc568a5a0eaaf436621d755050317821be4e0cfd,2024-05,Durham Constabulary,Durham Constabulary,-1.557851,54.536985,On or near Alliance Street,E01012362,Darlington 016A,Vehicle crime,Awaiting court outcome,
d8ea44e521baacf087e093997dcbd79f88a54eea4f596c44e17cef8d2fb7c219,2024-05,Durham Constabulary,Durham Constabulary,-1.557851,54.536985,On or near Alliance Street,E01012362,Darlington 016A,Vehicle crime,Awaiting court outcome,
38cb12f075d8ecf552aa24c01902d0808b6da8791d3e531f725b58d5c0aebd7a,2024-05,Durham Constabulary,Durham Constabulary,-1.558075,54.534847,On or near Brook Terrace,E01012362,Darlington 016A,Violence and sexual offences,Unable to prosecute suspect,
7b02bc496ad6d681506d1a4353c0184ac19b3a202d3cc72b0eb7cbf6aa76f4d2,2024-05,Durham Constabulary,Durham Constabulary,-1.558075,54.534847,On or near Brook Terrace,E01012362,Darlington 016A,Violence and sexual offences,Awaiting court outcome,
387819896ce1e7e92ac637b25725892f72a85ea598549f85ae7f5619c85fe0b5,2024-05,Durham Constabulary,Durham Constabulary,-1.561065,54.535640,On or near Chandos Street,E01012362,Darlington 016A,Violence and sexual offences,Awaiting court outcome,
5d52ede5ff8a527a129229a94466d65a47e1b58d97f46d8a631f11d73e527240,2024-05,Durham Constabulary,Durham Constabulary,-1.560449,54.535404,On or near Wilson Street,E01012362,Darlington 016A,Violence and sexual offences,Under investigation,
38a44f5e383dc2f451ca4cf73cb09ec5dc46e8c6a6bfcf73b8bbf117730ed599,2024-05,Durham Constabulary,Durham Constabulary,-1.561743,54.535813,On or near Fairfield Street,E01012362,Darlington 016A,Violence and sexual offences,Unable to prosecute suspect,
31dc9ecc417189bba2f435893145dde11466da4eef8c0810d4064b65fb80d116,2024-05,Durham Constabulary,Durham Constabulary,-1.559719,54.535716,On or near Barron Street,E01012362,Darlington 016A,Violence and sexual offences,Unable to prosecute suspect,
c975de643b633d600b4ed3455114e3f060e215e16d3dab02bdf68e9e343434ae,2024-05,Durham Constabulary,Durham Constabulary,-1.561743,54.535813,On or near Fairfield Street,E01012362,Darlington 016A,Violence and sexual offences,Unable to prosecute suspect,
b2fab80c65c752360892d22579a1fe60a88f2e33efaa9eb96d900345ec49d9df,2024-05,Durham Constabulary,Durham Constabulary,-1.561743,54.535813,On or near Fairfield Street,E01012362,Darlington 016A,Violence and sexual offences,Action to be taken by another organisation,
40b1c1937938dacde941e3f5bafa699a9b9d8b305864395737f0dfe4e5d65463,2024-05,Durham Constabulary,Durham Constabulary,-1.563573,54.535200,On or near Willow Road East,E01012363,Darlington 016B,Criminal damage and arson,Investigation complete; no suspect identified,
f153ccd0b85663a009bdd83373f15d8d379f89271ffd1ae2e1dc0a21addbebd8,2024-05,Durham Constabulary,Durham Constabulary,-1.563573,54.535200,On or near Willow Road East,E01012363,Darlington 016B,Violence and sexual offences,Offender given a caution,
022c8076b1d67535a431654cdc13862a61a80f99dc4e60d0b84bd0c43121c663,2024-05,Durham Constabulary,Durham Constabulary,-1.569297,54.536065,On or near Coniston Street,E01012363,Darlington 016B,Violence and sexual offences,Unable to prosecute suspect,
3241cae525f2c3986fc11c1f463279a5bd08860ccd051676405b93af321cc21d,2024-05,Durham Constabulary,Durham Constabulary,-1.566977,54.536290,On or near Hazel Avenue,E01012363,Darlington 016B,Violence and sexual offences,Offender given a caution,
,2024-05,Durham Constabulary,Durham Constabulary,-1.572179,54.532426,On or near Bracken Road,E01012365,Darlington 016C,Anti-social behaviour,,
fa3df5654c22257573a4c450b260e2d6d838dfcc3258fc8a632ba788494d5f1b,2024-05,Durham Constabulary,Durham Constabulary,-1.572412,54.535240,On or near Courtlands Road,E01012365,Darlington 016C,Criminal damage and arson,Unable to prosecute suspect,
83deebcf73180eb6985eeb630d446beefa396d3fd29db554a96648540b6ca620,2024-05,Durham Constabulary,Durham Constabulary,-1.567258,54.531591,On or near Witbank Road,E01012364,Darlington 016D,Criminal damage and arson,Investigation complete; no suspect identified,
ddb3869037ec53efd702f27cd243a622e612fb80be4abbf7bc9bfbb92bbaf32c,2024-05,Durham Constabulary,Durham Constabulary,-1.567726,54.534100,On or near Harding Terrace,E01012364,Darlington 016D,Criminal damage and arson,Investigation complete; no suspect identified,
0710d2256c22dea34826c1ad98429625a6540b70718db70ea0c360d2aee54d2e,2024-05,Durham Constabulary,Durham Constabulary,-1.564941,54.534477,On or near Newfoundland Street,E01012364,Darlington 016D,Criminal damage and arson,Offender given a caution,
92fdea82efb8303f754577059e3781761bd807a8c3298c5520aa8bd88fa8c9cc,2024-05,Durham Constabulary,Durham Constabulary,-1.568420,54.529843,On or near Woodland Road,E01012364,Darlington 016D,Criminal damage and arson,Unable to prosecute suspect,
bf71040f33bd26d09db5a08841473021274a39b15bd4832cebabf3b41a6f3e9a,2024-05,Durham Constabulary,Durham Constabulary,-1.568420,54.529843,On or near Woodland Road,E01012364,Darlington 016D,Vehicle crime,Awaiting court outcome,
80f4e037a6a3593567e30ad0f4dccaf0c4eddedd30480008cbd3e83eaa49c588,2024-05,Durham Constabulary,Durham Constabulary,-1.566340,54.533655,On or near Vancouver Street,E01012364,Darlington 016D,Vehicle crime,Investigation complete; no suspect identified,
e4d9b9648db14720fa001001e090a9cc1db3366ee901ca3e7ee119e0b9d8121a,2024-05,Durham Constabulary,Durham Constabulary,-1.567896,54.531180,On or near Oakhurst Road,E01012364,Darlington 016D,Violence and sexual offences,Unable to prosecute suspect,
51ec7154a2fd1e2d0c2a5b42651339a18e074ff12a50c2d51cc6220576a73a16,2024-05,Durham Constabulary,Durham Constabulary,-1.565954,54.533653,On or near Craig Street,E01012364,Darlington 016D,Violence and sexual offences,Unable to prosecute suspect,
,2024-05,Durham Constabulary,Durham Constabulary,-1.560876,54.531658,On or near Salisbury Terrace,E01012353,Darlington 016E,Anti-social behaviour,,
,2024-05,Durham Constabulary,Durham Constabulary,-1.560876,54.531658,On or near Salisbury Terrace,E01012353,Darlington 016E,Anti-social behaviour,,
7fb69be4ba507e1def82c271667a3c07f967d81b03141a0113fdde61cfe89482,2024-05,Durham Constabulary,Durham Constabulary,-1.561634,54.533018,On or near Beaconsfield Street,E01012353,Darlington 016E,Burglary,Investigation complete; no suspect identified,
a58c71762390e5aee066b4ed743b32a161ebbdced8da93c0dfc7d0da62c74d6a,2024-05,Durham Constabulary,Durham Constabulary,-1.559449,54.532147,On or near Marshall Street,E01012353,Darlington 016E,Criminal damage and arson,Investigation complete; no suspect identified,
ab4fb257efcd4d9ac89e4f1d4e2858d91793507cb1f3927be131f895da7e2c42,2024-05,Durham Constabulary,Durham Constabulary,-1.558781,54.533915,On or near Widdowfield Street,E01012353,Darlington 016E,Drugs,Further investigation is not in the public interest,
d0bec6816aabe785d5073dd3cb669fab5112d2cf98b48017aac052459254770c,2024-05,Durham Constabulary,Durham Constabulary,-1.561634,54.533018,On or near Beaconsfield Street,E01012353,Darlington 016E,Drugs,Awaiting court outcome,
544c9865c9622b42812adff007718d27b588d93b4a260cb48fb25be4f2d7b4ec,2024-05,Durham Constabulary,Durham Constabulary,-1.561634,54.533018,On or near Beaconsfield Street,E01012353,Darlington 016E,Other theft,Investigation complete; no suspect identified,
dabd22a525d49134318c156c730c708c4c344c50d330f6c251fc974704aee302,2024-05,Durham Constabulary,Durham Constabulary,-1.558781,54.533915,On or near Widdowfield Street,E01012353,Darlington 016E,Other theft,Further investigation is not in the public interest,
661f231d2be16fe9ddcb626a58b9d4fdb69a35e5ea1b3ce0e6ba7a8bf04db419,2024-05,Durham Constabulary,Durham Constabulary,-1.560175,54.532150,On or near Barningham Street,E01012353,Darlington 016E,Public order,Unable to prosecute suspect,
238a26bd8722b1e7f1e35e3943a70c13a0578041dabd832ceddd2f31e353f3a1,2024-05,Durham Constabulary,Durham Constabulary,-1.561634,54.533018,On or near Beaconsfield Street,E01012353,Darlington 016E,Public order,Unable to prosecute suspect,
ba26570a1ac00fed67692dbe285145821f6534981b9c44673e65456604cc4ac7,2024-05,Durham Constabulary,Durham Constabulary,-1.560175,54.532150,On or near Barningham Street,E01012353,Darlington 016E,Shoplifting,Investigation complete; no suspect identified,
38dd73258afeadc5dbc8039c399997011511839a6e255da1bf52b92571d1db69,2024-05,Durham Constabulary,Durham Constabulary,-1.560175,54.532150,On or near Barningham Street,E01012353,Darlington 016E,Shoplifting,Investigation complete; no suspect identified,
36534ceef7d5a1ad47463aba3d9b7a6b39158bedeb7510bb1f32430cc1430b5a,2024-05,Durham Constabulary,Durham Constabulary,-1.560175,54.532150,On or near Barningham Street,E01012353,Darlington 016E,Shoplifting,Awaiting court outcome,
e65ffac6257890869a79095922fe3fa5776424bfd3ef829ae5467e4bdc58e6ff,2024-05,Durham Constabulary,Durham Constabulary,-1.560175,54.532150,On or near Barningham Street,E01012353,Darlington 016E,Shoplifting,Awaiting court outcome,
69b44d00571df98a0d40904ac215aba4d2b14e5c2d6376a52c255d9de291aa87,2024-05,Durham Constabulary,Durham Constabulary,-1.560175,54.532150,On or near Barningham Street,E01012353,Darlington 016E,Shoplifting,Further investigation is not in the public interest,
f1cf579bdd2a58a4d1744335e293f262c5225c6383e94f994687a9308625eff3,2024-05,Durham Constabulary,Durham Constabulary,-1.560175,54.532150,On or near Barningham Street,E01012353,Darlington 016E,Shoplifting,Investigation complete; no suspect identified,
6d3e33bc07f86d905283192a9341a1b7cee3696c891b7fbc57cb596094d6302d,2024-05,Durham Constabulary,Durham Constabulary,-1.560175,54.532150,On or near Barningham Street,E01012353,Darlington 016E,Shoplifting,Investigation complete; no suspect identified,
37b72fb8eb893e55416ebc219518f31ccff2e8949c3ac4fd0c48b3b36f4ae76a,2024-05,Durham Constabulary,Durham Constabulary,-1.560175,54.532150,On or near Barningham Street,E01012353,Darlington 016E,Shoplifting,Further investigation is not in the public interest,
aa8fdf55aca205a2f77673dfa5e1dd9bb6a796443ec3296c2abf9fbb83ac7de1,2024-05,Durham Constabulary,Durham Constabulary,-1.558781,54.533915,On or near Widdowfield Street,E01012353,Darlington 016E,Vehicle crime,Investigation complete; no suspect identified,
f17d01af97b63842d84f81c11fa6259f2a97d3c2cccabd359de519994076ec31,2024-05,Durham Constabulary,Durham Constabulary,-1.558070,54.533904,On or near Bartlett Street,E01012353,Darlington 016E,Vehicle crime,Investigation complete; no suspect identified,
283e9a2189d772d72dff4fc3ccb60bc57410c3cec4238ebfbc684af04bc10090,2024-05,Durham Constabulary,Durham Constabulary,-1.559117,54.531337,On or near Kingston Street,E01012353,Darlington 016E,Vehicle crime,Investigation complete; no suspect identified,
6cb3ac9088573c00b46e9c29d45fae8156e3851af20ebd4a4cdf40dd6dc334cf,2024-05,Durham Constabulary,Durham Constabulary,-1.558738,54.532154,On or near Kitchener Street,E01012353,Darlington 016E,Violence and sexual offences,Unable to prosecute suspect,
3a6b55b82274f72cb602062473a467187990ab839a6646fa03caff98810c7407,2024-05,Durham Constabulary,Durham Constabulary,-1.561634,54.533018,On or near Beaconsfield Street,E01012353,Darlington 016E,Violence and sexual offences,Local resolution,
c2ff4ed8235af40aca5e714db4bb09e8b16e54c5a1df3e35b9fc0e25430259fb,2024-05,Durham Constabulary,Durham Constabulary,-1.558738,54.532154,On or near Kitchener Street,E01012353,Darlington 016E,Violence and sexual offences,Unable to prosecute suspect,
e433df4b3b2f73395e584cf2538b9640f0e773014729e69c2282989660e8971b,2024-05,Durham Constabulary,Durham Constabulary,-1.558781,54.533915,On or near Widdowfield Street,E01012353,Darlington 016E,Violence and sexual offences,Unable to prosecute suspect,
436d0c3cca691c6951a4ff54a6eba02db886bc70e21973911713a01079a292ea,2024-05,Durham Constabulary,Durham Constabulary,-1.561634,54.533018,On or near Beaconsfield Street,E01012353,Darlington 016E,Violence and sexual offences,Under investigation,
7a9541596e3bacd4ee2190d9533b47242dfd457213334a75ab1f4eba70645547,2024-05,Durham Constabulary,Durham Constabulary,-1.561634,54.533018,On or near Beaconsfield Street,E01012353,Darlington 016E,Violence and sexual offences,Unable to prosecute suspect,
f26b651ded88602c9282ae63f903b23cbcd87c52463497ce798049247313e253,2024-05,Durham Constabulary,Durham Constabulary,-1.559462,54.530943,On or near Oaklands Terrace,E01012353,Darlington 016E,Violence and sexual offences,Under investigation,
,2024-05,Durham Constabulary,Durham Constabulary,-1.554013,54.531831,On or near Mowden Street,E01012354,Darlington 016F,Anti-social behaviour,,
,2024-05,Durham Constabulary,Durham Constabulary,-1.554242,54.532065,On or near Mowden Terrace,E01012354,Darlington 016F,Anti-social behaviour,,
,2024-05,Durham Constabulary,Durham Constabulary,-1.556356,54.529467,On or near North Lodge Terrace,E01012354,Darlington 016F,Anti-social behaviour,,
,2024-05,Durham Constabulary,Durham Constabulary,-1.555748,54.528557,On or near Kendrew Street,E01012354,Darlington 016F,Anti-social behaviour,,
,2024-05,Durham Constabulary,Durham Constabulary,-1.554013,54.531831,On or near Mowden Street,E01012354,Darlington 016F,Anti-social behaviour,,
,2024-05,Durham Constabulary,Durham Constabulary,-1.554013,54.531831,On or near Mowden Street,E01012354,Darlington 016F,Anti-social behaviour,,
,2024-05,Durham Constabulary,Durham Constabulary,-1.556934,54.531778,On or near Corporation Road,E01012354,Darlington 016F,Anti-social behaviour,,
c24f54f7cb324d699145049220c0fcc881d3d2777e83ed846d1c5664cb9eab0e,2024-05,Durham Constabulary,Durham Constabulary,-1.552385,54.532256,On or near Lambton Street,E01012354,Darlington 016F,Burglary,Awaiting court outcome,
c98e900ef33476113ee16bc479ef9a006bd2e72a9b51fd004b9a5a23e8dd5f91,2024-05,Durham Constabulary,Durham Constabulary,-1.552385,54.532256,On or near Lambton Street,E01012354,Darlington 016F,Burglary,Awaiting court outcome,
38bb13ac4c7db4631713e6fb051f49e15bc371f998a58b5b192f4e28c92aa739,2024-05,Durham Constabulary,Durham Constabulary,-1.557247,54.528553,On or near Grace Court,E01012354,Darlington 016F,Criminal damage and arson,Unable to prosecute suspect,
8805d3d76d43de940495d566e0179e7af89f329a563e0fefb690098f614e5036,2024-05,Durham Constabulary,Durham Constabulary,-1.554389,54.531347,On or near Elmfield Street,E01012354,Darlington 016F,Criminal damage and arson,Investigation complete; no suspect identified,
e2f0b9a6b157910ce56fe84706f37f0415e650605471cdddd7bfb42b9491f4e0,2024-05,Durham Constabulary,Durham Constabulary,-1.557247,54.528553,On or near Grace Court,E01012354,Darlington 016F,Other theft,Investigation complete; no suspect identified,
d2c8cb9658b343b77536a0aebe27f30ebea28120f6674661ac3f1eab1c4f441a,2024-05,Durham Constabulary,Durham Constabulary,-1.553612,54.533114,On or near Marburn Place,E01012354,Darlington 016F,Other theft,Investigation complete; no suspect identified,
d2f5bcd6a261ec2718b768a2c18203450a32121d39fedf15bec588d784ded884,2024-05,Durham Constabulary,Durham Constabulary,-1.556934,54.531778,On or near Corporation Road,E01012354,Darlington 016F,Other theft,Unable to prosecute suspect,
bbed64aca4918590430569cd69a204cc6595eda1704446c0b2815eb49c967337,2024-05,Durham Constabulary,Durham Constabulary,-1.552992,54.533328,On or near High Northgate,E01012354,Darlington 016F,Possession of weapons,Awaiting court outcome,
c80d887370786560c999a2e56b15179e13ad3b2f8689b59d89fa21fe78557876,2024-05,Durham Constabulary,Durham Constabulary,-1.557999,54.530443,On or near Easson Road,E01012354,Darlington 016F,Possession of weapons,Further investigation is not in the public interest,
b4fb4c8962f92e39698f3b05786f5c3c25fe0d692d3b6fd31073563e8c52767a,2024-05,Durham Constabulary,Durham Constabulary,-1.556002,54.532197,On or near Wilkes Street,E01012354,Darlington 016F,Public order,Investigation complete; no suspect identified,
56dca09d7f37687c9727bfb9a73b9dcdf16d9b5a0acf906935b6b6f1cc4b7955,2024-05,Durham Constabulary,Durham Constabulary,-1.553612,54.533114,On or near Marburn Place,E01012354,Darlington 016F,Shoplifting,Unable to prosecute suspect,
383f24380f1ec040e1248d6b62f4c4f98d5e7e98ac9ca027732e612cbd67fdce,2024-05,Durham Constabulary,Durham Constabulary,-1.553612,54.533114,On or near Marburn Place,E01012354,Darlington 016F,Shoplifting,Unable to prosecute suspect,
c9596c91dc2bc5651a368ade367ee83365fbc35c8afb356007f03f977095f622,2024-05,Durham Constabulary,Durham Constabulary,-1.553612,54.533114,On or near Marburn Place,E01012354,Darlington 016F,Shoplifting,Investigation complete; no suspect identified,
202d678f9b1ce7c631a0b3d2e859596b40606030e21088aa3314a4e884aa4ae3,2024-05,Durham Constabulary,Durham Constabulary,-1.557999,54.530443,On or near Easson Road,E01012354,Darlington 016F,Vehicle crime,Investigation complete; no suspect identified,
8f50a310695151381f780b9b9bd89074a797a543acf0f0ca25b1b90aeab9cce7,2024-05,Durham Constabulary,Durham Constabulary,-1.557247,54.528553,On or near Grace Court,E01012354,Darlington 016F,Violence and sexual offences,Unable to prosecute suspect,
90c21678ca8db42479badba945cdc195444bad1bf2c3ab83cc2dd3dd1cee1b91,2024-05,Durham Constabulary,Durham Constabulary,-1.557341,54.532715,On or near Mildred Street,E01012354,Darlington 016F,Violence and sexual offences,Unable to prosecute suspect,
9fd8488b9fe98d86a40423e6b02f7340cc4538db3c340b51217b060747d4e6c5,2024-05,Durham Constabulary,Durham Constabulary,-1.554389,54.531347,On or near Elmfield Street,E01012354,Darlington 016F,Violence and sexual offences,Unable to prosecute suspect,
70a05fde475135b595853302ff74799aaec1a26ffd9478de58f0ea9baae6cdec,2024-05,Durham Constabulary,Durham Constabulary,-1.554389,54.531347,On or near Elmfield Street,E01012354,Darlington 016F,Violence and sexual offences,Unable to prosecute suspect,
81b8ad878af54b24bf23a676db64e952efc26bc55741de200e5e08aaa7d968ba,2024-05,Durham Constabulary,Durham Constabulary,-1.553779,54.534804,On or near Mcnay Street,E01012354,Darlington 016F,Violence and sexual offences,Unable to prosecute suspect,
2c9b81c2efeee86999eac836bf924804a571c542d817565e299a7b7c18679dda,2024-05,Durham Constabulary,Durham Constabulary,-1.556393,54.528892,On or near Gladstone Street,E01012354,Darlington 016F,Violence and sexual offences,Investigation complete; no suspect identified,
df20a689f68a7dbb12234e91cf234d80bf460def180938466fb04b51e9263ecc,2024-05,Durham Constabulary,Durham Constabulary,-1.556393,54.528892,On or near Gladstone Street,E01012354,Darlington 016F,Violence and sexual offences,Unable to prosecute suspect,
,2024-05,Durham Constabulary,Durham Constabulary,-1.565721,54.532287,On or near Hollyhurst Road,E01012355,Darlington 016G,Anti-social behaviour,,
,2024-05,Durham Constabulary,Durham Constabulary,-1.565721,54.532287,On or near Hollyhurst Road,E01012355,Darlington 016G,Anti-social behaviour,,
,2024-05,Durham Constabulary,Durham Constabulary,-1.565721,54.532287,On or near Hollyhurst Road,E01012355,Darlington 016G,Anti-social behaviour,,
,2024-05,Durham Constabulary,Durham Constabulary,-1.565721,54.532287,On or near Hollyhurst Road,E01012355,Darlington 016G,Anti-social behaviour,,
,2024-05,Durham Constabulary,Durham Constabulary,-1.560305,54.528645,On or near Mercia Court,E01012355,Darlington 016G,Anti-social behaviour,,
,2024-05,Durham Constabulary,Durham Constabulary,-1.559292,54.529459,On or near Selbourne Terrace,E01012355,Darlington 016G,Anti-social behaviour,,
,2024-05,Durham Constabulary,Durham Constabulary,-1.561557,54.531508,On or near Warren Street,E01012355,Darlington 016G,Anti-social behaviour,,
,2024-05,Durham Constabulary,Durham Constabulary,-1.558506,54.529295,On or near Lowe Street,E01012355,Darlington 016G,Anti-social behaviour,,
2f7d15b9d4347a60a319bbcfa480e49b512d8e06c90432df4ec21071d170162b,2024-05,Durham Constabulary,Durham Constabulary,-1.565721,54.532287,On or near Hollyhurst Road,E01012355,Darlington 016G,Bicycle theft,Investigation complete; no suspect identified,
eb7f4b391c9d84438e4d11bdd1a1c055857458768777fd48e987e006990db9ec,2024-05,Durham Constabulary,Durham Constabulary,-1.558506,54.529295,On or near Lowe Street,E01012355,Darlington 016G,Burglary,Awaiting court outcome,
ffda057de07b102f203f7ba4f48ff9e8674a6a24f88c1896c83c840e3fd58272,2024-05,Durham Constabulary,Durham Constabulary,-1.558175,54.528485,On or near Sun Street,E01012355,Darlington 016G,Burglary,Awaiting court outcome,
c833b5fc06df5ec32cbf48185416b846669f2245c8fcb663259931d22d4a6690,2024-05,Durham Constabulary,Durham Constabulary,-1.562972,54.529257,On or near Elms Road,E01012355,Darlington 016G,Criminal damage and arson,Investigation complete; no suspect identified,
008d5826702ad4d5f5f1f1f48e9165ff3ee95f2c4f199a478960ff62f9ab8397,2024-05,Durham Constabulary,Durham Constabulary,-1.562972,54.529257,On or near Elms Road,E01012355,Darlington 016G,Criminal damage and arson,Investigation complete; no suspect identified,
0461a5ee735a2c2dbaf231f88718c7b368f971294b9f288f9d406aa7e9f6f1c8,2024-05,Durham Constabulary,Durham Constabulary,-1.564926,54.530091,On or near Hospital,E01012355,Darlington 016G,Criminal damage and arson,Unable to prosecute suspect,
9a788862d005faab92e36237fc359ef09f6cc4dd46501d2df8c69d1e99c74840,2024-05,Durham Constabulary,Durham Constabulary,-1.559522,54.529631,On or near Forster Street,E01012355,Darlington 016G,Other theft,Investigation complete; no suspect identified,
5407d15c4949fd6892e4b51bc86214e96194da9323439d10ac578419e33a7d2c,2024-05,Durham Constabulary,Durham Constabulary,-1.563733,54.530374,On or near Hospital,E01012355,Darlington 016G,Public order,Unable to prosecute suspect,
89b982f3c80e63c97e00eaac7dea05a26b68991c599c0cb78925c66d710824a1,2024-05,Durham Constabulary,Durham Constabulary,-1.560621,54.528053,On or near Maude Street,E01012355,Darlington 016G,Public order,Unable to prosecute suspect,
bd5fdaefc8efaa1dbe15ed89b04e59a0ed686d48a9bcb5153cafd704edeffd99,2024-05,Durham Constabulary,Durham Constabulary,-1.565721,54.532287,On or near Hollyhurst Road,E01012355,Darlington 016G,Public order,Unable to prosecute suspect,
adbc8038b0062702298a0942e4d2b99587f2526e5732c35a62cd89b93d760bf8,2024-05,Durham Constabulary,Durham Constabulary,-1.560305,54.528645,On or near Mercia Court,E01012355,Darlington 016G,Robbery,Unable to prosecute suspect,
2e94ef18cc41b03579b6f7958b9120456421fcb42a74c6d768c78dfbd46c2a7f,2024-05,Durham Constabulary,Durham Constabulary,-1.558082,54.527074,On or near Theatre/Concert Hall,E01012355,Darlington 016G,Shoplifting,Awaiting court outcome,
be4c5bcd95fd12428cfe308bcd8f735a35f1f6f3653f8b88599c7b148c942dac,2024-05,Durham Constabulary,Durham Constabulary,-1.562232,54.529111,On or near West Crescent,E01012355,Darlington 016G,Vehicle crime,Unable to prosecute suspect,
3ec67097315688b6e01d65efb94ee5d384d1979e3b78569137aae01c7ad9d795,2024-05,Durham Constabulary,Durham Constabulary,-1.560028,54.530055,On or near Dodds Street,E01012355,Darlington 016G,Vehicle crime,Investigation complete; no suspect identified,
33bb280c97b85d6d466ecc770ef5680d5382d33c89682387b5b0473cdfc491bd,2024-05,Durham Constabulary,Durham Constabulary,-1.565721,54.532287,On or near Hollyhurst Road,E01012355,Darlington 016G,Violence and sexual offences,Local resolution,
136c715c1cf701c25ecc2a95f9014b6dc1e266f5c090bde858d9ada53223d28a,2024-05,Durham Constabulary,Durham Constabulary,-1.564926,54.530091,On or near Hospital,E01012355,Darlington 016G,Violence and sexual offences,Awaiting court outcome,
732ea60cdf5b2f5b947a5c833629a9c599f22f8864725557b08fcaf94ffa8f0d,2024-05,Durham Constabulary,Durham Constabulary,-1.558506,54.529295,On or near Lowe Street,E01012355,Darlington 016G,Violence and sexual offences,Investigation complete; no suspect identified,
e0776fe90e4368af4af8a9b250498d59e959bcba393927b789ef34e78430ba40,2024-05,Durham Constabulary,Durham Constabulary,-1.560305,54.528645,On or near Mercia Court,E01012355,Darlington 016G,Violence and sexual offences,Unable to prosecute suspect,
e23ba6175f3792825005d71a05a209eda8df285569ce0299a82d222391a61c78,2024-05,Durham Constabulary,Durham Constabulary,-1.562232,54.529111,On or near West Crescent,E01012355,Darlington 016G,Violence and sexual offences,Investigation complete; no suspect identified,
98731904a8d5c231c387805f0099d0c2067e9c527420d89db622ef399e6544b8,2024-05,Durham Constabulary,Durham Constabulary,-1.565721,54.532287,On or near Hollyhurst Road,E01012355,Darlington 016G,Violence and sexual offences,Investigation complete; no suspect identified,
63c0aca081b676d10c749223f4672fe1af7704751b2042419c77039883f98ac0,2024-05,Durham Constabulary,Durham Constabulary,-1.558506,54.529295,On or near Lowe Street,E01012355,Darlington 016G,Violence and sexual offences,Awaiting court outcome,
f14b9a029f94bb38e7f0cbb610968490c38eb743ff5a6ebdff83f515ad30fc8b,2024-05,Durham Constabulary,Durham Constabulary,-1.562972,54.529257,On or near Elms Road,E01012355,Darlington 016G,Violence and sexual offences,Unable to prosecute suspect,
1059a1a3e073faf2136d4068948c85ceac55717cc29f6b678d1bf0b40aff903f,2024-05,Durham Constabulary,Durham Constabulary,-1.558506,54.529295,On or near Lowe Street,E01012355,Darlington 016G,Violence and sexual offences,Unable to prosecute suspect,
752f25bf6b87d0b63ddb3d192b22a3541d1f8589bddc69995e808d717627cf43,2024-05,Durham Constabulary,Durham Constabulary,-1.558082,54.527074,On or near Theatre/Concert Hall,E01012355,Darlington 016G,Violence and sexual offences,Under investigation,
2b7ee13a2777ea5e97b30f0aed791081967eb39899464f9af30fcd0aa7e94f0b,2024-05,Durham Constabulary,Durham Constabulary,-1.564926,54.530091,On or near Hospital,E01012355,Darlington 016G,Violence and sexual offences,Awaiting court outcome,
b01799820aef073e1a43e8aaace8f78e14d7aebd210efe9f6b93e4698d8cabc1,2024-05,Durham Constabulary,Durham Constabulary,-1.565721,54.532287,On or near Hollyhurst Road,E01012355,Darlington 016G,Violence and sexual offences,Investigation complete; no suspect identified,
4c80fde554b6973626c75083678a192d283f18d6717614c2d77b307a1fe04a1a,2024-05,Durham Constabulary,Durham Constabulary,-1.558506,54.529295,On or near Lowe Street,E01012355,Darlington 016G,Violence and sexual offences,Unable to prosecute suspect,
8c0d3af18827f0e265c21668f64c72f4d1647d4f301807a78f32d7574897388b,2024-05,Durham Constabulary,Durham Constabulary,-1.558506,54.529295,On or near Lowe Street,E01012355,Darlington 016G,Violence and sexual offences,Awaiting court outcome,
b1e48cacf6597a8c6b81451f44c0b19922d48396108a9a0c55535546fad9cc54,2024-05,Durham Constabulary,Durham Constabulary,-1.564926,54.530091,On or near Hospital,E01012355,Darlington 016G,Violence and sexual offences,Unable to prosecute suspect,
4dccd1e8e89f7dbe7abaf93ed24aac3eda797fe0dd7588679c3b235ebceddc19,2024-05,Durham Constabulary,Durham Constabulary,-1.564926,54.530091,On or near Hospital,E01012355,Darlington 016G,Violence and sexual offences,Awaiting court outcome,
f63cd1940393109ce3d3ebc5a5e63c6a5d2c88a281284fa5aef8a530f55c4e8a,2024-05,Durham Constabulary,Durham Constabulary,-1.563733,54.530374,On or near Hospital,E01012355,Darlington 016G,Violence and sexual offences,Unable to prosecute suspect,
d131212dfc6d426089a803b9390eef4651c530f125b0d72646aa7eeb08d6c705,2024-05,Durham Constabulary,Durham Constabulary,-1.563733,54.530374,On or near Hospital,E01012355,Darlington 016G,Violence and sexual offences,Unable to prosecute suspect,
49b7ddc6e027aeb3fb3a45a7c2b7452a879a86c277c07f92501a40825551f6f8,2024-05,Durham Constabulary,Durham Constabulary,-1.560621,54.528053,On or near Maude Street,E01012355,Darlington 016G,Violence and sexual offences,Investigation complete; no suspect identified,
c606e86bba9be36c489078464e4e5c54d935a7e7f91845c9d15fdca7022d7bf5,2024-05,Durham Constabulary,Durham Constabulary,-1.558082,54.527074,On or near Theatre/Concert Hall,E01012355,Darlington 016G,Violence and sexual offences,Unable to prosecute suspect,
dec7c5e45c55c7d61d6ed07e0e03103fd56687897ed1da895019049ed1a8f989,2024-05,Durham Constabulary,Durham Constabulary,-1.560305,54.528645,On or near Mercia Court,E01012355,Darlington 016G,Other crime,Under investigation,
,2024-05,Durham Constabulary,Durham Constabulary,-1.550586,54.521654,On or near Park Street,E01035187,Darlington 016H,Anti-social behaviour,,
,2024-05,Durham Constabulary,Durham Constabulary,-1.561180,54.524883,On or near Raby Street,E01035187,Darlington 016H,Anti-social behaviour,,
,2024-05,Durham Constabulary,Durham Constabulary,-1.561374,54.525576,On or near Parking Area,E01035187,Darlington 016H,Anti-social behaviour,,
,2024-05,Durham Constabulary,Durham Constabulary,-1.546948,54.525082,On or near Sanderson Street,E01035187,Darlington 016H,Anti-social behaviour,,
,2024-05,Durham Constabulary,Durham Constabulary,-1.550586,54.521654,On or near Park Street,E01035187,Darlington 016H,Anti-social behaviour,,
,2024-05,Durham Constabulary,Durham Constabulary,-1.554509,54.524571,On or near East Row,E01035187,Darlington 016H,Anti-social behaviour,,
,2024-05,Durham Constabulary,Durham Constabulary,-1.557548,54.525005,On or near Skinnergate,E01035187,Darlington 016H,Anti-social behaviour,,
,2024-05,Durham Constabulary,Durham Constabulary,-1.547118,54.522315,On or near Pensbury Street,E01035187,Darlington 016H,Anti-social behaviour,,
,2024-05,Durham Constabulary,Durham Constabulary,-1.555436,54.524521,On or near West Row,E01035187,Darlington 016H,Anti-social behaviour,,
,2024-05,Durham Constabulary,Durham Constabulary,-1.554509,54.524571,On or near East Row,E01035187,Darlington 016H,Anti-social behaviour,,
,2024-05,Durham Constabulary,Durham Constabulary,-1.554509,54.524571,On or near East Row,E01035187,Darlington 016H,Anti-social behaviour,,
,2024-05,Durham Constabulary,Durham Constabulary,-1.561184,54.524479,On or near West Powlett Street,E01035187,Darlington 016H,Anti-social behaviour,,
,2024-05,Durham Constabulary,Durham Constabulary,-1.548606,54.526095,On or near Brunswick Street,E01035187,Darlington 016H,Anti-social behaviour,,
,2024-05,Durham Constabulary,Durham Constabulary,-1.556351,54.524227,On or near Shopping Area,E01035187,Darlington 016H,Anti-social behaviour,,
,2024-05,Durham Constabulary,Durham Constabulary,-1.551025,54.529447,On or near Weir Street,E01035187,Darlington 016H,Anti-social behaviour,,
,2024-05,Durham Constabulary,Durham Constabulary,-1.554509,54.524571,On or near East Row,E01035187,Darlington 016H,Anti-social behaviour,,
,2024-05,Durham Constabulary,Durham Constabulary,-1.559255,54.522908,On or near Northumberland Street,E01035187,Darlington 016H,Anti-social behaviour,,
,2024-05,Durham Constabulary,Durham Constabulary,-1.555175,54.527279,On or near Commercial Street,E01035187,Darlington 016H,Anti-social behaviour,,
,2024-05,Durham Constabulary,Durham Constabulary,-1.555737,54.523920,On or near Shopping Area,E01035187,Darlington 016H,Anti-social behaviour,,
,2024-05,Durham Constabulary,Durham Constabulary,-1.547118,54.522315,On or near Pensbury Street,E01035187,Darlington 016H,Anti-social behaviour,,
,2024-05,Durham Constabulary,Durham Constabulary,-1.555175,54.527279,On or near Commercial Street,E01035187,Darlington 016H,Anti-social behaviour,,
,2024-05,Durham Constabulary,Durham Constabulary,-1.548468,54.524522,On or near Theatre/Concert Hall,E01035187,Darlington 016H,Anti-social behaviour,,
,2024-05,Durham Constabulary,Durham Constabulary,-1.548335,54.524054,On or near Parking Area,E01035187,Darlington 016H,Anti-social behaviour,,
,2024-05,Durham Constabulary,Durham Constabulary,-1.555175,54.527279,On or near Commercial Street,E01035187,Darlington 016H,Anti-social behaviour,,
,2024-05,Durham Constabulary,Durham Constabulary,-1.547987,54.527575,On or near Upper Russell Street,E01035187,Darlington 016H,Anti-social behaviour,,
,2024-05,Durham Constabulary,Durham Constabulary,-1.549993,54.522128,On or near Parking Area,E01035187,Darlington 016H,Anti-social behaviour,,
,2024-05,Durham Constabulary,Durham Constabulary,-1.547920,54.522444,On or near Hargreave Terrace,E01035187,Darlington 016H,Anti-social behaviour,,
,2024-05,Durham Constabulary,Durham Constabulary,-1.561576,54.526906,On or near Outram Court,E01035187,Darlington 016H,Anti-social behaviour,,
,2024-05,Durham Constabulary,Durham Constabulary,-1.550586,54.521654,On or near Park Street,E01035187,Darlington 016H,Anti-social behaviour,,
,2024-05,Durham Constabulary,Durham Constabulary,-1.546439,54.523633,On or near North Eastern Terrace,E01035187,Darlington 016H,Anti-social behaviour,,
,2024-05,Durham Constabulary,Durham Constabulary,-1.557861,54.526039,On or near Parking Area,E01035187,Darlington 016H,Anti-social behaviour,,
,2024-05,Durham Constabulary,Durham Constabulary,-1.554509,54.524571,On or near East Row,E01035187,Darlington 016H,Anti-social behaviour,,
,2024-05,Durham Constabulary,Durham Constabulary,-1.555175,54.527279,On or near Commercial Street,E01035187,Darlington 016H,Anti-social behaviour,,
,2024-05,Durham Constabulary,Durham Constabulary,-1.548615,54.528036,On or near Lodge Street,E01035187,Darlington 016H,Anti-social behaviour,,
,2024-05,Durham Constabulary,Durham Constabulary,-1.555436,54.524521,On or near West Row,E01035187,Darlington 016H,Anti-social behaviour,,
,2024-05,Durham Constabulary,Durham Constabulary,-1.547118,54.522315,On or near Pensbury Street,E01035187,Darlington 016H,Anti-social behaviour,,
,2024-05,Durham Constabulary,Durham Constabulary,-1.555737,54.523920,On or near Shopping Area,E01035187,Darlington 016H,Anti-social behaviour,,
,2024-05,Durham Constabulary,Durham Constabulary,-1.559917,54.524519,On or near Powlett Street,E01035187,Darlington 016H,Anti-social behaviour,,
5ba8a09d739277b7c5ae604e256df31e5c092b85e6c06e2c5d906eff794243d6,2024-05,Durham Constabulary,Durham Constabulary,-1.555175,54.527279,On or near Commercial Street,E01035187,Darlington 016H,Bicycle theft,Under investigation,
32d37fde4dd435b8b83477fd230e6053d3357b91dcaa328dc5b7330da6b4f718,2024-05,Durham Constabulary,Durham Constabulary,-1.547987,54.527575,On or near Upper Russell Street,E01035187,Darlington 016H,Bicycle theft,Unable to prosecute suspect,
88803b5f30317852b9e35de45929ec6ec4eb868c086a9592343d0829f333f2c8,2024-05,Durham Constabulary,Durham Constabulary,-1.555436,54.524521,On or near West Row,E01035187,Darlington 016H,Bicycle theft,Investigation complete; no suspect identified,
4df6f009bbd0794d305c92ef7c0de8db8ccef8b9cb80f935e3b30088d702e151,2024-05,Durham Constabulary,Durham Constabulary,-1.548615,54.528036,On or near Lodge Street,E01035187,Darlington 016H,Bicycle theft,Investigation complete; no suspect identified,
4c6e0461f41f39eaf4433627887a392dd6c48394fb6b33a14655feb54866b00d,2024-05,Durham Constabulary,Durham Constabulary,-1.560676,54.525744,On or near Duke Street North Back Street,E01035187,Darlington 016H,Bicycle theft,Investigation complete; no suspect identified,
a38716c91abb14911cbdb55cc1ec7c52161d2c3106cb28d5eedebf61bd2c8239,2024-05,Durham Constabulary,Durham Constabulary,-1.560283,54.524925,On or near East Raby Street,E01035187,Darlington 016H,Burglary,Under investigation,
36379802ca68ae94dd82447aaf49602f3a98b2b4adf4c8e20b59f1426cb2e5b1,2024-05,Durham Constabulary,Durham Constabulary,-1.560283,54.524925,On or near East Raby Street,E01035187,Darlington 016H,Burglary,Awaiting court outcome,
67deaf20aacfafa881e7659fe7b087d24f6b8f00d589e12dc6764aff6d132a35,2024-05,Durham Constabulary,Durham Constabulary,-1.557548,54.525005,On or near Skinnergate,E01035187,Darlington 016H,Burglary,Formal action is not in the public interest,
be059fb68967c915275c903754843fdc5dc3c1e2be7679f3f6c1ff1fca8b5171,2024-05,Durham Constabulary,Durham Constabulary,-1.548217,54.527747,On or near B6279,E01035187,Darlington 016H,Burglary,Investigation complete; no suspect identified,
9ddaf581b7e9e9ab487a2cf4993e5229bc2533f3d8654cb86e5ad7a6fc406b08,2024-05,Durham Constabulary,Durham Constabulary,-1.548380,54.526903,On or near Hilda Street,E01035187,Darlington 016H,Burglary,Investigation complete; no suspect identified,
52748c493b63fc20da30a00ac6c4c2a274cf2c2aa1f017748480673a4171e333,2024-05,Durham Constabulary,Durham Constabulary,-1.546948,54.525082,On or near Sanderson Street,E01035187,Darlington 016H,Criminal damage and arson,Local resolution,
a4efe047bae6c781765e9a7814348ed1a40d37bceb7b49724467e8cf2e523ce7,2024-05,Durham Constabulary,Durham Constabulary,-1.548335,54.524054,On or near Parking Area,E01035187,Darlington 016H,Criminal damage and arson,Awaiting court outcome,
6bec4a4e14d0f5e80c59bf4df0f766c063fe43187b824f8978436ae568b9879c,2024-05,Durham Constabulary,Durham Constabulary,-1.559917,54.524519,On or near Powlett Street,E01035187,Darlington 016H,Criminal damage and arson,Investigation complete; no suspect identified,
d6ac38269ec94b3dd89ee8113ea56caaf47ddface55df3caabd4559c7dd0ef6c,2024-05,Durham Constabulary,Durham Constabulary,-1.548267,54.521744,On or near Huntley Street,E01035187,Darlington 016H,Criminal damage and arson,Investigation complete; no suspect identified,
f87b9538dbc25ce7b6a9ffd7c2793c6a1b6e4445d3e1e8f05ea06246081823aa,2024-05,Durham Constabulary,Durham Constabulary,-1.548335,54.524054,On or near Parking Area,E01035187,Darlington 016H,Criminal damage and arson,Awaiting court outcome,
dce0a2dc5521732393a0f80e5c41f3fe16103d9d3df7c462358575c87efd765b,2024-05,Durham Constabulary,Durham Constabulary,-1.555478,54.523523,On or near Houndgate,E01035187,Darlington 016H,Criminal damage and arson,Under investigation,
c97dd12dfcc39400bc03cb00910ffa4532e4ab20003c16739a1f3c3acc9534b6,2024-05,Durham Constabulary,Durham Constabulary,-1.555478,54.523523,On or near Houndgate,E01035187,Darlington 016H,Criminal damage and arson,Investigation complete; no suspect identified,
45b9940a18717a1872125e5a1af3da989b1db5c12779b11dcfe37ae968751910,2024-05,Durham Constabulary,Durham Constabulary,-1.548681,54.526284,On or near Brunswick Street North,E01035187,Darlington 016H,Criminal damage and arson,Local resolution,
b7f36ea69df7126f714bcc7c12d7e8e7d5dc75c2049e0ccae1aa94df58382ff3,2024-05,Durham Constabulary,Durham Constabulary,-1.561576,54.526906,On or near Outram Court,E01035187,Darlington 016H,Criminal damage and arson,Investigation complete; no suspect identified,
25f188529a535090a6456ea4456e902f5a59d1fa178d4c584c1a99f86ed82b89,2024-05,Durham Constabulary,Durham Constabulary,-1.548468,54.524522,On or near Theatre/Concert Hall,E01035187,Darlington 016H,Criminal damage and arson,Investigation complete; no suspect identified,
cd4313b29e95ecd3525e8cc78123380ca62235e6760b9ec4340b774c7f867164,2024-05,Durham Constabulary,Durham Constabulary,-1.561576,54.526906,On or near Outram Court,E01035187,Darlington 016H,Criminal damage and arson,Investigation complete; no suspect identified,
dfca0f8e6658dd0453330373bbecf2f93fdd0da13b06555f6448b9deeaaa14a5,2024-05,Durham Constabulary,Durham Constabulary,-1.546439,54.523633,On or near North Eastern Terrace,E01035187,Darlington 016H,Criminal damage and arson,Investigation complete; no suspect identified,
093146523323c44c10fa02c60a202f86a0104f9296e791a51477fdd13204bb37,2024-05,Durham Constabulary,Durham Constabulary,-1.548468,54.524522,On or near Theatre/Concert Hall,E01035187,Darlington 016H,Criminal damage and arson,Investigation complete; no suspect identified,
5a1cb56d5c3cd9722c56552b212983030de4955f83c5ec81aa84f6275db552a9,2024-05,Durham Constabulary,Durham Constabulary,-1.548380,54.526903,On or near Hilda Street,E01035187,Darlington 016H,Criminal damage and arson,Investigation complete; no suspect identified,
f9d88c03e2f053f644bbba31dc8fbcca1921eb7c8124f1256f153b47b933ee3f,2024-05,Durham Constabulary,Durham Constabulary,-1.555175,54.527279,On or near Commercial Street,E01035187,Darlington 016H,Criminal damage and arson,Under investigation,
aebba1dd3cb38d6ab86f48c0a0e30b9f04487048a8e9aeac6479276cbe5e148a,2024-05,Durham Constabulary,Durham Constabulary,-1.547615,54.526226,On or near Borough Road,E01035187,Darlington 016H,Criminal damage and arson,Investigation complete; no suspect identified,
137bcf7d024aa30bb7644f0741ca473ee8113e028773f89b11e85b2eb73afa86,2024-05,Durham Constabulary,Durham Constabulary,-1.552153,54.529451,On or near John Dobbin Road,E01035187,Darlington 016H,Drugs,Awaiting court outcome,
aa77a64c2cb4627c49df86725bad0d6d3093d0361a4807b69925d1c1da73a2ea,2024-05,Durham Constabulary,Durham Constabulary,-1.554509,54.524571,On or near East Row,E01035187,Darlington 016H,Drugs,Formal action is not in the public interest,
d51c3181029c23c115e3b910fb6d58da70fd4206dcf0c531ddb8940d0999b4c9,2024-05,Durham Constabulary,Durham Constabulary,-1.551280,54.521746,On or near Backhouse Street,E01035187,Darlington 016H,Drugs,Offender given a caution,
8598b4a7e2c0e6763d0f1b48339700613d7364f3e6bd7c01c1756a176400c9b7,2024-05,Durham Constabulary,Durham Constabulary,-1.554509,54.524571,On or near East Row,E01035187,Darlington 016H,Drugs,Formal action is not in the public interest,
a5b39abb0472c0698b04253d85f11dbaf7ff2846153c556266a5738dba2ffa30,2024-05,Durham Constabulary,Durham Constabulary,-1.555436,54.524521,On or near West Row,E01035187,Darlington 016H,Drugs,Under investigation,
05136949d69dae17c66acd1f21b53c33612b502dd385b37e6d4830544880d31c,2024-05,Durham Constabulary,Durham Constabulary,-1.554509,54.524571,On or near East Row,E01035187,Darlington 016H,Drugs,Under investigation,
16728c31845f1585be3d73bf7ac4a0133d6f6c2e6d8c66da6597ad3d6f1533e9,2024-05,Durham Constabulary,Durham Constabulary,-1.555175,54.527279,On or near Commercial Street,E01035187,Darlington 016H,Other theft,Unable to prosecute suspect,
4185f60110a27959e398ad086f91046e372f305d60dca24080dfb6de9e1e87fe,2024-05,Durham Constabulary,Durham Constabulary,-1.548615,54.528036,On or near Lodge Street,E01035187,Darlington 016H,Other theft,Under investigation,
66ec06f14a8b2092b8602e07251ac6af6d63a726cf17ebbe9e863a854768689b,2024-05,Durham Constabulary,Durham Constabulary,-1.550943,54.532718,On or near John Street,E01035187,Darlington 016H,Other theft,Investigation complete; no suspect identified,
0457a81adebc72173d15e08a2a52970e9f974d8aa9f7e85991d9a605b8804d57,2024-05,Durham Constabulary,Durham Constabulary,-1.561576,54.526906,On or near Outram Court,E01035187,Darlington 016H,Other theft,Unable to prosecute suspect,
2e241c06f1f903aa835bdf24f32c7c8c0b5eba7f893d5065b6801f7c8e4fa0ed,2024-05,Durham Constabulary,Durham Constabulary,-1.557548,54.525005,On or near Skinnergate,E01035187,Darlington 016H,Other theft,Investigation complete; no suspect identified,
9b426eb0ea031330f488455fe0f145d0c5928434851b98cc2e2dbeac50aaa50d,2024-05,Durham Constabulary,Durham Constabulary,-1.554509,54.524571,On or near East Row,E01035187,Darlington 016H,Other theft,Unable to prosecute suspect,
4f5ddfee1dc1cd80fa199f33562756978d19fac07fdf332bfd4162d3c8b8d71c,2024-05,Durham Constabulary,Durham Constabulary,-1.548217,54.527747,On or near B6279,E01035187,Darlington 016H,Other theft,Investigation complete; no suspect identified,
8d2b613cdad75b6aaaccc2883277c90f8861dab554fe5fc6c25c9617ab822114,2024-05,Durham Constabulary,Durham Constabulary,-1.554509,54.524571,On or near East Row,E01035187,Darlington 016H,Other theft,Investigation complete; no suspect identified,
e8667b94b48c0bb96646049ea5470a993df896ca7fe95a8c6b326cd6e39c9474,2024-05,Durham Constabulary,Durham Constabulary,-1.557548,54.525005,On or near Skinnergate,E01035187,Darlington 016H,Possession of weapons,Further investigation is not in the public interest,
f6735a14ab38a576829ee7512293841a48c46584c17aad4d0780a765408b2dc3,2024-05,Durham Constabulary,Durham Constabulary,-1.555436,54.524521,On or near West Row,E01035187,Darlington 016H,Possession of weapons,Unable to prosecute suspect,
cf696494a433459fe43fff0a916001c7972b239f5dda542eb78dc04f6c32e592,2024-05,Durham Constabulary,Durham Constabulary,-1.555175,54.527279,On or near Commercial Street,E01035187,Darlington 016H,Possession of weapons,Unable to prosecute suspect,
cbaac07ee0efc4314f3219b2f1a9b3384abc3f36dca3f9dc3f31de7a42a12bee,2024-05,Durham Constabulary,Durham Constabulary,-1.554509,54.524571,On or near East Row,E01035187,Darlington 016H,Public order,Unable to prosecute suspect,
5436f2de4331afcd26a1509cf802fae268c7a699c70399eb043dc543d0ea350b,2024-05,Durham Constabulary,Durham Constabulary,-1.554509,54.524571,On or near East Row,E01035187,Darlington 016H,Public order,Investigation complete; no suspect identified,
cd439057590189894e6bfbb9c1b6cd9f04bf022ae845fc651ae74687c0d29a60,2024-05,Durham Constabulary,Durham Constabulary,-1.560676,54.525744,On or near Duke Street North Back Street,E01035187,Darlington 016H,Public order,Unable to prosecute suspect,
c99a8bb94f5d3b172fa9701548a13f51ed11ab476f521f33eea9a16a3e370f51,2024-05,Durham Constabulary,Durham Constabulary,-1.560676,54.525744,On or near Duke Street North Back Street,E01035187,Darlington 016H,Public order,Awaiting court outcome,
935ba61b2c0621f64b1b0fdeebfabb918f0b00e4dde747db269a8ac4bbf2571a,2024-05,Durham Constabulary,Durham Constabulary,-1.551280,54.521746,On or near Backhouse Street,E01035187,Darlington 016H,Public order,Unable to prosecute suspect,
3f6dcf8264fd110958c6cce3e16432bb812983afe2ec6297d77b6539017952b1,2024-05,Durham Constabulary,Durham Constabulary,-1.557861,54.526039,On or near Parking Area,E01035187,Darlington 016H,Public order,Investigation complete; no suspect identified,
cdfcde3268f6d18981ae1a96ca2771bec77e1fc550f9bc23f91f88d0165771cc,2024-05,Durham Constabulary,Durham Constabulary,-1.546439,54.523633,On or near North Eastern Terrace,E01035187,Darlington 016H,Public order,Under investigation,
99939b94015b60d8ddbde898b210d037496e145c5395aeb2dcbe6194af7abe2f,2024-05,Durham Constabulary,Durham Constabulary,-1.554509,54.524571,On or near East Row,E01035187,Darlington 016H,Public order,Awaiting court outcome,
6f94d5ab791a2f0f2b19c1c6ae601ef59f12e932675975a8eb5e67dc6a4d8c5a,2024-05,Durham Constabulary,Durham Constabulary,-1.555175,54.527279,On or near Commercial Street,E01035187,Darlington 016H,Public order,Investigation complete; no suspect identified,
96026da362ed8fa95a11395f14632ee6c2962e26971d85f4f1599ec3b08d126d,2024-05,Durham Constabulary,Durham Constabulary,-1.557861,54.526039,On or near Parking Area,E01035187,Darlington 016H,Public order,Awaiting court outcome,
00ccea7b4ae76bd075ff54f2e1d997db303ccbe2b035ec8655a989af84447dfa,2024-05,Durham Constabulary,Durham Constabulary,-1.557548,54.525005,On or near Skinnergate,E01035187,Darlington 016H,Public order,Unable to prosecute suspect,
fd25b220fa4d8de225b443dc42991ba687b6fd5db0950d060979549c5bba207b,2024-05,Durham Constabulary,Durham Constabulary,-1.557884,54.523900,On or near Theatre/Concert Hall,E01035187,Darlington 016H,Public order,Unable to prosecute suspect,
6f59916f76f29e9ee7aaf54d2b348a1e99f83d5302da09d0f496b451eaac247e,2024-05,Durham Constabulary,Durham Constabulary,-1.557548,54.525005,On or near Skinnergate,E01035187,Darlington 016H,Public order,Investigation complete; no suspect identified,
1237d04214a9f51f7e0cdbae50a28002f3dca8fb187683a9ed7eebc09791caf3,2024-05,Durham Constabulary,Durham Constabulary,-1.554509,54.524571,On or near East Row,E01035187,Darlington 016H,Public order,Investigation complete; no suspect identified,
9b061ca74e1f11132f62259232d834e43080a7e99c8e25b3db46d5ae8acab132,2024-05,Durham Constabulary,Durham Constabulary,-1.555478,54.523523,On or near Houndgate,E01035187,Darlington 016H,Public order,Under investigation,
81f20ecdd2cf6d788751e7556719368de168b71bdbf99f6235d2a66bfd876d3c,2024-05,Durham Constabulary,Durham Constabulary,-1.551280,54.521746,On or near Backhouse Street,E01035187,Darlington 016H,Public order,Awaiting court outcome,
bdb986792806c3aac1c57514f671df3d6bfe96741b749afe42c9855f7471f485,2024-05,Durham Constabulary,Durham Constabulary,-1.548681,54.526284,On or near Brunswick Street North,E01035187,Darlington 016H,Public order,Investigation complete; no suspect identified,
5f3a122fcb0cfccc638f04f565d2ed5a225d71128f01edce5228b886bcb73fb7,2024-05,Durham Constabulary,Durham Constabulary,-1.547987,54.527575,On or near Upper Russell Street,E01035187,Darlington 016H,Public order,Further investigation is not in the public interest,
bf533bc931201f0ebdcfa73a1c38cb46eff1c9bf26a6af634b3a206b199f5c24,2024-05,Durham Constabulary,Durham Constabulary,-1.547022,54.523950,On or near Parkgate,E01035187,Darlington 016H,Public order,Unable to prosecute suspect,
cda3660bcc4e79bde374daa3f87c599ece191ae0321558b819813e7ba8f81220,2024-05,Durham Constabulary,Durham Constabulary,-1.550586,54.521654,On or near Park Street,E01035187,Darlington 016H,Public order,Unable to prosecute suspect,
51ddd079ae7fb27afabe5bff34840daae1b2352a4f793d05445f4a7eca43e092,2024-05,Durham Constabulary,Durham Constabulary,-1.548468,54.524522,On or near Theatre/Concert Hall,E01035187,Darlington 016H,Public order,Unable to prosecute suspect,
d1473335146d391f193a705be0f6d0294815ef36bd1a22e2f4461e7b2c48f0f1,2024-05,Durham Constabulary,Durham Constabulary,-1.557548,54.525005,On or near Skinnergate,E01035187,Darlington 016H,Public order,Under investigation,
8f58d6f11e72f354ffa1b80edb0ccb0bb3758cf83080ff476733a250da47037c,2024-05,Durham Constabulary,Durham Constabulary,-1.554509,54.524571,On or near East Row,E01035187,Darlington 016H,Public order,Unable to prosecute suspect,
e80b3f52974ce54916be9936e809e49a8e5ae9cba1267dfd4fe3c8a191af01f5,2024-05,Durham Constabulary,Durham Constabulary,-1.554509,54.524571,On or near East Row,E01035187,Darlington 016H,Public order,Investigation complete; no suspect identified,
9ecccbbbd6912e93885984a524a27f5ea419ed5eb5bb4f4f5efe5bc1ddf5451c,2024-05,Durham Constabulary,Durham Constabulary,-1.548468,54.524522,On or near Theatre/Concert Hall,E01035187,Darlington 016H,Robbery,Awaiting court outcome,
cc8279471f2e6d4d98170317b89ee463885cc6166c65c8d507f82e7eb2da8b20,2024-05,Durham Constabulary,Durham Constabulary,-1.555478,54.523523,On or near Houndgate,E01035187,Darlington 016H,Robbery,Under investigation,
287c87f232fcafe58a925e8eeb2569f2d3546c0d4d72c66792912f5dd4936bd4,2024-05,Durham Constabulary,Durham Constabulary,-1.555175,54.527279,On or near Commercial Street,E01035187,Darlington 016H,Shoplifting,Formal action is not in the public interest,
6f81248c06e579c0761ddbe006ac46db429d5e684a26aef74cd905ce7e7a5b9f,2024-05,Durham Constabulary,Durham Constabulary,-1.554509,54.524571,On or near East Row,E01035187,Darlington 016H,Shoplifting,Unable to prosecute suspect,
8002417c841a0a91b9bb9f9199beb97865bd733900bb941a7d210480f9de3781,2024-05,Durham Constabulary,Durham Constabulary,-1.556351,54.524227,On or near Shopping Area,E01035187,Darlington 016H,Shoplifting,Awaiting court outcome,
97be0b506ce483adbe7f280885229a62ddb4163ee7d69bb08bc76a85cbbd930f,2024-05,Durham Constabulary,Durham Constabulary,-1.561374,54.525576,On or near Parking Area,E01035187,Darlington 016H,Shoplifting,Awaiting court outcome,
3fa84b4b99f16e164c5349fdfddd28888a641b7b9793489a7d2550cc973e7b7b,2024-05,Durham Constabulary,Durham Constabulary,-1.554509,54.524571,On or near East Row,E01035187,Darlington 016H,Shoplifting,Investigation complete; no suspect identified,
6bea039d067d267218f58d04ae6a5ebb0b34e1eea9ea95a6f36526bcd89e6a66,2024-05,Durham Constabulary,Durham Constabulary,-1.552153,54.529451,On or near John Dobbin Road,E01035187,Darlington 016H,Shoplifting,Awaiting court outcome,
d7ab102bd48a1d4179ff04173799283be3674c8f1aadf855dc88bbd8a6e6d776,2024-05,Durham Constabulary,Durham Constabulary,-1.555175,54.527279,On or near Commercial Street,E01035187,Darlington 016H,Shoplifting,Unable to prosecute suspect,
8ca8899fcf3c1eab4019c21afd5fcf4d4e0535ca442eb28f586bd13634859533,2024-05,Durham Constabulary,Durham Constabulary,-1.561374,54.525576,On or near Parking Area,E01035187,Darlington 016H,Shoplifting,Awaiting court outcome,
9c62c8ba6fc2a595e23e84dfe040cb9677f6d8a089b630a05d769573264c576f,2024-05,Durham Constabulary,Durham Constabulary,-1.561374,54.525576,On or near Parking Area,E01035187,Darlington 016H,Shoplifting,Awaiting court outcome,
d71cba0945f42ffd3da3a91cf5ffd4934bc4014e916920b1569ff736c6da8a4f,2024-05,Durham Constabulary,Durham Constabulary,-1.554509,54.524571,On or near East Row,E01035187,Darlington 016H,Shoplifting,Further investigation is not in the public interest,
84d035bfee656a6950e9a43af07413bb40876965c8f16838eed1a70a0d6d582e,2024-05,Durham Constabulary,Durham Constabulary,-1.554509,54.524571,On or near East Row,E01035187,Darlington 016H,Shoplifting,Investigation complete; no suspect identified,
8717bbabc2464650bb26ab8b53ae539da9990b1509628980fb48b63fce52963d,2024-05,Durham Constabulary,Durham Constabulary,-1.550586,54.521654,On or near Park Street,E01035187,Darlington 016H,Shoplifting,Awaiting court outcome,
21f496cabfbc503d4caa60e6dc3a282007b4234f269b7b0639a1a3df3874fb43,2024-05,Durham Constabulary,Durham Constabulary,-1.561374,54.525576,On or near Parking Area,E01035187,Darlington 016H,Shoplifting,Investigation complete; no suspect identified,
1cdbedafa60f2634625a2fad640dfa3dfcf9f7c2817ab9a6f38fd0a7719f2330,2024-05,Durham Constabulary,Durham Constabulary,-1.555175,54.527279,On or near Commercial Street,E01035187,Darlington 016H,Shoplifting,Awaiting court outcome,
9a1fd008a2f9d88173bc51d36a6805e948a2c68fd86bcfe82cebd95c361945b1,2024-05,Durham Constabulary,Durham Constabulary,-1.555175,54.527279,On or near Commercial Street,E01035187,Darlington 016H,Shoplifting,Awaiting court outcome,
9f021a3d57d36c0435a0e5b24df6cb476fcb968909783ea59d11400852ac970a,2024-05,Durham Constabulary,Durham Constabulary,-1.554509,54.524571,On or near East Row,E01035187,Darlington 016H,Shoplifting,Awaiting court outcome,
468c3f34cfe5dd2454baf1087c9ddc34a4aaa0bfe3d121a7876cd897040b7ce3,2024-05,Durham Constabulary,Durham Constabulary,-1.557548,54.525005,On or near Skinnergate,E01035187,Darlington 016H,Shoplifting,Offender given a caution,
8413682d5b84a1f51e1431a7ca0dbd0ffe33d00437c9d980adb2ca590c3770b7,2024-05,Durham Constabulary,Durham Constabulary,-1.557548,54.525005,On or near Skinnergate,E01035187,Darlington 016H,Shoplifting,Unable to prosecute suspect,
153bf0d7a5c153f2e720960053088814c815e07dd3d7e13aeea94e096be8811e,2024-05,Durham Constabulary,Durham Constabulary,-1.561374,54.525576,On or near Parking Area,E01035187,Darlington 016H,Shoplifting,Awaiting court outcome,
8ec635175caaae0c0d24678672cc0a79c1be58131f3ca5f829ffa68375c9b8b3,2024-05,Durham Constabulary,Durham Constabulary,-1.554509,54.524571,On or near East Row,E01035187,Darlington 016H,Shoplifting,Local resolution,
2789ae8a0df2564b8408870c1375b81edbf6493c3a8dd8851bf8aa8c96b3b47e,2024-05,Durham Constabulary,Durham Constabulary,-1.561374,54.525576,On or near Parking Area,E01035187,Darlington 016H,Shoplifting,Awaiting court outcome,
1c5454f1b9cd3f0224b9e49a51efd8d0864102e6d1bb1a35011e7f2690ab0fcb,2024-05,Durham Constabulary,Durham Constabulary,-1.555175,54.527279,On or near Commercial Street,E01035187,Darlington 016H,Shoplifting,Awaiting court outcome,
2c524101a60798855298745fcc220d6ccaeb09610571f17f9190cee2cb44661a,2024-05,Durham Constabulary,Durham Constabulary,-1.554509,54.524571,On or near East Row,E01035187,Darlington 016H,Shoplifting,Investigation complete; no suspect identified,
90b8943388ac51876f22c3810307398079c2c1584b56f8aa5f9d29b703b821a6,2024-05,Durham Constabulary,Durham Constabulary,-1.557548,54.525005,On or near Skinnergate,E01035187,Darlington 016H,Shoplifting,Awaiting court outcome,
479fa0ad1ab93b3c716cac0127a926184e0f78162c7d0d7c5d02e38dde45384d,2024-05,Durham Constabulary,Durham Constabulary,-1.561374,54.525576,On or near Parking Area,E01035187,Darlington 016H,Shoplifting,Awaiting court outcome,
e069a932e71403b6694ac95ee019b87dca34ec5d1499c87840d5a6cf434f58e6,2024-05,Durham Constabulary,Durham Constabulary,-1.561374,54.525576,On or near Parking Area,E01035187,Darlington 016H,Shoplifting,Awaiting court outcome,
ff74aad0a6cfae912272a7470f36ccb8cd3c77d70bc0ed2954da5be6861b56a0,2024-05,Durham Constabulary,Durham Constabulary,-1.555175,54.527279,On or near Commercial Street,E01035187,Darlington 016H,Shoplifting,Awaiting court outcome,
b6847c7abe00ee9278e68fbab01f5cfedbbb9a784281c2a77d92f6b85b63438a,2024-05,Durham Constabulary,Durham Constabulary,-1.549074,54.527022,On or near Freeman'S Place,E01035187,Darlington 016H,Shoplifting,Awaiting court outcome,
685673dea3cdbf0cc6f5509135f28b6ee34e65b69e90a3067515d835fe7f3a5f,2024-05,Durham Constabulary,Durham Constabulary,-1.561374,54.525576,On or near Parking Area,E01035187,Darlington 016H,Shoplifting,Investigation complete; no suspect identified,
249b427095a9fe7b927ea895e83369585897022df395298897cbb6ea98ff262c,2024-05,Durham Constabulary,Durham Constabulary,-1.561374,54.525576,On or near Parking Area,E01035187,Darlington 016H,Shoplifting,Investigation complete; no suspect identified,
3e64c875bdb43484474728d768bbcaaa49b5b6771766ef8493392f1ad4ecc8a7,2024-05,Durham Constabulary,Durham Constabulary,-1.555175,54.527279,On or near Commercial Street,E01035187,Darlington 016H,Shoplifting,Investigation complete; no suspect identified,
9a8f5714b82a3612b1100309408205069c5c07a94ea394358420203c994999c5,2024-05,Durham Constabulary,Durham Constabulary,-1.550586,54.521654,On or near Park Street,E01035187,Darlington 016H,Shoplifting,Investigation complete; no suspect identified,
c485c268e25a2b7094a81cfab6560d510256155c2c6277d0bd793720e89582cf,2024-05,Durham Constabulary,Durham Constabulary,-1.555175,54.527279,On or near Commercial Street,E01035187,Darlington 016H,Shoplifting,Investigation complete; no suspect identified,
17bbf297d0e0a5779226d801f7b3a407f973b3d9008912fcb54ad767ac6b6ae3,2024-05,Durham Constabulary,Durham Constabulary,-1.561374,54.525576,On or near Parking Area,E01035187,Darlington 016H,Shoplifting,Awaiting court outcome,
fd9c76a536170833c388aee613b35123fc969cfcacba817b555448ebf787c2ae,2024-05,Durham Constabulary,Durham Constabulary,-1.561374,54.525576,On or near Parking Area,E01035187,Darlington 016H,Shoplifting,Awaiting court outcome,
0207a59633b7cc9c731158f7232e586213ade7dca701d1a37020f4f74707358b,2024-05,Durham Constabulary,Durham Constabulary,-1.555436,54.524521,On or near West Row,E01035187,Darlington 016H,Shoplifting,Investigation complete; no suspect identified,
06c516a888c27c1dc15dca5d42648b71833f3c4c79a78ea058956a5a1e7d83d1,2024-05,Durham Constabulary,Durham Constabulary,-1.550586,54.521654,On or near Park Street,E01035187,Darlington 016H,Shoplifting,Awaiting court outcome,
3d3fa0b34768e52e669f6bb01d81d4fff791a3d353843b71da191307f675ac60,2024-05,Durham Constabulary,Durham Constabulary,-1.561374,54.525576,On or near Parking Area,E01035187,Darlington 016H,Shoplifting,Investigation complete; no suspect identified,
ebb03f1d5283641ee146498d67c81a7a3e3f6a8af084cac7a5589c4546a78049,2024-05,Durham Constabulary,Durham Constabulary,-1.557548,54.525005,On or near Skinnergate,E01035187,Darlington 016H,Shoplifting,Awaiting court outcome,
d762bd6cb76bd2c03395f3c1a7ee00a07198ba9e12fc74ecd5bd84118301bf6e,2024-05,Durham Constabulary,Durham Constabulary,-1.561374,54.525576,On or near Parking Area,E01035187,Darlington 016H,Shoplifting,Awaiting court outcome,
be56352280640b65dd45416cb35d89b36b995c874ac85d4764b699b8e726604f,2024-05,Durham Constabulary,Durham Constabulary,-1.555436,54.524521,On or near West Row,E01035187,Darlington 016H,Shoplifting,Investigation complete; no suspect identified,
902f4b22281f9b7f3eebeb8dfa9f58a9dea437025f05a22a1dbb9a3daf908de1,2024-05,Durham Constabulary,Durham Constabulary,-1.561374,54.525576,On or near Parking Area,E01035187,Darlington 016H,Shoplifting,Investigation complete; no suspect identified,
4bcd49efb7206d371ca05336409b25289b3daf246dc34db6b8edea37a4f8a289,2024-05,Durham Constabulary,Durham Constabulary,-1.554509,54.524571,On or near East Row,E01035187,Darlington 016H,Shoplifting,Local resolution,
23e890c8a7fb0682bd1f16b70626c27350df9080d1e5c71c69939c58d15e2e26,2024-05,Durham Constabulary,Durham Constabulary,-1.555175,54.527279,On or near Commercial Street,E01035187,Darlington 016H,Shoplifting,Awaiting court outcome,
4919991ea84b39b1bf5e9fa2d84de552a78b1f45d575b222691539caa40903fe,2024-05,Durham Constabulary,Durham Constabulary,-1.554509,54.524571,On or near East Row,E01035187,Darlington 016H,Theft from the person,Investigation complete; no suspect identified,
c5e51f4dd0aa1968cead2bcfd6d40bcab53ffd7b5b78dfca23a42654b5ab9542,2024-05,Durham Constabulary,Durham Constabulary,-1.554509,54.524571,On or near East Row,E01035187,Darlington 016H,Theft from the person,Investigation complete; no suspect identified,
82a81ba8f4209d91c7801e5cf24f0b121f27ec9231f6ab8e2eba13693a2fc420,2024-05,Durham Constabulary,Durham Constabulary,-1.548335,54.524054,On or near Parking Area,E01035187,Darlington 016H,Theft from the person,Unable to prosecute suspect,
1cf2f6caab136231da353a00546ef6ce9d59f1cb029bf3b3781035bf602f555d,2024-05,Durham Constabulary,Durham Constabulary,-1.555175,54.527279,On or near Commercial Street,E01035187,Darlington 016H,Theft from the person,Investigation complete; no suspect identified,
1b08de59882357726a39a43729a37d2d57b150fbcef0ddd06cc274a186e927d6,2024-05,Durham Constabulary,Durham Constabulary,-1.547615,54.526226,On or near Borough Road,E01035187,Darlington 016H,Vehicle crime,Investigation complete; no suspect identified,
2f10b64fa5e47c7c6ab9cd1460b096d4cd550bc826bf102370f10337f9bce688,2024-05,Durham Constabulary,Durham Constabulary,-1.548494,54.523569,On or near Parking Area,E01035187,Darlington 016H,Violence and sexual offences,Awaiting court outcome,
9c1f3572b5fb91533b08f7224e671afb13e52dc0a71d76fb3d8cc4fc15440217,2024-05,Durham Constabulary,Durham Constabulary,-1.555737,54.523920,On or near Shopping Area,E01035187,Darlington 016H,Violence and sexual offences,Investigation complete; no suspect identified,
6426783ff094d690bf5d11676387913a45087422903a5834f7d35e782b300332,2024-05,Durham Constabulary,Durham Constabulary,-1.554509,54.524571,On or near East Row,E01035187,Darlington 016H,Violence and sexual offences,Under investigation,
5c959e40922277fda13323397858726fab81d3d1901bc54e513f315261784f78,2024-05,Durham Constabulary,Durham Constabulary,-1.557548,54.525005,On or near Skinnergate,E01035187,Darlington 016H,Violence and sexual offences,Under investigation,
14d81b560f906f7195bba8362032996dbbf01ae5a3c27946e89769359ab61e75,2024-05,Durham Constabulary,Durham Constabulary,-1.548335,54.524054,On or near Parking Area,E01035187,Darlington 016H,Violence and sexual offences,Awaiting court outcome,
ff596a02171465d902b40543dfae0e4ddc14996fb39816e78df72bc9bf0bf0ca,2024-05,Durham Constabulary,Durham Constabulary,-1.548468,54.524522,On or near Theatre/Concert Hall,E01035187,Darlington 016H,Violence and sexual offences,Under investigation,
d9b13325a944196c1acdc63cd4d252084fb2665f02511333514076aa2fa407c0,2024-05,Durham Constabulary,Durham Constabulary,-1.556351,54.524227,On or near Shopping Area,E01035187,Darlington 016H,Violence and sexual offences,Unable to prosecute suspect,
155a54a1372139719694c5a2f3c68f172c4ab9ef9eb42f9b13b782d194a534bd,2024-05,Durham Constabulary,Durham Constabulary,-1.557884,54.523900,On or near Theatre/Concert Hall,E01035187,Darlington 016H,Violence and sexual offences,Unable to prosecute suspect,
2afde4ae1e4897aabe7bb47797899a4dea08f40995c518c893c593746d8b24ca,2024-05,Durham Constabulary,Durham Constabulary,-1.552153,54.529451,On or near John Dobbin Road,E01035187,Darlington 016H,Violence and sexual offences,Under investigation,
dd221f6f6c482eca98348f8af1936e642aefaa981e1332da2e4b19c1b75c9730,2024-05,Durham Constabulary,Durham Constabulary,-1.552153,54.529451,On or near John Dobbin Road,E01035187,Darlington 016H,Violence and sexual offences,Awaiting court outcome,
878901a325903ea3d84c8caea12f55645642de7ceb4ccebeb007254d0db98124,2024-05,Durham Constabulary,Durham Constabulary,-1.548468,54.524522,On or near Theatre/Concert Hall,E01035187,Darlington 016H,Violence and sexual offences,Offender given a caution,
077ce7afc36c1afa2312b9569a9f012610999e5eba9a0d888542f1484ecb2bb8,2024-05,Durham Constabulary,Durham Constabulary,-1.560685,54.524908,On or near Larchfield Street,E01035187,Darlington 016H,Violence and sexual offences,Awaiting court outcome,
94519822c929a903691b82d0649910aea40815f87b3bbaa2e3993322891d25d9,2024-05,Durham Constabulary,Durham Constabulary,-1.555478,54.523523,On or near Houndgate,E01035187,Darlington 016H,Violence and sexual offences,Under investigation,
a1f097ef996e781bf59e875a72b1ba17950e8b3588242aa4dcbc48dc0642eb20,2024-05,Durham Constabulary,Durham Constabulary,-1.552153,54.529451,On or near John Dobbin Road,E01035187,Darlington 016H,Violence and sexual offences,Awaiting court outcome,
f0ed29bc7c467e84f723b2171f71c0c6d1f8e17c93993d0a47a4c333f4dbbf80,2024-05,Durham Constabulary,Durham Constabulary,-1.554509,54.524571,On or near East Row,E01035187,Darlington 016H,Violence and sexual offences,Local resolution,
0f2adba79144ade68c51e88ac696b474f104943edeb0fafbd81ccf157667bc2e,2024-05,Durham Constabulary,Durham Constabulary,-1.548335,54.524054,On or near Parking Area,E01035187,Darlington 016H,Violence and sexual offences,Awaiting court outcome,
d22c0a8efdf98432166b2af0ec4f36e3240f2df547ce29ad5501c9cc50931937,2024-05,Durham Constabulary,Durham Constabulary,-1.547920,54.522444,On or near Hargreave Terrace,E01035187,Darlington 016H,Violence and sexual offences,Unable to prosecute suspect,
ea1f69c0cf9adeda4a0b0b3b0eb917976c3b18bb41e26585b1dd9b7f64a1ef02,2024-05,Durham Constabulary,Durham Constabulary,-1.548335,54.524054,On or near Parking Area,E01035187,Darlington 016H,Violence and sexual offences,Unable to prosecute suspect,
e3c8982df3fe6fb0ece3d5dafeb87ec0f71a0ae88e34c7bed79d23484de5790e,2024-05,Durham Constabulary,Durham Constabulary,-1.555436,54.524521,On or near West Row,E01035187,Darlington 016H,Violence and sexual offences,Unable to prosecute suspect,
be2eb29b3cf17755e2db4ca1d8809f3d77ffa1d28c0e65bdb5872e20f1c00c5e,2024-05,Durham Constabulary,Durham Constabulary,-1.554509,54.524571,On or near East Row,E01035187,Darlington 016H,Violence and sexual offences,Unable to prosecute suspect,
50d3fe54cd248ad28f7d2cd7b57ad523a98406d9a427de94719d7fb7bb5a54a5,2024-05,Durham Constabulary,Durham Constabulary,-1.554509,54.524571,On or near East Row,E01035187,Darlington 016H,Violence and sexual offences,Unable to prosecute suspect,
8074dd57295220c1716f98c4b822ab983181e950a37f48869286ab7b6432ee3e,2024-05,Durham Constabulary,Durham Constabulary,-1.554509,54.524571,On or near East Row,E01035187,Darlington 016H,Violence and sexual offences,Awaiting court outcome,
749a0878bf0ad1d0ea8cdd0c8b5e17f172249059deaef31a931ce3c623b8fd85,2024-05,Durham Constabulary,Durham Constabulary,-1.546439,54.523633,On or near North Eastern Terrace,E01035187,Darlington 016H,Violence and sexual offences,Unable to prosecute suspect,
962ba692592216826a92874d4f6b5b48d718fe78947bdb2e9c131b76848dc978,2024-05,Durham Constabulary,Durham Constabulary,-1.548267,54.521744,On or near Huntley Street,E01035187,Darlington 016H,Violence and sexual offences,Unable to prosecute suspect,
23769d590316462ae56bfb8c1817633b0a9770aa2126a030cbb08667157d23df,2024-05,Durham Constabulary,Durham Constabulary,-1.555436,54.524521,On or near West Row,E01035187,Darlington 016H,Violence and sexual offences,Unable to prosecute suspect,
f4b9dd54524886d90f24c9d28a1783ec3fc317b0503ee5506c537e3c27d3eaca,2024-05,Durham Constabulary,Durham Constabulary,-1.555436,54.524521,On or near West Row,E01035187,Darlington 016H,Violence and sexual offences,Investigation complete; no suspect identified,
8ae73ad29f4b57b7e86cb25e65c5328b890d84e628c00d42c38f9ae2385008c6,2024-05,Durham Constabulary,Durham Constabulary,-1.557861,54.526039,On or near Parking Area,E01035187,Darlington 016H,Violence and sexual offences,Unable to prosecute suspect,
7744c7ab7c5442b5d3c763599d78b60fc8a982430d5aeba8967de4805c79eecb,2024-05,Durham Constabulary,Durham Constabulary,-1.554509,54.524571,On or near East Row,E01035187,Darlington 016H,Violence and sexual offences,Awaiting court outcome,
91fc6d23c4ab80fd9c176664d32399f2822ee5ab021830598952f09046239416,2024-05,Durham Constabulary,Durham Constabulary,-1.557861,54.526039,On or near Parking Area,E01035187,Darlington 016H,Violence and sexual offences,Investigation complete; no suspect identified,
fd4a44e408cbb391ef351e7eb9c6a5558a7cc243554aab83b053293a5c4d896e,2024-05,Durham Constabulary,Durham Constabulary,-1.548681,54.526284,On or near Brunswick Street North,E01035187,Darlington 016H,Violence and sexual offences,Unable to prosecute suspect,
880ef2cd174ca3e7e07828f3b549a2e1844d804773515c41cce2a969fdcce4f5,2024-05,Durham Constabulary,Durham Constabulary,-1.548335,54.524054,On or near Parking Area,E01035187,Darlington 016H,Violence and sexual offences,Awaiting court outcome,
989d4dd3537f89e83d80ed581034ccfe1bb24337a204ae7e2b19802b9a743c58,2024-05,Durham Constabulary,Durham Constabulary,-1.561576,54.526906,On or near Outram Court,E01035187,Darlington 016H,Violence and sexual offences,Awaiting court outcome,
0833ebb41631e87b90175bfe3a9036177956c466dffa3d61690724e14e6fa165,2024-05,Durham Constabulary,Durham Constabulary,-1.548380,54.526903,On or near Hilda Street,E01035187,Darlington 016H,Violence and sexual offences,Unable to prosecute suspect,
80c1359ab40fdeb37de84f1881819f9fa54cc49bb575bdaea2ed818cbf548d24,2024-05,Durham Constabulary,Durham Constabulary,-1.547233,54.525856,On or near Steeplejack Way,E01035187,Darlington 016H,Violence and sexual offences,Under investigation,
403b9312a08e1d0186b5146989de0cd363f5b0addc2779db9437c354f456e25e,2024-05,Durham Constabulary,Durham Constabulary,-1.551280,54.521746,On or near Backhouse Street,E01035187,Darlington 016H,Violence and sexual offences,Investigation complete; no suspect identified,
3ec3182bd1209418a53909d830743d5905eec64b1c3d3e2cc0a98f9750fa2f2d,2024-05,Durham Constabulary,Durham Constabulary,-1.555737,54.523920,On or near Shopping Area,E01035187,Darlington 016H,Violence and sexual offences,Unable to prosecute suspect,
05396eb4c40c976699ec847a1f7032e13b9f10d75112b2fa9ac99350f1952860,2024-05,Durham Constabulary,Durham Constabulary,-1.555478,54.523523,On or near Houndgate,E01035187,Darlington 016H,Violence and sexual offences,Under investigation,
a4006317e4dac419691c0677d6535e86c86df099dfc1e016efcbe20fb1046ea8,2024-05,Durham Constabulary,Durham Constabulary,-1.547317,54.529460,On or near Parking Area,E01035187,Darlington 016H,Violence and sexual offences,Local resolution,
0a2c202881fe3b8fdec37a4f3db4092825b4768007cdfbc4f5bf1960cfdbbbce,2024-05,Durham Constabulary,Durham Constabulary,-1.554509,54.524571,On or near East Row,E01035187,Darlington 016H,Violence and sexual offences,Investigation complete; no suspect identified,
faa1816168c328d8fe4e354715aa9b7a86249db999d937e674383e3a954c96fd,2024-05,Durham Constabulary,Durham Constabulary,-1.548335,54.524054,On or near Parking Area,E01035187,Darlington 016H,Violence and sexual offences,Awaiting court outcome,
363c57792cff68d7b77d1e2da372ff4b5aef9676b954d80b9a17e90d0cb11c1e,2024-05,Durham Constabulary,Durham Constabulary,-1.557861,54.526039,On or near Parking Area,E01035187,Darlington 016H,Violence and sexual offences,Offender given a caution,
a206a49816c2b9d4617e5d08465ca0ecd13aa86a3b7a4f6771f96d9f16520c29,2024-05,Durham Constabulary,Durham Constabulary,-1.557884,54.523900,On or near Theatre/Concert Hall,E01035187,Darlington 016H,Violence and sexual offences,Unable to prosecute suspect,
53c701550829a0b87b4d91956b20ced35c02bb8ea0f057456665c2e2db4628bc,2024-05,Durham Constabulary,Durham Constabulary,-1.551863,54.530538,On or near Oxford Street,E01035187,Darlington 016H,Violence and sexual offences,Investigation complete; no suspect identified,
4a7d87a711ce557c51921262f4cf0caeb3e8799698158f88c69b7d3b44d37e1c,2024-05,Durham Constabulary,Durham Constabulary,-1.555175,54.527279,On or near Commercial Street,E01035187,Darlington 016H,Violence and sexual offences,Investigation complete; no suspect identified,
a5765eb9c6009f26d50f45c8c36e7eb03b40004d059810b01a3cec83daf79e39,2024-05,Durham Constabulary,Durham Constabulary,-1.554509,54.524571,On or near East Row,E01035187,Darlington 016H,Violence and sexual offences,Unable to prosecute suspect,
3adf6b3419691804a01a86b13f45541576ffd7c23f2a23dfc940058ac6201e6e,2024-05,Durham Constabulary,Durham Constabulary,-1.555436,54.524521,On or near West Row,E01035187,Darlington 016H,Violence and sexual offences,Unable to prosecute suspect,
cb5239733035de1a8b81806f43625680e035997a01b176421f258d5c1d32e12d,2024-05,Durham Constabulary,Durham Constabulary,-1.554509,54.524571,On or near East Row,E01035187,Darlington 016H,Violence and sexual offences,Unable to prosecute suspect,
21006d28b3cf8582ceb8df2b41cfd11e4e21d4bc1227a35d24edd53a18530d76,2024-05,Durham Constabulary,Durham Constabulary,-1.548615,54.528036,On or near Lodge Street,E01035187,Darlington 016H,Violence and sexual offences,Investigation complete; no suspect identified,
1cb4664971eb34a7229432bd4ec22f47e0f3d9f93de381a61aa1d7a8113cf8a0,2024-05,Durham Constabulary,Durham Constabulary,-1.557548,54.525005,On or near Skinnergate,E01035187,Darlington 016H,Violence and sexual offences,Unable to prosecute suspect,
38f9137b59e6b57ebdf330b16cfb482200ff9dcbe934cb876ac85f8b60cd7336,2024-05,Durham Constabulary,Durham Constabulary,-1.557884,54.523900,On or near Theatre/Concert Hall,E01035187,Darlington 016H,Violence and sexual offences,Further investigation is not in the public interest,
228c78b588f6b27a8b89c9380fd0ed11a24b797b5ba52e683684e5c1e09dab97,2024-05,Durham Constabulary,Durham Constabulary,-1.555436,54.524521,On or near West Row,E01035187,Darlington 016H,Violence and sexual offences,Unable to prosecute suspect,
dc8a27048b2a815bd3679e7f06e814fc88f0ace27beaa1868842cae07ca77c37,2024-05,Durham Constabulary,Durham Constabulary,-1.552153,54.529451,On or near John Dobbin Road,E01035187,Darlington 016H,Violence and sexual offences,Awaiting court outcome,
9803de157a20fa942e8a1c013eaa4a4a8a14ec4ad729312b177040490ee04df4,2024-05,Durham Constabulary,Durham Constabulary,-1.554509,54.524571,On or near East Row,E01035187,Darlington 016H,Violence and sexual offences,Investigation complete; no suspect identified,
007343073f7bc03a857763275f14698be62f1d0d66e442713f0b97b411f28921,2024-05,Durham Constabulary,Durham Constabulary,-1.551863,54.530538,On or near Oxford Street,E01035187,Darlington 016H,Violence and sexual offences,Investigation complete; no suspect identified,
8f3de15ed3b26638241848c2e8d53d6f11eb7429ecfd3e759d0bfbb804020d74,2024-05,Durham Constabulary,Durham Constabulary,-1.557884,54.523900,On or near Theatre/Concert Hall,E01035187,Darlington 016H,Violence and sexual offences,Unable to prosecute suspect,
dca534feeca02bb17d88f6f199cab16202df86c5da61906b691970bd1644369b,2024-05,Durham Constabulary,Durham Constabulary,-1.561906,54.526377,On or near Eskdale Street,E01035187,Darlington 016H,Violence and sexual offences,Unable to prosecute suspect,
01f3c5be9b4a65a7bb58e440f3367c51d8700d18119cfcfa046cbbbcbe8b0c78,2024-05,Durham Constabulary,Durham Constabulary,-1.561576,54.526906,On or near Outram Court,E01035187,Darlington 016H,Violence and sexual offences,Awaiting court outcome,
5a1d41585d424f2e1eb0fb5920c050f6f065aaccacfabbe16b12249b465534ca,2024-05,Durham Constabulary,Durham Constabulary,-1.552153,54.529451,On or near John Dobbin Road,E01035187,Darlington 016H,Violence and sexual offences,Unable to prosecute suspect,
d679737377ce8cf3798de1438352ebac84c945a6934a07bd76edba8a87363fe2,2024-05,Durham Constabulary,Durham Constabulary,-1.548335,54.524054,On or near Parking Area,E01035187,Darlington 016H,Violence and sexual offences,Awaiting court outcome,
92e27eeb317e6f16d4761431cd3cb4e2248b58ff95faec4f07bc5bb9d7562c0d,2024-05,Durham Constabulary,Durham Constabulary,-1.557884,54.523900,On or near Theatre/Concert Hall,E01035187,Darlington 016H,Violence and sexual offences,Unable to prosecute suspect,
8b6e20779ed1bbf4488e6d3bc84f293a1e7b87e67dd6dee45bdc3d23d3acb320,2024-05,Durham Constabulary,Durham Constabulary,-1.548335,54.524054,On or near Parking Area,E01035187,Darlington 016H,Violence and sexual offences,Awaiting court outcome,
374400712200af9beb29e80465bcf21e40039ae474584a467df468597c603906,2024-05,Durham Constabulary,Durham Constabulary,-1.555436,54.524521,On or near West Row,E01035187,Darlington 016H,Violence and sexual offences,Unable to prosecute suspect,
fe706e42c0ba8a5df0444765cf4a654df538e7d56aa97e4f666efb270f002d52,2024-05,Durham Constabulary,Durham Constabulary,-1.555175,54.527279,On or near Commercial Street,E01035187,Darlington 016H,Violence and sexual offences,Offender given a caution,
0156e4b75f0bc9aee03ffc9080f9d7001a5f64b85f8e64295c7f3b082ac54b5e,2024-05,Durham Constabulary,Durham Constabulary,-1.548615,54.528036,On or near Lodge Street,E01035187,Darlington 016H,Violence and sexual offences,Unable to prosecute suspect,
87b0fae1896bdb6e3aff36d51798b9b6361ea5df840492ca64b36aca4136d711,2024-05,Durham Constabulary,Durham Constabulary,-1.557548,54.525005,On or near Skinnergate,E01035187,Darlington 016H,Violence and sexual offences,Further investigation is not in the public interest,
5ac7abf666579387090589882467158c9974edfef8cee0286f529098be221ecf,2024-05,Durham Constabulary,Durham Constabulary,-1.555436,54.524521,On or near West Row,E01035187,Darlington 016H,Violence and sexual offences,Unable to prosecute suspect,
742cf974fc005c1c47d758ac199ae352eaaa9060bed9ec47beb3e14f7b6bafc8,2024-05,Durham Constabulary,Durham Constabulary,-1.557884,54.523900,On or near Theatre/Concert Hall,E01035187,Darlington 016H,Violence and sexual offences,Under investigation,
225232008d53f9011d4bfdaea930fa2eed3cba91be177a99757cdf82cd9704b2,2024-05,Durham Constabulary,Durham Constabulary,-1.554509,54.524571,On or near East Row,E01035187,Darlington 016H,Violence and sexual offences,Unable to prosecute suspect,
39b5a93628853c76533ffc6536504f34859d01c812bddd82bba30ae0be0e182c,2024-05,Durham Constabulary,Durham Constabulary,-1.546997,54.526233,On or near Dalton Street,E01035187,Darlington 016H,Violence and sexual offences,Unable to prosecute suspect,
1f21138e9acbdad62089331c14be8887854e41ee2cbab699039e3f308866be4e,2024-05,Durham Constabulary,Durham Constabulary,-1.560283,54.524925,On or near East Raby Street,E01035187,Darlington 016H,Other crime,Unable to prosecute suspect,
9701d0394e6e5308fae37f6e18720b07dbff81b6efe66e81f1d0ae978110bed6,2024-05,Durham Constabulary,Durham Constabulary,-1.554509,54.524571,On or near East Row,E01035187,Darlington 016H,Other crime,Under investigation,
34f85c0a6797487d4d4ae7aa30cdb0c1a4fc0d6ac861ba6058381304e2c775e3,2024-05,Durham Constabulary,Durham Constabulary,-1.557548,54.525005,On or near Skinnergate,E01035187,Darlington 016H,Other crime,Investigation complete; no suspect identified,
83f25a81f091bab2b2e831f147bc39d122964244242977a652cfcc100a2d7019,2024-05,Durham Constabulary,Durham Constabulary,-1.554509,54.524571,On or near East Row,E01035187,Darlington 016H,Other crime,Unable to prosecute suspect,
89c9a8543efb8b312a109dff7eef7eceef5f8c43650abb74f7f7d5d0888fdbcd,2024-05,Durham Constabulary,Durham Constabulary,-1.148326,53.616670,On or near Poplar Grove,E01007489,Doncaster 002C,Violence and sexual offences,Under investigation,
9d1e77bf312f1f17411f6bf9fb4555b79fab829633b4c5638601a3e9a34691d1,2024-05,Durham Constabulary,Durham Constabulary,-1.149496,53.523790,On or near Parking Area,E01007529,Doncaster 022A,Violence and sexual offences,Under investigation,
375cbe6e7fcdaefb7eaf04d9a694de41d40ccc55d680f5f2a8d7be794569bad3,2024-05,Durham Constabulary,Durham Constabulary,-1.149496,53.523790,On or near Parking Area,E01007529,Doncaster 022A,Violence and sexual offences,Under investigation,
,2024-05,Durham Constabulary,Durham Constabulary,-1.756534,54.913861,On or near Lintzford Close,E01008184,Gateshead 022A,Anti-social behaviour,,
8a59201f400fd8a53901b6946055c19e507cf0bbc54f3844727a56654a77061a,2024-05,Durham Constabulary,Durham Constabulary,-1.593289,54.920228,On or near Trafford,E01008189,Gateshead 023A,Violence and sexual offences,Under investigation,
38516ecfe71d2909186dfb369c42b9ca7990ef29aec872eb2a67a22863ea9925,2024-05,Durham Constabulary,Durham Constabulary,-1.574558,54.894481,On or near Church Street,E01008175,Gateshead 026D,Violence and sexual offences,Under investigation,
62b8b3b73f97b1c6d4a57b5b3781b4fe4e62fb2ef317386acecbfd20f5cc1911,2024-05,Durham Constabulary,Durham Constabulary,-1.815034,54.919724,On or near Supermarket,E01008186,Gateshead 029C,Violence and sexual offences,Under investigation,
43cf136c8f1f11450f9e9f899800378887221484a2bdb0915d56b27e0a5e565e,2024-05,Durham Constabulary,Durham Constabulary,-1.815034,54.919724,On or near Supermarket,E01008186,Gateshead 029C,Violence and sexual offences,Under investigation,
06acc7e7ba5e946b4fa6da923e17900b4a0ded4d387d27982397ba2bdb84829c,2024-05,Durham Constabulary,Durham Constabulary,-1.815034,54.919724,On or near Supermarket,E01008186,Gateshead 029C,Violence and sexual offences,Under investigation,
,2024-05,Durham Constabulary,Durham Constabulary,-1.814784,54.906155,On or near Mill Court,E01035624,Gateshead 029D,Anti-social behaviour,,
7460bfa3452eef9917c5bc670f1c9da81f4c3e5a5dd20cea65cfc07fc2d07497,2024-05,Durham Constabulary,Durham Constabulary,-0.226789,51.505296,On or near Shopping Area,E01001941,Hammersmith and Fulham 005C,Violence and sexual offences,Under investigation,
f921a021fd07c6d05f2314e4a6763ec6d1c3870bfe5e619b5fff58a6d1c889e1,2024-05,Durham Constabulary,Durham Constabulary,-1.225760,54.695734,On or near Raby Gardens,E01033466,Hartlepool 003I,Violence and sexual offences,Under investigation,
cb8dcab1ee897a8953239e8554a81834721827e87c2742868cff0b0984b9594d,2024-05,Durham Constabulary,Durham Constabulary,-1.220744,54.666818,On or near Whistlewood Close,E01011985,Hartlepool 010A,Violence and sexual offences,Action to be taken by another organisation,
06659b2a38d838d7cabf4f570e8582cd3242764cd247ddc128af1e6f5d619022,2024-05,Durham Constabulary,Durham Constabulary,-1.241943,54.659898,On or near Jute Grove,E01011978,Hartlepool 012D,Violence and sexual offences,Further investigation is not in the public interest,
eb02120ce90324fdeb7d4e34e3cd197a4fd895f116c4fb50a7472e45265925e2,2024-05,Durham Constabulary,Durham Constabulary,-1.233365,54.688198,On or near Oval Grange,E01011966,Hartlepool 015E,Violence and sexual offences,Under investigation,
e2522ad61d2457bf3ff8191369514697db8ec56308ace675df30f7b5276cd024,2024-05,Durham Constabulary,Durham Constabulary,-1.659995,53.739909,On or near Branwell Avenue,E01011059,Kirklees 002F,Violence and sexual offences,Under investigation,
ae5cd09af6d863229017b1ab220996d73be24a92ef21af037b00021cd62e0da0,2024-05,Durham Constabulary,Durham Constabulary,-1.530237,53.860504,On or near Sandmoor Avenue,E01011563,Leeds 012C,Violence and sexual offences,Unable to prosecute suspect,
04ee4aeddec0bb8672198bc857d8d69dec05cb5d494484120ecf7da8b4f89afd,2024-05,Durham Constabulary,Durham Constabulary,-2.583962,51.162127,On or near Pylle Road,E01029059,Mendip 013B,Violence and sexual offences,Under investigation,
dec04a614ea8d5cb82aaf21e1df2e7bba18f754c7393c3ac93877fc7d46ba303,2024-05,Durham Constabulary,Durham Constabulary,-1.227399,54.570934,On or near Newlands Road,E01035190,Middlesbrough 001I,Other crime,Unable to prosecute suspect,
d2742bf6ce6cf86284a9af782fcd0a47dc42a323667a4338e5ad99f64cb080a9,2024-05,Durham Constabulary,Durham Constabulary,-1.201039,54.560787,On or near Gribdale Road,E01012075,Middlesbrough 004B,Violence and sexual offences,Under investigation,
925093edf808d5b542df0b3fa3df2d68c798132702bc0931cd257f2a4e4f8e26,2024-05,Durham Constabulary,Durham Constabulary,-1.243335,54.564896,On or near Kensington Road,E01012078,Middlesbrough 005A,Violence and sexual offences,Under investigation,
25e09700d325246045db988cdd34905828ceb9b94f17fdde84675e11ba1120e0,2024-05,Durham Constabulary,Durham Constabulary,-1.243335,54.564896,On or near Kensington Road,E01012078,Middlesbrough 005A,Violence and sexual offences,Under investigation,
f958d20c0d37c2133a7d10aed24e857da80b1ec56a705d3d6a025515fa203f25,2024-05,Durham Constabulary,Durham Constabulary,-1.214805,54.551755,On or near Hospital,E01012018,Middlesbrough 011A,Public order,Under investigation,
913114229a4eeacf64967b84ac0fa5bcf69b1f2d989f800ade780e559de9d419,2024-05,Durham Constabulary,Durham Constabulary,-1.220885,54.545099,On or near Charnley Green,E01012050,Middlesbrough 014B,Violence and sexual offences,Under investigation,
15268ae4c402b48bf4d1d0bd7ec3be41bb63c641f3a78011871d99ecdb4d4e4c,2024-05,Durham Constabulary,Durham Constabulary,-1.590250,54.979824,On or near Hotspur Street,E01008413,Newcastle upon Tyne 034C,Violence and sexual offences,Under investigation,
49e68aa2e287fad5494acced90f7bcc66347c7e1545ef9ccc788bdcf653f10ca,2024-05,Durham Constabulary,Durham Constabulary,-1.564018,55.031583,On or near St. Josephs Close,E01008505,North Tyneside 012B,Violence and sexual offences,Under investigation,
07103bfb9cd109bd53c930040468081b0fbb47629c23ef2837414fadd133d61d,2024-05,Durham Constabulary,Durham Constabulary,-1.475388,55.010224,On or near Bellister Road,E01008492,North Tyneside 023E,Violence and sexual offences,Unable to prosecute suspect,
e5282d57bca2e485c5d876f4f584d9d13b90670761d58017381363640b33a3d3,2024-05,Durham Constabulary,Durham Constabulary,-1.561134,55.176707,On or near Fifth Avenue,E01027545,Northumberland 010D,Violence and sexual offences,Under investigation,
ef3f975a45f75dccb900c1a94ec295d4749c967cdf3a53ab98b5c13cebb20bb5,2024-05,Durham Constabulary,Durham Constabulary,-1.712478,55.268580,On or near Woodside,E01027450,Northumberland 015C,Possession of weapons,Under investigation,
b87748a1bd3f53c685660ca0d655cc8ada891eea429d545cd8062345b72d6140,2024-05,Durham Constabulary,Durham Constabulary,-1.712478,55.268580,On or near Woodside,E01027450,Northumberland 015C,Violence and sexual offences,Under investigation,
,2024-05,Durham Constabulary,Durham Constabulary,-1.881770,54.846785,On or near Allensford Bank,E01035637,Northumberland 043F,Anti-social behaviour,,
9da7575a4f656b5a71b1eea46cfbb90360496bcde8c5d0c75bdd3d7816d3c1d8,2024-05,Durham Constabulary,Durham Constabulary,-1.860527,54.869785,On or near Bridge Island,E01035637,Northumberland 043F,Public order,Further investigation is not in the public interest,
2170db13a61faf876428b171878e97159521fcba2baa37309e93406c7a802c35,2024-05,Durham Constabulary,Durham Constabulary,-1.212525,52.949255,On or near Parking Area,E01013977,Nottingham 041D,Violence and sexual offences,Under investigation,
1e2dd578318f891f9c5e9764b7c27a5acafc4a03d1dabef66f84dad23bacce47,2024-05,Durham Constabulary,Durham Constabulary,-1.086419,54.617422,On or near Marina Avenue,E01012101,Redcar and Cleveland 001B,Violence and sexual offences,Under investigation,
6cfeff999848726bb3b861bd743cf2b5ed7869ebf7b28a0358cc3b1f9023991c,2024-05,Durham Constabulary,Durham Constabulary,-1.059524,54.611195,On or near St Peter'S Grove,E01012178,Redcar and Cleveland 004C,Violence and sexual offences,Action to be taken by another organisation,
c749d102ee912c3e0d1dfaabb11bfe96b3eb874c9527ffc5132fef6f24247059,2024-05,Durham Constabulary,Durham Constabulary,-0.928698,54.566565,On or near Conyers Court,E01012098,Redcar and Cleveland 010C,Other crime,Under investigation,
4c61e8352e85db7e679a014c6d812eb19499f4ef5caf5ccde79e55f3cf9d213b,2024-05,Durham Constabulary,Durham Constabulary,-1.180419,54.581912,On or near Tilbury Road,E01033470,Redcar and Cleveland 022G,Violence and sexual offences,Under investigation,
,2024-05,Durham Constabulary,Durham Constabulary,-1.603703,54.514946,On or near Park/Open Space,E01027743,Richmondshire 001A,Anti-social behaviour,,
e5667941affef7620e79c8f42db5265b13807f52d1e4e7260348bb2752a0a07c,2024-05,Durham Constabulary,Durham Constabulary,-1.560239,54.483027,On or near South Parade,E01027751,Richmondshire 001B,Burglary,Under investigation,
adbb432d6be72596a9c7bb4aeb2f47baf6a26efe3c164f3535fbbf870b66e87e,2024-05,Durham Constabulary,Durham Constabulary,-1.671485,54.442307,On or near ,E01027761,Richmondshire 001E,Drugs,Under investigation,
a9ce52dbf4165cbd395383f737a360cca95735ba4e0a0c22b6323889628707df,2024-05,Durham Constabulary,Durham Constabulary,-3.006164,53.458577,On or near Boswell Street,E01007005,Sefton 034B,Violence and sexual offences,Under investigation,
c81a292c2dc532978abe9c848bbc01ea51a62370b985c3195216b153595f4854,2024-05,Durham Constabulary,Durham Constabulary,-1.467092,53.436802,On or near Tyas Road,E01008058,Sheffield 006C,Violence and sexual offences,Unable to prosecute suspect,
96447ae3296d5e6b00c9ca3485b5c4e6215d852695946a8e3f790d9f9f5441db,2024-05,Durham Constabulary,Durham Constabulary,-3.061288,54.367342,On or near Ferry Terminal,E01019350,South Lakeland 008C,Violence and sexual offences,Under investigation,
61de43a7e99be0049b058ff148087feb5d993e7441f2acf33211c124471ca6b9,2024-05,Durham Constabulary,Durham Constabulary,-1.433524,54.945092,On or near Front Street,E01008617,South Tyneside 023C,Violence and sexual offences,Under investigation,
8be6afd903631cbaf43dc16e46a9c35a5d4e5c2a3a0363a3d454a4e0e57ad831,2024-05,Durham Constabulary,Durham Constabulary,-1.462984,54.929733,On or near Boston Street,E01008840,Sunderland 003E,Violence and sexual offences,Under investigation,
d165bcde8b38e75a341fbc0f7910dc29c33e0d86e0bde97e30a9c85beee49ec0,2024-05,Durham Constabulary,Durham Constabulary,-1.507007,54.916943,On or near Sulgrave Road,E01008855,Sunderland 007A,Violence and sexual offences,Under investigation,
01a0003f6c918d438041bc3ae99f3fb70ea32a1e2f4b9a835fecba7e7a7a6d45,2024-05,Durham Constabulary,Durham Constabulary,-1.431577,54.899378,On or near Hevingham Close,E01008810,Sunderland 014A,Violence and sexual offences,Under investigation,
5a3997d6e61bd6565c00cd2ecb343f63692d46ff5f6059c80a1a28b7a0d39581,2024-05,Durham Constabulary,Durham Constabulary,-1.454182,54.902141,On or near Fairmead Way,E01008811,Sunderland 014B,Violence and sexual offences,Unable to prosecute suspect,
649e1f7666c754ca62d6b6f8580117f54dbe8f2949c0562791a25fb90f5c70ce,2024-05,Durham Constabulary,Durham Constabulary,-1.369487,54.892197,On or near Cairo Street,E01008738,Sunderland 016E,Violence and sexual offences,Under investigation,
bf2f2d150c9d2ce66bd66d6f3599b5bb42028b668c45af3473dc0e7a3c527dc8,2024-05,Durham Constabulary,Durham Constabulary,-1.529794,54.903985,On or near Supermarket,E01008844,Sunderland 019B,Shoplifting,Under investigation,
4a0063ed68fece3c24f206eab4509864c249d8b9e65b70f4cfcd57f5855f29f5,2024-05,Durham Constabulary,Durham Constabulary,-1.432802,54.879910,On or near Turnham Road,E01008824,Sunderland 023B,Violence and sexual offences,Under investigation,
ab51763ecceab0523cad06a8374b47cd2df9714f8da0fb99ff30dc003b905760,2024-05,Durham Constabulary,Durham Constabulary,-1.507191,54.859673,On or near Tudhoe Close,E01034518,Sunderland 030F,Other theft,Investigation complete; no suspect identified,
e079a59ee03b2284ae0b7502d6cfe49c0243de784642b224edfaefb24d96ba03,2024-05,Durham Constabulary,Durham Constabulary,-1.487538,54.866512,On or near Henry Street,E01008796,Sunderland 032D,Violence and sexual offences,Unable to prosecute suspect,
d23c131a8ccecde892ae0fa80978e0aa3e6e8c61f70f0fc3965e1d6a288604aa,2024-05,Durham Constabulary,Durham Constabulary,-1.486715,54.876106,On or near Douglas Terrace,E01032484,Sunderland 032G,Other crime,Under investigation,
25be9666a24a40e9ca3a7cf2204d05a3da58359236c50c12b446e58566e48fce,2024-05,Durham Constabulary,Durham Constabulary,-1.500412,54.837206,On or near The Mews,E01008750,Sunderland 033A,Vehicle crime,Investigation complete; no suspect identified,
02d92c61a7019a3fd106bc2749c52f285dd3d6fa23ebab168d7cea71f5abfe13,2024-05,Durham Constabulary,Durham Constabulary,-1.477514,54.851273,On or near Grasswell Terrace,E01008753,Sunderland 033D,Violence and sexual offences,Under investigation,
3ecd8ab9b37947127816727360a30a0aafa523ac42019a5cf1dcd330741bbd9d,2024-05,Durham Constabulary,Durham Constabulary,-2.078981,53.449297,On or near Parking Area,E01006040,Tameside 028E,Violence and sexual offences,Under investigation,
ccdcd71598d0f7debd2022cf8e509b93ed940d09c2dbe56237dbb865aeb591df,2024-05,Durham Constabulary,Durham Constabulary,-2.180172,52.366532,On or near Harvington Hall Lane,E01032432,Wyre Forest 001B,Violence and sexual offences,Under investigation,
,2024-05,Durham Constabulary,Durham Constabulary,,,No Location,,,Anti-social behaviour,,
,2024-05,Durham Constabulary,Durham Constabulary,,,No Location,,,Anti-social behaviour,,
,2024-05,Durham Constabulary,Durham Constabulary,,,No Location,,,Anti-social behaviour,,
,2024-05,Durham Constabulary,Durham Constabulary,,,No Location,,,Anti-social behaviour,,
,2024-05,Durham Constabulary,Durham Constabulary,,,No Location,,,Anti-social behaviour,,
,2024-05,Durham Constabulary,Durham Constabulary,,,No Location,,,Anti-social behaviour,,
,2024-05,Durham Constabulary,Durham Constabulary,,,No Location,,,Anti-social behaviour,,
85f25780a523cce5a137c228a4734a5df0e99cf7205a9e6f4ae63364d1678d2a,2024-05,Durham Constabulary,Durham Constabulary,,,No Location,,,Violence and sexual offences,Unable to prosecute suspect,
f26ed9132ed903216a45bf717fa26e99305c64abcd396c2cc6514f3166b824b1,2024-05,Durham Constabulary,Durham Constabulary,,,No Location,,,Violence and sexual offences,Under investigation,
